2.170208927942370636e+01
2.175131430178305791e+01
2.146234671333149180e+01
2.118186509902212222e+01
2.080576004624121822e+01
2.060893980269227299e+01
2.042071961518051992e+01
2.013172792270183464e+01
1.973202578227649795e+01
1.962370384997565154e+01
1.953477678231584136e+01
1.947485697352272993e+01
1.929167136630215751e+01
1.911797873820547267e+01
1.904431897792872874e+01
1.886163811599917395e+01
1.864259774896871846e+01
1.859563343661273294e+01
1.840746716611638334e+01
1.825341355765690921e+01
1.834243971490688452e+01
1.815333084080267412e+01
1.800488877773467777e+01
1.799902885931436813e+01
1.785856097192293390e+01
1.783707965202058432e+01
1.777609878554585165e+01
1.779593020017433602e+01
1.775166827434513550e+01
1.766080360931262661e+01
1.756727510080212440e+01
1.752593380140083923e+01
1.740491713022653997e+01
1.735676716735183689e+01
1.732864182649300133e+01
1.731007198010849635e+01
1.722025682025402560e+01
1.711925634005098829e+01
1.708290048261682159e+01
1.703220381493794022e+01
1.696793061770042144e+01
1.691364049364340616e+01
1.686900780476743478e+01
1.680153792497822351e+01
1.676222480561072103e+01
1.675642394882050468e+01
1.676586610305030689e+01
1.673460561571583227e+01
1.666132001415823538e+01
1.659081549575519787e+01
1.651315374719975537e+01
1.648131379316796341e+01
1.642378677420177979e+01
1.636522088961519472e+01
1.625798833848474700e+01
1.629250589157483375e+01
1.620267207289627720e+01
1.612769857591487721e+01
1.612512769258615819e+01
1.606946024602102341e+01
1.601647426976597188e+01
1.598858700508792552e+01
1.594595563686419659e+01
1.588876929522696280e+01
1.584408633279647383e+01
1.576823813515487771e+01
1.573298514632613987e+01
1.574607765952874239e+01
1.575407939970674853e+01
1.574969420084969585e+01
1.574547233267631974e+01
1.573037147354000176e+01
1.568389875700753144e+01
1.563017515945514901e+01
1.561115058381792409e+01
1.556345160589012444e+01
1.550382682044495475e+01
1.545501186271191862e+01
1.540386675698218610e+01
1.539500451477862519e+01
1.531682480275161495e+01
1.526043794566215439e+01
1.524962630189367019e+01
1.518093559749842392e+01
1.514630374783782685e+01
1.513461600586992262e+01
1.512447083418931904e+01
1.509698575801476039e+01
1.506994631037810173e+01
1.505002521119880399e+01
1.501574403472653074e+01
1.499129985845658908e+01
1.493017313949406599e+01
1.486506838375143680e+01
1.482386418547162421e+01
1.481926436499385424e+01
1.477666675672310248e+01
1.477040392283600667e+01
1.473578953213556630e+01
1.470295260783264268e+01
1.469136192341751723e+01
1.467402468916978009e+01
1.464133934020401284e+01
1.461058902239231827e+01
1.455134369435286779e+01
1.449944755323543433e+01
1.446742825553591416e+01
1.444006134678616959e+01
1.440707134201646689e+01
1.441428002026303901e+01
1.438139867630792423e+01
1.436758827677831896e+01
1.431092016574587689e+01
1.427894745309832381e+01
1.425613523156642515e+01
1.424802156426350841e+01
1.422078289172567622e+01
1.419022176836081783e+01
1.415043415208759825e+01
1.413579078839818592e+01
1.408015003064513593e+01
1.405197703365609740e+01
1.403248510777768487e+01
1.401483746373251549e+01
1.397421703236850199e+01
1.392523991210633660e+01
1.389283815031722646e+01
1.385172100482758673e+01
1.382048090677605146e+01
1.380202930502413317e+01
1.380233901629882531e+01
1.378580964913363971e+01
1.378568877982936414e+01
1.375860769290571461e+01
1.373804814560674892e+01
1.371242517065293143e+01
1.370485860764988040e+01
1.366443624533206069e+01
1.367428295045501940e+01
1.362890553710147756e+01
1.362813439835621310e+01
1.362555337734406002e+01
1.361245323688326003e+01
1.357781276161388284e+01
1.355625794640822157e+01
1.351617932875832295e+01
1.348853757785946073e+01
1.344363546247450181e+01
1.343609598959929130e+01
1.339866560130624684e+01
1.336655060289254848e+01
1.333449347747897384e+01
1.330071779528927856e+01
1.326298527259222304e+01
1.322510175506142716e+01
1.320196350779543515e+01
1.317007995241469231e+01
1.314223195484523465e+01
1.310607159343230421e+01
1.308960553198018673e+01
1.306570533935829026e+01
1.308403847501654838e+01
1.312239379998643329e+01
1.308762733701214209e+01
1.307905440556973353e+01
1.306534396654841679e+01
1.307756662481917154e+01
1.305575433532436591e+01
1.304708520991782450e+01
1.301496376098451790e+01
1.299350094089209584e+01
1.299634662891729420e+01
1.298348393906342579e+01
1.295531171187718122e+01
1.293624187859091457e+01
1.291474085912911995e+01
1.288946220536627862e+01
1.285526871482676370e+01
1.287586575355472540e+01
1.285510330456502182e+01
1.282526869274928139e+01
1.278690792881233307e+01
1.277399404633969482e+01
1.275082471810152462e+01
1.273147081644164480e+01
1.270879578219981276e+01
1.267463490679443794e+01
1.266317033457146479e+01
1.263626934258785184e+01
1.263450119929514948e+01
1.264022266875995015e+01
1.261927964384176981e+01
1.258961042756000381e+01
1.256454264407712884e+01
1.253974688387065228e+01
1.251185480360865299e+01
1.248503866299490994e+01
1.245301895997127772e+01
1.243035903926472763e+01
1.241998086771142518e+01
1.240243447927374909e+01
1.237465431950321459e+01
1.236326926364664658e+01
1.234321503786743612e+01
1.233975745569454396e+01
1.233953670843991901e+01
1.231917118491503693e+01
1.231661961853792242e+01
1.230766404542026571e+01
1.227760868926292481e+01
1.224633887036448776e+01
1.222002794209479326e+01
1.219777314756356112e+01
1.219263213416236979e+01
1.216698884083287702e+01
1.214548981481653556e+01
1.213023966012636912e+01
1.211237276190711576e+01
1.208539216870324218e+01
1.206288401124078113e+01
1.204495874388443433e+01
1.201956991648028072e+01
1.198999372738954960e+01
1.196527574164968044e+01
1.198872667962688432e+01
1.195923912581850956e+01
1.193866818498994142e+01
1.192868099281930228e+01
1.190479675699434381e+01
1.190767050010959771e+01
1.189819237061040624e+01
1.188560913788250240e+01
1.185804735909638019e+01
1.183497837443274214e+01
1.181621921800147135e+01
1.179036691176236218e+01
1.176396641215423777e+01
1.174906252619533653e+01
1.173348537470822528e+01
1.170926385909950262e+01
1.169313096888203596e+01
1.168286863789974639e+01
1.169108515711419116e+01
1.166564614341072215e+01
1.165299481750501798e+01
1.163610670945243264e+01
1.162548010917178587e+01
1.161005717616005128e+01
1.158453041346240653e+01
1.157539330998764449e+01
1.157755576615547888e+01
1.156325105268520481e+01
1.154848746883499722e+01
1.152664370655861781e+01
1.153529036580694900e+01
1.152894525409309168e+01
1.151261100360909495e+01
1.150033769715134113e+01
1.149735619879501058e+01
1.147848066460470129e+01
1.146072073849485129e+01
1.144256181935173089e+01
1.142621509373890198e+01
1.140707542919446738e+01
1.138673856224269976e+01
1.138062571256562805e+01
1.136344969844383535e+01
1.134724467753916066e+01
1.133152462193297261e+01
1.133439667026002518e+01
1.131802393368113613e+01
1.129795115382915682e+01
1.128497873686680464e+01
1.126579924364765439e+01
1.125363008530695375e+01
1.125475031047742647e+01
1.123755683447908460e+01
1.122163653927265337e+01
1.121024939939891496e+01
1.119297650648814013e+01
1.117686642278187747e+01
1.115879258746251956e+01
1.114825367991551985e+01
1.112773404939610167e+01
1.111454468501695558e+01
1.109812370854978525e+01
1.108466180186299788e+01
1.106331351880845837e+01
1.104667553086324716e+01
1.103139803955847498e+01
1.101476331220351490e+01
1.099970434307160083e+01
1.098357661727541768e+01
1.096914267282358857e+01
1.094637220888398588e+01
1.093336424180269795e+01
1.091342421691445175e+01
1.089737297855889153e+01
1.088416073753165847e+01
1.086488040541827083e+01
1.084656541831545162e+01
1.083663787910732879e+01
1.081908494568314438e+01
1.079923950124325316e+01
1.078346020254990556e+01
1.076684535027511558e+01
1.074957403978595138e+01
1.073312658601896530e+01
1.073054802922036899e+01
1.071699153040382768e+01
1.070956200242346057e+01
1.069808860817080287e+01
1.069070457570545152e+01
1.067046694698026776e+01
1.065325060317395689e+01
1.063698290630635768e+01
1.061762472482933006e+01
1.060199018436870233e+01
1.058387618734414914e+01
1.056585136898428701e+01
1.054698743139461392e+01
1.055329610974654386e+01
1.054148159799318307e+01
1.052612909935969299e+01
1.051140040222968786e+01
1.049701466195599764e+01
1.049680802591455375e+01
1.048941601394429668e+01
1.047511577916629122e+01
1.047246231146567119e+01
1.045709742408833343e+01
1.043748951839929795e+01
1.042424259608734083e+01
1.041025584365552348e+01
1.039677815333779698e+01
1.038076924330768414e+01
1.036890920400018246e+01
1.035624110915777862e+01
1.034391035472535592e+01
1.032646765540815359e+01
1.031962897361479214e+01
1.030567203043985636e+01
1.030381532000846256e+01
1.028725033249776821e+01
1.028892317747208907e+01
1.027637254080569207e+01
1.026811535073535353e+01
1.025557361855733696e+01
1.024200211745401035e+01
1.022974318898756430e+01
1.023469747922000472e+01
1.022164187797312351e+01
1.020896455045429718e+01
1.019320458924641670e+01
1.019760634044001435e+01
1.018240010720194455e+01
1.017017285614405964e+01
1.015672676927595219e+01
1.014500353004103061e+01
1.012851267859374538e+01
1.011862821068302409e+01
1.010902675440597775e+01
1.009427136133905556e+01
1.008137040875949175e+01
1.007036364984021226e+01
1.005707676121508243e+01
1.004484034516781854e+01
1.003408481799032614e+01
1.002593851431123362e+01
1.001283887976951092e+01
1.000162524224112737e+01
1.000952444902169169e+01
9.997791766023915727e+00
9.987264463710561202e+00
9.984438572108667032e+00
9.971097934364177462e+00
9.970984945391442977e+00
9.956905012139223743e+00
9.943639020460363298e+00
9.960499397089156659e+00
9.946449958291651683e+00
9.932472381243016457e+00
9.925779136010095982e+00
9.914532682725734958e+00
9.901361689576908987e+00
9.895616485773278015e+00
9.882041140313406302e+00
9.867669794512245574e+00
9.856155945003949981e+00
9.862292538087459093e+00
9.851297314014825446e+00
9.837053116284367960e+00
9.831274514623556726e+00
9.836516348461600501e+00
9.824650289620169730e+00
9.815001451931973264e+00
9.805743548320236869e+00
9.798131174800685628e+00
9.791340179342347128e+00
9.779883656446255458e+00
9.770826705944660517e+00
9.762119524544454308e+00
9.751824837317609962e+00
9.739629180781836482e+00
9.739929559676808069e+00
9.736552098606830796e+00
9.726147418630441521e+00
9.717489748024197738e+00
9.709732530253830873e+00
9.701338097101874780e+00
9.689779745525358479e+00
9.680677598621135971e+00
9.674036218701926870e+00
9.658178298107694459e+00
9.648168389433832814e+00
9.636408383622187657e+00
9.623528934355050524e+00
9.612406618138422232e+00
9.604856206748969782e+00
9.591682334946497690e+00
9.581316898400835669e+00
9.570484736176050333e+00
9.557534017890919387e+00
9.545093800584332655e+00
9.531873161741209799e+00
9.537856620705456479e+00
9.531067877016758061e+00
9.519022034607578675e+00
9.507426331988581225e+00
9.498525576118909797e+00
9.494709160354405597e+00
9.483874318899070843e+00
9.489582645470976630e+00
9.480616748299503627e+00
9.471377315433370470e+00
9.462413258083998358e+00
9.451667489073708239e+00
9.442963459476239052e+00
9.441647469928327041e+00
9.430711354746968311e+00
9.423051350790618841e+00
9.412848589374315011e+00
9.401018421656816670e+00
9.390064299460036068e+00
9.377837731706799573e+00
9.369230986017782925e+00
9.356445533857813857e+00
9.343716875031516267e+00
9.332437022776739255e+00
9.322785015784875284e+00
9.314087383577474455e+00
9.302935699202622644e+00
9.293527500949906539e+00
9.283185243276539822e+00
9.273990268469605169e+00
9.263334882774810097e+00
9.257982891814524606e+00
9.255328196147470265e+00
9.246759458752547900e+00
9.236987129213583003e+00
9.231019139961755826e+00
9.222940015412932624e+00
9.211510409564889201e+00
9.210638864628617029e+00
9.199934773691150980e+00
9.187108844580899714e+00
9.178738076776474131e+00
9.170549352225709328e+00
9.159851324597287459e+00
9.149751734739243858e+00
9.141144745979101316e+00
9.130878801965190306e+00
9.119927824974421782e+00
9.110231544202228804e+00
9.101387343053408685e+00
9.088579624104218269e+00
9.080923134685461307e+00
9.069689462674222824e+00
9.059170139581075532e+00
9.052455944110478825e+00
9.043582443523797920e+00
9.034226937595496665e+00
9.035097279479771260e+00
9.023178254055613579e+00
9.014491817412793040e+00
9.008630650990513189e+00
9.000171287825200039e+00
8.990905750069574154e+00
8.990228410968057915e+00
8.978281041912094196e+00
8.970192690018313542e+00
8.959466397239729929e+00
8.951053289072644858e+00
8.939466577293103455e+00
8.929017403647032225e+00
8.917882159988462121e+00
8.917308355450980883e+00
8.908220656844802576e+00
8.896324238323835232e+00
8.884638000157394799e+00
8.875460998243452693e+00
8.876862932820445806e+00
8.870124541668438667e+00
8.871468005694048031e+00
8.861081495523114526e+00
8.851296526357531391e+00
8.842842341184137922e+00
8.844358798620058693e+00
8.834632364942498484e+00
8.826290613623005044e+00
8.814407292665661586e+00
8.816114432357613495e+00
8.814930077907632722e+00
8.807047867609320235e+00
8.796981873538349816e+00
8.787275413183909478e+00
8.776450909048634230e+00
8.766687364884116818e+00
8.757670692590522776e+00
8.757188583424502681e+00
8.751315068949249820e+00
8.740127939854675176e+00
8.730184328812571337e+00
8.719354725162267172e+00
8.709226276504214326e+00
8.701425965661703898e+00
8.692141040649952188e+00
8.683746114873551747e+00
8.674329609307958933e+00
8.672927619437905022e+00
8.662641231729551805e+00
8.655776970584657448e+00
8.658050732133787619e+00
8.652692214947100169e+00
8.648181001687483160e+00
8.640088200405919849e+00
8.628540672693137736e+00
8.617902651356828869e+00
8.609205131046739012e+00
8.602024441408172351e+00
8.592619835826518226e+00
8.583446485321788444e+00
8.574035411485672498e+00
8.565898678347787509e+00
8.557385595235990294e+00
8.548340428219569631e+00
8.542500225991245699e+00
8.536451167416956309e+00
8.535894336570398977e+00
8.535358319439371400e+00
8.528641982029721902e+00
8.520788298658175108e+00
8.511857255061269001e+00
8.507761339152228430e+00
8.501403211637503787e+00
8.491288808567464486e+00
8.481080527127240032e+00
8.475900236062406279e+00
8.466958761344749007e+00
8.458211969594628954e+00
8.449209305910324375e+00
8.447487222677009910e+00
8.441872503083608592e+00
8.433980536861795940e+00
8.424728839008610137e+00
8.426899741305598823e+00
8.419561716086382930e+00
8.412286590075270354e+00
8.406982051503439024e+00
8.398172159063562958e+00
8.396299512314419289e+00
8.389106623051699074e+00
8.382525465828495115e+00
8.374547894185916164e+00
8.366797579744918778e+00
8.357821927829929720e+00
8.350533183979505836e+00
8.342220077812166679e+00
8.333655950853447791e+00
8.325115910125727936e+00
8.316116344270591654e+00
8.309945163010286961e+00
8.306777307765894847e+00
8.297259625183345477e+00
8.299552948798316621e+00
8.292736705065200553e+00
8.286129284001566120e+00
8.277075222656945286e+00
8.272577361589531719e+00
8.269449105942053180e+00
8.261626795542362345e+00
8.254531082705389267e+00
8.249335296306643528e+00
8.241905203068911945e+00
8.240966586570365848e+00
8.233446615933679880e+00
8.226180837025793835e+00
8.219253723902346209e+00
8.215358172580163654e+00
8.208137081902966870e+00
8.203391382743228988e+00
8.195414022928744657e+00
8.187768630866251840e+00
8.181156587659137003e+00
8.181106229245864725e+00
8.174847690478825868e+00
8.168219254423092934e+00
8.162772483112004096e+00
8.155544157666142269e+00
8.147039441484750455e+00
8.138253255935810060e+00
8.132177501925960783e+00
8.124117975308500661e+00
8.116630217928038959e+00
8.111330517649660621e+00
8.105054950339294351e+00
8.099265115508259782e+00
8.091041725731317413e+00
8.085117347230417195e+00
8.077997962318319125e+00
8.081458337100416500e+00
8.073637316638585304e+00
8.065499190353706993e+00
8.065562583043044853e+00
8.059928159288139327e+00
8.055004314230966855e+00
8.050964451013610912e+00
8.043849035615709298e+00
8.037352591494963505e+00
8.030122089094811955e+00
8.021518690335859958e+00
8.014817347725443852e+00
8.010824986020983474e+00
8.002488775013700817e+00
7.994488812071837813e+00
7.988095479176672953e+00
7.982098555286899710e+00
7.974140651433672566e+00
7.967551699248478059e+00
7.961218077153786155e+00
7.954215934711852398e+00
7.946523216798108358e+00
7.940756603161867488e+00
7.934100110316691712e+00
7.928100502547326123e+00
7.921016688731268296e+00
7.916079384216823556e+00
7.908177324170243772e+00
7.901144844786763599e+00
7.893367801294791875e+00
7.887168966359439537e+00
7.880876478109002825e+00
7.873311450517373800e+00
7.866611470219881497e+00
7.858357772711934253e+00
7.851613176044475395e+00
7.843583683296804665e+00
7.835869375609727072e+00
7.831273868512123038e+00
7.828052118997091746e+00
7.821660579274143821e+00
7.814651747106768909e+00
7.808246953464490936e+00
7.802634029835965102e+00
7.796503921368851842e+00
7.788924445884603642e+00
7.781621401008567140e+00
7.773898801873832198e+00
7.766920559154020687e+00
7.759734780840239488e+00
7.752393387722892548e+00
7.751395051868234631e+00
7.746551619508034392e+00
7.747402229758249881e+00
7.741992862970956679e+00
7.735758837811840927e+00
7.730294805232053257e+00
7.724711357757056973e+00
7.717736340198210421e+00
7.710586491319011415e+00
7.705075368292244598e+00
7.698044153927851241e+00
7.692288060441349273e+00
7.688958133239752968e+00
7.682141199699739076e+00
7.676247277360273458e+00
7.670286135592217391e+00
7.664815989599735424e+00
7.663178470111799534e+00
7.658022810047175000e+00
7.651967531395391653e+00
7.647004312967972339e+00
7.640525333172178080e+00
7.635099864037351303e+00
7.629004205932889526e+00
7.627274388404194916e+00
7.620535515689708994e+00
7.614917074651745388e+00
7.608715447599536219e+00
7.612287120399756191e+00
