5.000000000000000000e-01
9.472057239686840768e-01
9.864010227999149283e-01
9.881810657354780369e-01
9.918486209740660087e-01
9.935841918271677287e-01
9.954542226010367756e-01
9.958098253151678181e-01
9.951261612678312662e-01
9.950799497297319052e-01
9.969225550863857199e-01
9.969548799703132902e-01
9.970713945070888151e-01
9.956563473460975366e-01
9.961595718619856710e-01
9.973353569000581453e-01
9.973230357559602632e-01
9.968301320101875529e-01
9.967282578916926150e-01
9.931791016001541017e-01
9.970721482711984995e-01
9.935516350158215548e-01
9.965263070921954736e-01
9.969982503975377552e-01
9.928194401562029370e-01
9.961201152099451450e-01
9.974826598016147683e-01
9.960586254531644812e-01
9.957544526440453847e-01
9.927562109437850779e-01
9.952083215557687712e-01
9.902082273352553754e-01
9.963896148700263078e-01
9.977232555071889886e-01
9.971341308737431408e-01
9.960779044198116994e-01
9.981258525144554028e-01
9.985469747242601279e-01
9.974872983499815104e-01
9.974533209831981662e-01
