4.302121701013667532e-01
3.072230315522757604e-01
3.637411052211210194e-01
4.344126945472415180e-01
4.636491459997593712e-01
5.824079864206496149e-01
7.309750083711302748e-01
8.427759102788783263e-01
9.418761768504546605e-01
9.586475732419538209e-01
9.666618251818094310e-01
9.637062001446647930e-01
9.793112335494605913e-01
9.873989774899943894e-01
9.857462047252311121e-01
9.887505925020763087e-01
9.886161615722359741e-01
9.923724290483291188e-01
9.744479185238978936e-01
9.792741541534576433e-01
9.903496450785728156e-01
9.783004358785919452e-01
9.922651046355045468e-01
9.925043087765682559e-01
9.902584106303929934e-01
9.927030415831366028e-01
9.863358511953688179e-01
9.937656460410713155e-01
9.910744762426598742e-01
9.912761081419571019e-01
9.913741844489770694e-01
9.866398210679968583e-01
9.874259100614465323e-01
9.882220589066648131e-01
9.906581665267853998e-01
9.908844697052056061e-01
9.929172845358045230e-01
9.891378243178797769e-01
9.903783460965888130e-01
9.922344902162868463e-01
