1.015729220146835488e+01
1.010200023803893821e+01
8.343313526905124178e+00
7.807621457834478029e+00
7.491861259309176013e+00
7.381599925181652644e+00
7.628779297854849872e+00
7.317632721696916143e+00
6.975902959243250656e+00
6.858102785504070376e+00
6.531608853462919306e+00
6.307767925022459643e+00
6.165956078564374998e+00
6.064333638730556864e+00
5.910125979954192310e+00
5.790166499491904872e+00
5.638911609991764884e+00
5.567977576039113252e+00
5.461237798582378566e+00
5.391836493151646259e+00
5.415887302335994136e+00
5.320537394951355026e+00
5.258149067589051207e+00
5.235399910087550346e+00
5.185434517873296123e+00
5.147328900015093467e+00
5.067593791886902288e+00
4.986068822409305490e+00
4.935607279782431966e+00
4.980143951041748451e+00
4.917178674629687052e+00
4.870265361660186088e+00
4.856552687063807383e+00
4.850197310627793357e+00
4.823161380043467616e+00
4.771872050713286129e+00
4.741945020680728540e+00
4.709411814799090656e+00
4.663372429180023815e+00
4.629973971461037507e+00
4.596421791147546898e+00
4.541630072750223235e+00
4.511315123116051318e+00
4.489594790487041465e+00
4.452417120774054382e+00
4.426792611920580711e+00
4.405989217990771145e+00
4.404127743221788016e+00
4.357443652736050943e+00
4.330682528778904583e+00
4.285836242482019998e+00
4.279828646141294435e+00
4.261506207602200114e+00
4.225056582189057330e+00
4.188754845908679414e+00
4.159088447236643837e+00
4.134068025834578997e+00
4.114917311454175497e+00
4.091070616918790925e+00
4.087620807390760724e+00
4.065991185233532867e+00
4.029617997397715534e+00
4.009854882002186649e+00
3.981972157189488826e+00
3.960568182646976965e+00
3.945822779718795026e+00
3.928743775403731764e+00
3.911717521449751711e+00
3.887031776608877109e+00
3.868585126475456715e+00
3.848089886764798351e+00
3.825336468009534308e+00
3.794754102240047722e+00
3.787827064990262560e+00
3.767879150867994742e+00
3.751105205749432958e+00
3.741171247158166402e+00
3.752483494407574227e+00
3.723176329216008273e+00
3.698722988752700225e+00
3.696667272162431850e+00
3.687065354813577223e+00
3.662664221189433800e+00
3.650566811142559764e+00
3.639826288575938928e+00
3.636075063839762755e+00
3.621009630038275695e+00
3.598889749972425722e+00
3.596811345284611328e+00
3.573995313085794656e+00
3.558352559344159172e+00
3.543140270689576710e+00
3.523877638782510591e+00
3.506057097315183668e+00
3.494237195518672401e+00
3.476337752524344626e+00
3.467377868557418807e+00
3.457253516696014994e+00
3.441114365759396776e+00
3.434177142357199397e+00
3.415574554468491453e+00
3.406201361478575329e+00
3.393635508618359609e+00
3.372329880114400602e+00
3.363635464636533179e+00
3.360211601381632107e+00
3.343316506418748890e+00
3.336250512248654321e+00
3.324809429841487862e+00
3.310078305951538624e+00
3.301051582295373432e+00
3.286995481376805195e+00
3.279483191219171978e+00
3.274322961119126685e+00
3.259939480392187061e+00
3.241429915082831403e+00
3.242830420644882583e+00
3.229704534707477315e+00
3.214200361073904499e+00
3.198337401362666643e+00
3.192626681551973267e+00
3.180402719568269365e+00
3.173696059823571503e+00
3.164924517735239196e+00
3.151326132836593796e+00
3.143058803880506957e+00
3.136769797115190439e+00
3.126300005680517469e+00
3.114186717344041622e+00
3.100547734393448884e+00
3.092955823323023434e+00
3.088483379093783121e+00
3.080663455088829217e+00
3.064814715431850356e+00
3.060073061652825999e+00
3.049098244422087767e+00
3.042523437415977750e+00
3.028181733176774415e+00
3.019487575423828396e+00
3.009301281405338369e+00
3.003716502367254293e+00
3.002062642293818584e+00
3.003243727369943272e+00
2.991993517718282813e+00
2.978568244146703403e+00
2.975247376064196203e+00
2.968394495632609154e+00
2.959871400568233835e+00
2.951483042227830644e+00
2.940042560496729518e+00
2.927920145915998251e+00
2.914737635592657305e+00
2.911203490927266824e+00
2.908152309967927618e+00
2.901952740575371781e+00
2.891109276734466604e+00
2.882022569355292330e+00
2.870318523331578664e+00
2.860271204006711088e+00
2.857550592482732021e+00
2.845016270039229411e+00
2.838654454511079450e+00
2.834216453191392038e+00
2.829969480295293494e+00
2.825229568316361739e+00
2.819424105943216130e+00
2.811485699508458946e+00
2.804248774036813163e+00
2.796782356743880094e+00
2.790371978523198404e+00
2.784213516500746888e+00
2.778360229454632790e+00
2.773660216901451925e+00
2.769466276386018944e+00
2.758915155345428527e+00
2.754522767014710549e+00
2.747495384158388898e+00
2.738235726441653917e+00
2.726912394813590712e+00
2.720417802899387727e+00
2.713077572107719160e+00
2.703940066898028682e+00
2.697421956804334719e+00
2.689503657657642322e+00
2.683525314230638337e+00
2.678254522221248379e+00
2.671000356035112322e+00
2.661949707980062474e+00
2.655391690119845549e+00
2.646333055497429143e+00
2.639225134227465741e+00
2.633903376734910040e+00
2.625309452055418546e+00
2.622510907691946613e+00
2.618861561856391962e+00
2.611887734191706389e+00
2.605405134110678311e+00
2.596648336199740115e+00
2.589892413498335877e+00
2.586624022277031809e+00
2.581863867266193768e+00
2.573604648470535050e+00
2.570278911476252759e+00
2.562235405908184660e+00
2.554709685950758313e+00
2.548262755931272494e+00
2.540607428831772374e+00
2.533599605052848869e+00
2.526428493536555742e+00
2.521642247519001678e+00
2.521236364474781944e+00
2.514359201804631905e+00
2.508555979517478551e+00
2.502399307407022544e+00
2.515212089750231250e+00
2.511204166299630725e+00
2.503726358571436439e+00
2.498067848313562322e+00
2.492195027496297399e+00
2.488160274723668408e+00
2.482657670462204980e+00
2.477991003779741241e+00
2.474147913714384028e+00
2.471235819170347181e+00
2.469437754048497080e+00
2.466829888092162637e+00
2.460151306219453105e+00
2.453573270684432650e+00
2.449497539441128247e+00
2.447358233723667009e+00
2.449718823296323400e+00
2.444462387934843939e+00
2.444272088216757233e+00
2.438097721846342658e+00
2.432622023257963395e+00
2.426344153341504217e+00
2.424182730876173419e+00
2.419136759604532116e+00
2.415165060282548737e+00
2.413421258858216678e+00
2.413002253783872231e+00
2.407408598513034903e+00
2.402202812693412959e+00
2.396047582461349634e+00
2.391798989947588439e+00
2.392508399755321147e+00
2.387127939810128385e+00
2.385176449439323054e+00
2.380666379282668554e+00
2.375774060455443593e+00
2.371217261548043354e+00
2.368433654645805575e+00
2.364788881490534678e+00
2.358341974778627836e+00
2.358050832139142905e+00
2.353957821968574837e+00
2.349754728142990690e+00
2.346141183494197868e+00
2.340656399290718337e+00
2.335062795761694954e+00
2.331669202345414416e+00
2.328206364087003877e+00
2.321906568335732057e+00
2.320973093817160215e+00
2.317649607498964759e+00
2.316332563428406655e+00
2.314387381298807611e+00
2.311703149322307027e+00
2.305602506079647007e+00
2.300023760535129469e+00
2.293681377022168011e+00
2.288928988020594524e+00
2.284117670792360055e+00
2.282603827718176603e+00
2.278611067299019410e+00
2.275274967710203544e+00
2.270370952756824767e+00
2.266686552057239457e+00
2.262991972431840804e+00
2.259314589486179692e+00
2.257221280286521470e+00
2.252968854509788343e+00
2.248429717172917286e+00
2.247201606668352003e+00
2.241191164987739626e+00
2.236377175118948291e+00
2.234953180214229285e+00
2.229031396011170507e+00
2.227352324190625232e+00
2.224031284538615871e+00
2.218560798001966372e+00
2.214900888624009578e+00
2.211498411413390208e+00
2.206637119654272450e+00
2.201884403755954622e+00
2.198081593941417999e+00
2.193884345887482823e+00
2.189485189744712734e+00
2.185080761993861032e+00
2.181482170621315664e+00
2.177629731270278590e+00
2.173325658942776073e+00
2.170016325472549745e+00
2.168022038899884762e+00
2.164834208347969469e+00
2.161267629809096924e+00
2.156919330672451007e+00
2.153661049216360368e+00
2.148590456653749481e+00
2.145428504625742416e+00
2.142862287015294243e+00
2.137045732120813835e+00
2.133135003916912797e+00
2.128320539201055350e+00
2.123802679581060726e+00
2.121252958884091822e+00
2.118895852705660054e+00
2.116479671952891106e+00
2.115794360211152636e+00
2.117844873192122446e+00
2.114257574801826411e+00
2.110796825778493702e+00
2.107768977797426224e+00
2.103569991377743698e+00
2.100143923484390385e+00
2.095578353526000637e+00
2.092957432281399299e+00
2.088438139824002171e+00
2.086054892273169870e+00
2.083494977991123154e+00
2.080238590270083510e+00
2.075667609513284440e+00
2.071197074595302556e+00
2.067650585127634777e+00
2.064383131258183735e+00
2.060642708109846399e+00
2.055958711879584122e+00
2.051780655564816147e+00
2.049682815256097967e+00
2.046164386901760501e+00
2.042022267405652070e+00
2.038639283866234830e+00
2.034979563522409940e+00
2.030994354027008342e+00
2.028437277041132969e+00
2.024386769676457476e+00
2.023092327491048170e+00
2.018975334305160185e+00
2.017680895120774753e+00
2.013277225537570825e+00
2.011317379788360782e+00
2.007131056483535847e+00
2.008111278122783894e+00
2.003847611091249092e+00
2.001617043220022207e+00
2.001216514220736542e+00
1.997519645404437050e+00
1.993576819368465092e+00
1.988959240170814935e+00
1.984947065753121187e+00
1.984420762575235697e+00
1.981901757811857179e+00
1.979167590736355287e+00
1.978544609785225949e+00
1.974637711404669149e+00
1.972034852713754338e+00
1.969587213952054716e+00
1.970446793803145802e+00
1.966629570799127480e+00
1.964078187564700428e+00
1.961137343887247697e+00
1.960580988984012452e+00
1.958499419979405243e+00
1.956775735718506271e+00
1.954239810330345550e+00
1.951272857809862815e+00
1.947633352297267306e+00
1.945918634963542004e+00
1.943080664475906660e+00
1.939860089652891473e+00
1.937792980458957981e+00
1.934657271868173600e+00
1.931497440813881639e+00
1.928054743785194480e+00
1.924358095550768644e+00
1.921033237062586219e+00
1.918565940563908390e+00
1.914922850801166865e+00
1.913274658990798738e+00
1.910329948911879239e+00
1.906719311257125904e+00
1.903936231440986671e+00
1.902063070812562984e+00
1.900674186717848935e+00
1.897977970285509963e+00
1.895058053757886496e+00
1.892547157276069481e+00
1.888793161928856712e+00
1.885663883611981895e+00
1.882953324269571294e+00
1.879250735785208848e+00
1.875846313629086604e+00
1.872693391201081248e+00
1.869529410526431068e+00
1.865803458617023791e+00
1.866366631550088862e+00
1.862711799612092545e+00
1.859646173286504167e+00
1.857596166831661177e+00
1.857139073806693741e+00
1.855120387308554442e+00
1.851729031845269047e+00
1.849171163641779358e+00
1.846064425832041778e+00
1.843550853663266986e+00
1.840549173546901285e+00
1.838952332935031020e+00
1.840161844379436973e+00
1.837156915992347761e+00
1.839499024801567018e+00
1.837477139114709779e+00
1.834631623502826603e+00
1.833934582060299912e+00
1.831761366818718262e+00
1.828593990301437211e+00
1.826157428867074550e+00
1.822958588017606685e+00
1.820075125031483276e+00
1.817569634124758915e+00
1.815732156313738299e+00
1.814042781083251343e+00
1.813620979650208298e+00
1.812385597365631984e+00
1.811110396664048050e+00
1.807788177104510785e+00
1.805541439562871497e+00
1.804061578208514982e+00
1.801747642363734636e+00
1.800237904952286749e+00
1.798260893035230179e+00
1.795729743417415314e+00
1.793627349701282903e+00
1.792116854046963415e+00
1.789212101839073421e+00
1.786216114192020088e+00
1.783044343843246837e+00
1.780196332592014041e+00
1.778513742505747341e+00
1.780537839064026073e+00
1.778083345141394878e+00
1.776378908530230172e+00
1.776476652435260428e+00
1.775820946417537849e+00
1.773217283936693978e+00
1.772334493762114827e+00
1.771290670479941598e+00
1.768409024493885706e+00
1.766129605227100496e+00
1.765233855967164533e+00
1.762774388206272524e+00
1.760312674544834532e+00
1.758382977831423277e+00
1.759273319435584959e+00
1.756672036565114725e+00
1.755405588119882454e+00
1.753901291487802494e+00
1.751463396433236230e+00
1.750999726912010557e+00
1.748701001321838033e+00
1.745834062263559083e+00
1.743359006095734243e+00
1.741950205835135712e+00
1.739982644117910260e+00
1.737855138181129577e+00
1.735158607994425894e+00
1.733421802938714062e+00
1.731433051263405742e+00
1.729414329237361825e+00
1.727002086156889771e+00
1.727557180399734493e+00
1.727703200017795426e+00
1.725430302525935433e+00
1.725615847245327350e+00
1.722959161963349528e+00
1.721170374313753859e+00
1.718641550570833454e+00
1.716535449862983009e+00
1.716344062481811594e+00
1.713970138689241196e+00
1.713614105357544215e+00
1.711005031058638881e+00
1.709232662351387377e+00
1.708002422673950749e+00
1.706747062791861502e+00
1.704775283506889449e+00
1.704120940226711012e+00
1.702434226141296136e+00
1.699606091546088882e+00
1.697527481969535179e+00
1.695489115337567076e+00
1.693597991503293487e+00
1.691807246837561785e+00
1.690606702356238777e+00
1.689207044123211432e+00
1.687385214185501470e+00
1.684584924556319585e+00
1.681902001498445376e+00
1.679635985913958685e+00
1.677652277447501339e+00
1.677003617775008282e+00
1.676349973759949430e+00
1.676235898141031022e+00
1.673796357292035131e+00
1.671571241243917871e+00
1.669851318350723091e+00
1.667505611612777772e+00
1.666100137425238659e+00
1.664671178801045537e+00
1.662066351835236322e+00
1.659370930980468728e+00
1.657370552029125976e+00
1.654851830710498684e+00
1.653088082691090532e+00
1.651992789045079180e+00
1.650102302589482539e+00
1.647749320024763042e+00
1.645138735003935926e+00
1.643646565072750976e+00
1.641602951035562752e+00
1.639946739705504752e+00
1.637939473971547155e+00
1.636833068426900795e+00
1.634923947138808842e+00
1.632969994354530607e+00
1.633877104631016541e+00
1.631466909588952463e+00
1.629361943501747678e+00
1.626931695592419569e+00
1.625551165886084615e+00
1.628462237138507351e+00
1.628311850396155780e+00
1.626683401256764139e+00
1.625933965673286519e+00
1.624490273472783741e+00
1.625928163749654765e+00
1.624649855321563363e+00
1.622527089410403356e+00
1.620746560821737958e+00
1.621540896827790457e+00
1.619558794359419407e+00
1.617944027252832262e+00
1.616581079144390198e+00
1.614789106421869347e+00
1.612482190337619636e+00
1.619343212378267838e+00
1.617954240940304267e+00
1.616262942853542883e+00
1.615689854767093703e+00
1.613724144810081640e+00
1.612173672343476749e+00
1.610666539406442554e+00
1.612149721808770142e+00
1.610027797748947442e+00
1.610677691619563312e+00
1.609156565051086618e+00
1.607633057226173223e+00
1.606145221884798469e+00
1.604293483746422666e+00
1.609716092257785780e+00
1.608436424376418428e+00
1.606220795851589500e+00
1.604509844029001098e+00
1.604626124960658151e+00
1.603330953064667996e+00
1.603824315111120447e+00
1.602541623734938137e+00
1.604480007631512661e+00
1.603527649715817072e+00
1.602170115063398237e+00
1.601218028603603738e+00
1.600155920559865663e+00
1.598357219435086130e+00
1.596858570823000312e+00
1.595962557702640838e+00
1.594765543158226606e+00
1.593336715283609539e+00
1.592028113333157524e+00
1.590872867836642612e+00
1.589053348672196497e+00
1.588017624178316822e+00
1.586642061068590959e+00
1.585299505298335188e+00
1.584228951106104510e+00
1.582347349940406600e+00
1.580674968986560458e+00
1.578710312971228324e+00
1.577644406720861925e+00
1.575855028232680644e+00
1.574673643484832741e+00
1.575097736700102224e+00
1.573697492306943113e+00
1.572259068567950502e+00
1.571115678048454534e+00
1.568984515223639464e+00
1.566997496695577086e+00
1.565566438375109781e+00
1.564206739396898582e+00
1.562581748911117785e+00
1.560922790171967556e+00
1.559197637629035738e+00
1.557889849043801789e+00
1.556332308271658471e+00
1.555634709664719173e+00
1.554839699974941869e+00
1.553590195014015407e+00
1.552744526019426807e+00
1.551364510142989594e+00
1.549292846271024704e+00
1.547361291077784529e+00
1.546061905269843662e+00
1.544227568704976461e+00
1.542263644153842206e+00
1.540982174507040670e+00
1.539008958426415941e+00
1.537902484667297287e+00
1.536849407958073455e+00
1.535327284796636160e+00
1.533902079448003164e+00
1.532132429726845935e+00
1.530550176915071781e+00
1.530586157915199141e+00
1.528780832545409529e+00
1.528279904681653534e+00
1.527164736823217295e+00
1.526790212244688805e+00
1.524797043531892715e+00
1.523937124980155655e+00
1.522749447344341478e+00
1.521281715840668181e+00
1.519705509464166715e+00
1.518108102667092840e+00
1.516580804920104830e+00
1.514759665582529058e+00
1.513224668306055509e+00
1.511318516264925194e+00
1.510226396912577540e+00
1.509075221021079383e+00
1.508325843429026314e+00
1.506481052236853913e+00
1.505465050380372150e+00
1.504144148164367811e+00
1.502964427806519732e+00
1.501129155413213345e+00
1.499226393282674596e+00
1.497248644699808340e+00
1.495512415429490094e+00
1.494249453975984743e+00
1.494310023058724957e+00
1.492711530673793696e+00
1.490883798761547308e+00
1.489194493006059439e+00
1.489860206642586560e+00
1.489368136950554922e+00
1.487777814804339238e+00
1.487138416617475256e+00
1.485493301959257550e+00
1.483707353411036767e+00
1.486079450743688524e+00
1.485235357918788912e+00
1.484950495775802182e+00
1.483196234109146250e+00
1.481561314835640797e+00
1.483888406739313215e+00
1.482679668806327067e+00
1.481224372457325966e+00
1.479362945527066930e+00
1.477502580823296219e+00
1.476889620927638314e+00
1.476439255412153928e+00
1.476058414598441004e+00
1.474932603272980369e+00
1.473169971332717543e+00
1.471677183355978080e+00
1.470787575945540882e+00
1.469778555189962921e+00
1.468880878457633266e+00
1.467196673451580446e+00
1.465877905200247300e+00
1.464126553019631460e+00
1.462863381790845851e+00
1.461471528659789243e+00
1.462429797181718394e+00
1.461421389092609768e+00
1.459828548718539842e+00
1.458575381001645521e+00
1.457202851881874706e+00
1.456742955762753366e+00
1.454974847767908974e+00
1.453708011711913217e+00
1.452354426256886155e+00
