4.002301520952805447e+01
3.947607091463012807e+01
3.834329193897298893e+01
3.846515978739642350e+01
3.814864221853206061e+01
3.733935508982737161e+01
3.706296711493143192e+01
3.723782524014203688e+01
3.713620275018046613e+01
3.754624692906023853e+01
3.739200905371235706e+01
3.771253084462750849e+01
3.728111450145020456e+01
3.729006662159469698e+01
3.721747793114448655e+01
3.705467858693671701e+01
3.702747608431096893e+01
3.706204120142039216e+01
3.707435922033347708e+01
3.713143948451411092e+01
3.688980223226962352e+01
3.670969098116884055e+01
3.653122644921720052e+01
3.615309197629731841e+01
3.598151286192073428e+01
3.588275658468282359e+01
3.569438879109805640e+01
3.568145404832083045e+01
3.558620581881230294e+01
3.569856648665039955e+01
3.556713598639876750e+01
3.525741716246483293e+01
3.525776323186628503e+01
3.537380719415848063e+01
3.531981254786359159e+01
3.517925375040168490e+01
3.511325917491024029e+01
3.499580650571297014e+01
3.483545579251744329e+01
3.490949556908171303e+01
3.477547552537522080e+01
3.458429890492519831e+01
3.457183268429600531e+01
3.452081203662338282e+01
3.449879893972973122e+01
3.446445496587691792e+01
3.430412853025107012e+01
3.417152619955214021e+01
3.396027330487902418e+01
3.372619213530521876e+01
3.363689043896496145e+01
3.362063791779463173e+01
3.353705421241495799e+01
3.338829821454427105e+01
3.333596453793594350e+01
3.322567489018221210e+01
3.312679291849118357e+01
3.307493508151000583e+01
3.300868358885025344e+01
3.295179252609110421e+01
3.295523265961099924e+01
3.287570517229912070e+01
3.280153864255374430e+01
3.270876452272374024e+01
3.267694850222299863e+01
3.266360245601055823e+01
3.256231436026240544e+01
3.243667065617053424e+01
3.244529663628170368e+01
3.233999629893339289e+01
3.225685952610352558e+01
3.223590363348864685e+01
3.219538943211367865e+01
3.215745256680964559e+01
3.203751506933177495e+01
3.205068055167172503e+01
3.190237713713836243e+01
3.177963874902607344e+01
3.173503608431442302e+01
3.171089858061497679e+01
3.162969472578044261e+01
3.148962406555619609e+01
3.135855907052356883e+01
3.125757008062929643e+01
3.122483421988088281e+01
3.110191787205314640e+01
3.102091991405214344e+01
3.096368377695978324e+01
3.082601941673810941e+01
3.073704186605191069e+01
3.074645543176269413e+01
3.069482806096148053e+01
3.062146158420461006e+01
3.057983984216602025e+01
3.051862357444575480e+01
3.043699875883469730e+01
3.037500768038479393e+01
3.027980390407447331e+01
3.021689147311149881e+01
3.009835038131930318e+01
3.007116739419867457e+01
2.997914115106080146e+01
2.992658075347359770e+01
2.987813458366970565e+01
2.975752440241543084e+01
2.966097068507081858e+01
2.959226848692690126e+01
2.954384127082681744e+01
2.944540463009388276e+01
2.936489595231349981e+01
2.931868205648095227e+01
2.927798908452060189e+01
2.931613000395397606e+01
2.926599465189227445e+01
2.916495850209279084e+01
2.914608706630717094e+01
2.913086939416132637e+01
2.906951670626130380e+01
2.899240604355019357e+01
2.894010534793232736e+01
2.885526680884708739e+01
2.876197326161236134e+01
2.865388000478519359e+01
2.857049699067779258e+01
2.854361737156015266e+01
2.855860743268067026e+01
2.856997138513715484e+01
2.854272419065257083e+01
2.850063432427150900e+01
2.848312476902804136e+01
2.836964016358666640e+01
2.832404599694262259e+01
2.828835116291213581e+01
2.822869345238216710e+01
2.813633787886107740e+01
2.809647728677866496e+01
2.801762772274099689e+01
2.802369243573283342e+01
2.798720046598442579e+01
2.795392926127793132e+01
2.789719706222525986e+01
2.782883241101785998e+01
2.780736071395918785e+01
2.773379008637526155e+01
2.767351104091097724e+01
2.772643886062227381e+01
2.768117762617572453e+01
2.770748366460164291e+01
2.764495932422506286e+01
2.759112468731554912e+01
2.752746238377860877e+01
2.751575628330747847e+01
2.743835045970867981e+01
2.741020968120406565e+01
2.738073624171456544e+01
2.739182641256829953e+01
2.733605488079487600e+01
2.727049969529381812e+01
2.720163895546940935e+01
2.722193940472580920e+01
2.716919241271317986e+01
2.720273092205303200e+01
2.715681821110176486e+01
2.710696933174827095e+01
2.706214580721368179e+01
2.702235574971356158e+01
2.697785066900046047e+01
2.690013967096908587e+01
2.683228956030563239e+01
2.677807725490712087e+01
2.673360257299143683e+01
2.669088038031411259e+01
2.668072829251314815e+01
2.670080686776177359e+01
2.665923138239059753e+01
2.660559037505001356e+01
2.658910770830717141e+01
2.654472542508538524e+01
2.651376157526348010e+01
2.647603633775205623e+01
2.642749554485136088e+01
2.639736671136838808e+01
2.635434377217898572e+01
2.628797363510516405e+01
2.624179961682851570e+01
2.618646830476757970e+01
2.616756956485385999e+01
2.613133495939795736e+01
2.607039454850570692e+01
2.602898942121444392e+01
2.597326806397188648e+01
2.590511687866512958e+01
2.584296900940785235e+01
2.579117521666719171e+01
2.572862832967873103e+01
2.567954013248299105e+01
2.567292049010517729e+01
2.562366862042418347e+01
2.557358458506083210e+01
2.554224724133931446e+01
2.548116535382220960e+01
2.544026884837451163e+01
2.541639159420962812e+01
2.538353117832724948e+01
2.533148087375955981e+01
2.533835467848835421e+01
2.531783621717225330e+01
2.530245276879268701e+01
2.523840832161964798e+01
2.518016574021853771e+01
2.515164777430139154e+01
2.511640209486917641e+01
2.507054382371318013e+01
2.501899094524503298e+01
2.498449488911017013e+01
2.493940865635217463e+01
2.490860644826469183e+01
2.486944472834878539e+01
2.482847576106643217e+01
2.479507637879155268e+01
2.474465734998094035e+01
2.470353445027873462e+01
2.466745496374259616e+01
2.463235493761444772e+01
2.459460330241567760e+01
2.459104095998689488e+01
2.454412344277096025e+01
2.450985788144909705e+01
2.446070715229085479e+01
2.441533408197220112e+01
2.440861060838651753e+01
2.437151769432718496e+01
2.432382007285649905e+01
2.428469673879769886e+01
2.425744346962997611e+01
2.421493084581406308e+01
2.416062742398813157e+01
2.410865352897167568e+01
2.405554120999649470e+01
2.399408997253550169e+01
2.398553799225681615e+01
2.397070860613166232e+01
2.391978483952857815e+01
2.393065151245420097e+01
2.388578789666624402e+01
2.385317093478126083e+01
2.385344939081220161e+01
2.382416253461015998e+01
2.379055934475549350e+01
2.374890466418573354e+01
2.372349402011865749e+01
2.368966594429697992e+01
2.365435769407206479e+01
2.363721176612728669e+01
2.360461850134227646e+01
2.359442995797083142e+01
2.357456695174461458e+01
2.356039233289329715e+01
2.352916177036888001e+01
2.351077103765095444e+01
2.352757386852922394e+01
2.349703785021153024e+01
2.346312340863221735e+01
2.344951658638546377e+01
2.340182967562633110e+01
2.336963397119998120e+01
2.332967974357949004e+01
2.329123036477074393e+01
2.327732080744860355e+01
2.323409826053201144e+01
2.319021221783581410e+01
2.314581477617943861e+01
2.311844164797685863e+01
2.307984407233503887e+01
2.303456645888376642e+01
2.298615315070304632e+01
2.298397160543263240e+01
2.295685080213051421e+01
2.291820247551225265e+01
2.287649762576994661e+01
2.283219672592377236e+01
2.279147051391323942e+01
2.274870045026733933e+01
2.273767723248422712e+01
2.269859742686648119e+01
2.266707486528073190e+01
2.264118711848552934e+01
2.259724342210564529e+01
2.256090814215407292e+01
2.253025942374929613e+01
2.251333132796231951e+01
2.248665082091148548e+01
2.248519212105396647e+01
2.244033541952479993e+01
2.240573263614484389e+01
2.239218758268931708e+01
2.237067819805474045e+01
2.236969423213407282e+01
2.233218969235706552e+01
2.229418716988162785e+01
2.227115754610546361e+01
2.225806307886740143e+01
2.222874200141433576e+01
2.218858814071250052e+01
2.215375706928992727e+01
2.212672261719140465e+01
2.210740317609973360e+01
2.244054230801378580e+01
2.239984608746859251e+01
2.238881794212452903e+01
2.237040901381857338e+01
2.238030700842782039e+01
2.239706797455512088e+01
2.238968367867205345e+01
2.240204442138502472e+01
2.240420945307339196e+01
2.240763445989045977e+01
2.239573972505713328e+01
2.239815835750841089e+01
2.239795804368578658e+01
2.238348012886620353e+01
2.237503403156303605e+01
2.235190859361473059e+01
2.234195321273588419e+01
2.231861129144579436e+01
2.230075868008059814e+01
2.228575084774396231e+01
2.226613868825225140e+01
2.224600613562856566e+01
2.223492890524551413e+01
2.222306621576844066e+01
2.219832073267310335e+01
2.220774317642888818e+01
2.218198947020799139e+01
2.215983899483747166e+01
2.215016914848028762e+01
2.212040627464460485e+01
2.209682998000046084e+01
2.206880088831155007e+01
2.204557431051444283e+01
2.203789295389045222e+01
2.201802912550005686e+01
2.201590940250420658e+01
2.199457922822251632e+01
2.197286215652610153e+01
2.195507909362052601e+01
2.193380161503533188e+01
2.192238442966996814e+01
2.191720442383520151e+01
2.188811452122796197e+01
2.188698971465163012e+01
2.185354888078556002e+01
2.182888927241184618e+01
2.182169238619799501e+01
2.181085770798535250e+01
2.180715679060751455e+01
2.177946726116885046e+01
2.177131701346114667e+01
2.177290999739994604e+01
2.176432099625963090e+01
2.176598133493122234e+01
2.174429404043227976e+01
2.172542086430510722e+01
2.171971013990471633e+01
2.170030519654478240e+01
2.168054423569587996e+01
2.165887016150303523e+01
2.164871603810439993e+01
2.164219052094882301e+01
2.162275000596724794e+01
2.159392286467755540e+01
2.157411206228633560e+01
2.155796142500357249e+01
2.153899967048033659e+01
2.153295743030895082e+01
2.151096429852276160e+01
2.150923675902081200e+01
2.148301288810143106e+01
2.146442862040575861e+01
2.144548890677325303e+01
2.142889453170302616e+01
2.141234724761536867e+01
2.139162982250038425e+01
2.137153791418204918e+01
2.135453290339384225e+01
2.133000076094600317e+01
2.131086117721653039e+01
2.129355656229790128e+01
2.126623571268820356e+01
2.127121148095013226e+01
2.125467776818505428e+01
2.123739278624024607e+01
2.121486856784705211e+01
2.118462736639449773e+01
2.116435942195086994e+01
2.114474025450575567e+01
2.114308267753671089e+01
2.111068822759201424e+01
2.109268032961374217e+01
2.107621526218828478e+01
2.108893642200975549e+01
2.105780082146869248e+01
2.103773883884634444e+01
2.101414532134263879e+01
2.098753472461860170e+01
2.096464519747496880e+01
2.093837779114899789e+01
2.091189781449303453e+01
2.089277283218531878e+01
2.087337939975233780e+01
2.084983267043888233e+01
2.082308461032191715e+01
2.081949683264529583e+01
2.081707795627463398e+01
2.081774432255431506e+01
2.080526959742923410e+01
2.077786707218853124e+01
2.075480549599827640e+01
2.076018316377912853e+01
2.073297098524552950e+01
2.070976115746450219e+01
2.068489758722556715e+01
2.066479553654773937e+01
2.064023280230932045e+01
2.061590135769462151e+01
2.058586878542948995e+01
2.056834681142705890e+01
2.054703959869496188e+01
2.052559058107417655e+01
2.050454369866772808e+01
2.049184139026810669e+01
2.047082798592999708e+01
2.044452747989646113e+01
2.041941108810474859e+01
2.044370610244994424e+01
2.042977896154812001e+01
2.040913511029185301e+01
2.039629535389062198e+01
2.037698423287451277e+01
2.035869554651202407e+01
2.034388029031985212e+01
2.034191845294997947e+01
2.032868775259453642e+01
2.031538172061891601e+01
2.029852293092652360e+01
2.029077213893954124e+01
2.028200604853817879e+01
2.026559587359990644e+01
2.027141038529767059e+01
2.028368439957141334e+01
2.026083233699418784e+01
2.025765141479246978e+01
2.023454589587035102e+01
2.021485465585378805e+01
2.019619148943420583e+01
2.019109492885141677e+01
2.017273878661541531e+01
2.015091420279583900e+01
2.014740589408734550e+01
2.012757338244318106e+01
2.010853371536042289e+01
2.009895000564286249e+01
2.007979980904326922e+01
2.006692071395789512e+01
2.004265578107033363e+01
2.003711346277796324e+01
2.002018001156389104e+01
1.999981182249569756e+01
1.997952399070802798e+01
1.996624823373224089e+01
1.995157674241885459e+01
1.993401755395096586e+01
1.990990565476287699e+01
1.989249799894146520e+01
1.989830634967399092e+01
1.988397343143980223e+01
1.986039207373492488e+01
1.989037464908960828e+01
1.987230483580801277e+01
1.988361709861016635e+01
1.987228700518329916e+01
1.986548899889322684e+01
1.985686887613976381e+01
1.985840389610871526e+01
1.985834313305793231e+01
1.985740669621582910e+01
1.983967990033729833e+01
1.982488187505363442e+01
1.981575021496283640e+01
1.980644990717501130e+01
1.979697534832278194e+01
1.979709109848779391e+01
1.978972777834124130e+01
1.976941890120308898e+01
1.975747514747373401e+01
1.974805151478343390e+01
1.972771753305661591e+01
1.971188905262459201e+01
1.969274030136792675e+01
1.968670365796453581e+01
1.967000059589559768e+01
1.965229528409120618e+01
1.964000969701421795e+01
1.962246129162765129e+01
1.961086924983477786e+01
1.959466864805379416e+01
1.957609428782825134e+01
1.956927437108573642e+01
1.955398597713692865e+01
1.953606765278689394e+01
1.952311832276731707e+01
1.950539449191855468e+01
1.950260830429010639e+01
1.948231046263292043e+01
1.946846436887210530e+01
1.946241347880610917e+01
1.944871539065813693e+01
1.943620739378210160e+01
1.941776077213334517e+01
1.940896879518011531e+01
1.940336536195277617e+01
1.938460958785753974e+01
1.936628484783800985e+01
1.935185953952993998e+01
1.933578005215703399e+01
1.931891218683269784e+01
1.930609994227326709e+01
1.929982887590508867e+01
1.928077224853376492e+01
1.927245964419040902e+01
1.925864298353924298e+01
1.924188053591871039e+01
1.922068001758193390e+01
1.919922162301707402e+01
1.918724222925811773e+01
1.916791271006101027e+01
1.917252897680117840e+01
1.915707462922173221e+01
1.913930685458306158e+01
1.912889711548201888e+01
1.911190660456248835e+01
1.909703230195461998e+01
1.907948996896993776e+01
1.906889941516043407e+01
1.905072152386241413e+01
1.903284959922309838e+01
1.903892384377158464e+01
1.902719410036097969e+01
1.901247941531920560e+01
1.899613893924016850e+01
1.897684356501200398e+01
1.896408305942553696e+01
1.895103071196561828e+01
1.893283366281858093e+01
1.892399607960695818e+01
1.890797341994520764e+01
1.890368781796174247e+01
1.888790007906100854e+01
1.888865803030424573e+01
1.887210117945712184e+01
1.885535984177229807e+01
1.883792173286586191e+01
1.882427585760852651e+01
1.880451540918506126e+01
1.880041726838156535e+01
1.878953527480874186e+01
1.876911576049707264e+01
1.875167517832193553e+01
1.874323129782738206e+01
1.874347493990969582e+01
1.873467916805532951e+01
1.871944861597681609e+01
1.870777234501663600e+01
1.869348572474471482e+01
1.868180251746391463e+01
1.866774800562545877e+01
1.866455091205855155e+01
1.864633285659027706e+01
1.862755133788789053e+01
1.860982429786750103e+01
1.859759578730929164e+01
1.858333877324733052e+01
1.856749175699809840e+01
1.856302874376243395e+01
1.854607961202594879e+01
1.853083995316430332e+01
1.851381863428655805e+01
1.849963251881524329e+01
1.848944940486682498e+01
1.847385006004299868e+01
1.845964801379002296e+01
1.845781434737198268e+01
1.844728275621232427e+01
1.844547003673368124e+01
1.842619410577701089e+01
1.840763892552635994e+01
1.839693430886462977e+01
1.837973561284637469e+01
1.836352469552971556e+01
1.834643085225534520e+01
1.833029384499725722e+01
1.831791973283804964e+01
1.831478177676580898e+01
1.829928717085741852e+01
1.828467173086218622e+01
1.826870380467288157e+01
1.825313337103538913e+01
1.823439488794895524e+01
1.822276035361902657e+01
1.821108002596441011e+01
1.819405733717886164e+01
1.817695302377564559e+01
1.815740820312555925e+01
1.815083698411370960e+01
1.813233914515408784e+01
1.813211245573959829e+01
1.812035245391179927e+01
1.810674338832492936e+01
1.809163897823261635e+01
1.807394511436019968e+01
1.805501203839526170e+01
1.804052792423426155e+01
1.802646864695603668e+01
1.801222760958989610e+01
1.800343078510139350e+01
1.799052365190965830e+01
1.797466830860082254e+01
1.805119941398898575e+01
1.804231850031471751e+01
1.804762799554402619e+01
1.804390071018056574e+01
1.804445985128137409e+01
1.804399710658134026e+01
1.804761395594094253e+01
1.804983611415415368e+01
1.805606779151538532e+01
1.805531043140722147e+01
1.805946724195921860e+01
1.805760374588038886e+01
1.805536663635130523e+01
1.805410161971444083e+01
1.804821818514288623e+01
1.804194345214933648e+01
1.803867717302323470e+01
1.803091938730278088e+01
1.802430229378365212e+01
1.802132225132971044e+01
1.801542264531596160e+01
1.800887400556190698e+01
1.800792711435181204e+01
1.800147603343092939e+01
1.799614968813560978e+01
1.799684456733102422e+01
1.798489956807042134e+01
1.797493914889638944e+01
1.796351867028045746e+01
1.796113477839238470e+01
1.795175966209088614e+01
1.794682707858580883e+01
1.794120437602835949e+01
1.793185559430675369e+01
1.792253088088881441e+01
1.791308734153276916e+01
1.790377993415595625e+01
1.790077226118023290e+01
1.788610030713959986e+01
1.787294774046056389e+01
1.786579297361453200e+01
1.785304366275293120e+01
1.784392758192760553e+01
1.783491736974405484e+01
1.782512474239995726e+01
1.781762009507892230e+01
1.780299649056317790e+01
1.779334390714839742e+01
1.778372323709866620e+01
1.777048435239026958e+01
1.776522644320580469e+01
1.775155947272589074e+01
1.773766656849531387e+01
1.773187088482313101e+01
1.772018876861153203e+01
1.770829104508027285e+01
1.769430710458544098e+01
1.768017532891841270e+01
1.766570867475606832e+01
1.765659894687082598e+01
1.764589004645831949e+01
1.763011137947324514e+01
1.762473641458506890e+01
1.760974066882127786e+01
1.760168084324909543e+01
1.759889133870957423e+01
1.759301239941372685e+01
1.758733727871580399e+01
1.757790018697046719e+01
1.757161520698933188e+01
1.756088673154750168e+01
1.754893698028829618e+01
1.754041053664569816e+01
