1.158494566221579802e+01
1.043265014638569355e+01
1.033329852522183678e+01
9.859819898054073661e+00
9.750997460378865611e+00
9.578256169722489943e+00
9.536047049900446382e+00
9.361625202857421613e+00
9.189081464939034660e+00
9.074371986436551296e+00
8.974258561676679236e+00
8.874210475778983920e+00
8.827733189662753333e+00
8.812212412371817294e+00
8.814579039834560703e+00
8.762524838974298902e+00
8.664627294494495757e+00
8.647863880687895133e+00
8.551729720456771489e+00
8.589495441825720334e+00
8.584694958954230515e+00
8.529939256318767704e+00
8.508206456966682651e+00
8.487693551879528897e+00
8.426989946658999031e+00
8.317563463807186253e+00
8.270009691516964523e+00
8.191373483537836009e+00
8.109359804224057555e+00
8.063634622044865807e+00
8.027704362126886650e+00
8.031378053227067326e+00
8.036214788257291630e+00
7.986720649116904269e+00
7.929968702042585527e+00
7.911022807665458956e+00
7.851838671809183268e+00
7.797411649739101058e+00
7.747494140552988462e+00
7.664239249964542644e+00
7.614295711977546510e+00
7.604144054352329540e+00
7.568130745737977172e+00
7.528591259096026889e+00
7.491911981513771579e+00
7.451430460227635777e+00
7.426982148033461684e+00
7.409704311184069248e+00
7.397150811304279650e+00
7.383856865108896272e+00
7.347729292606503648e+00
7.323536128585148575e+00
7.296013028129869404e+00
7.250063536662538333e+00
7.224022625125600783e+00
7.181942743765342918e+00
7.164046118158409193e+00
7.112015078306591853e+00
7.093320567879374039e+00
7.060595253669056603e+00
7.037496985303012487e+00
7.011542643779480777e+00
7.001598024498076889e+00
7.004094091639353259e+00
6.951486569955275030e+00
6.965111681931572818e+00
6.949309804498254195e+00
6.941790804047966112e+00
6.931639656752472511e+00
6.896972901645019860e+00
6.875207210559642235e+00
6.857240409011676086e+00
6.852425902712843353e+00
6.813393796470062824e+00
6.794943934609022129e+00
6.761005407559470548e+00
6.733539942988023164e+00
6.716703108400661648e+00
6.682382822110578324e+00
6.658567459862316795e+00
6.640787632738480717e+00
6.617903307695766735e+00
6.597888625093568216e+00
6.574168030439748733e+00
6.560851115762987185e+00
6.529092495049006573e+00
6.527844573224390601e+00
6.509493429234057160e+00
6.491819144510726503e+00
6.500058589546380716e+00
6.491087870186229125e+00
6.469851149266017565e+00
6.460465273954555165e+00
6.432382742638298012e+00
6.406660441675209761e+00
6.396165650401908209e+00
6.375708216600093792e+00
6.344353354313254201e+00
6.312065374603108125e+00
6.314447728029335849e+00
6.287465034402146102e+00
6.263414251076817152e+00
6.224685409692782834e+00
6.201376723119710554e+00
6.177650665145417719e+00
6.159329340739962078e+00
6.160984311675507641e+00
6.152244269078681604e+00
6.117841603958920516e+00
6.109244783845291238e+00
6.078389429631275931e+00
6.078734384733900598e+00
6.052391181958562960e+00
6.024177722635594812e+00
6.027224498076770409e+00
5.991131660624835042e+00
5.972359293679338599e+00
5.944586183606722862e+00
5.933959664960516633e+00
5.948111792309150658e+00
5.925958127150782850e+00
5.903052472498287351e+00
5.879175961098874303e+00
5.879317389113866810e+00
5.849786671325202470e+00
5.825876036810495151e+00
5.806136289757158231e+00
5.783186281092116410e+00
5.766121331208600154e+00
5.767218402175871894e+00
5.748756517653260012e+00
5.736860552091548549e+00
5.721563647509209538e+00
5.707328148153739455e+00
5.687336719296935073e+00
5.682540705244758961e+00
5.666011486184602930e+00
5.646105907585374339e+00
5.645526145738347878e+00
5.641920102190203679e+00
5.629413269043977763e+00
5.617768983115884573e+00
5.599278152127259212e+00
5.580132259147232432e+00
5.557206318980796311e+00
5.558184293888538186e+00
5.537136964568901476e+00
5.516894623963294109e+00
5.497397348405741013e+00
5.481387559187773206e+00
5.486558582506344095e+00
5.474456479985202684e+00
5.464888399860372559e+00
5.456911702361392003e+00
5.440860645272504570e+00
5.420959100162024313e+00
5.400739807633779144e+00
5.390349854656019346e+00
5.372579141829834093e+00
5.359302656597561665e+00
5.338407205492574192e+00
5.326476022723795722e+00
5.302596230567528046e+00
5.295019094096478085e+00
5.277854756809757575e+00
5.260434064204114080e+00
5.244717516778929500e+00
5.240909762804649041e+00
5.223076572537092233e+00
5.209141614663239217e+00
5.203159993626103486e+00
5.192670307487078141e+00
5.170742452412294021e+00
5.156365931642724831e+00
5.140949126457422302e+00
5.122349612654322648e+00
5.136122758075660322e+00
5.123274288213536920e+00
5.127460433869202916e+00
5.109957711966415239e+00
5.094369213802852236e+00
5.099414724071009708e+00
5.092632282014481149e+00
5.076034417439819535e+00
5.060099673994204572e+00
5.047442940291466229e+00
5.030720126851058183e+00
5.027642665525715593e+00
5.014546083374447072e+00
5.018692150527934714e+00
5.003783685515651669e+00
4.992549698105474221e+00
4.983862917076182342e+00
4.979667294739718919e+00
4.964066019464558721e+00
4.946244570650709882e+00
4.934366779900754452e+00
4.920065554492939697e+00
4.904306737717705644e+00
4.887639216114722629e+00
4.870990226533572276e+00
4.859619951331596077e+00
4.846235765783741378e+00
4.833112725274978594e+00
4.818564632838387318e+00
4.803280568829266350e+00
4.788976292937956458e+00
4.772548260895046468e+00
4.761579097907032931e+00
4.764428869745451323e+00
4.749375417024836565e+00
4.735844555621622654e+00
4.728521620404824155e+00
4.713763863281367428e+00
4.698243486764621224e+00
4.685893182355362008e+00
4.678156957556215190e+00
4.675838128395340298e+00
4.662049379611231892e+00
4.653103030390890460e+00
4.653158537717025034e+00
4.642700039731693096e+00
4.641379825436385609e+00
4.637494633905816066e+00
4.623676893680368494e+00
4.615072909598016970e+00
4.604551593890821692e+00
4.595152455426606330e+00
4.584488579389660146e+00
4.575934279236490099e+00
4.567258554616112853e+00
4.552141895797348958e+00
4.541383359895415417e+00
4.529543153345009898e+00
4.521354992949295770e+00
4.515890211100747287e+00
4.504352861288441368e+00
4.496804605172225244e+00
4.489029046009282986e+00
4.477621437487587563e+00
4.462720323945050360e+00
4.472212837803231977e+00
4.458186529732942383e+00
4.447777460950964823e+00
4.443777844851745762e+00
4.432051346463772745e+00
4.419392773144618758e+00
4.409022567369720313e+00
4.399871345501125575e+00
4.392770946191890680e+00
4.383049438877684167e+00
4.372059143173771645e+00
4.365371798087100963e+00
4.356213130446136006e+00
4.343718917677498403e+00
4.333146992722650026e+00
4.337715692301441273e+00
4.327613914889391289e+00
4.315999006569118279e+00
4.314508849670955826e+00
4.302645441564497908e+00
4.292618681558279192e+00
4.281997340546140229e+00
4.273657774416922628e+00
4.261384222449994930e+00
4.261207368223485226e+00
4.251784124467873127e+00
4.250696022053364942e+00
4.239649997098822176e+00
4.231517809500535243e+00
4.220627174391280434e+00
4.210608107218030582e+00
4.199576702742144896e+00
4.193991124434552908e+00
4.182613478340901914e+00
4.173599563649539768e+00
4.162338226497590554e+00
4.151098974579936041e+00
4.145990353965500752e+00
4.137283604942331827e+00
4.132975658764845406e+00
4.123102157309515015e+00
4.111726996719841765e+00
4.105280898693973057e+00
4.104323180021186346e+00
4.099911803373246677e+00
4.089690511729942912e+00
4.082497682809569817e+00
4.074235984527702747e+00
4.062989791541930629e+00
4.052523487964264426e+00
4.041580902497312167e+00
4.038391324708029195e+00
4.030929158692440062e+00
4.024669565838856045e+00
4.017497810393810376e+00
4.009481559543146112e+00
4.003666603414001379e+00
4.001047367950375744e+00
3.991414629834258321e+00
3.982995617643198649e+00
3.975194157934143213e+00
3.971037110632773537e+00
3.962449830236673076e+00
3.955123900775474155e+00
3.952990205654988820e+00
3.943007661905880923e+00
3.940155857641166826e+00
3.931068729569132447e+00
3.921689038146852102e+00
3.914635590544998767e+00
3.908346444579656964e+00
3.899744235815444604e+00
3.891077598417523653e+00
3.881906294663554746e+00
3.872762074888661754e+00
3.863822414127015659e+00
3.855493394559113440e+00
3.847983500996765116e+00
3.851552883289358409e+00
3.843142782357629628e+00
3.833205231782149891e+00
3.826283584986308828e+00
3.817647841409791187e+00
3.818132161209292441e+00
3.809029055732039204e+00
3.802108463650497594e+00
3.793331853673213683e+00
3.788029900189585852e+00
3.781857268416158657e+00
3.781589833793812527e+00
3.774398704856627873e+00
3.765611903079279621e+00
3.757451184860861382e+00
3.749055387166607467e+00
3.745236240147400864e+00
3.752977176845445850e+00
3.745226405101044875e+00
3.738969084806190946e+00
3.731379360755699981e+00
3.724378149867570542e+00
3.717754789026906259e+00
3.712279316976149879e+00
3.712557179392844908e+00
3.704463336854866728e+00
3.695545747064164832e+00
3.688032774627359789e+00
3.681552998621388184e+00
3.675099144404759155e+00
3.668810846032903417e+00
3.667744916387360554e+00
3.665185736667331273e+00
3.661588369567687629e+00
3.660093679254840637e+00
3.655311675395660487e+00
3.648713573165211610e+00
3.648194381225533078e+00
3.640669660857519307e+00
3.636000609084772961e+00
3.628031985430894668e+00
3.621176281940340136e+00
3.615979111895217368e+00
3.617279886139754819e+00
3.611273165537730367e+00
3.605833347271961475e+00
3.599039435304188128e+00
3.591718461757853920e+00
3.584971855487127268e+00
3.578389626153499314e+00
3.580413470264159681e+00
3.573806473624146829e+00
3.568752643997795460e+00
3.566048635312600190e+00
3.559142619320130319e+00
3.552569797869759238e+00
3.548358119961428248e+00
3.541796667358514394e+00
3.534845778023771867e+00
3.528657203967032530e+00
3.522551710045942919e+00
3.517232689204488505e+00
3.511698721916320487e+00
3.504690939866681898e+00
3.501744514268757325e+00
3.495886496894221374e+00
3.489313887916047019e+00
3.482874926982530539e+00
3.477381473563556646e+00
3.472730051542345375e+00
3.466045391358309136e+00
3.459837624334583861e+00
3.456076905195526905e+00
3.448469398382698614e+00
3.441630703322320350e+00
3.434711559858885543e+00
3.430460327810552545e+00
3.423402897651164789e+00
3.425980318325895002e+00
3.420783951230253361e+00
3.415165857172686170e+00
3.412419961197750151e+00
3.410730663675957341e+00
3.406487151036218020e+00
3.399638071829637731e+00
3.393264452677622334e+00
3.387634879726344028e+00
3.381590604760007501e+00
3.377969700040987622e+00
3.371281475630201641e+00
3.365635859984810185e+00
3.359817533324685801e+00
3.355270153441153536e+00
3.350479310387817655e+00
3.346050227725990478e+00
3.339566285632895593e+00
3.335533107063605396e+00
3.336637155237099250e+00
3.339391632235993779e+00
3.333389593528695904e+00
3.328267477485013615e+00
3.325387261773864456e+00
3.322836843396757889e+00
3.319017247269688387e+00
3.314151142991890620e+00
3.308471430008362635e+00
3.304007826894326261e+00
3.297747437004695303e+00
3.295219866663459563e+00
3.290467559938741182e+00
3.289703004984963819e+00
3.289240096982592565e+00
3.284914624057075905e+00
3.279130196368339245e+00
3.273527346489509604e+00
3.271038890835356039e+00
3.265598817021199363e+00
3.259412209727138965e+00
3.255621627127470052e+00
3.261891256401247219e+00
3.262014491742636135e+00
3.257774822443518570e+00
3.259228097767204790e+00
3.256361180977453085e+00
3.250344430334406010e+00
3.246486681810911712e+00
3.242530619061561481e+00
3.237645115796622619e+00
3.237263882847507102e+00
3.235184249989272232e+00
3.233297547800531913e+00
3.229075941157717011e+00
3.224038375660740918e+00
3.219533524959251380e+00
3.214218971108471212e+00
3.211073730116966285e+00
3.208391308305263756e+00
3.202965863321233897e+00
3.197378265718469947e+00
3.191487396090968875e+00
3.185752986504220008e+00
3.187948343487510883e+00
3.183639948374663575e+00
3.180851794690797707e+00
3.175226742834595051e+00
3.171047961052796627e+00
3.166519443739610473e+00
3.164778172789840749e+00
3.160903077858721932e+00
3.160696500822206989e+00
3.156000261567031284e+00
3.151309916720989701e+00
3.147312151905865552e+00
3.142589704346107737e+00
3.137323163029688722e+00
3.132311617357564248e+00
3.126679530901383952e+00
3.121352996636357791e+00
3.116920419866688441e+00
3.112023475422292407e+00
3.106776224292493005e+00
3.102485204425769805e+00
3.097184336489778644e+00
3.092044894024283952e+00
3.086989456335605286e+00
3.082035260131068544e+00
3.078124933225455440e+00
3.073722724850856736e+00
3.071524117876012205e+00
3.068200339496296003e+00
3.062904065164363754e+00
3.058337365854659318e+00
3.059345451770412616e+00
3.056178551119312026e+00
3.051091406192990352e+00
3.046721991450275446e+00
3.043233456755923605e+00
3.044002869618485096e+00
3.043505613921550168e+00
3.039148310920054996e+00
3.035160776544630679e+00
3.031165043930742264e+00
3.029297936562206583e+00
3.025193117552003041e+00
3.021593432671421553e+00
3.017865178649654645e+00
3.018205124802355144e+00
3.016124005316568546e+00
3.012627953247306589e+00
3.008694938401615282e+00
3.003721191480982267e+00
3.001878962575557974e+00
2.998663197752593046e+00
2.994707937696479139e+00
2.990475020383555282e+00
2.988354049320102401e+00
2.985114591728594391e+00
2.984207784759857596e+00
2.982667014975569408e+00
2.978351506732831666e+00
2.974621939616657329e+00
2.970023000782203937e+00
2.965690876592653069e+00
2.961012473643238607e+00
2.956308672175216756e+00
2.953614594075064659e+00
2.950815561687813560e+00
2.946567201633132793e+00
2.942952434518897764e+00
2.941974615725260200e+00
2.937516971454102066e+00
2.933728690936570516e+00
2.936974606883268724e+00
2.932473591034160609e+00
2.932063972722441569e+00
2.927449233115655858e+00
2.923278135733165861e+00
2.918953914024473573e+00
2.914689114433210104e+00
2.912177266521787100e+00
2.908114923442114197e+00
2.904220695733644941e+00
2.900467523672710435e+00
2.896610205624438272e+00
2.892347890727900772e+00
2.889432379585736399e+00
2.889348159552086681e+00
2.884811262615596839e+00
2.880972841163131903e+00
2.879106697755974054e+00
2.876044078712937768e+00
2.872427153966970348e+00
2.868532533037166932e+00
2.864521438550987398e+00
2.862525693764037982e+00
2.866963732036303281e+00
2.864293366346234659e+00
2.861302960921824567e+00
2.858356788799508497e+00
2.854846754543544307e+00
2.850916735446728190e+00
2.849795090963436639e+00
2.846215009597434342e+00
2.845556926038558476e+00
2.841480775051728802e+00
2.842750172504744821e+00
2.839484718582037992e+00
2.837084742393913395e+00
2.833983450810031446e+00
2.830051780182329058e+00
2.829162908162270451e+00
2.827006765274469924e+00
2.827077641127209162e+00
2.825936249992083926e+00
2.822456032795871206e+00
2.820700385473212002e+00
2.819317739911137544e+00
2.815767348607740583e+00
2.812526829734219636e+00
2.812453500267574125e+00
2.811218765350411264e+00
2.806932411385095971e+00
2.802959726407357355e+00
2.803042297226026935e+00
2.801671717018055396e+00
2.798222498260506175e+00
2.795241488925231721e+00
2.792888778357280444e+00
2.792713368498311866e+00
2.792504829884441708e+00
2.791692934123035652e+00
2.788132925713135535e+00
2.787167438682903953e+00
2.786834596477264725e+00
2.784870485361153669e+00
2.781130541162633030e+00
2.777265010825743730e+00
2.773294184937612705e+00
2.770177851545764014e+00
2.767414265776098059e+00
2.763722467096152879e+00
2.765968798024126762e+00
2.762189755611992759e+00
2.759097759128988692e+00
2.760143854532081331e+00
2.757370496932449289e+00
2.754622745317547139e+00
2.750831208583407683e+00
2.748963820655834667e+00
2.746065892418133370e+00
2.743338749308795066e+00
2.739441162652781703e+00
2.737732238000003093e+00
2.734426217893637823e+00
2.732419422438544743e+00
2.728829141724567364e+00
2.725284492451088614e+00
2.723611126283230099e+00
2.720041299093771681e+00
2.718834297386289123e+00
2.715705196747641548e+00
2.712816325956163066e+00
2.708984085593923119e+00
2.705871290254438843e+00
2.705893487685888221e+00
2.705179908926749199e+00
2.701766970812787161e+00
2.698266905879270983e+00
2.694940576771969187e+00
2.693329302700656847e+00
2.693366753959642867e+00
2.692869119576038806e+00
2.690339575136372119e+00
2.687174606215004591e+00
2.687135398483730508e+00
2.684547430755845010e+00
2.682955124069214214e+00
2.679713251267800800e+00
2.676888443048349941e+00
2.675883731049193859e+00
2.672818095798600080e+00
2.669345158312335098e+00
2.666196937184219795e+00
2.663528636073110079e+00
2.666110953594721167e+00
2.667162893433962179e+00
2.664106631331921715e+00
2.660916225811859270e+00
2.658351368797980285e+00
2.655710896039552793e+00
2.652672840919740871e+00
2.650879644997875761e+00
2.649198413278360587e+00
2.646496902099964021e+00
2.643596041991536971e+00
2.640644400223493449e+00
2.639676547938025308e+00
2.636513349513105897e+00
2.634495426158818265e+00
2.631319095136599007e+00
2.629477269308216680e+00
2.627296523168246800e+00
2.624736940595846946e+00
2.623121036000870543e+00
2.620935683901193247e+00
2.617641358232838833e+00
2.614560896215699426e+00
2.611418486608979794e+00
2.608225802374732893e+00
2.605432645760992649e+00
2.603015092779751072e+00
2.600429321396312332e+00
2.597142328533126321e+00
2.595306230857768348e+00
2.592133646775003353e+00
2.590054719329469179e+00
2.587014202623794557e+00
2.584329425124758384e+00
2.581508214887211938e+00
2.578228161009658681e+00
2.575082610904241509e+00
2.572010710589944793e+00
2.569377817341612413e+00
2.567683426119262258e+00
2.564737057293771993e+00
2.562202224084420887e+00
2.559883777442450992e+00
2.556792648224317954e+00
2.557451458246905673e+00
2.554238029481244787e+00
2.550995679908177660e+00
2.550332919416953281e+00
2.548077136859308922e+00
2.545448842375016785e+00
2.544633398785304035e+00
2.542317841693587877e+00
2.539698869145388560e+00
2.536695376664273915e+00
2.533724881383719651e+00
2.531015126358946432e+00
2.528017132338239215e+00
