4.994459833795014125e-01
9.072636478414081163e-01
9.879990317030287184e-01
9.905035579115516464e-01
9.874141107540393980e-01
9.918870919345791348e-01
9.930320016350883128e-01
9.944289874483782654e-01
9.952318621887281669e-01
9.958619799933609018e-01
9.970203124932055516e-01
9.966298047026183049e-01
9.963098898199806985e-01
9.965573853662494930e-01
9.970779754475835865e-01
9.953379689826067356e-01
9.971574105883566075e-01
9.963687124114506410e-01
9.972674311574193373e-01
9.970666689859408738e-01
9.974843122844706533e-01
9.982491799191443027e-01
9.980787132666831818e-01
9.842376908146595049e-01
9.959208315757583918e-01
9.946464194030476547e-01
9.954048220609360564e-01
9.965620818964706640e-01
9.982982905499724335e-01
9.973210933638314568e-01
9.954082429903560181e-01
9.978274199089395280e-01
9.962998009772845442e-01
9.980293996993639949e-01
9.984098766291089611e-01
9.987994277190954673e-01
9.989643860953714150e-01
9.985614991788320793e-01
9.994206742999776072e-01
9.959362547490764328e-01
