4.896715472892758103e-01
9.316492213761704555e-01
9.898304175708213526e-01
9.894796563415479973e-01
9.948929002668616128e-01
9.959217302945042594e-01
9.956537091717148069e-01
9.934875360755849316e-01
9.776570402292601436e-01
9.950784711924401948e-01
9.967757160396654159e-01
9.963064978814879513e-01
9.873454602382184531e-01
9.956829610173494327e-01
9.978316235933963885e-01
9.980892079823620033e-01
9.978858366274274694e-01
9.984789330179121292e-01
9.921788276358912695e-01
9.976360218069756369e-01
9.968077220233927394e-01
9.972649089467452432e-01
9.978883878290285558e-01
9.826424360496381905e-01
9.981462911181946396e-01
9.982512962568365067e-01
9.980592313635446855e-01
9.970651034758672981e-01
9.981640915475502585e-01
6.428203823613399814e-01
9.969456608554354560e-01
9.981034715185881367e-01
9.982139559424877406e-01
9.980493454573389212e-01
9.986130740384794313e-01
9.989573992818947534e-01
9.989424399634134755e-01
9.989288432185148281e-01
9.989193341943636284e-01
9.989188123576727696e-01
