3.501548781326361848e+01
3.340649509614946311e+01
3.340567796963586744e+01
3.289273205010829315e+01
3.242512405844222201e+01
3.217255648184758599e+01
3.180159166172241214e+01
3.159423639922668059e+01
3.126233591840081871e+01
3.115284280172081921e+01
3.076693556037758981e+01
3.061373762146212130e+01
3.078237815561009327e+01
3.044176615006336206e+01
3.053887924641264107e+01
3.032702768594009513e+01
3.030945369419537627e+01
2.998150007490199442e+01
2.987470552941005764e+01
2.971767498288201281e+01
2.960011540626405235e+01
2.960260243423043036e+01
2.946709306246960125e+01
2.918871496432518242e+01
2.908730603679375193e+01
2.898821062005376703e+01
2.885580679086315570e+01
2.861949436208139019e+01
2.852054600649082516e+01
2.833734499744294055e+01
2.818262421681208352e+01
2.804191061139466967e+01
2.786916080069141444e+01
2.788908018384229592e+01
2.779641354541009335e+01
2.772394434866350110e+01
2.756898023918571283e+01
2.759915568194507074e+01
2.761604331265908741e+01
2.750852952709908550e+01
2.729314516007714886e+01
2.712101320252640235e+01
2.705320372022038455e+01
2.701523919561382669e+01
2.693559233078432413e+01
2.688521455629176415e+01
2.677122449050053632e+01
2.668395976601930997e+01
2.660409966142432836e+01
2.648158465505114023e+01
2.646812891875067564e+01
2.633413998675535339e+01
2.627370623566777041e+01
2.620044655376997156e+01
2.612441303399096881e+01
2.602771550318798788e+01
2.593307683257881990e+01
2.578336372064492465e+01
2.571846703326828987e+01
2.571611110357551411e+01
2.570772535646465329e+01
2.562105008513524496e+01
2.557976974497105616e+01
2.552242266026360795e+01
2.544832809449538047e+01
2.536355395754921105e+01
2.525461650336740149e+01
2.520398610277911189e+01
2.517629903981871564e+01
2.509260348881939962e+01
2.511359060575565749e+01
2.504597769848538746e+01
2.492559871218556466e+01
2.496369008022548286e+01
2.496591802416253714e+01
2.491581778635370270e+01
2.480297802232644955e+01
2.469582946162005044e+01
2.461767459258786417e+01
2.457471266764007112e+01
2.449607658437183133e+01
2.455307614204760824e+01
2.448836864316403350e+01
2.439466185377285967e+01
2.433987940893917568e+01
2.426968302192621252e+01
2.421105377378755819e+01
2.418687915899899821e+01
2.410750906696356211e+01
2.405729489055810078e+01
2.405495890240792178e+01
2.396764792650009213e+01
2.395824298037280542e+01
2.391338649042623032e+01
2.382105954058151198e+01
2.379847266309800347e+01
2.373657404151475347e+01
2.371494933224651191e+01
2.367383906716031561e+01
2.358641474927209458e+01
2.352286791896074902e+01
2.347267425935597274e+01
2.346063534193756084e+01
2.339226842692398023e+01
2.335487050995129366e+01
2.338402056328286349e+01
2.333239776652925812e+01
2.334106956159692459e+01
2.327985627649556832e+01
2.321923132165663617e+01
2.317456930012204452e+01
2.311533613278053068e+01
2.301693456612612820e+01
2.294105434779534392e+01
2.285451850134462859e+01
2.276826326284638213e+01
2.274359646031935966e+01
2.274681202333795227e+01
2.274234494927648598e+01
2.271604482356466548e+01
2.271674660294760173e+01
2.268966472267134193e+01
2.270892682583013311e+01
2.267160243502634742e+01
2.266413787280093572e+01
2.262944983591552983e+01
2.260553000384292233e+01
2.257535709393336276e+01
2.254413723316898910e+01
2.248960185947996848e+01
2.246612412887713717e+01
2.246713844132957405e+01
2.240415408881483117e+01
2.234719716564829284e+01
2.229293268910800307e+01
2.230283974774067701e+01
2.223642740048157762e+01
2.219036580656431923e+01
2.226104274722186815e+01
2.224222261108965171e+01
2.221441842508318487e+01
2.218007642706680116e+01
2.213107497662132062e+01
2.210088921854824662e+01
2.207091481892772933e+01
2.209268521500089122e+01
2.207175283315583769e+01
2.202324675616447891e+01
2.197467180501250184e+01
2.192982235309511196e+01
2.186474858953165423e+01
2.182154664671582722e+01
2.178309689460399667e+01
2.179832873026616014e+01
2.174259214791073092e+01
2.170058319979864336e+01
2.166304239408998811e+01
2.164648167846829452e+01
2.162036150536916068e+01
2.158856280709910891e+01
2.155754404917111344e+01
2.153383137146568060e+01
2.147489292115894344e+01
2.143121561901010352e+01
2.139701512383790316e+01
2.149215533371622300e+01
2.148018130895465916e+01
2.148580653760440029e+01
2.144149441865387118e+01
2.143536617395993815e+01
2.142421998747275680e+01
2.140964063186216748e+01
2.136972856780736407e+01
2.133999892805491427e+01
2.132412701169709379e+01
2.133478984824886027e+01
2.135081012952414525e+01
2.133237118410210087e+01
2.130021649555203567e+01
2.128091209493864255e+01
2.125840299681269840e+01
2.122405234386328132e+01
2.119646367498272355e+01
2.117971951787732721e+01
2.116089449622505470e+01
2.113194964926859498e+01
2.108746873538985156e+01
2.105549276800937264e+01
2.103559950571007775e+01
2.098771467584360906e+01
2.095311689257289345e+01
2.099164170680881014e+01
2.095783275495745102e+01
2.092244608702911179e+01
2.088234586970692774e+01
2.086312781077805667e+01
2.084770449583712804e+01
2.080364607611894456e+01
2.077959792412032058e+01
2.076085796367028991e+01
2.072290264375502389e+01
2.069823064058730822e+01
2.067038332436369430e+01
2.062700978476516767e+01
2.060307899632444872e+01
2.059518494927537091e+01
2.055148256199154133e+01
2.051745182278042634e+01
2.049551734641028133e+01
2.046248813017046686e+01
2.043057346377804251e+01
2.040581652865475704e+01
2.038297583057146056e+01
2.036163628595869568e+01
2.032540554704589297e+01
2.029710040279558925e+01
2.027022830234247408e+01
2.025384188600373037e+01
2.025085225984538440e+01
2.022828719162078670e+01
2.018837434183203072e+01
2.014133102429532940e+01
2.012088913032718906e+01
2.010574961030942376e+01
2.008230218918390975e+01
2.004824473011249353e+01
2.006873232293677844e+01
2.004292750877956664e+01
2.000270476824463728e+01
1.996443048843758561e+01
1.993281186828944485e+01
1.992392134822548755e+01
1.989118136180420038e+01
1.988506420741969904e+01
1.984543001306094112e+01
1.982270736279178891e+01
1.978511209953897065e+01
1.974731734501212799e+01
1.972439096532190561e+01
1.968583287762558243e+01
1.966321580676717318e+01
1.965648752878499650e+01
1.961729956996733293e+01
1.958209474230548963e+01
1.955075861932703063e+01
1.950855946261111029e+01
1.947376952185361532e+01
1.943495894752940245e+01
1.939979294122755249e+01
1.937749493634392906e+01
1.933531866415306411e+01
1.929645530420714650e+01
1.926710733431734468e+01
1.922572876016550225e+01
1.918979520256861804e+01
1.917631648243781228e+01
1.915663957241693538e+01
1.913855585561010031e+01
1.910264167677530267e+01
1.907273378110424744e+01
1.902941826130798120e+01
1.900623148218041791e+01
1.897103844824658836e+01
1.895731758767253439e+01
1.891621889385281463e+01
1.890332325830593874e+01
1.888595594214344686e+01
1.884930368748216978e+01
1.882898703187442635e+01
1.878673938513776775e+01
1.877169385646141464e+01
1.874101353992405450e+01
1.871689643613098752e+01
1.869799162365409018e+01
1.866727021975498957e+01
1.863631176777590071e+01
1.860403455740066292e+01
1.856768630347135485e+01
1.853219362301518203e+01
1.849793121644793104e+01
1.846467944677728923e+01
1.845336645927213226e+01
1.845252873202642263e+01
1.846377411628483856e+01
1.843922770820245560e+01
1.843622842080400304e+01
1.841862049120893374e+01
1.841369040989014039e+01
1.839129694921992808e+01
1.838369765509503395e+01
1.835728738084979739e+01
1.833407145319741360e+01
1.829695335406315948e+01
1.828965884679447740e+01
1.830166155654346483e+01
1.831718738136684976e+01
1.830306212212284578e+01
1.828003138600765709e+01
1.826691044591297697e+01
1.824287007829583018e+01
1.824208176943216841e+01
1.823268588743282947e+01
1.821106670588661558e+01
1.818826156291119389e+01
1.815755615771509568e+01
1.813771289786095053e+01
1.811374911842582591e+01
1.810009092629142202e+01
1.810943804059644791e+01
1.808736388849122534e+01
1.806833390450023558e+01
1.805044595572797661e+01
1.803161207986174119e+01
1.802353587152015990e+01
1.801400701427549933e+01
1.802313974923039552e+01
1.800456551179889786e+01
1.800313725947032495e+01
1.798997668367967862e+01
1.798114477390487664e+01
1.797783367113171593e+01
1.794862357414963583e+01
1.794498920290732258e+01
1.792438325618769568e+01
1.791122181815820369e+01
1.788294493090701565e+01
1.785770927665080166e+01
1.783417380483252401e+01
1.781756699617969275e+01
1.779272893319893711e+01
1.776569353225382386e+01
1.773595017016133113e+01
1.771489448378201459e+01
1.769280075044313350e+01
1.766826517266793672e+01
1.764452901611377555e+01
1.762213588659693286e+01
1.759699376478993926e+01
1.756925914306176040e+01
1.754777417304178400e+01
1.753453544049292745e+01
1.751769221931176190e+01
1.749676831175671055e+01
1.747968430952422025e+01
1.745342058515707961e+01
1.743661162375297380e+01
1.741655329357914894e+01
1.741297594950599859e+01
1.739644722164742063e+01
1.737323156902365540e+01
1.735051926292669577e+01
1.733297312050299155e+01
1.731118294285346693e+01
1.729257423975821695e+01
1.728642605190309567e+01
1.728733351474453883e+01
1.727102483865450111e+01
1.724817760745487050e+01
1.722927384569269549e+01
1.721028969493537630e+01
1.719688683065032819e+01
1.717222059252499733e+01
1.716046211788818709e+01
1.714181128438572088e+01
1.711612354664599067e+01
1.709567530571545646e+01
1.708481012150526723e+01
1.707281431818871198e+01
1.704674269519033558e+01
1.702922862809595017e+01
1.700602543823167068e+01
1.700120439481387180e+01
1.698076691017564954e+01
1.698336137531419254e+01
1.695794690830499718e+01
1.694773780410239894e+01
1.694252831221808719e+01
1.694545932366937180e+01
1.692326550669904961e+01
1.690443057136615579e+01
1.689931126289455321e+01
1.687391588711916057e+01
1.687623043952629587e+01
1.685347227032175255e+01
1.683642284302292325e+01
1.681617912688858496e+01
1.679008728432036790e+01
1.677488100769818757e+01
1.675653668414203423e+01
1.676343030339224782e+01
1.673905056177296657e+01
1.672076575166630619e+01
1.670292359955958617e+01
1.668700748875426854e+01
1.667063235831708568e+01
1.665509807383686081e+01
1.664095563007592560e+01
1.662515222606413801e+01
1.661318473740753987e+01
1.659523055024050464e+01
1.658000971609298446e+01
1.656752090860929627e+01
1.654679866350236139e+01
1.652961798052145781e+01
1.651218891652394305e+01
1.651409404193580954e+01
1.658852106100221846e+01
1.658207010645711321e+01
1.657505175510923223e+01
1.657862631285435739e+01
1.657034997335978588e+01
1.656851844147550423e+01
1.657782496678605710e+01
1.657243077359973782e+01
1.658058861082664492e+01
1.657604118536743343e+01
1.656858013327811818e+01
1.657048430567088815e+01
1.657275507317427454e+01
1.656319943809184636e+01
1.655520442840917283e+01
1.654164927550900899e+01
1.653474049869661400e+01
1.652755259752222727e+01
1.651955367387587259e+01
1.651537507961786133e+01
1.650668394712999998e+01
1.649566866298241052e+01
1.648796578140056468e+01
1.648307686842954922e+01
1.647497630900435439e+01
1.646968668466003649e+01
1.645491208858717869e+01
1.644588358547159856e+01
1.643899164744213692e+01
1.642656171945123944e+01
1.641408227156368582e+01
1.640662229350009937e+01
1.639670510542187287e+01
1.638311107206270023e+01
1.637598336564854407e+01
1.637278266169428065e+01
1.636088269284571339e+01
1.635077430065902249e+01
1.633300492329017928e+01
1.633070818278042324e+01
1.631229034833748059e+01
1.630323008074583768e+01
1.629168364300479155e+01
1.627911469879330042e+01
1.626142016907776267e+01
1.624700843307562437e+01
1.623237865209934938e+01
1.621611017352724815e+01
1.620250120145714590e+01
1.619160143439955846e+01
1.618233999353095598e+01
1.616609186549967703e+01
1.614838802610815804e+01
1.613370014015364973e+01
1.611818133939828357e+01
1.609843543990991677e+01
1.608232348953407254e+01
1.606780882614435413e+01
1.605305088235295941e+01
1.604468216894580834e+01
1.604384533670755886e+01
1.602752424999231806e+01
1.601520039457373912e+01
1.599937351343028347e+01
1.598592644136473773e+01
1.598150755932392109e+01
1.597194642607127513e+01
1.595753341517269774e+01
1.594896004735378625e+01
1.593436367044048119e+01
1.591969361354291834e+01
1.590297533942973729e+01
1.588951330120901950e+01
1.587681424812846842e+01
1.586861459160350307e+01
1.585413068131462211e+01
1.583994902949948269e+01
1.582482014807349380e+01
1.581085248356838413e+01
1.579775872566773920e+01
1.579773909607087035e+01
1.578126953794104459e+01
1.576483926305515304e+01
1.574593340311524869e+01
1.572648549848592303e+01
1.571260644810581120e+01
1.569585375886616774e+01
1.567775472577140050e+01
1.566758184536085707e+01
1.565654219271255698e+01
1.564118922539909562e+01
1.563802213625330673e+01
1.562532464139094834e+01
1.560637210756797266e+01
1.559117499333251544e+01
1.560624357438856968e+01
1.558981186024731258e+01
1.557405061043803940e+01
1.556960904481541696e+01
1.556283720788947633e+01
1.555143996274089524e+01
1.553375227277791204e+01
1.552081617536840952e+01
1.551411416835989243e+01
1.550184471038958556e+01
1.548989148305541441e+01
1.547563415623796246e+01
1.546006208400618576e+01
1.545113424893962950e+01
1.543508991625456162e+01
1.542917858215478688e+01
1.541398163019676382e+01
1.540378034734975365e+01
1.539292386363750964e+01
1.537767094780762633e+01
1.536503569453391371e+01
1.535339610231853946e+01
1.533978104191157499e+01
1.533202040486004059e+01
1.531898448336181673e+01
1.530243434885123577e+01
1.528999760950127040e+01
1.528329153145034880e+01
1.526658371799700298e+01
1.526026465428139289e+01
1.524272153155786924e+01
1.523418983306323149e+01
1.522360865165396859e+01
1.520915173564128331e+01
1.520404118345791034e+01
1.519151204162800717e+01
1.517491884838246285e+01
1.516311755039268405e+01
1.515310317571043619e+01
1.514236559490460188e+01
1.512766990299540204e+01
1.511433612153925310e+01
1.509859023253412857e+01
1.509839675568349548e+01
1.508168339612388031e+01
1.507988163309454244e+01
1.507130103924724729e+01
1.505531219416648092e+01
1.504191730980641495e+01
1.502759257319207187e+01
1.501757106236142469e+01
1.500520243453514091e+01
1.499656883694539111e+01
1.498493704288946837e+01
1.497312878495409372e+01
1.496504093858430728e+01
1.495714504944504775e+01
1.494184842183358342e+01
1.492685053969582043e+01
1.491105966782011016e+01
1.490667178584727637e+01
1.489229886130416247e+01
1.487787348167941026e+01
1.486351690793415159e+01
1.484703130766644996e+01
1.483072771548376778e+01
1.481702547530975345e+01
1.480415567311818315e+01
1.479645195744608444e+01
1.478215599760735266e+01
1.476972557337200520e+01
1.476688847284729000e+01
1.475673820423708804e+01
1.474213180105590837e+01
1.473451788634565673e+01
1.473123674442350861e+01
1.471724834477614863e+01
1.470925771057858178e+01
1.469493682579807725e+01
1.468612731883166767e+01
1.467444425012794618e+01
1.466026129212838214e+01
1.465212779780915220e+01
1.464190420998289177e+01
1.462811872281807091e+01
1.462202879793626131e+01
1.460973917781113585e+01
1.460228335732162464e+01
1.459125639064795799e+01
1.457715207021177051e+01
1.456415578635177788e+01
1.456089825039977903e+01
1.454920226505656800e+01
1.453690123766630116e+01
1.452340917060069003e+01
1.450975877950674331e+01
1.449676065820591475e+01
1.448934343385799473e+01
1.447726562370689152e+01
1.446408322292606030e+01
1.445259439391845824e+01
1.444253617220316599e+01
1.442832299483035641e+01
1.441603797591027281e+01
1.440053686344624140e+01
1.439856867537682028e+01
1.438799023668309474e+01
1.437304071035205233e+01
1.436309479694562086e+01
1.434933845280946407e+01
1.434638857822036506e+01
1.433177585494933837e+01
1.432251268006854339e+01
1.430746688587660564e+01
1.429561850608310003e+01
1.428460242136072900e+01
1.427557548500669427e+01
1.426537513919446098e+01
1.425306795680610250e+01
1.424031216843988545e+01
1.422560138296818621e+01
1.421153313994006240e+01
1.420779547668530540e+01
1.419397516577458340e+01
1.418503557186717501e+01
1.417223744500689797e+01
1.416083050607819871e+01
1.415227981036181504e+01
1.414324367643443736e+01
1.413608930392677721e+01
1.413447456110958100e+01
1.412322871577742767e+01
1.410997278057814341e+01
1.410034047355336639e+01
1.408821146369484012e+01
1.407557098656573480e+01
1.406119507456325479e+01
1.405129210977110432e+01
1.403999700847692722e+01
1.402712768352167672e+01
1.401297363640130555e+01
1.400117863757749959e+01
1.400266125014397467e+01
1.398962221281009199e+01
1.397615897264301488e+01
1.397082076174080179e+01
1.396384939879185971e+01
1.395228070603610959e+01
1.395441501117518790e+01
1.394136448665657113e+01
1.392917262944689227e+01
1.391949023006353947e+01
1.390754740840892723e+01
1.389695224153384068e+01
1.388371299916178714e+01
1.387356247863530534e+01
1.386279525914403266e+01
1.385609689256549082e+01
1.384704574764518981e+01
1.390366637610177669e+01
1.390248187274594471e+01
1.390514805018454858e+01
1.391275382444507969e+01
1.391568934062143903e+01
1.391869518639365744e+01
1.391992398622954852e+01
1.392263606715890667e+01
1.392448253896076338e+01
1.392376079547011081e+01
1.392426843167458728e+01
1.391890288623298488e+01
1.391608479520743025e+01
1.391315591707644828e+01
1.390672260083534084e+01
1.390082286092224706e+01
1.389884217900493546e+01
1.389341401048773861e+01
1.388733443080955077e+01
1.388669140595769491e+01
1.388246203898261122e+01
1.387863488954613267e+01
1.387203636815416452e+01
1.386825004635601033e+01
1.386338011958095073e+01
1.385651461059935308e+01
1.385097713678765885e+01
1.384363631523942040e+01
1.383631589811477802e+01
1.382872599505937572e+01
1.382082486990134740e+01
1.381718360735748341e+01
1.381149271533450396e+01
1.380357554535023823e+01
1.379765023458091378e+01
1.378776244838252651e+01
1.378018031270132049e+01
1.376988428152060528e+01
1.376308459015441166e+01
1.375691232054727209e+01
