2.920269294619818012e+01
2.956546353299300378e+01
2.785030930541958938e+01
2.797238108003710266e+01
2.750589396226040861e+01
2.726957914099180158e+01
2.680342529165901055e+01
2.668516657053442032e+01
2.629732609852046465e+01
2.615350760018026577e+01
2.620647813347603616e+01
2.596401284412158006e+01
2.569583530085916223e+01
2.549033966860523392e+01
2.525794737789099997e+01
2.510942339093838527e+01
2.511203874743452502e+01
2.512205482403449608e+01
2.516288212773005384e+01
2.502605918349535585e+01
2.484592559424966041e+01
2.475724568386115010e+01
2.466276055815952972e+01
2.440036342423816507e+01
2.437142562712428884e+01
2.425406826585128073e+01
2.416461111793739747e+01
2.420456248316701320e+01
2.404373233263331144e+01
2.392641073367050453e+01
2.368041507527344791e+01
2.364966640287959621e+01
2.357754916085285402e+01
2.360933954974676396e+01
2.352562616798288531e+01
2.342678867010910082e+01
2.333410676904473391e+01
2.333963883285801089e+01
2.316746878585613345e+01
2.309993135521218477e+01
2.308668677461898255e+01
2.291928315592360832e+01
2.275226196390060096e+01
2.269581431008060335e+01
2.263151151624019164e+01
2.267709003571945559e+01
2.257415893599175405e+01
2.267500701600701163e+01
2.260508036423645706e+01
2.254015842628502853e+01
2.243659608010964490e+01
2.233752611045574454e+01
2.231361968637361315e+01
2.227150671841881646e+01
2.220527178264856971e+01
2.216000409064800181e+01
2.218810102860622990e+01
2.208222431234645811e+01
2.204371488990473793e+01
2.192614966706130630e+01
2.180310752502040472e+01
2.167373254157040918e+01
2.156961278570432938e+01
2.148240778175935617e+01
2.145615119175209529e+01
2.140339334684133377e+01
2.142103960764300652e+01
2.133357337019636191e+01
2.124051680612508974e+01
2.124891100505269392e+01
2.119627772944675570e+01
2.116279185707006150e+01
2.113577224552585676e+01
2.108850492028972567e+01
2.102651621691851958e+01
2.092752046096551055e+01
2.088386880488091180e+01
2.083291011344856258e+01
2.077611782175075561e+01
2.076251801883675796e+01
2.075080052740875303e+01
2.070962733963751035e+01
2.064840111397593247e+01
2.056498005323397749e+01
2.052667386014882211e+01
2.044507161571949538e+01
2.038406888782806448e+01
2.036212033693654888e+01
2.030342281598813159e+01
2.028958236330038645e+01
2.028846279792840690e+01
2.026302640515643105e+01
2.030999125346746936e+01
2.026574455648706063e+01
2.022967997842632926e+01
2.018759824504904188e+01
2.013481174877514235e+01
2.013222877307631364e+01
2.006680328999670238e+01
1.999987690515393268e+01
1.997541778117787814e+01
1.990328782699283394e+01
1.985698226599799554e+01
1.980192053235146332e+01
1.974760923881797225e+01
1.970772466207745310e+01
1.974979827575862856e+01
1.968803818639263170e+01
1.965241496553173306e+01
1.965885450271348134e+01
1.969642214566880511e+01
1.963895466254666289e+01
1.960980325834790605e+01
1.959721787185256048e+01
1.955333364533810325e+01
1.953389978431982144e+01
1.948165739156154785e+01
1.949277554358880948e+01
1.944244747950984120e+01
1.939114933544637509e+01
1.938561022143978363e+01
1.936558637878347611e+01
1.930979232060560236e+01
1.926271081846189404e+01
1.922301016559970321e+01
1.920245783188196498e+01
1.914997259263294893e+01
1.912254991988264408e+01
1.906635924257694370e+01
1.903885482116812966e+01
1.900022554686999499e+01
1.895327164928744068e+01
1.889555218278627180e+01
1.885547725701536947e+01
1.883951132223332792e+01
1.882171694488871694e+01
1.879758856355281793e+01
1.875389240472043895e+01
1.872582816336317180e+01
1.874137471545073907e+01
1.874099839797401046e+01
1.870894906142493497e+01
1.867254192175555971e+01
1.863317712694545847e+01
1.857056660134777104e+01
1.853273280754403274e+01
1.848830593344720441e+01
1.849912345737514485e+01
1.844188096106507402e+01
1.839933079606921495e+01
1.838586408693068108e+01
1.833736798148531477e+01
1.829410314011304806e+01
1.826240574140699380e+01
1.820797456569386696e+01
1.816853658494795098e+01
1.813154713666338935e+01
1.811497437971089752e+01
1.809677288592039446e+01
1.807727225444794072e+01
1.804699918596689301e+01
1.798804340342343977e+01
1.799392221801895886e+01
1.798149722792716432e+01
1.796453951261631587e+01
1.792201865292945229e+01
1.793360229619221613e+01
1.793476884747460787e+01
1.789523302666539806e+01
1.785001411993687626e+01
1.781238234981626434e+01
1.777252072388790438e+01
1.774223581981335229e+01
1.769480684685706606e+01
1.765746109304624412e+01
1.764307882913688275e+01
1.760832666960515880e+01
1.761757855401428685e+01
1.759036224985437968e+01
1.756168123350320798e+01
1.752296480349047414e+01
1.749516706826720025e+01
1.748511804853210450e+01
1.745089119342086192e+01
1.741027790910928630e+01
1.739650563569014352e+01
1.735367964282833597e+01
1.733027442051143296e+01
1.750083228979692151e+01
1.749453576312780712e+01
1.748574055422247042e+01
1.746965249061720726e+01
1.745919534639246606e+01
1.746261466134655294e+01
1.744596114672085818e+01
1.745335217007766815e+01
1.744733987774488781e+01
1.745660795444890212e+01
1.745224917640275208e+01
1.745453735549245877e+01
1.745507929569240702e+01
1.744481315836925717e+01
1.742317229550412350e+01
1.740707339873753412e+01
1.739726293390507195e+01
1.736870337730069380e+01
1.734704110953019907e+01
1.731960322088037074e+01
1.732631673619382084e+01
1.733323505158958611e+01
1.731238262158844066e+01
1.730561897084508161e+01
1.729144682677682354e+01
1.731178620146936709e+01
1.730605922052361834e+01
1.728053360843986752e+01
1.726185913031499908e+01
1.724823623510429726e+01
1.722627954622698354e+01
1.721633694583513474e+01
1.720321964410339888e+01
1.718867844218083007e+01
1.716273076197853342e+01
1.714057468155356645e+01
1.710774888660925086e+01
1.710177291906000008e+01
1.709749780653045903e+01
1.707694738076844843e+01
1.705656190827973973e+01
1.706010309339595210e+01
1.705964726017436917e+01
1.704270734332535753e+01
1.702095530766591835e+01
1.699238250458362742e+01
1.696486983142463600e+01
1.695430612186458674e+01
1.693435644687941988e+01
1.690461581531858215e+01
1.689809460010835096e+01
1.688261806339613713e+01
1.687040938768311094e+01
1.684957500558095234e+01
1.685702919785412135e+01
1.684235718360303835e+01
1.680733837146419418e+01
1.677674857623055260e+01
1.676950515871610392e+01
1.675459616047101719e+01
1.673390018278970004e+01
1.674177086071567189e+01
1.672370605901485519e+01
1.670660514749175363e+01
1.668952834610887592e+01
1.667606820196572315e+01
1.666478339495745331e+01
1.664613103680563100e+01
1.662426810759385631e+01
1.660445721339736735e+01
1.658085900802080914e+01
1.655583892075662078e+01
1.652979047944125313e+01
1.652893186316094187e+01
1.650013169664722312e+01
1.648263432890892588e+01
1.646662095172087348e+01
1.643859284004923538e+01
1.642019532220326639e+01
1.638751325379715240e+01
1.636731423233104721e+01
1.635318376220510217e+01
1.633718139788541279e+01
1.631900971625907815e+01
1.630823337902913295e+01
1.628762784655240736e+01
1.626464986803886603e+01
1.624475265114527289e+01
1.623525286735259954e+01
1.621025238432783411e+01
1.618904206900417009e+01
1.618132744671719436e+01
1.619349584822239763e+01
1.617383310485078241e+01
1.614608651348757462e+01
1.612202250899235878e+01
1.610058050468204982e+01
1.609133693954468214e+01
1.607708780486813538e+01
1.606031726850480723e+01
1.604311681628225017e+01
1.604922777454964589e+01
1.602631509404894317e+01
1.603012104803785931e+01
1.601339001562558551e+01
1.600341872263118503e+01
1.599322199858796800e+01
1.598742883765319966e+01
1.597938863231364337e+01
1.597267516180273184e+01
1.595633125026687793e+01
1.594334738816150576e+01
1.593532774432071797e+01
1.591519978389756140e+01
1.590660239817418464e+01
1.588521318611643629e+01
1.586725836928721201e+01
1.585448272833360583e+01
1.582935268093230441e+01
1.580827397482722319e+01
1.579295017133077650e+01
1.576939988383417024e+01
1.574400132888426462e+01
1.573219245840209091e+01
1.571056188996632663e+01
1.568612011076846890e+01
1.566276929405707996e+01
1.564463306226339867e+01
1.563178059791514052e+01
1.560847191657935262e+01
1.559733771596590479e+01
1.559795928236844453e+01
1.559606066418883330e+01
1.558650170916816258e+01
1.558385203815245568e+01
1.564635152372224347e+01
1.563137871732713613e+01
1.562021943662201195e+01
1.562860652553930585e+01
1.562645843195219975e+01
1.562397390661472585e+01
1.561871159743560256e+01
1.561870390331769265e+01
1.560977025125134787e+01
1.559722150715838218e+01
1.558833795593452720e+01
1.557872962841067022e+01
1.556709416552321379e+01
1.555770690586217775e+01
1.554658583422380325e+01
1.554488565696174440e+01
1.553899356950966570e+01
1.552895192629380716e+01
1.551843569767586750e+01
1.551426845264300702e+01
1.550312354073267507e+01
1.549805127626194690e+01
1.547804795186572235e+01
1.546544594258797289e+01
1.545167777285535138e+01
1.544135117208494634e+01
1.542493127295203692e+01
1.540901251385242787e+01
1.539391863706251584e+01
1.537999137993606702e+01
1.536016554882909446e+01
1.535087411549051772e+01
1.534829374978394867e+01
1.533031209867378841e+01
1.532465080270216085e+01
1.530688130650233703e+01
1.529261270556306407e+01
1.527409571319602399e+01
1.526355708641115783e+01
1.524668035702097235e+01
1.523449507355823940e+01
1.521906760463941488e+01
1.520374021021323507e+01
1.518926343802458589e+01
1.517328358655509213e+01
1.516778518771787176e+01
1.516077731965147990e+01
1.514320084958023394e+01
1.512746723114683611e+01
1.511856726188210231e+01
1.509666654347184256e+01
1.508072576428055633e+01
1.507405738548644791e+01
1.506618412361931192e+01
1.504626054115549572e+01
1.502733343818341716e+01
1.504703783737806155e+01
1.504088473282399541e+01
1.503478701046512356e+01
1.502288316537346091e+01
1.502096784891205417e+01
1.500603343358713282e+01
1.499152144663071518e+01
1.497868234691562783e+01
1.497320493619985093e+01
1.496940284887444328e+01
1.495745967233441753e+01
1.494901775025660307e+01
1.493692535255425113e+01
1.492471942571778243e+01
1.491568022992419351e+01
1.490828396682397639e+01
1.490255817337122402e+01
1.489313837635772231e+01
1.487972797951055703e+01
1.486962749828368402e+01
1.485481026836763796e+01
1.483562543838500147e+01
1.482024408635577117e+01
1.480090266622303652e+01
1.479278705786547832e+01
1.477302829715540078e+01
1.476139514326119873e+01
1.474641134354534344e+01
1.473720533133877453e+01
1.472740264463246973e+01
1.471606738600571695e+01
1.470253307668633624e+01
1.469129252637909389e+01
1.467183804026060834e+01
1.466113138247454728e+01
1.464417288580323806e+01
1.463286739042121987e+01
1.462760363373830685e+01
1.461706306108262687e+01
1.460505172549501296e+01
1.459167969499552875e+01
1.458016274442899984e+01
1.457382795241148621e+01
1.455613866156939373e+01
1.454075553764601736e+01
1.452876197427994498e+01
1.451700017358409589e+01
1.451299304909599286e+01
1.451651525012135480e+01
1.450286659385497501e+01
1.450213829481912242e+01
1.449851284812677754e+01
1.448387152570015246e+01
1.447292468456659087e+01
1.447059754886081784e+01
1.446740738159653006e+01
1.447174492200229423e+01
1.445662549885357429e+01
1.444295441248680767e+01
1.443258005031018776e+01
1.441770870422925732e+01
1.440084257427880310e+01
1.439233976920861480e+01
1.437945843615918129e+01
1.436236949020508469e+01
1.434872226019582797e+01
1.433478603650014449e+01
1.431685897833124699e+01
1.430604617668304712e+01
1.430152920380337989e+01
1.428892593645183595e+01
1.428293042000229995e+01
1.426669295647894486e+01
1.425630635708025729e+01
1.424719732568212649e+01
1.423602654189745031e+01
1.422043338021813597e+01
1.420843267714359293e+01
1.419405564680299392e+01
1.417756622177776649e+01
1.417192674229589500e+01
1.415524339345672367e+01
1.414081165663462158e+01
1.412497376801924176e+01
1.411355968018106566e+01
1.409818762527956082e+01
1.408168313111858616e+01
1.407741043048052454e+01
1.406644173013863153e+01
1.405606713651532047e+01
1.404275322656879865e+01
1.402791215772428757e+01
1.401168978861909409e+01
1.399610102993313809e+01
1.397993087366245568e+01
1.397392503653290774e+01
1.395983927180303397e+01
1.394392022660602493e+01
1.393228143448385659e+01
1.392772108245892326e+01
1.391695123216263497e+01
1.390161131337486999e+01
1.389199450859847929e+01
1.387807951917372407e+01
1.386214862874420284e+01
1.385065508965345416e+01
1.383632092223313492e+01
1.382780250528829669e+01
1.381186552348209062e+01
1.379679722824965360e+01
1.377914447262044462e+01
1.377252775112011918e+01
1.375833297421554136e+01
1.374451120458047271e+01
1.372942571669351253e+01
1.371291498326067071e+01
1.369841411188658320e+01
1.368329695798133727e+01
1.367968987778143308e+01
1.366449439646694941e+01
1.365500771691582038e+01
1.363984166633485096e+01
1.362831053901487266e+01
1.361680271479280080e+01
1.360242717054196504e+01
1.358838740292471670e+01
1.357522238676085991e+01
1.356022579372441506e+01
1.354481202638115356e+01
1.353174672843983828e+01
1.351735544149469881e+01
1.350789202578099157e+01
1.349411640434900228e+01
1.348157746268545232e+01
1.347070860481767163e+01
1.345596813234842060e+01
1.344268316696243204e+01
1.343315467106639716e+01
1.342025186477610887e+01
1.340477709897892389e+01
1.338975392549500576e+01
1.337570285994922337e+01
1.336162367836850429e+01
1.335806543704502403e+01
1.336120604003723855e+01
1.334632457792316629e+01
1.333280908246646845e+01
1.332457067254565253e+01
1.331470592612528847e+01
1.330317042938821892e+01
1.328873362719799722e+01
1.327954759951060204e+01
1.327008852495407609e+01
1.325874683416643052e+01
1.325531173470946733e+01
1.324357076836747638e+01
1.323050655168071899e+01
1.321654807930652353e+01
1.320699634980677750e+01
1.320060426113496277e+01
1.318733611405546924e+01
1.317538398107151743e+01
1.318262678834230428e+01
1.317573066368818679e+01
1.316447248831414463e+01
1.315354222682562657e+01
1.314132554064183189e+01
1.313772731195199484e+01
1.313523926289160215e+01
1.312140166195190005e+01
1.311302032757823888e+01
1.310013583202038667e+01
1.309421076993195321e+01
1.308373708862735540e+01
1.307032074906597074e+01
1.305867672395340229e+01
1.304494227398659767e+01
1.303026861591882657e+01
1.302673177430764362e+01
1.301231293597096617e+01
1.299841011887501452e+01
1.299104365430277852e+01
1.298130738299365206e+01
1.297193233925803568e+01
1.296191265150784133e+01
1.295211473262771662e+01
1.294046895114605711e+01
1.293292697393841983e+01
1.292246628446300960e+01
1.291180026565796446e+01
1.289987885933137335e+01
1.288963652408627603e+01
1.287765101515903687e+01
1.286551102069914343e+01
1.285038739326632928e+01
1.283999063603219781e+01
1.282758192405026598e+01
1.281527871703183230e+01
1.280558369010289077e+01
1.279469479898004991e+01
1.278379759808542104e+01
1.277283209182689028e+01
1.276261329912686726e+01
1.275197615905269544e+01
1.274154976894667968e+01
1.272927429337114980e+01
1.271830739535767840e+01
1.270667086235905785e+01
1.269303758197745324e+01
1.268153147984804541e+01
1.267399345499712560e+01
1.266365448297340102e+01
1.266127092350264505e+01
1.264987422671417328e+01
1.264805576881186511e+01
1.264511400954745923e+01
1.263113696639138794e+01
1.261923884833874965e+01
1.261034631630073832e+01
1.259959562002133460e+01
1.258541298621335969e+01
1.257567784025733815e+01
1.256428727941756840e+01
1.255469086250311861e+01
1.254334113251687555e+01
1.253726276371621040e+01
1.253337715532543406e+01
1.252140366208942623e+01
1.251086269516635063e+01
1.250013605800061534e+01
1.249163978368773797e+01
1.247976979941474873e+01
1.247001178231240281e+01
1.245798646084027439e+01
1.245821560232973546e+01
1.244602884589239800e+01
1.243858525600848353e+01
1.242843300651497174e+01
1.241675671280978044e+01
1.241219461300355320e+01
1.240628784774407478e+01
1.239593710170432672e+01
1.238324163253342469e+01
1.237161473665472400e+01
1.235950661606931078e+01
1.234824044693251643e+01
1.233702882240940468e+01
1.232985245048279666e+01
1.231825057995398076e+01
1.230951627801664650e+01
1.230318122967726779e+01
1.230118000449422411e+01
1.229313020714208093e+01
1.228952034665246096e+01
1.227612129883307368e+01
1.227125322950514352e+01
1.226136281744519430e+01
1.225103049590905968e+01
1.223835144270761965e+01
1.222778630844927150e+01
1.221850544211848977e+01
1.221000512746335431e+01
1.219965407249228484e+01
1.218858889313697702e+01
1.217750502174840577e+01
1.216710643840798234e+01
1.215824019364492159e+01
1.215021206845301549e+01
1.213816727652265470e+01
1.212624064197998663e+01
1.211630862561783850e+01
1.210850079703139670e+01
1.209864572699273744e+01
1.208994971194319312e+01
1.208413280728747452e+01
1.207818737317558444e+01
1.206753148755523064e+01
1.205639469632119187e+01
1.204766933964396536e+01
1.203736248930106534e+01
1.202712413418922743e+01
1.201609086459610332e+01
1.200778410823267883e+01
1.199747638545095185e+01
1.199283140879017928e+01
1.198202760357393792e+01
1.197537043447576544e+01
1.196691512868432916e+01
1.195796805002794194e+01
1.195101827369867209e+01
1.194873826482140267e+01
1.193826759351182787e+01
1.193166525014343549e+01
1.192915785103637383e+01
1.191739580375734775e+01
1.190772560324028007e+01
1.189750818311773983e+01
1.189183117294505188e+01
1.188129752609152057e+01
1.187408310364614472e+01
1.186389931935261899e+01
1.185257288814423582e+01
1.184273521077140678e+01
1.183800680507979486e+01
1.182864695437562652e+01
1.181784851426463412e+01
1.180631003045548866e+01
1.179647120040248787e+01
1.179460089019980096e+01
1.178360922824504264e+01
1.177366994653628218e+01
1.177180828111623789e+01
1.176359491123203682e+01
1.175497998937411204e+01
1.174987969385968078e+01
1.175224554038080527e+01
1.174308702214966615e+01
1.173603724069553245e+01
1.172628871762239378e+01
1.171793334540602416e+01
1.170767161370466347e+01
