8.798110646662486545e+00
7.734646313336964951e+00
6.961806977718454803e+00
6.606110616778236633e+00
6.828026571383066567e+00
6.498597553202149157e+00
6.213239250126282975e+00
6.088294000795003491e+00
5.951602230802781612e+00
5.918494058692053805e+00
5.906230210617628984e+00
5.765039543490525276e+00
5.718045973070032595e+00
5.643846360290822872e+00
5.544861784821499384e+00
5.487364515608990523e+00
5.392655138117083524e+00
5.349774622628245879e+00
5.264745737798048886e+00
5.212552922313586024e+00
5.183378244381867894e+00
5.112961976345411053e+00
5.031616530337800874e+00
4.979831319613804652e+00
4.928167669715680432e+00
4.864560301813872556e+00
4.841880229293392013e+00
4.794602966916905018e+00
4.746689886396810998e+00
4.711802627235270435e+00
4.715446170890964517e+00
4.706549294343857603e+00
4.676987218993740036e+00
4.639196935552083012e+00
4.609252009245842885e+00
4.571022361718152460e+00
4.553319490084443366e+00
4.530280102908108120e+00
4.483614409920190447e+00
4.494706662789559104e+00
4.480154310892787706e+00
4.451123814889933250e+00
4.449189746632953302e+00
4.412212570562505043e+00
4.371796544708503873e+00
4.342874622862751721e+00
4.304159661287501493e+00
4.285246451755234887e+00
4.257958535794914567e+00
4.230199719779508705e+00
4.214098490253034512e+00
4.180010575931744299e+00
4.156339848613620269e+00
4.129062661445642490e+00
4.106225335703951984e+00
4.076228795261014781e+00
4.061705435130389397e+00
4.040286399483040469e+00
4.018350845276120076e+00
4.018239555497614468e+00
4.009070867626347123e+00
3.983797179605041983e+00
3.980938947157152796e+00
4.002730520297431482e+00
3.976858419339203810e+00
3.976044419851709311e+00
3.965511036424518743e+00
3.943407796886100325e+00
3.924238418075225443e+00
3.914041120136010576e+00
3.908254224302513791e+00
3.894754466523854486e+00
3.911291138893937536e+00
3.901383226535965587e+00
3.889031410407305600e+00
3.880625593065979650e+00
3.855743994444573275e+00
3.840239944835704300e+00
3.823663564854810737e+00
3.815755561453912481e+00
3.808136970490256346e+00
3.805642918431300981e+00
3.795698981049191012e+00
3.775600312738047304e+00
3.766466395187997751e+00
3.758657267545137515e+00
3.751104514831921755e+00
3.737486965201682665e+00
3.724849476893557831e+00
3.702773921725251771e+00
3.685185714314344274e+00
3.673984383170285195e+00
3.668315041482291150e+00
3.654960673659974013e+00
3.641380870082069787e+00
3.630759240920520270e+00
3.618408475601105678e+00
3.605297215434051683e+00
3.586880741018504626e+00
3.570548358515683418e+00
3.560150112620958929e+00
3.557573048177192998e+00
3.562412666285419860e+00
3.550245234150340323e+00
3.535393847014936863e+00
3.518080450966918793e+00
3.510041341771408252e+00
3.506433242863760125e+00
3.491517575002226703e+00
3.474374693562653160e+00
3.480139392414224542e+00
3.470903564494795646e+00
3.461735937574526911e+00
3.460715254382222383e+00
3.451334372098749270e+00
3.438297541099391008e+00
3.428924730000983079e+00
3.422475676119073551e+00
3.410658737028669840e+00
3.396830246564892519e+00
3.383607251837945640e+00
3.375041317030564425e+00
3.369236846372502203e+00
3.362317721116237390e+00
3.346282875082366548e+00
3.334397182382216940e+00
3.321800353421560992e+00
3.306792514639885106e+00
3.295986504636624126e+00
3.287386653561477967e+00
3.279080090522106694e+00
3.269057272448902207e+00
3.261234967777864924e+00
3.250625220545849015e+00
3.236255022280730032e+00
3.221684486311299889e+00
3.208007752622981545e+00
3.198767767071647672e+00
3.189401068419909890e+00
3.175204116884411842e+00
3.162851444675676138e+00
3.148677666535875552e+00
3.139580878711912160e+00
3.126225109228388810e+00
3.114760710747251693e+00
3.105478422367942137e+00
3.094447226410679264e+00
3.094657352762411939e+00
3.090716207762041368e+00
3.086127990095414386e+00
3.080430049343906518e+00
3.076680786464412787e+00
3.072871652466515613e+00
3.063961894099929140e+00
3.070916667319661730e+00
3.061175465584287547e+00
3.056729941719015464e+00
3.048572921549660197e+00
3.042956891162283295e+00
3.036553398278705185e+00
3.033618308115544782e+00
3.022985525817545316e+00
3.011117078211672737e+00
3.002354806671646781e+00
2.991324570968012964e+00
2.982124182699555703e+00
2.972749676008436204e+00
2.962605470529162233e+00
2.953445718099556583e+00
2.946555467584051513e+00
2.940360513502650264e+00
2.928911351637023319e+00
2.921842608974911215e+00
2.917804919312118273e+00
2.920743758590651051e+00
2.927580649338116903e+00
2.918816472357074865e+00
2.910932249850732401e+00
2.903360002632092041e+00
2.892695460255028994e+00
2.888160683546168173e+00
2.886984050679950897e+00
2.880049708600425085e+00
2.880017881380803946e+00
2.872322456143968861e+00
2.866810040499958578e+00
2.858845611520603569e+00
2.849453032974943234e+00
2.839682273534327894e+00
2.839369667584550783e+00
2.831103120833846631e+00
2.825426189718104997e+00
2.826274919220920889e+00
2.819094277688126926e+00
2.810665286734144619e+00
2.804276745006200056e+00
2.804788848698027692e+00
2.798091903856598783e+00
2.793562434876878164e+00
2.787085470001471776e+00
2.785182259079795219e+00
2.788419654687197990e+00
2.784755118280920261e+00
2.780139114677039114e+00
2.774693566839429693e+00
2.769487382143395848e+00
2.772487624069575496e+00
2.764425643482200989e+00
2.763284656114964211e+00
2.755381801448975931e+00
2.748759404743317258e+00
2.742097826287861029e+00
2.738113010697166505e+00
2.736966491380480981e+00
2.732115209724861771e+00
2.726759633937732463e+00
2.718765450497687919e+00
2.714830531396857261e+00
2.711184354628285664e+00
2.706828041829037801e+00
2.699942882108420150e+00
2.695095516146415626e+00
2.694029966516970021e+00
2.691131594847024910e+00
2.688443570758991985e+00
2.683319499253189022e+00
2.677991457167152589e+00
2.671374810113689158e+00
2.664632507457723065e+00
2.659679205473263863e+00
2.652568340875815167e+00
2.652162307933652929e+00
2.645037260918422728e+00
2.642547108423169977e+00
2.635846101596404978e+00
2.630890501085973998e+00
2.629017467025946519e+00
2.622750837265809931e+00
2.619199569955418472e+00
2.618794284105860015e+00
2.613619390229311001e+00
2.610289959601668652e+00
2.603791144424390858e+00
2.596755512634690621e+00
2.592886321767602809e+00
2.586579162746034832e+00
2.580175256261011185e+00
2.577081039339200519e+00
2.571212588995944959e+00
2.565910710666895689e+00
2.563905228282656434e+00
2.562837804605142544e+00
2.559279230280544937e+00
2.553711419003026784e+00
2.548457090154581106e+00
2.543676998930028965e+00
2.538192498162315403e+00
2.530567519011939215e+00
2.525881282821808238e+00
2.521478130010261776e+00
2.514993185310531398e+00
2.507526163672451514e+00
2.509270899301926150e+00
2.506116849006815084e+00
2.504122316159481443e+00
2.498789960609201000e+00
2.491829668981571544e+00
2.485897876397230810e+00
2.490516704149241978e+00
2.484829256501701611e+00
2.477828971139149239e+00
2.472819723595157893e+00
2.472442232484161728e+00
2.466694979353895256e+00
2.465836074802965960e+00
2.462048225584759553e+00
2.459532375446882746e+00
2.456302019683544557e+00
2.450492580661502551e+00
2.451976906179794025e+00
2.449198494147427407e+00
2.447359295772127741e+00
2.444112344070245690e+00
2.438680874088245965e+00
2.432606030696385702e+00
2.427476077908087948e+00
2.427944395270124733e+00
2.437858411646589119e+00
2.437208898535009549e+00
2.433016689520294484e+00
2.431418302902687234e+00
2.430064787261581039e+00
2.427842852907349247e+00
2.425205961707536773e+00
2.424657738388475980e+00
2.423453694249547041e+00
2.421737436585055470e+00
2.417862430146121344e+00
2.413286691155728025e+00
2.409701881988042693e+00
2.406103275540281139e+00
2.401054629415503960e+00
2.396557714761082369e+00
2.394135109277934603e+00
2.395472475094555076e+00
2.390545151099326304e+00
2.385447033904679603e+00
2.385226472740273440e+00
2.381701515788924084e+00
2.377240912114149562e+00
2.376772016297330481e+00
2.373743783823385467e+00
2.373046659933460312e+00
2.367570390027647242e+00
2.363548303325879729e+00
2.362284272085994452e+00
2.359559146352850689e+00
2.354975087790592170e+00
2.350640654697280674e+00
2.348295014095338473e+00
2.343925037629771335e+00
2.338927639953375603e+00
2.335560827220562796e+00
2.331666937737607803e+00
2.331792735412176576e+00
2.329058942380299868e+00
2.327216384139719096e+00
2.323832586148294688e+00
2.319710319465248194e+00
2.318695050557922688e+00
2.316854027643801217e+00
2.318325601808263414e+00
2.314272067705616553e+00
2.313151577656720193e+00
2.309790253667650894e+00
2.305709360152584431e+00
2.301008961531957109e+00
2.298398444985662259e+00
2.293517512413413950e+00
2.292448239135192356e+00
2.288882447151130872e+00
2.287888943348296511e+00
2.285204495821734128e+00
2.284315799248287870e+00
2.279803933674548144e+00
2.278757205584692525e+00
2.275153579476508536e+00
2.271886347774589421e+00
2.269300082153158815e+00
2.265873171032749767e+00
2.261861858959467231e+00
2.258144780133493956e+00
2.256116619249296296e+00
2.252227846201124706e+00
2.248166279101114995e+00
2.246803106942889983e+00
2.243049489785901240e+00
2.238783895680374503e+00
2.234594730992206291e+00
2.230119430802817604e+00
2.225416499078657129e+00
2.222317968487685924e+00
2.219492381256112701e+00
2.215632858363958846e+00
2.211250460495939762e+00
2.207083276129854443e+00
2.213799028053949236e+00
2.210152264979995174e+00
2.206599954609290481e+00
2.204633045090812704e+00
2.202667981843230205e+00
2.198235206792465757e+00
2.194881696881368693e+00
2.191175452305228255e+00
2.186953691631969843e+00
2.183352640282613333e+00
2.181431574860936973e+00
2.177898077584155878e+00
2.173569601644491200e+00
2.174691301177696712e+00
2.170773547959293559e+00
2.167493945031930380e+00
2.163708310690589443e+00
2.160163552364344763e+00
2.157248119837826827e+00
2.153232665410134139e+00
2.150248865815920674e+00
2.146137788394883561e+00
2.143195683023656262e+00
2.140264803612622391e+00
2.136533880863594526e+00
2.134120785666360209e+00
2.130648221465806902e+00
2.129074871902173260e+00
2.126243683926631878e+00
2.124646635007630291e+00
2.121686623908677571e+00
2.118108973735357559e+00
2.116094704203651755e+00
2.112563875260553559e+00
2.111715432991629893e+00
2.110027651061542553e+00
2.107935916355958561e+00
2.104865674235072426e+00
2.100560322326242790e+00
2.097983453595509307e+00
2.095792136044119847e+00
2.092606931311550955e+00
2.090669054756398637e+00
2.087496077722946541e+00
2.083880201780230479e+00
2.080254779925425623e+00
2.076685597322162735e+00
2.072489544909904335e+00
2.068343638418762787e+00
2.064637971592993004e+00
2.062049563672616159e+00
2.060981250014838562e+00
2.058674300485643371e+00
2.055919516660222435e+00
2.052333397899107403e+00
2.048328062307492647e+00
2.046050338313506689e+00
2.046711407635026347e+00
2.042757048679308962e+00
2.040891472308091537e+00
2.037729275099815052e+00
2.034372882939170957e+00
2.031978184746735749e+00
2.030256079346931752e+00
2.027253097969905049e+00
2.023972395731933549e+00
2.020166073352363867e+00
2.017402593785738940e+00
2.014556496613010506e+00
2.011727635187525287e+00
2.008321405836347218e+00
2.004771463284175770e+00
2.002569185687260500e+00
2.002194253943700541e+00
1.999211188747771706e+00
1.996911540597959833e+00
1.993433349689243350e+00
1.990911877930702456e+00
1.987611964266335685e+00
1.984882136437650546e+00
1.981815454283620159e+00
1.982113186640713343e+00
1.978914813424418551e+00
1.977562547135957027e+00
1.975514882320638099e+00
1.974963652038314033e+00
1.972335264028381774e+00
1.968858693969535612e+00
1.965942959134136858e+00
1.963339872105960726e+00
1.959765544296933504e+00
1.956487501835118215e+00
1.956274400701220051e+00
1.953383415075846896e+00
1.950104880911304850e+00
1.947148417325657244e+00
1.946149763959719170e+00
1.943060407052726646e+00
1.940367254529309804e+00
1.938827356402358371e+00
1.936960222686010757e+00
1.936297645993016792e+00
1.933575114460095890e+00
1.932691414548592723e+00
1.931971863188289840e+00
1.931689350061573274e+00
1.928799856120169132e+00
1.925940807507941610e+00
1.923691654230631709e+00
1.920529502301080882e+00
1.919202568474099424e+00
1.919723021733836132e+00
1.916969983972890201e+00
1.919264019711994340e+00
1.920368678246646921e+00
1.917240926280630253e+00
1.916605495196084696e+00
1.918231947268989046e+00
1.915159377238218719e+00
1.914041466102251787e+00
1.912310107447658281e+00
1.910416341362664916e+00
1.908885104355519946e+00
1.906660326151226270e+00
1.903750627816920282e+00
1.901678670074552935e+00
1.900164223314351863e+00
1.898554072038218798e+00
1.899695348652112870e+00
1.897415778509692119e+00
1.896410425042810655e+00
1.895655365043150908e+00
1.893611711754123794e+00
1.891547585803994513e+00
1.888935657867311102e+00
1.887275205983371951e+00
1.885309320137351641e+00
1.882901887139638131e+00
1.879991717552825570e+00
1.877447871774572841e+00
1.875878925019508703e+00
1.873939478829883987e+00
1.871757241534385274e+00
1.870804248105225831e+00
1.867852398455178697e+00
1.864990523567896075e+00
1.862659191376787815e+00
1.865367980263862080e+00
1.862531764713257765e+00
1.860244239568540126e+00
1.857660933331420017e+00
1.855466121876559127e+00
1.854192465289370428e+00
1.852550204039959292e+00
1.852400374058877475e+00
1.850015508865755498e+00
1.848091347124798389e+00
1.845299958638407123e+00
1.843512795628160950e+00
1.841865814169216353e+00
1.840174157007317568e+00
1.839919653512239073e+00
1.837844529899591128e+00
1.835483530476363701e+00
1.835306204700350108e+00
1.833383636498602254e+00
1.833182246379482461e+00
1.830893134610015460e+00
1.828587928118810657e+00
1.825874645829338894e+00
1.823366812105378099e+00
1.821239100571936165e+00
1.820336606632568577e+00
1.817933762148137955e+00
1.815573961323410312e+00
1.813092856059229874e+00
1.810468412345915823e+00
1.808600157203847258e+00
1.806104701680995461e+00
1.804838252746664651e+00
1.803604826974525066e+00
1.803157703964821001e+00
1.800675652717603326e+00
1.798295915251847177e+00
1.798500827159184690e+00
1.795897628874602692e+00
1.793991434041841915e+00
1.791717050474926021e+00
1.793338994349559901e+00
1.790776095454307049e+00
1.791170627270334714e+00
1.788917002752576257e+00
1.786348347788423219e+00
1.783956202736237895e+00
1.783838114371836037e+00
1.782470735594269939e+00
1.781522350257284781e+00
1.779437066101383191e+00
1.777715093945302804e+00
1.777437044364875707e+00
1.776609743617892700e+00
1.778939335713974224e+00
1.776731958137841350e+00
1.775031734926586502e+00
1.772818351629519951e+00
1.770924931677549941e+00
1.772599074656248552e+00
1.771795481220844959e+00
1.769996629050095027e+00
1.768941388628620048e+00
1.767605176124049438e+00
1.768330588648550306e+00
1.766047361691873707e+00
1.764834901111797416e+00
1.763187002392929914e+00
1.760997844728356077e+00
1.758561055771529880e+00
1.756322592222816281e+00
1.754279446246914231e+00
1.752124077573634864e+00
1.752609109726465553e+00
1.750961002733358640e+00
1.749889306703659830e+00
1.747857148810000094e+00
1.745572170894888586e+00
1.743512733972509388e+00
1.741229382199880549e+00
1.740447842496067432e+00
1.738889506160633758e+00
1.738208183824617281e+00
1.736265690830120390e+00
1.734686176111469580e+00
1.733123346131528519e+00
1.731460039881568713e+00
1.729528838629769139e+00
1.727183396128241233e+00
1.726494715754061549e+00
1.726340196358737700e+00
1.724185833904777976e+00
1.722447674848619492e+00
1.721783047685008228e+00
1.720431984380933255e+00
1.719039463873225815e+00
1.717178182344774040e+00
1.716356806738265517e+00
1.715579100640911125e+00
1.714989336373194728e+00
1.712758181488423626e+00
1.711768719859563914e+00
1.709774254382718794e+00
1.708395979239290874e+00
1.706089778248926603e+00
1.705042108458769912e+00
1.702759815649478758e+00
1.701690198036561519e+00
1.699765633786403107e+00
1.698609369652979817e+00
1.697770317935861639e+00
1.697408609554016179e+00
1.697017059731071198e+00
1.695435621852118713e+00
1.694177767772784948e+00
1.692152411034179016e+00
1.690247693523366124e+00
1.688676527622424262e+00
1.687872094173362703e+00
1.686700586932087909e+00
1.684502496912713143e+00
1.682491869568843113e+00
1.680675144744846472e+00
1.679027376936336413e+00
1.677213907418816596e+00
1.675111173580221768e+00
1.674357607421462335e+00
1.672356529924368340e+00
1.670835197604229272e+00
1.669338125995174504e+00
1.667663959975047128e+00
1.668256704901892595e+00
1.666903819353236393e+00
1.665560498573178894e+00
1.664227585785926777e+00
1.663225115326063763e+00
1.661274171512742370e+00
1.659455909077527158e+00
1.658012160022318771e+00
1.656156675896332864e+00
1.654595069843694644e+00
1.652547655545781646e+00
1.650345549124929923e+00
1.648678591242848990e+00
1.646657781496358997e+00
1.645055335757637405e+00
1.643100933065613889e+00
1.641219203811528526e+00
1.639391933739039464e+00
1.638163768698394529e+00
1.636354074086684207e+00
1.635335917547934725e+00
1.633521694413711867e+00
1.632151522378651354e+00
1.631961981856031363e+00
1.630544127882372019e+00
1.634328715786522501e+00
1.634673834128129721e+00
1.633157168394706593e+00
1.632035366548067579e+00
1.630212293755218367e+00
1.629621494010784932e+00
1.629470048241864477e+00
1.627770057516098712e+00
1.628077936794017910e+00
1.626408009170903002e+00
1.624673809297546345e+00
1.623198785748742212e+00
1.622560047548318840e+00
1.620810040067312663e+00
1.618941718168669386e+00
1.618426772562074234e+00
1.617009844009755559e+00
1.615855479307489517e+00
1.614454697300936825e+00
1.612829331005718680e+00
1.611065915392341452e+00
1.611681557625454841e+00
1.611858414487163493e+00
1.610468686848698372e+00
1.608481590938003247e+00
1.607600095029296350e+00
1.605873724969119509e+00
1.604252805315385055e+00
1.603064479035038348e+00
1.601702281817510398e+00
1.600569801051794139e+00
