2.760612260148710462e+01
2.280497062738459135e+01
2.127572430245394486e+01
2.091455281731238003e+01
2.114819425566295052e+01
2.099464056747898155e+01
2.062005670667688406e+01
2.039480949187359826e+01
2.042201869718733320e+01
2.018463576355978972e+01
2.020541961940317321e+01
2.011833705518373350e+01
1.993503044857721562e+01
1.971904300006283961e+01
1.953985589773676423e+01
1.949600320046696567e+01
1.925799624733433646e+01
1.909519126168449077e+01
1.896198286407434708e+01
1.893188857889840904e+01
1.889535493969517077e+01
1.877374252620718664e+01
1.863167809879479009e+01
1.850864715507193381e+01
1.842206421308062048e+01
1.837388722616437420e+01
1.831503064876083187e+01
1.814670615537097476e+01
1.809705994220472647e+01
1.802634024885556485e+01
1.790521317695213810e+01
1.780476130990575712e+01
1.781528029807691738e+01
1.779817501094257892e+01
1.771651230390139986e+01
1.766883664194699932e+01
1.766882105014287063e+01
1.763841319694044429e+01
1.758801037892141039e+01
1.757963377433132024e+01
1.745398579225732760e+01
1.738720266706239315e+01
1.731516041622523616e+01
1.724612088067234694e+01
1.714602659398243389e+01
1.710886566625880789e+01
1.705297908292210707e+01
1.696663370505378410e+01
1.694276501829097725e+01
1.692504304625899891e+01
1.689269006800522277e+01
1.681890769973180255e+01
1.678708040784372102e+01
1.678347317777766534e+01
1.672039988623786044e+01
1.668540108306813963e+01
1.662029012831477814e+01
1.656644302423004689e+01
1.650450915085380998e+01
1.646057035568722426e+01
1.640646064827688733e+01
1.629448337224858179e+01
1.625023234213850287e+01
1.619354380506022650e+01
1.616924088706243268e+01
1.616869578555947129e+01
1.607339975280303079e+01
1.601800137041302108e+01
1.596255600224772309e+01
1.589915835200499394e+01
1.585951643663935151e+01
1.583011925854905222e+01
1.577666544296059570e+01
1.575955812508707865e+01
1.571128733034531244e+01
1.566614257090048312e+01
1.559617764083593805e+01
1.559570520964769358e+01
1.552581749665646349e+01
1.549116946175785436e+01
1.541508547861390177e+01
1.537115905438924202e+01
1.533543118307198583e+01
1.532637176592829675e+01
1.527469910514637519e+01
1.525604733475790553e+01
1.522781860377154217e+01
1.518282853734681126e+01
1.514527882630934030e+01
1.509337411387826755e+01
1.505180596483131872e+01
1.502603108630148654e+01
1.503385169905436491e+01
1.499998928113616259e+01
1.498321678166232118e+01
1.497551903308707288e+01
1.493125652631812450e+01
1.493425407789647785e+01
1.490804973222341978e+01
1.487264394393952927e+01
1.486836957943348736e+01
1.484237699751903250e+01
1.482259508122953662e+01
1.478711271870713340e+01
1.475740366410931870e+01
1.473310577141159960e+01
1.470716586199296927e+01
1.466263088032098771e+01
1.461812692875180630e+01
1.458247853203444144e+01
1.455821723527969702e+01
1.452860016797225384e+01
1.450269912332622546e+01
1.445856141777476367e+01
1.443137504607480359e+01
1.442148386471714794e+01
1.440857257269053981e+01
1.438674038510267827e+01
1.434158189219360224e+01
1.431768543071356170e+01
1.429071491295117724e+01
1.424718313849347595e+01
1.420603117879646859e+01
1.416878998252317601e+01
1.414551928819313353e+01
1.417845641581584637e+01
1.414596742228355453e+01
1.412833710274261101e+01
1.408632632767517201e+01
1.405358216220507295e+01
1.403553878520377296e+01
1.399722914381182903e+01
1.398598667747976343e+01
1.398730163578060726e+01
1.394612726678960257e+01
1.391764267452852799e+01
1.388758091461489741e+01
1.387182551274178444e+01
1.383996525835798685e+01
1.382725192752267063e+01
1.379357868553415045e+01
1.380244346504653308e+01
1.378688353855107351e+01
1.377367433130880769e+01
1.376880693921391519e+01
1.374164234640099203e+01
1.372380781796899285e+01
1.370136718088095584e+01
1.366809507855611550e+01
1.363835959187378499e+01
1.362607681003837357e+01
1.361725245627147807e+01
1.360979905108167820e+01
1.358020094594126093e+01
1.357589176266441555e+01
1.355765759148800065e+01
1.352349325135610414e+01
1.350653941538873148e+01
1.347306033632879796e+01
1.345604569610182821e+01
1.343241756879312554e+01
1.339800646810359375e+01
1.337077347253400816e+01
1.334974616302931949e+01
1.331632402185897135e+01
1.331789875109019583e+01
1.328634122013707497e+01
1.330741869738772820e+01
1.327207809434862007e+01
1.323477464783864122e+01
1.321997129968582385e+01
1.319755334309412298e+01
1.319922483116658185e+01
1.317993400921130309e+01
1.317066770411776666e+01
1.315196350814567516e+01
1.315033712143648614e+01
1.313335336489361360e+01
1.312113485205135177e+01
1.310098781224601616e+01
1.307813517429092087e+01
1.304557816191483788e+01
1.301952708472557241e+01
1.300269095401660735e+01
1.297764038340208081e+01
1.295038376458796670e+01
1.293276441894665396e+01
1.290135360777179940e+01
1.288347159012755050e+01
1.288023924018797395e+01
1.285764899237030967e+01
1.283486790195549077e+01
1.281714496889329347e+01
1.278263602951055411e+01
1.277984263795416453e+01
1.278059230193521678e+01
1.274785513122919056e+01
1.273155138486091253e+01
1.271648886922609378e+01
1.270385212427726884e+01
1.268892339550659365e+01
1.265390184861913525e+01
1.263627958145965025e+01
1.263546314254908864e+01
1.261719011138821678e+01
1.259690138279878013e+01
1.257848135982006532e+01
1.256879783907573511e+01
1.256062803490478785e+01
1.253363729910103785e+01
1.252733393734927247e+01
1.250593152200364422e+01
1.248381171852031279e+01
1.246737307256334759e+01
1.244264353699706582e+01
1.242332031664375336e+01
1.242614356912417328e+01
1.242221062862731173e+01
1.239854058870415443e+01
1.237669499914553484e+01
1.235702688232688473e+01
1.233851728624642163e+01
1.232951256310761856e+01
1.230550303745269680e+01
1.228483334178289432e+01
1.226735109035828586e+01
1.227291892812498553e+01
1.226327322800946718e+01
1.224452852950980564e+01
1.223503499825471863e+01
1.220801697859611679e+01
1.219556749783048666e+01
1.218384245191676740e+01
1.218272382412127897e+01
1.217203124159867933e+01
1.214919206408671215e+01
1.213511302337747999e+01
1.211963946343898257e+01
1.212186337967536609e+01
1.210413837557183214e+01
1.208564143394910317e+01
1.206253198285956074e+01
1.204153784735744992e+01
1.202153470699969340e+01
1.201644380221967978e+01
1.202529437867978857e+01
1.201073756327861375e+01
1.198663949938149820e+01
1.197894093429648343e+01
1.195549703706535283e+01
1.194209783234046185e+01
1.192603790115862594e+01
1.192973170224235346e+01
1.191624026088363664e+01
1.190869130782446561e+01
1.189638916629430909e+01
1.189096895053924108e+01
1.187002170832288606e+01
1.185058316706428094e+01
1.183102770060026998e+01
1.184159401986144111e+01
1.182623561422192893e+01
1.181682791896844087e+01
1.179953033092797554e+01
1.179573084520550452e+01
1.178121191520989619e+01
1.176272817678334093e+01
1.174912023238523417e+01
1.173001108359062350e+01
1.172830754399889130e+01
1.171018095677056259e+01
1.169654293683801605e+01
1.169362094285280840e+01
1.167365816286773494e+01
1.165399453294694432e+01
1.163178101822771104e+01
1.161682609053151616e+01
1.159478395115201366e+01
1.157997905913589420e+01
1.156064963177519545e+01
1.154377642524965530e+01
1.152517834073085012e+01
1.151023120775418818e+01
1.149486626238510922e+01
1.148677992419542981e+01
1.146849513050334934e+01
1.145358616827913956e+01
1.143759042129669545e+01
1.142458006996773712e+01
1.140479206986542238e+01
1.138672663330347667e+01
1.136735138569313719e+01
1.134872991237941875e+01
1.133767874219517857e+01
1.134094843902085081e+01
1.132468347343357351e+01
1.130377944129344137e+01
1.128493006106260310e+01
1.127112035938304224e+01
1.125530866320766599e+01
1.126860120048806735e+01
1.125952128792707363e+01
1.124667092480735420e+01
1.123881667484291214e+01
1.122731907370703652e+01
1.121547273500449826e+01
1.120722373578869124e+01
1.119540687750080110e+01
1.118440541882921835e+01
1.117517458647042794e+01
1.116424307479639744e+01
1.115828601015056165e+01
1.114395281979025398e+01
1.113045176161045013e+01
1.112778440984678774e+01
1.112192894807921384e+01
1.111095145694924646e+01
1.109797185063696467e+01
1.108067541080481888e+01
1.106370286752261833e+01
1.104994264698226303e+01
1.104766247714016281e+01
1.103350678390189898e+01
1.101519950384170166e+01
1.100480462090253653e+01
1.099475625815210300e+01
1.098598687992322454e+01
1.097357565969900506e+01
1.098401545729507944e+01
1.097338168892634158e+01
1.095908773121120028e+01
1.094424371451684408e+01
1.093778155400397090e+01
1.093582953102270849e+01
1.093421982305219586e+01
1.093629051859657686e+01
1.093019056508899212e+01
1.092088188851116648e+01
1.092124753743090970e+01
1.091089861655805215e+01
1.093088196991949701e+01
1.091999947021908746e+01
1.091438458020155267e+01
1.090962384889139436e+01
1.090102545216380925e+01
1.089339020429922655e+01
1.088873970916527334e+01
1.088379883305739781e+01
1.087896914801975790e+01
1.086614618438594171e+01
1.085997878935706318e+01
1.084916409956803740e+01
1.084172700228097241e+01
1.082838283532895396e+01
1.081935429400378901e+01
1.081886288460023238e+01
1.081291438209103717e+01
1.080015374310571730e+01
1.078658794620002759e+01
1.077776660120008856e+01
1.076746698218986076e+01
1.076239619578167073e+01
1.076990889724224054e+01
1.075759934025534115e+01
1.074758643505874467e+01
1.073546984320331532e+01
1.072319578091420489e+01
1.071824207741796187e+01
1.070813332674822327e+01
1.070218338467859809e+01
1.069135475235100508e+01
1.069149683799900785e+01
1.068005557356022628e+01
1.066625416970193463e+01
1.065243336578449984e+01
1.063845829813574007e+01
1.063923693348987065e+01
1.062665668801844632e+01
1.062100437290026811e+01
1.061801205726330544e+01
1.062015162621995223e+01
1.061873476356287682e+01
1.060590311856863366e+01
1.059882905655852880e+01
1.059637931072202832e+01
1.058451508616266423e+01
1.058641110656294160e+01
1.057526073472766726e+01
1.055966242265302490e+01
1.055720226301358267e+01
1.054450249037713405e+01
1.053036172688264749e+01
1.052946166300809594e+01
1.051679638934986727e+01
1.050785333219161544e+01
1.049830377466547304e+01
1.048417948991099813e+01
1.047220492561369554e+01
1.046176328622244078e+01
1.044858373615372926e+01
1.044413307733040774e+01
1.043617902922508200e+01
1.042250442944933297e+01
1.040813511238013689e+01
1.039416681707992396e+01
1.038573694181996743e+01
1.037260519873314912e+01
1.036421920058636559e+01
1.035252806731557840e+01
1.033995024402464225e+01
1.032727613570795455e+01
1.031567857518340681e+01
1.030925901663797895e+01
1.029322847735328494e+01
1.029384720210351212e+01
1.028237238488872229e+01
1.026959006536280228e+01
1.026169890786411543e+01
1.025175405034621434e+01
1.024194142780229022e+01
1.023338230816689354e+01
1.022668366357244629e+01
1.021784771880360942e+01
1.020716468595543702e+01
1.019462850857243907e+01
1.019064291492360574e+01
1.017867262716208820e+01
1.016938590988631574e+01
1.016136856270439282e+01
1.015064311185095747e+01
1.014001948458598079e+01
1.012955849215459381e+01
1.011713338322880951e+01
1.010730981369176007e+01
1.009712187404168127e+01
1.008903793595082909e+01
1.007628027123165815e+01
1.006317252227304060e+01
1.005354027409292428e+01
1.004340177355502206e+01
1.003645620231268154e+01
1.002396451638194108e+01
1.001648259035483512e+01
1.001058794664184504e+01
1.000882727685981344e+01
9.995889368506247763e+00
9.984915916047290452e+00
9.973659197117274999e+00
9.962097718036217131e+00
9.950944893969161598e+00
9.941413024602988813e+00
9.933727568807810826e+00
9.925274858811544476e+00
9.916891230283832570e+00
9.905586904415219607e+00
9.894509062612467432e+00
9.885350270547402118e+00
9.881157195005600968e+00
9.869486960637049222e+00
9.860395108536227582e+00
9.853264297426651552e+00
9.842674128728040372e+00
9.838172418056627677e+00
9.835243071577060903e+00
9.829716293018378792e+00
9.818051436747719407e+00
9.807570499777744644e+00
9.802793059827413558e+00
9.801311800685951425e+00
9.794201519146934487e+00
9.785183332546024459e+00
9.776909977600359625e+00
9.767323472823878916e+00
9.756572684675637319e+00
9.748411574973680160e+00
9.761944836740466869e+00
9.753191440660078371e+00
9.743331579812370080e+00
9.733752109573106992e+00
9.727138706382959299e+00
9.728535679659232827e+00
9.723703029441136181e+00
9.715216892906225254e+00
9.708975008331874434e+00
9.702301582873472441e+00
9.694055323476733932e+00
9.687898962533902036e+00
9.678639938402056941e+00
9.670695109495213160e+00
9.665804236303582542e+00
9.657046065422347780e+00
9.647850642913368802e+00
9.641552277014058703e+00
9.636183453758654593e+00
9.626713285410779974e+00
9.616367344967416741e+00
9.606221458654200518e+00
9.594922556635051336e+00
9.585879081316281969e+00
9.580995836431986490e+00
9.575069211983372242e+00
9.571465106854279981e+00
9.561819890109513054e+00
9.550845043767003162e+00
9.541028702576079823e+00
9.531638142842039585e+00
9.522224451569814008e+00
9.513907140622276160e+00
9.505256465124205079e+00
9.498360033651779943e+00
9.488901802190616408e+00
9.478999292043535974e+00
9.472022228040820835e+00
9.461598916890782363e+00
9.455123348355906288e+00
9.450883079916899021e+00
9.447719966540628178e+00
9.439815207680270603e+00
9.441613433794168841e+00
9.432760212947115974e+00
9.427338681578955715e+00
9.425290471951514704e+00
9.416878584716750211e+00
9.409496619913106485e+00
9.403391884245870358e+00
9.395846941131242858e+00
9.395505923247947422e+00
9.388578645384834331e+00
9.384226660748065996e+00
9.384349229703879303e+00
9.380852413808453250e+00
9.377723630995927095e+00
9.371438239479696009e+00
9.369273665621809855e+00
9.363237825046573093e+00
9.356911109175868546e+00
9.349822349422382217e+00
9.342154013285691505e+00
9.341055622602233655e+00
9.331457579282457004e+00
9.323269488774581504e+00
9.321167864327732033e+00
9.313294023383960507e+00
9.304824108692470119e+00
9.297222560361769084e+00
9.293269801589811863e+00
9.284335072186040705e+00
9.278440227785566208e+00
9.275959249222600178e+00
9.269021486482216687e+00
9.260984767198648271e+00
9.256040553726823106e+00
9.250077014960277566e+00
9.241437918838617094e+00
9.233768739430100680e+00
9.229447329449008919e+00
9.222574910094419209e+00
9.215352262871524758e+00
9.208061133995505187e+00
9.200750853012252151e+00
9.203574541354534233e+00
9.194019587870061017e+00
9.183922117256043904e+00
9.176258204353866077e+00
9.166722613896428840e+00
9.163811330373071939e+00
9.157984417602591520e+00
9.151162619205949866e+00
9.149242453402651520e+00
9.140299407248178909e+00
9.133203305267535654e+00
9.127543625270678973e+00
9.123879388803553425e+00
9.114139477694864766e+00
9.106351787103863060e+00
9.103186065036577901e+00
9.097242716155211184e+00
9.088456295429763188e+00
9.082237495477880174e+00
9.074950561797018977e+00
9.066496622317476550e+00
9.061905053984714797e+00
9.058549314043904843e+00
9.049366681660909961e+00
9.051471719835282315e+00
9.044494161752590244e+00
9.036932533105046517e+00
9.030400500057307767e+00
9.025098464044786439e+00
9.021645021771396600e+00
9.016920881122999276e+00
9.009252246209610959e+00
9.001173569679975728e+00
8.992616140887575327e+00
8.984592785220142375e+00
8.976607317674627495e+00
8.967503331130936672e+00
8.960211455061521946e+00
8.951254010396503702e+00
8.944277092391260453e+00
8.936464886656295903e+00
8.927016632293041098e+00
8.924129104048406091e+00
8.916063251398510303e+00
8.909072936171908097e+00
8.911651216113870788e+00
8.902709528325116750e+00
8.893468825174885239e+00
8.887026554274088497e+00
8.880132746478535566e+00
8.872195781744917298e+00
8.863433736007042540e+00
8.856077743370731170e+00
8.848526792579701095e+00
8.843264576051721448e+00
8.837512552452112757e+00
8.836416704271124800e+00
8.830038586213115437e+00
8.825512780267809276e+00
8.819145740650395027e+00
8.815505603631466514e+00
8.808676089247082786e+00
8.800711411785636429e+00
8.792024523778634304e+00
8.787093913711197857e+00
8.788462823298605286e+00
8.783474422983205798e+00
8.775409363281482911e+00
8.772199610684507931e+00
8.764540037635777381e+00
8.756856650672775189e+00
8.748299912126757505e+00
8.742528501543063157e+00
8.736996133247028951e+00
8.729762105127626626e+00
8.723587313977278157e+00
8.716837363892052437e+00
8.712398695144202065e+00
8.703561606180469923e+00
8.695615226235721806e+00
8.688810022142485323e+00
8.683242739241691766e+00
8.673906318805462590e+00
8.666709573023750224e+00
8.663717457037353853e+00
8.655412697439528458e+00
8.647114054691584784e+00
8.638954821868008338e+00
8.636307471467048913e+00
8.629445351425733435e+00
8.623483707166746726e+00
8.618790562922727716e+00
8.614998767256670575e+00
8.606957330892722524e+00
8.601287602309527713e+00
8.592950720599622727e+00
8.584139001445050710e+00
8.577199734015378496e+00
8.569597968155948209e+00
8.561610217338216700e+00
8.557450171296343555e+00
8.550622964564484008e+00
8.546386519226544465e+00
8.537744933072509923e+00
8.533787490235626549e+00
8.525628621980185784e+00
8.521972437487765006e+00
8.516093738110420475e+00
8.509143430432828836e+00
8.505433147344376721e+00
8.498391416159032374e+00
8.490974264882094502e+00
8.487445810783524891e+00
8.483308303015990148e+00
8.485892644150849762e+00
8.479747637672211624e+00
8.476265258343769204e+00
8.469416024068079807e+00
8.463491678018327136e+00
8.460352340583325415e+00
8.460767989873176020e+00
8.457321418906598609e+00
8.452341458066067403e+00
8.445694027769782508e+00
8.438260162994062341e+00
8.434415201726515932e+00
8.427018746098633883e+00
8.420742295832521762e+00
8.415930306748553136e+00
8.410125250896049565e+00
8.403357785953600612e+00
8.396999666641928428e+00
8.391624554721403229e+00
8.385507384867819880e+00
8.379567441372596903e+00
8.372476587692162298e+00
8.366943308736098928e+00
8.362832529998362574e+00
8.355046520985071723e+00
8.348250618297036851e+00
