5.000000000000000000e-01
9.243638883211499069e-01
9.870393450369705501e-01
9.887284724245547496e-01
9.922326347969402383e-01
9.944949707988883780e-01
9.959677388961125644e-01
9.964869374129367019e-01
9.964467269967861585e-01
9.962699693131034095e-01
9.966353709606579070e-01
9.957011383287601713e-01
9.977894707851179268e-01
9.987455335852645222e-01
9.980965426869663482e-01
9.949611739006278821e-01
9.981039353734247888e-01
9.970948191763390200e-01
9.977725110926537466e-01
9.983808567108922727e-01
9.989259441257858363e-01
9.986922772518339597e-01
9.986409343196049893e-01
9.972819846029185031e-01
9.983940765737361334e-01
9.977758160583646285e-01
9.977328225131945061e-01
9.990866698266778201e-01
9.988628018861496205e-01
9.991247349142085010e-01
9.989574282728219679e-01
9.993489217549368364e-01
9.989970878613536609e-01
9.985432348946395864e-01
9.993853343596120764e-01
9.995344926805155295e-01
9.992449312987499166e-01
9.997255718822795068e-01
9.995101403015924646e-01
9.986417750564958729e-01
