1.870782241676579716e+01
1.861856763638303747e+01
1.877019705888679368e+01
1.867018914551975683e+01
1.839468805115505390e+01
1.833027277858359483e+01
1.827160146129190110e+01
1.826608091687957369e+01
1.802172518954403913e+01
1.795759755791095102e+01
1.782304482430190617e+01
1.772347482906839033e+01
1.769215383508042905e+01
1.750629021872935454e+01
1.747065968506207767e+01
1.727693564835120199e+01
1.727875368861657535e+01
1.722123853684496808e+01
1.704156551540174291e+01
1.704067138885318045e+01
1.700738093047210242e+01
1.688743186591847589e+01
1.686711011415965089e+01
1.687062712026503775e+01
1.681931843615221922e+01
1.673208298993055365e+01
1.663728093047379630e+01
1.662762912729019860e+01
1.655349091803157435e+01
1.649143347802978354e+01
1.641263690423038213e+01
1.636453613814069286e+01
1.630172327270556210e+01
1.626620375950402675e+01
1.621889142437722242e+01
1.616452695742892942e+01
1.605259477279412650e+01
1.602689637973423586e+01
1.591484665350316519e+01
1.590756650045338816e+01
1.582893829959754051e+01
1.574924140924917637e+01
1.567932145404995126e+01
1.562294896563846436e+01
1.561808428117042702e+01
1.552981866186743076e+01
1.552474873051611937e+01
1.544242898216003290e+01
1.537070473032030904e+01
1.535747618034006479e+01
1.535635231429527892e+01
1.533446117275859422e+01
1.536910280372423188e+01
1.528784583273639619e+01
1.528116255606332707e+01
1.520046834532305269e+01
1.512157648587904646e+01
1.506230918839709254e+01
1.501450081241580037e+01
1.498043155600338672e+01
1.491703335574982603e+01
1.489566372919017745e+01
1.491459058473756194e+01
1.488005410893561731e+01
1.483079521667341538e+01
1.477599537221678538e+01
1.471300409838855749e+01
1.474253418189600495e+01
1.469082476788059743e+01
1.468010925744158968e+01
1.463284729209780366e+01
1.460116013080702402e+01
1.461524972846761905e+01
1.454443862894818018e+01
1.447363966289972304e+01
1.442897943517180082e+01
1.437632070780751548e+01
1.433190510471064449e+01
1.429888563096056942e+01
1.425837960790562953e+01
1.423785710343539357e+01
1.420962388535660637e+01
1.416677805394986045e+01
1.412295277354729706e+01
1.409589626144569685e+01
1.409671160336238849e+01
1.406663475597927437e+01
1.406965740905141615e+01
1.404433090560778474e+01
1.398444838996357120e+01
1.394387554549408748e+01
1.391928778803970879e+01
1.387485645449922167e+01
1.385688983536428687e+01
1.381184766821910870e+01
1.377055428074480581e+01
1.373518032823560908e+01
1.368151164043332102e+01
1.362786668553639124e+01
1.359251137679820332e+01
1.354354010917996476e+01
1.349202579786757639e+01
1.351861124736312014e+01
1.349015532612866686e+01
1.344745419294845590e+01
1.339480415895042498e+01
1.337776175984285310e+01
1.335700571786468949e+01
1.330591593280309226e+01
1.326195739583852529e+01
1.325709151785448903e+01
1.321088347800428764e+01
1.320400379352762421e+01
1.321251060889785656e+01
1.314860790627574083e+01
1.309265020208534480e+01
1.304296301554274962e+01
1.304361101789334576e+01
1.301939028843326263e+01
1.297822574971083398e+01
1.295655347360123599e+01
1.293730919757074282e+01
1.289670428495392684e+01
1.285573521156847576e+01
1.282089696605702933e+01
1.279774137628620068e+01
1.277311554293400597e+01
1.274977164104815586e+01
1.271645592226728461e+01
1.267776404536636470e+01
1.264288683728839580e+01
1.261432871702367464e+01
1.259748311100413964e+01
1.256285407993191150e+01
1.253805250441289409e+01
1.251624739628060468e+01
1.251128112108047397e+01
1.250320247073350366e+01
1.246329891091944830e+01
1.242605222687572031e+01
1.239552079497003056e+01
1.236258282510678441e+01
1.233574593056660795e+01
1.232109440196453676e+01
1.227721628405240573e+01
1.225078254113507192e+01
1.221285921083679149e+01
1.217754257513059812e+01
1.213456021949716934e+01
1.213002752048306299e+01
1.208987052621496971e+01
1.205459141182622851e+01
1.205018207217454496e+01
1.202682107455652627e+01
1.201162658436690478e+01
1.197063215800308988e+01
1.195367632420020776e+01
1.192813531777118996e+01
1.189130927069613186e+01
1.189555136509695821e+01
1.186894181975083562e+01
1.187261796877988651e+01
1.183570115606028672e+01
1.181492445081019227e+01
1.178601139249238905e+01
1.176868497705341277e+01
1.175886519196171776e+01
1.173324222509650916e+01
1.173324897794810440e+01
1.173760269063119566e+01
1.171024105153847472e+01
1.168339880774010098e+01
1.166288991914997375e+01
1.163016291089677878e+01
1.160461064602059444e+01
1.158812915400393173e+01
1.155714272790818065e+01
1.153995277725051238e+01
1.152567527045510865e+01
1.149476917892259209e+01
1.147071386432927831e+01
1.144779722576883785e+01
1.141825227443165325e+01
1.138050099233675816e+01
1.135714769799922763e+01
1.133629596114335314e+01
1.133039833571002752e+01
1.130537970243378787e+01
1.131908641731910770e+01
1.129169127188273869e+01
1.128537903549091936e+01
1.126724438828004438e+01
1.126710656221865214e+01
1.124991698586024924e+01
1.123797975918091296e+01
1.124979022458482625e+01
1.123633369890447575e+01
1.120505871734013326e+01
1.117601958188277145e+01
1.115566465355582082e+01
1.117093041991587832e+01
1.114285742656149658e+01
1.112059209253188108e+01
1.110242929490552832e+01
1.107609377683629326e+01
1.105676643345795718e+01
1.103614646393940646e+01
1.101979333327684429e+01
1.100121782496952783e+01
1.097973091340341334e+01
1.095922985922014092e+01
1.095181245430631023e+01
1.092765657456342865e+01
1.090683653820977028e+01
1.088724442766100786e+01
1.086274042782402205e+01
1.084059242870800688e+01
1.082803846174991946e+01
1.081596012299754861e+01
1.081121848636017901e+01
1.078927631783516183e+01
1.076466000425568126e+01
1.074483496492098489e+01
1.074755523656432921e+01
1.073308905482615216e+01
1.071179360492869925e+01
1.069264928350742139e+01
1.066676902623570733e+01
1.064892405950227783e+01
1.062306298984963071e+01
1.060690545208941593e+01
1.058725728287678081e+01
1.058037011424182872e+01
1.057022136319975480e+01
1.055989699368984347e+01
1.054939109350778459e+01
1.053053829910632899e+01
1.050529212890079478e+01
1.048609433754445952e+01
1.046032547106857891e+01
1.046552814649098906e+01
1.044404234486975902e+01
1.042062711405013076e+01
1.040501510047395328e+01
1.038350650548391130e+01
1.035947372677141765e+01
1.034205374224909058e+01
1.032419655607969844e+01
1.030258254369368309e+01
1.028277487704166226e+01
1.026824460904846248e+01
1.024898125740191901e+01
1.023633430743064210e+01
1.021434597952671730e+01
1.019717502907612783e+01
1.018117717379358922e+01
1.016465380980800504e+01
1.015601329842497869e+01
1.014133331888351286e+01
1.012263154438153379e+01
1.010087837032165758e+01
1.008852050015377166e+01
1.007329044767282333e+01
1.005216256708320444e+01
1.003691484694438607e+01
1.002180670261600426e+01
1.000740547271066916e+01
9.986349188724004122e+00
9.966152771807623267e+00
9.971412142407723778e+00
9.950902442632552081e+00
9.929290652577227760e+00
9.915173929379117013e+00
9.893057717571965171e+00
9.881886767459050702e+00
9.868600573282208188e+00
9.859139261316943958e+00
9.841033096468063235e+00
9.826524994222985754e+00
9.808499345847154771e+00
9.797587528172462257e+00
9.784360277426310759e+00
9.772308762980227215e+00
9.758537293685231262e+00
9.763657160655174749e+00
9.750945727008291541e+00
9.751017305532132085e+00
9.732653431726884463e+00
9.716669439592914514e+00
9.702530472335331169e+00
9.685996385906625150e+00
9.674713075219109726e+00
9.656684524385088508e+00
9.641863066377320379e+00
9.623304853301144490e+00
9.604200703571063258e+00
9.589224275394643726e+00
9.592990955394217423e+00
9.574944414995757214e+00
9.553753911516736252e+00
9.545462945245146713e+00
9.531181309830124349e+00
9.527017791065587105e+00
9.511667625277825167e+00
9.497127241557807409e+00
9.502379122024100511e+00
9.486744886030241020e+00
9.479791183563254009e+00
9.478041233878929717e+00
9.463022033359012042e+00
9.451164109693738880e+00
9.437290110337396953e+00
9.420651171609591756e+00
9.413790385161508567e+00
9.396994646733640266e+00
9.381963119154496766e+00
9.368218137186657302e+00
9.373210199191655434e+00
9.356842765923067518e+00
9.343926641882445594e+00
9.327757596012592245e+00
9.310028302051499338e+00
9.293692050299393159e+00
9.282267264842731791e+00
9.269715628880785374e+00
9.254702552830879725e+00
9.242665166479801186e+00
9.232407929805923175e+00
9.221673024915311601e+00
9.231470491940754641e+00
9.214477933733096648e+00
9.200426887430941392e+00
9.194603581402283510e+00
9.179740119143399824e+00
9.164992011274966544e+00
9.163727253611940071e+00
9.149706625143455341e+00
9.144216703550576142e+00
9.129527344097141395e+00
9.129288555705464603e+00
9.115736964568013079e+00
9.100955544148783716e+00
9.089630698992371194e+00
9.086869878543831547e+00
9.071082919842643477e+00
9.054786920109394899e+00
9.044365819876665213e+00
9.033831164515598644e+00
9.023018154161452031e+00
9.019098480102377025e+00
9.005372947278056373e+00
8.995545387882886601e+00
8.982244540588505188e+00
8.975288889876637199e+00
8.964676561614096428e+00
8.952105971277582341e+00
8.936925843504544886e+00
8.942925235600156952e+00
8.945480850682480778e+00
8.943485081342069876e+00
8.930376991107859652e+00
8.919027589037732184e+00
8.913032426555121290e+00
8.904493845095618809e+00
8.890776473565402682e+00
8.877441903188257655e+00
8.864601711056151245e+00
8.853032365013945082e+00
8.838922324673905706e+00
8.825183022866426086e+00
8.817187272799881015e+00
8.806182220903220781e+00
8.797928376200635725e+00
8.794145182485284096e+00
8.780868640325383723e+00
8.770750611727235579e+00
8.758841929385432934e+00
8.744747306680709542e+00
8.730834721046607072e+00
8.720343254214339979e+00
8.706875913602392103e+00
8.695697743970494997e+00
8.685142367431611277e+00
8.673400918501842582e+00
8.659953825033328556e+00
8.658488803226781272e+00
8.645912323979846548e+00
8.635710968878180793e+00
8.628384460122445532e+00
8.617988762471929576e+00
8.604857552286581779e+00
8.604534888996090203e+00
8.593981376006583517e+00
8.584786042255712957e+00
8.572360730331642031e+00
8.560894883078175255e+00
8.564773566324596743e+00
8.551488077992612347e+00
8.557928108126898081e+00
8.553527768652017471e+00
8.553350823632259292e+00
8.540276070915091111e+00
8.533420606389370278e+00
8.523407702271139641e+00
8.517072706489027922e+00
8.504695744257597667e+00
8.494012798740579129e+00
8.485171254965267806e+00
8.477114519812589677e+00
8.470550381246731320e+00
8.459187879167151536e+00
8.447995957319102800e+00
8.436406768765996489e+00
8.425060507608360894e+00
8.411988473894693286e+00
8.398131414846224274e+00
8.388787567494958353e+00
8.380970528998796354e+00
8.377102772406296083e+00
8.367745922423601712e+00
8.355013570314451243e+00
8.351855080539237974e+00
8.343917022550455087e+00
8.336458464232569199e+00
8.326991872887266055e+00
8.318404038837696746e+00
8.307470347912639497e+00
8.306411793462041615e+00
8.295427000896758329e+00
8.287371762738946046e+00
8.283627102936371500e+00
8.273485014637877555e+00
8.275630666203850794e+00
8.266610708490189197e+00
8.256319230901384643e+00
8.247806440720012233e+00
8.236714174068406891e+00
8.228272841538224469e+00
8.218928547907660587e+00
8.221967798770220881e+00
8.213483331238002449e+00
8.202734287922897494e+00
8.196017458827570934e+00
8.186162486044135989e+00
8.175147427014856305e+00
8.167702019173042061e+00
8.159686825933173182e+00
8.160058346952503427e+00
8.149230740861391098e+00
8.138914976850189831e+00
8.134226999158311600e+00
8.124328765624598603e+00
8.114930112006662810e+00
8.105614643453312951e+00
8.097249319187046268e+00
8.088964898620165656e+00
8.078830791787286358e+00
8.069728031853468764e+00
8.063188149331136145e+00
8.053081161898715479e+00
8.044090967593536590e+00
8.049026104105440282e+00
8.041071767114889468e+00
8.033815853181593525e+00
8.026754357303669707e+00
8.017741328027831571e+00
8.009092321005319093e+00
8.008730021996695925e+00
8.001270598763586150e+00
7.990451682823561441e+00
7.980635784131491661e+00
7.972853946269830239e+00
7.964472725127355268e+00
7.956031071181723924e+00
7.948784056718946722e+00
7.943200853214433366e+00
7.940186327676504341e+00
7.932445780341424779e+00
7.936378834373037705e+00
7.928074359778317870e+00
7.918874608101332591e+00
7.912672110187129348e+00
7.904433959377742624e+00
7.899818960182395600e+00
7.890584962046458095e+00
7.896881025403978072e+00
7.887272323181034217e+00
7.880512639769820638e+00
7.871706140075907854e+00
7.863525879037849720e+00
7.856670193254593926e+00
7.848863884351057862e+00
7.844369677475047986e+00
7.847160614873410545e+00
7.848072421359247208e+00
7.839762314843864210e+00
7.834025043752161466e+00
7.826359136365578451e+00
7.818875670474409567e+00
7.810643370059679569e+00
7.811264135095703942e+00
7.804661736023732033e+00
7.798011953167876875e+00
7.790430977797384138e+00
7.780533098681179816e+00
7.771165913123117441e+00
7.765486797486823356e+00
7.758877595038005559e+00
7.750574572301039744e+00
7.740855921056214228e+00
7.731939962561354740e+00
7.726724764547994617e+00
7.720895845553999770e+00
7.712313575277542910e+00
7.703057003115665324e+00
7.694966054112736487e+00
7.689887270028347821e+00
7.681978499311608921e+00
7.674863934943939370e+00
7.670521013455183557e+00
7.663564345797285959e+00
7.655483783316685553e+00
7.649696210698798460e+00
7.641307933335392377e+00
7.633764318162306495e+00
7.633959217971219680e+00
7.634872709562548820e+00
7.627307035028424664e+00
7.618606396926393742e+00
7.609971217144511968e+00
7.605544564193261969e+00
7.597261821382879532e+00
7.590189962417347225e+00
7.586220636149523244e+00
7.578852594741395166e+00
7.570863276145254339e+00
7.567214483306779371e+00
7.558973174629418423e+00
7.553824766965158588e+00
7.549031451670090931e+00
7.541999767249017772e+00
7.533728115955760529e+00
7.528002918420149570e+00
7.520573806939562012e+00
7.512523618631193223e+00
7.505843907822986161e+00
7.497149683581196378e+00
7.492935279251350167e+00
7.485207334407266266e+00
7.478291444947735123e+00
7.482809540505772183e+00
7.474463022611912422e+00
7.467671552601411022e+00
7.461278648010990722e+00
7.452991381418010874e+00
7.444611128374148734e+00
7.435647074772618659e+00
7.435651919474126181e+00
7.432724164327628280e+00
7.424916028885882646e+00
7.418435020417256887e+00
7.410460572199157880e+00
7.402701190430136968e+00
7.396425573375726259e+00
7.396497792741979715e+00
7.388529001525947493e+00
7.387782840390848094e+00
7.380991678345333540e+00
7.373158091205237241e+00
7.366365069768127327e+00
7.361020664667929481e+00
7.352706201571585609e+00
7.346464709781672653e+00
7.339168869976239407e+00
7.333184959469629227e+00
7.336560327321705266e+00
7.330924935581971447e+00
7.325132974094820781e+00
7.330235825254892035e+00
7.322601050697024938e+00
7.316102153160907839e+00
7.310805342194528933e+00
7.303227223596244322e+00
7.303583472419179046e+00
7.296087166863182816e+00
7.289807400042730201e+00
7.289451664912869333e+00
7.290450624304900984e+00
7.282476418106620386e+00
7.274178072471838341e+00
7.268102020853670631e+00
7.262419582441371091e+00
7.254321621533100561e+00
7.248370024936846789e+00
7.245951107873866981e+00
7.239704253079992213e+00
7.233205725524380014e+00
7.238336715893552764e+00
7.232645155006990123e+00
7.227511774468497130e+00
7.220968644544299764e+00
7.215332503515806017e+00
7.208643702927596486e+00
7.202807458918334405e+00
7.196012232588264723e+00
7.187967898609780804e+00
7.180842666544112518e+00
7.174440847102190766e+00
7.167816860958493130e+00
7.161411338273855343e+00
7.161439254069428273e+00
7.153739172160688220e+00
7.146535203294194893e+00
7.140850792201028696e+00
7.134973935043623428e+00
7.127520170799302335e+00
7.121138466281125012e+00
7.114868998481598261e+00
7.107524786970203401e+00
7.125540937873067193e+00
7.119071581754191413e+00
7.113745692699115608e+00
7.107095291894395039e+00
7.101412543181018222e+00
7.095962724299435642e+00
7.096161724137608040e+00
7.089166957931658075e+00
7.082464064095592704e+00
7.076990454932954755e+00
7.071078474701613992e+00
7.071468387908069531e+00
7.064942191085228806e+00
7.064936132935034863e+00
7.059809961049757554e+00
7.053831265750030610e+00
7.046464186634613824e+00
7.039981593458650266e+00
7.033177930656248300e+00
7.029013015128306563e+00
7.021984395793035461e+00
7.017437026145675993e+00
7.011744640709936860e+00
7.005911034308304863e+00
7.004709151108363230e+00
6.997675511299424222e+00
6.991260586949867850e+00
6.986132959349781402e+00
6.981795021901824327e+00
6.975486215020845648e+00
6.968965475910654739e+00
6.962765681349515567e+00
6.956532558461637983e+00
6.951248348077952777e+00
6.944421555382634281e+00
6.939245208945956200e+00
6.932661656099157632e+00
6.926168211059159141e+00
6.919951653620933563e+00
6.913620136409740269e+00
6.906142791167406259e+00
6.899611839226417409e+00
6.895776606263523512e+00
6.889628975665474719e+00
6.888080219488903921e+00
6.882313787327281496e+00
6.876384075437257160e+00
6.869462274315965900e+00
6.863002748032271505e+00
6.858429155803075439e+00
6.857990548012852905e+00
6.852962661157490309e+00
6.847028801160989886e+00
6.846856344241285086e+00
6.850072374663177754e+00
6.845066415073165267e+00
6.841791576856894430e+00
6.839177220084190267e+00
6.836995074446473808e+00
6.831688754921552587e+00
6.828007639225367242e+00
6.822269258240805989e+00
6.819747922016720310e+00
6.817870225457110855e+00
6.812154343417595292e+00
6.808182366732007829e+00
6.804065716704575273e+00
6.799583251683250396e+00
6.798886246159743685e+00
6.793448170889425874e+00
6.787942616477926627e+00
6.784157017771754283e+00
6.779093617876049471e+00
6.779633417500971149e+00
6.774148263795220615e+00
6.769544629050582074e+00
6.765228471537009902e+00
6.760007461966715425e+00
6.754042046122972209e+00
6.748599918818287691e+00
6.742431750378332644e+00
