2.647272981907438805e+01
2.668816044224546857e+01
2.645527712691358602e+01
2.602190056234294957e+01
2.573762643457351729e+01
2.556809647896670157e+01
2.523881907850137551e+01
2.490485715874582695e+01
2.494664873689884388e+01
2.463922549613380397e+01
2.449020867146681368e+01
2.441927273261055120e+01
2.416813792147757667e+01
2.422442827665226162e+01
2.417515805333032120e+01
2.399540270144114373e+01
2.393476503475895711e+01
2.387630828167583275e+01
2.378012037866328043e+01
2.362172236928264013e+01
2.347580009608996576e+01
2.350159945873970813e+01
2.345804377301679722e+01
2.340395072274281318e+01
2.339894702442944308e+01
2.345743198658899331e+01
2.335332613439368998e+01
2.315317052891919047e+01
2.308128105630133575e+01
2.293597979116676555e+01
2.275119743259750749e+01
2.268739070666760682e+01
2.260906671193627204e+01
2.250022318875528171e+01
2.235327466841567912e+01
2.229121164949681244e+01
2.233422056411361112e+01
2.236987705221441303e+01
2.220447281538095297e+01
2.216871059798340937e+01
2.210976247519867854e+01
2.209474950524798231e+01
2.206517841612072317e+01
2.199864324684339678e+01
2.198132394398332679e+01
2.196624272732003647e+01
2.196806135360445467e+01
2.187239975397369918e+01
2.182379191003455077e+01
2.181292450563485019e+01
2.175341301457785903e+01
2.174934922643447166e+01
2.160466606633225695e+01
2.147364686611365059e+01
2.141286616567775170e+01
2.138433278182566966e+01
2.126420375575521859e+01
2.121955270193764065e+01
2.118120937356223621e+01
2.107636117977067514e+01
2.105134048996135476e+01
2.097489251911739316e+01
2.094924575296266056e+01
2.088900377364347705e+01
2.085620208719981861e+01
2.078913551113038949e+01
2.079058455279279016e+01
2.072037642930432710e+01
2.064780244851868218e+01
2.054329990835089248e+01
2.050469907939341496e+01
2.057280507214665377e+01
2.052615626150589279e+01
2.041497016407960885e+01
2.047202556139776419e+01
2.043975381028739235e+01
2.039757450454679599e+01
2.036687597821529039e+01
2.033836559952207779e+01
2.029488505329317150e+01
2.027127550310540016e+01
2.022699796425742491e+01
2.016608973708745012e+01
2.008718398056419119e+01
2.003002210504049430e+01
2.003670403916258991e+01
2.001880192194390773e+01
1.995334231008826720e+01
1.985191736085707248e+01
1.981959442466551025e+01
1.972285056472394871e+01
1.967900783972420342e+01
1.964342791775537123e+01
1.956455613060569831e+01
1.951572731241924430e+01
1.951236019279559386e+01
1.946247442799308303e+01
1.939296805100579490e+01
1.933500120912556142e+01
1.929583593481521575e+01
1.922232405150396772e+01
1.918005350984717339e+01
1.921889393546896940e+01
1.919491822495288247e+01
1.914835187284288409e+01
1.906021022422560307e+01
1.902971502374612456e+01
1.896122913234872343e+01
1.893223601969878089e+01
1.887535882645624952e+01
1.886768800073288688e+01
1.882804707302067726e+01
1.877351128693906190e+01
1.879188577223150602e+01
1.878498616318272241e+01
1.874771658552518616e+01
1.871748140863392251e+01
1.875456149046716448e+01
1.870000670618942351e+01
1.867073048115522838e+01
1.861306874577126180e+01
1.855835992909232246e+01
1.854527700046890004e+01
1.855365866586447154e+01
1.852882768907988620e+01
1.848500585384634931e+01
1.846358624559352890e+01
1.848473607547601816e+01
1.844438620851269661e+01
1.837999508546184657e+01
1.834141440191000427e+01
1.831421022733542259e+01
1.828366231627006044e+01
1.823485321928420788e+01
1.818213988487741162e+01
1.813848940150873901e+01
1.807678897207989266e+01
1.806138652480239415e+01
1.801881677155523320e+01
1.800825084729966363e+01
1.795923751422914805e+01
1.790451742804495794e+01
1.786104242692521282e+01
1.780998422005000137e+01
1.776254840554163650e+01
1.772391699463549131e+01
1.769217141686166528e+01
1.763456293047616441e+01
1.761063502978586826e+01
1.756777185030146882e+01
1.751448261987244237e+01
1.745201424359347442e+01
1.741172678728656820e+01
1.740698448682632815e+01
1.736806311784369328e+01
1.736979522692513811e+01
1.732108018910849623e+01
1.729155978943421346e+01
1.724425455607230617e+01
1.721791226112189932e+01
1.717004676217685244e+01
1.714946654036259943e+01
1.712623411231201587e+01
1.713224469226850033e+01
1.709578531455940364e+01
1.708992410967377396e+01
1.705326154807916694e+01
1.700689148003002771e+01
1.697827004858095279e+01
1.696125734576468957e+01
1.696165009386313827e+01
1.693172187251668959e+01
1.690188557940874858e+01
1.687657852293392935e+01
1.684663778646260113e+01
1.681017988382220807e+01
1.676080762507832134e+01
1.672637958298477301e+01
1.668001958551223751e+01
1.668119254167204701e+01
1.664868826368597610e+01
1.660408332809792853e+01
1.664709827287154198e+01
1.662130738715173450e+01
1.660312629333997236e+01
1.656699408557153319e+01
1.653532082435292594e+01
1.649497365470556431e+01
1.645510376962402432e+01
1.641995682694449954e+01
1.638672061264790614e+01
1.634987819144440380e+01
1.630687665903743522e+01
1.627412344368269714e+01
1.622912725263991263e+01
1.619873098742388251e+01
1.617452961238351250e+01
1.614021992860644517e+01
1.610522004568880661e+01
1.610586188907065619e+01
1.607294891696318473e+01
1.603047703244060784e+01
1.601751027347457779e+01
1.599299474285061429e+01
1.596493243390213834e+01
1.592350834309880980e+01
1.588102960825187004e+01
1.584728388930571619e+01
1.581400525152363024e+01
1.579227084312432616e+01
1.577052710010249825e+01
1.573999552926832202e+01
1.570304460704549498e+01
1.567812051803489659e+01
1.564921649487034117e+01
1.562097427246470538e+01
1.558453453025381563e+01
1.556016805040572315e+01
1.552024975644557081e+01
1.548360059866747918e+01
1.546070073169712522e+01
1.544836321125615619e+01
1.541189357759081524e+01
1.539342381131978144e+01
1.535730520796482423e+01
1.533520016271981490e+01
1.530223917612076789e+01
1.528638645048702394e+01
1.525460457026856886e+01
1.524854283662219956e+01
1.522810965499489022e+01
1.521457189238942931e+01
1.519031604607348918e+01
1.516100095261430525e+01
1.513841945883687146e+01
1.511760368813136068e+01
1.509430235284764166e+01
1.509394532096242436e+01
1.506339289884402000e+01
1.503512734765958037e+01
1.500647210130973086e+01
1.500451121808013433e+01
1.500920157557793821e+01
1.500463557722817853e+01
1.497946328107192571e+01
1.496404372026079876e+01
1.493390212341791745e+01
1.490015907371707726e+01
1.487274743056222448e+01
1.487214998403648991e+01
1.484176228707378620e+01
1.482529883629638334e+01
1.481862865121609651e+01
1.482608875528477199e+01
1.481276372823792187e+01
1.479151010534376454e+01
1.476928805735685835e+01
1.474754229837883912e+01
1.472807057804953779e+01
1.469852699329387491e+01
1.466379892648610905e+01
1.463437581765828455e+01
1.460598872558206374e+01
1.458128346675796116e+01
1.454805356251959303e+01
1.454137569990415280e+01
1.451466558052030642e+01
1.449894795868413944e+01
1.447711838615760449e+01
1.445489088083498608e+01
1.443336752236969112e+01
1.440281850919430795e+01
1.437587754711780086e+01
1.436545686006019729e+01
1.437147453029544586e+01
1.434618440413044027e+01
1.431985154353068879e+01
1.429822871656326733e+01
1.431581282246821196e+01
1.429205294490285638e+01
1.426568603419903880e+01
1.423860311670835976e+01
1.422072132329120997e+01
1.420424687207111525e+01
1.417880934449363295e+01
1.416235941768360718e+01
1.415999261048149016e+01
1.415736669858427454e+01
1.413889488048378063e+01
1.411629478873628685e+01
1.408896352658667972e+01
1.406401837236179908e+01
1.404060214347546598e+01
1.401749734073360898e+01
1.401575932382550782e+01
1.399606313187355511e+01
1.397928334609327017e+01
1.395568557916003982e+01
1.394779568044170581e+01
1.392698540285629250e+01
1.392730058560764306e+01
1.390017182844191623e+01
1.387551118285918150e+01
1.385495040376090259e+01
1.383224416898248421e+01
1.381332489215301251e+01
1.379225095612777707e+01
1.377726869194100878e+01
1.375036659978921350e+01
1.374341021153454889e+01
1.372006921287626291e+01
1.371820303628100923e+01
1.372093417276166250e+01
1.369637066051928898e+01
1.367540389104260079e+01
1.365263699952930843e+01
1.362664175561993929e+01
1.362727902416950876e+01
1.361056042906274755e+01
1.359131417177774281e+01
1.358469277577787437e+01
1.356552909536245721e+01
1.354510263475819087e+01
1.354452595123888869e+01
1.354410200802055719e+01
1.351977557723570023e+01
1.349560920541342135e+01
1.347451980691262108e+01
1.345667146311784634e+01
1.343701890632902440e+01
1.344182442991864690e+01
1.341784082687210322e+01
1.339825745153042824e+01
1.337693212360125905e+01
1.336567636770724654e+01
1.334841556163346077e+01
1.332750435182810378e+01
1.330516631306702102e+01
1.330686552580466930e+01
1.328872917782041618e+01
1.327536313447753358e+01
1.325825986653271116e+01
1.323939672900859854e+01
1.322025099882692700e+01
1.319830153691939678e+01
1.317827493892733237e+01
1.316103836380078462e+01
1.315147543251416806e+01
1.315521560165064230e+01
1.313241037014703494e+01
1.311187261176954166e+01
1.309959436882934547e+01
1.307851215885345475e+01
1.305898779607138849e+01
1.303771862594251196e+01
1.301559298622745686e+01
1.299885805437394737e+01
1.298258231341462121e+01
1.297227920827249115e+01
1.296500362342067092e+01
1.295111174464553372e+01
1.295102404449911759e+01
1.295074482324942977e+01
1.293236257777894060e+01
1.294196561108652688e+01
1.292577562716725481e+01
1.290995362803649371e+01
1.289045427111911124e+01
1.287202245632561137e+01
1.285847975182962166e+01
1.284026813143637469e+01
1.285466300317744626e+01
1.284064467223488570e+01
1.282220204803736152e+01
1.280051288529222298e+01
1.277943546048709500e+01
1.276671935356927001e+01
1.278396471633829989e+01
1.277177171355435448e+01
1.275170453202643195e+01
1.273329980745775458e+01
1.271394090596059812e+01
1.271286652260867456e+01
1.269532736927442507e+01
1.267879563146400734e+01
1.265806662753186451e+01
1.265277267088131907e+01
1.265425519748481165e+01
1.265664761648802816e+01
1.264216899263779226e+01
1.262678427229641365e+01
1.261008580341813179e+01
1.259143028754311899e+01
1.257602339041745942e+01
1.255803644857014234e+01
1.255941400951991582e+01
1.254989828464594304e+01
1.253685893911167959e+01
1.252627831045630735e+01
1.251392185890882836e+01
1.250339850113085127e+01
1.248438616853797711e+01
1.246639293447496932e+01
1.247077572005765589e+01
1.245480881192157696e+01
1.243708992169421279e+01
1.241994754680482416e+01
1.240666237119412152e+01
1.240446827475657798e+01
1.238671721413830440e+01
1.237524091051651354e+01
1.236205974600731494e+01
1.235560200304324674e+01
1.234604080260554504e+01
1.232799140634397794e+01
1.230952144824634686e+01
1.229680665053907340e+01
1.228517998689214252e+01
1.227209412544247158e+01
1.226030748642985557e+01
1.225109443574477908e+01
1.223406609741104134e+01
1.222150419424801804e+01
1.221017067663722244e+01
1.219402740631214144e+01
1.219273125619268328e+01
1.217391226738321564e+01
1.217744908123001579e+01
1.216372020533299469e+01
1.214955886533529217e+01
1.213571426842219125e+01
1.211955790989471105e+01
1.210414021593407696e+01
1.209318796173254995e+01
1.207934264840177363e+01
1.207971254764115798e+01
1.206505783561807554e+01
1.205394450593704647e+01
1.204383002391620394e+01
1.202643484660907802e+01
1.203058668701060085e+01
1.201436763631959614e+01
1.200185040025485428e+01
1.198670026179278736e+01
1.198149268347539298e+01
1.198439822436792923e+01
1.197129037548638841e+01
1.196174809182132037e+01
1.194603659113083793e+01
1.193405552173019224e+01
1.193723232794773459e+01
1.193648945239544013e+01
1.192181908197168205e+01
1.190713808894568615e+01
1.189242866560219802e+01
1.188105004391422881e+01
1.187991306666454783e+01
1.186737248767498976e+01
1.185815131370295639e+01
1.184130819321551620e+01
1.182747451068703803e+01
1.181564662960597900e+01
1.180223487634752466e+01
1.178982636391086203e+01
1.177471959816880620e+01
1.176861701927487580e+01
1.175181412967294392e+01
1.174078555341295349e+01
1.173022937910075392e+01
1.171501985180417371e+01
1.170243404363031381e+01
1.170474692341924339e+01
1.169128326794593775e+01
1.167843585931454697e+01
1.166859758395331070e+01
1.165284048513003867e+01
1.164218622775341316e+01
1.162666851107778498e+01
1.161223431423719532e+01
1.160259813044420873e+01
1.158895312902735242e+01
1.159906016558666231e+01
1.159109609555167530e+01
1.157927506537262019e+01
1.156966383676887844e+01
1.155833891957625958e+01
1.155823901996033420e+01
1.154560441645562108e+01
1.153061840311207398e+01
1.151631035435816841e+01
1.150121632658764526e+01
1.148617661852967942e+01
1.147243994636895792e+01
1.145939908591750367e+01
1.144582883544989294e+01
1.143499157572783176e+01
1.142316165471541822e+01
1.141334264425324463e+01
1.139999785697338019e+01
1.139112601741232211e+01
1.137978989322513357e+01
1.136618984286904066e+01
1.135313682902671495e+01
1.134142051267803808e+01
1.132860755792946605e+01
1.131708762975202198e+01
1.130540046167398316e+01
1.129246836527788922e+01
1.127971523509398288e+01
1.126686736098343644e+01
1.125615627727636614e+01
1.126256213008322682e+01
1.125382388340831952e+01
1.124181455660623286e+01
1.123554679889145014e+01
1.122477968044259811e+01
1.122835359164208846e+01
1.121867112127214838e+01
1.121641441985588727e+01
1.120524405284628244e+01
1.119268063962089599e+01
1.118040132208223980e+01
1.116753853223741721e+01
1.115463352653328144e+01
1.116840421977522091e+01
1.115489684186317199e+01
1.114109140562623068e+01
1.112850651428704651e+01
1.111633676347467592e+01
1.110377255110957861e+01
1.109159962282122613e+01
1.107809224907492229e+01
1.106436358418610233e+01
1.105202277217492579e+01
1.105204587256288562e+01
1.104170015066405952e+01
1.103441345466397827e+01
1.102141984987435563e+01
1.100882864306444553e+01
1.101214037399691037e+01
1.100838366789565725e+01
1.099727192813675636e+01
1.098809049511958413e+01
1.097786210660042805e+01
1.096889069660521443e+01
1.096232515263097085e+01
1.096282940533784611e+01
1.095512819470703292e+01
1.094558598281498263e+01
1.093709556944685701e+01
1.092630337120315431e+01
1.091356489181269218e+01
1.090141022363049572e+01
1.089178822919695655e+01
1.088112120403809691e+01
1.087635800076830606e+01
1.086791552809705763e+01
1.085851355247456951e+01
1.084789535176689590e+01
1.083862457060572204e+01
1.083203098123438757e+01
1.082246895961284672e+01
1.081153903982129982e+01
1.080097096087893327e+01
1.078909343149154054e+01
1.077837718470449069e+01
1.077053884576501552e+01
1.076008671665678662e+01
1.074944136593677868e+01
1.074023648718525870e+01
1.072838162527706451e+01
1.071844421029835459e+01
1.070673955341129790e+01
1.070780748213881850e+01
1.069735987009495304e+01
1.068810578197759753e+01
1.068627013042382679e+01
1.067883627726021167e+01
1.066782710557774649e+01
1.066581647733449500e+01
1.065568407184203714e+01
1.064557244584129592e+01
1.063768957010007732e+01
1.062941815149709690e+01
1.063374472983367625e+01
1.062262047075959615e+01
1.061272384721996076e+01
1.060298362829226093e+01
1.059520659094351913e+01
1.059233752255514283e+01
1.058214502814550251e+01
1.057073927685909354e+01
1.056429340769648206e+01
1.055416190409700050e+01
1.054556047687386844e+01
1.053748156118223633e+01
1.052727877492015729e+01
1.051695645742171692e+01
1.050762245223813096e+01
1.050010581472053417e+01
1.048924905600315149e+01
1.047971248977559178e+01
1.046921634108707799e+01
1.045945792145754361e+01
1.045208217217441238e+01
1.044434755422023819e+01
1.043263153441280799e+01
1.042233269175816801e+01
1.042804396346638107e+01
1.041983387790564741e+01
1.041914774020805723e+01
1.040945503924761795e+01
1.039981148511624731e+01
1.039333311163222007e+01
1.038199920821005584e+01
1.037385063486592429e+01
1.036589419580796623e+01
1.035633880682628494e+01
1.034628238898477370e+01
1.033674123317802263e+01
1.032621220236923953e+01
1.031972977457269636e+01
1.031093386601256157e+01
1.030346246904735352e+01
1.029485977769765803e+01
1.029713863071676450e+01
1.028866188620484579e+01
1.028067755962826624e+01
1.027152417538707674e+01
1.026281887048924979e+01
1.025486610890175498e+01
1.025076288802075553e+01
1.024165628809668860e+01
1.023181854829393522e+01
1.022164556756155740e+01
1.021194495262862212e+01
1.020525333895285414e+01
1.019717460958842814e+01
1.019026588885147611e+01
1.018160931105031075e+01
1.017506344637424398e+01
1.016676083326114011e+01
1.016068183998453023e+01
1.015195311179944859e+01
1.014264885412529438e+01
1.013625662758097334e+01
1.012709802311051455e+01
1.012100085619873546e+01
1.011270572934799006e+01
1.010397472922819340e+01
1.009500205101001846e+01
1.010662256296610373e+01
1.009886110358779909e+01
1.009035475301349472e+01
1.008224858379769806e+01
1.007693648410864995e+01
1.006849133049687239e+01
1.005729842556358555e+01
1.004733167455190390e+01
1.004096870988409762e+01
1.004003634619440888e+01
1.003405740878449137e+01
1.002578721949503482e+01
1.001706701081218220e+01
1.001325400399281840e+01
1.000961974710879332e+01
1.001033204460686576e+01
1.000292776142045348e+01
9.999124154463036263e+00
9.991136451895238579e+00
9.984465056928643278e+00
9.978365187335317188e+00
9.969214796043528892e+00
9.960814753473281158e+00
9.952855079738471389e+00
9.945593878218820905e+00
9.938760429091074045e+00
9.930285675738973694e+00
9.932133022780490705e+00
9.937699258685812609e+00
9.930069662293668387e+00
9.924081516654952750e+00
9.916751057303336836e+00
9.908847306929533971e+00
9.900009517565790063e+00
9.892446923547488780e+00
9.885495977729382489e+00
9.876821406173867501e+00
9.877076357048132138e+00
9.867904488098004023e+00
9.867199527939749970e+00
9.867416687668422171e+00
9.858353510741101999e+00
9.849858053812585723e+00
9.845004549224700696e+00
9.837382185551755143e+00
9.829055011416690135e+00
9.828003327969325298e+00
9.819228615382231240e+00
9.811221507865944602e+00
9.801905016224623068e+00
9.793086951640713522e+00
9.787090840739923081e+00
9.779418859841932488e+00
9.782556165066351284e+00
9.776231353587011341e+00
9.770524057793233297e+00
9.762956079181446256e+00
9.759583308700751303e+00
9.759541318021724976e+00
9.752052791085445094e+00
9.744083962604392468e+00
9.736475790219166981e+00
9.736433705992316945e+00
9.728318425810350334e+00
9.720196121845521731e+00
9.710930752545342770e+00
9.707251889077445739e+00
9.699597582903267678e+00
9.692339854354655060e+00
9.685140710058549374e+00
9.678386199846634952e+00
9.670884520841148912e+00
9.662584990994954381e+00
9.653241802295617902e+00
9.653717282394225663e+00
9.655540916959306941e+00
9.648027094768396594e+00
9.639882027242085982e+00
9.635724363500123957e+00
9.626969018406098755e+00
9.620558418119989241e+00
9.613110547103913106e+00
9.605834796876518311e+00
9.599916904940846152e+00
9.594629786397350202e+00
9.587687704159808533e+00
9.579850961987695257e+00
9.571250247838630543e+00
9.565287303670334751e+00
9.559342985313721286e+00
9.550983590081605357e+00
9.543024241289810305e+00
9.535910816978095284e+00
9.529279198980274757e+00
9.521470712571712625e+00
9.515358206427944054e+00
9.507841480137994239e+00
9.500986184387224753e+00
9.493686138157331200e+00
9.485923853680107598e+00
9.489402023371704686e+00
9.481639037521699009e+00
9.474720775179008569e+00
9.467068533360816218e+00
9.459854562801043087e+00
9.452260980912384980e+00
9.444681408527168642e+00
9.437728400601969270e+00
9.430342813101672661e+00
9.422410966034155066e+00
9.415808242803480610e+00
9.415428058482056883e+00
9.408968406575617394e+00
9.401217407661954795e+00
9.392808274359857990e+00
9.386455703848902488e+00
9.387407624586387556e+00
9.379835256293608481e+00
9.376402457800121937e+00
9.368923989324517976e+00
9.360546158568393338e+00
9.354587071589360647e+00
9.350282356691577590e+00
9.344273840673892551e+00
9.337038700491142151e+00
9.331190121473222021e+00
9.323879109304996859e+00
9.318452831917682033e+00
9.311322376303824200e+00
9.304326050572848672e+00
9.296953439330907898e+00
9.289765077029059626e+00
9.283467201366262245e+00
9.276071827673641579e+00
9.269519391274853248e+00
9.264565674687842645e+00
9.265897812325755822e+00
9.258918010730436521e+00
9.251236236799199375e+00
9.246937385951087052e+00
9.240032098280625661e+00
9.233070020299084746e+00
9.226062135483676485e+00
9.218580411759635496e+00
9.212047731052562582e+00
9.205146380822691654e+00
9.197641509271951676e+00
9.190390686364738215e+00
9.182954207472326047e+00
9.176017623838289339e+00
9.168800093810679286e+00
9.166245016739075879e+00
9.158804183122223108e+00
9.151733293601946428e+00
9.144604732567927385e+00
9.138039222001692607e+00
9.132328668307112096e+00
9.125956309986920090e+00
9.119534821794271551e+00
9.114604502955815590e+00
9.106712588451992829e+00
9.099090843568980347e+00
9.101766928794937428e+00
9.094528982882206236e+00
9.087442511178442928e+00
9.080942177909317792e+00
9.075548982525070585e+00
9.074827015266308194e+00
9.069004041508261338e+00
9.062599880864741664e+00
9.055354018025575158e+00
9.049670727775323442e+00
9.043969330294601150e+00
9.039137322105341710e+00
9.031961363637353912e+00
9.026433256749477607e+00
9.028296814572565054e+00
9.021381422014613349e+00
9.015311661230994034e+00
9.009475769507997001e+00
9.009845713416504864e+00
9.002986390452644372e+00
8.995830591609843552e+00
8.989556298352050945e+00
8.983108356394740923e+00
8.981853534666578653e+00
8.981179610840253957e+00
8.975397172984598271e+00
8.968435843061696389e+00
8.962964504254777864e+00
8.956950754876176646e+00
8.951016199105254145e+00
8.944270863366202917e+00
8.939063464594264374e+00
8.931483052955513813e+00
8.926959335990753530e+00
8.920158619619041218e+00
8.914296930337675562e+00
8.907464039540940348e+00
8.901400276323633065e+00
8.895048761503932866e+00
8.896626116995882683e+00
8.889450314649927520e+00
8.883953240828152076e+00
8.876837682938864660e+00
8.870516031533375312e+00
8.863468325776612033e+00
8.857722098492212481e+00
8.851007199540889658e+00
8.844017452352881392e+00
8.837094339776584206e+00
8.831358660501955171e+00
8.826564511379759281e+00
8.820582383137729465e+00
8.815582684939430536e+00
8.810094220342781668e+00
8.804164560994703237e+00
8.798031404810867429e+00
8.795649702299956019e+00
8.790444214258060995e+00
8.784256945318702492e+00
8.777825287560416356e+00
8.771761124446625146e+00
8.768432062884865985e+00
8.762633936508033017e+00
8.756189057576088786e+00
8.750716231278078183e+00
8.744012959060198042e+00
8.740443158126870671e+00
8.735738359991268354e+00
8.729946333737954589e+00
8.724555908318379238e+00
8.718587919394746422e+00
8.714333537645593708e+00
8.708360440016639004e+00
8.703809178954321268e+00
8.698016465659776486e+00
8.693740768458326329e+00
8.696311064315661810e+00
8.689976906141151147e+00
8.684404655928590344e+00
8.679084034303166106e+00
8.672394858966613995e+00
8.666975138794393629e+00
8.662408451532268572e+00
8.656441120973253689e+00
8.650586226575166293e+00
8.645465044670949339e+00
8.640220276367301722e+00
8.634190833829803680e+00
8.628608847048200303e+00
8.624787810238581542e+00
8.618692575526333499e+00
8.620826178936011885e+00
8.617331941940278739e+00
8.612656958778233118e+00
8.607915207555157266e+00
8.601928848048068232e+00
8.598996890336957577e+00
8.593218890175700508e+00
8.588130064656107621e+00
8.590684327779147367e+00
8.586260145509879038e+00
8.580871820580396658e+00
8.575433746740600327e+00
8.569231749007625965e+00
8.570685076398751434e+00
8.564709284528271738e+00
8.559441740661757336e+00
8.553259526763657306e+00
8.547157120563126043e+00
8.541734655964537737e+00
8.536767028771482302e+00
8.532858928357656580e+00
8.529622376321599475e+00
8.524944082968614723e+00
8.521900462482863148e+00
8.517049047972744091e+00
8.511831352423019581e+00
8.506357573797089344e+00
8.502410486161366521e+00
8.498064166114508211e+00
8.492831626856627736e+00
