3.909200369062735803e+01
3.970304193365554113e+01
3.925453386534793054e+01
3.863679886008512199e+01
3.843526279909736587e+01
3.845129760699678911e+01
3.840205620738697689e+01
3.814428162754614249e+01
3.758274930013621429e+01
3.757481323142705776e+01
3.758321387374193279e+01
3.738072319006480626e+01
3.706342560733903468e+01
3.719928090979072977e+01
3.711128974986056051e+01
3.684426013156949153e+01
3.645789774717134435e+01
3.597978177224357665e+01
3.593018764824430633e+01
3.564045422343826175e+01
3.545233522095305290e+01
3.531788941525353920e+01
3.503715196433880408e+01
3.502003808181905242e+01
3.485038493734231935e+01
3.459813597726054724e+01
3.439488546943294267e+01
3.404926987744462252e+01
3.386618247323453090e+01
3.368099704916220105e+01
3.347403799067543417e+01
3.329217925629873776e+01
3.324506057628012456e+01
3.310923649740631447e+01
3.324988630820601543e+01
3.322253078023693718e+01
3.295974970492424916e+01
3.282977230694824300e+01
3.274363660291429312e+01
3.268854443449615843e+01
3.274521769143687067e+01
3.264206794006409496e+01
3.253053408654517398e+01
3.235650344137259538e+01
3.233620622272195533e+01
3.220514846552438115e+01
3.212322109891279354e+01
3.205675941993017375e+01
3.194062003568848951e+01
3.187875315692096123e+01
3.185088006254384752e+01
3.183896778340147904e+01
3.168692810030666607e+01
3.153487656260478289e+01
3.144180831030665146e+01
3.122918706008464795e+01
3.102469216764229998e+01
3.090864407511023870e+01
3.088588398234497845e+01
3.070274507701920186e+01
3.070886342199697339e+01
3.067217331048320261e+01
3.062892208131696492e+01
3.051124685307006956e+01
3.032662191042120270e+01
3.013375626252820538e+01
3.017881330300947695e+01
3.006371812383167352e+01
3.007222282777519595e+01
2.998439872002327888e+01
2.989962695292525297e+01
2.993782079448364186e+01
2.988017878104358971e+01
2.975634279916464209e+01
2.966079907947278826e+01
2.954356114627521279e+01
2.941609866569841714e+01
2.932739299811353817e+01
2.938069044095691495e+01
2.927636032559527735e+01
2.920577145880503522e+01
2.909626838081548428e+01
2.906879530293446123e+01
2.896355749635732124e+01
2.884549524114401109e+01
2.881415533794936579e+01
2.882877275121684946e+01
2.875749818388461776e+01
2.877525112458218359e+01
2.869042110870041284e+01
2.867955394891814436e+01
2.856535116402088903e+01
2.851121620879447605e+01
2.841532767306712515e+01
2.838791585496082703e+01
2.838831212217793620e+01
2.835057369762339263e+01
2.828371498262255557e+01
2.821019739222609246e+01
2.811197074297793108e+01
2.808470107221249279e+01
2.807086616729326067e+01
2.801298805008571335e+01
2.789146630182982278e+01
2.779679406584026680e+01
2.769031291459883093e+01
2.767041739458801075e+01
2.766408553470686016e+01
2.756774283244560664e+01
2.753730085426907692e+01
2.747360444623083708e+01
2.739709249391281887e+01
2.732278785036363189e+01
2.722514763480493016e+01
2.719755319577318531e+01
2.714988529694801400e+01
2.712328938282642810e+01
2.706396328075069846e+01
2.703573861946012613e+01
2.696904917923140843e+01
2.692298545201067483e+01
2.691988027476581635e+01
2.685637704165985440e+01
2.679061459286359792e+01
2.674947643564286892e+01
2.667686020176804362e+01
2.662821988143427987e+01
2.654428652640500985e+01
2.643400956089376663e+01
2.636157478138909482e+01
2.630549378185400045e+01
2.622271407450692138e+01
2.611477543505616339e+01
2.603932939332622354e+01
2.606612892026001660e+01
2.602638251879688980e+01
2.604607504002051499e+01
2.596642108687978734e+01
2.595083738333056189e+01
2.589408779943914141e+01
2.581852224524599038e+01
2.577979036446764383e+01
2.573394629600183592e+01
2.566589462278738409e+01
2.563296751134582152e+01
2.555270940113975442e+01
2.550368144145369698e+01
2.542995654967833019e+01
2.543928622138265538e+01
2.536348192772752341e+01
2.530652803070873702e+01
2.523725255205751594e+01
2.520182261136582369e+01
2.516053665323557809e+01
2.512594877273360083e+01
2.508524558901433466e+01
2.502472472653607838e+01
2.497523757909912590e+01
2.493854560112782437e+01
2.492600412354228823e+01
2.487065854712429314e+01
2.483274389851650099e+01
2.481831514872780886e+01
2.476213595081293661e+01
2.481052745630407941e+01
2.474112175084355414e+01
2.469416112478609904e+01
2.465126248418481936e+01
2.462146392992802646e+01
2.467792708501777454e+01
2.460495186996478978e+01
2.455710101147908020e+01
2.454612730741766313e+01
2.452748123051117091e+01
2.452642885237198911e+01
2.449445460235173044e+01
2.447255675832741773e+01
2.443940551897737734e+01
2.441376140569594710e+01
2.437338720794494407e+01
2.437163156019875387e+01
2.434211124931679748e+01
2.429838273734496568e+01
2.428982364408277661e+01
2.426335317530989855e+01
2.421105271677805959e+01
2.415154973546904316e+01
2.408848251772049665e+01
2.402908767268737833e+01
2.396520444249315318e+01
2.392499075447066659e+01
2.394374632147373561e+01
2.388318029816494814e+01
2.383202619699520852e+01
2.380488060715254406e+01
2.375213479046268716e+01
2.375703976582079591e+01
2.373555356916586234e+01
2.370611926376679790e+01
2.369513295543802300e+01
2.367588387944329398e+01
2.363523868798106164e+01
2.364439945082555639e+01
2.363006500957711609e+01
2.358080946937722544e+01
2.355381799828535705e+01
2.351636200664045262e+01
2.348734640749539793e+01
2.346268562503857780e+01
2.343603211154535515e+01
2.341383634621510978e+01
2.335717376651276922e+01
2.330461934144430103e+01
2.326494782816239493e+01
2.321666072845762940e+01
2.317868034470979666e+01
2.312366941939850662e+01
2.312341814427338704e+01
2.308224517906554141e+01
2.304078484898158408e+01
2.303913398030863391e+01
2.299683494683243623e+01
2.295427275842588344e+01
2.291243330367224473e+01
2.286846100801792048e+01
2.283855772521237526e+01
2.280296506914505628e+01
2.282340416716969855e+01
2.280563256063135569e+01
2.283152239172462927e+01
2.278719990205075518e+01
2.274538690804144636e+01
2.272348927986264400e+01
2.270051571728562223e+01
2.267412193446074653e+01
2.266510187000583798e+01
2.264145926283557486e+01
2.262634488198197147e+01
2.259168345747236017e+01
2.257679451502266588e+01
2.254997750597243567e+01
2.251216573006359312e+01
2.246637147437796855e+01
2.241898050058752645e+01
2.244148089401793555e+01
2.241436883476035646e+01
2.238182012137885124e+01
2.236421724464366889e+01
2.233230116218051364e+01
2.230508670080487477e+01
2.228663812967507951e+01
2.224476655009481618e+01
2.226917752389284644e+01
2.226469387255747279e+01
2.223368380415700685e+01
2.222075543739678238e+01
2.218585437145609163e+01
2.214733350132070200e+01
2.212765170853601049e+01
2.209651855525131836e+01
2.207296397258780374e+01
2.205173537590887278e+01
2.203907149963612966e+01
2.204648987406134708e+01
2.200569739069153385e+01
2.200437319372024092e+01
2.196396214620242660e+01
2.192916227275093277e+01
2.194760638584029877e+01
2.192642203791531230e+01
2.192172078547201153e+01
2.187887428386484601e+01
2.184442468726552988e+01
2.182622332861020098e+01
2.179632076642776539e+01
2.176001142630937935e+01
2.172248512785834151e+01
2.169138531321546637e+01
2.165449428241849006e+01
2.161992311494518049e+01
2.158196012138501629e+01
2.158655569917185701e+01
2.154894522375756338e+01
2.151612256259154421e+01
2.150025700517793936e+01
2.146064116452464532e+01
2.142679217941888226e+01
2.140113822138202337e+01
2.139380158953187561e+01
2.137309084519691282e+01
2.133425009668113503e+01
2.130141586577684976e+01
2.127306474834284344e+01
2.124924502533284354e+01
2.125043735435081516e+01
2.125077982229160511e+01
2.123580639680470483e+01
2.124071617450743688e+01
2.122701128568084172e+01
2.119214515904421248e+01
2.116735556922148120e+01
2.114443384767056244e+01
2.110820230705704859e+01
2.109879243538324545e+01
2.108449350890807850e+01
2.105006185044598155e+01
2.101704210134852602e+01
2.099914572531960388e+01
2.096580229711572940e+01
2.093587449150177093e+01
2.092071849934887595e+01
2.088836300638233823e+01
2.086243813840092542e+01
2.085979080559056342e+01
2.082553133606358031e+01
2.081838432908559611e+01
2.080588384447395711e+01
2.079507498790362163e+01
2.076138557793204598e+01
2.074697273108042950e+01
2.072348347841059990e+01
2.068699841386867888e+01
2.065194850334906818e+01
2.061268550615564266e+01
2.057767541424403035e+01
2.055608469992396081e+01
2.054703520899941438e+01
2.055365465863576802e+01
2.055004004105888171e+01
2.052536151187877778e+01
2.049596782750479207e+01
2.046545525530586929e+01
2.043683621487696200e+01
2.040498608653246393e+01
2.039804003801735277e+01
2.036799483498414531e+01
2.034601738609226729e+01
2.031429912023003226e+01
2.028394561049105604e+01
2.026901067456475047e+01
2.025726132600656015e+01
2.023947915403605435e+01
2.021955935164653795e+01
2.019067052902866877e+01
2.015667495385463681e+01
2.013494454370230002e+01
2.010071539310499489e+01
2.009182700949521916e+01
2.006888701581017997e+01
2.003292045121366982e+01
1.999851621272798496e+01
1.996640632486655065e+01
1.994158423465956176e+01
1.990984253558782768e+01
1.987689335932657286e+01
1.985749979142206811e+01
1.983735837626599618e+01
1.982992542299254879e+01
1.984401451032731245e+01
1.983443894994352164e+01
1.981058334610281335e+01
1.980021773221687553e+01
1.979680312304154199e+01
1.979261579985452002e+01
1.978363288869196168e+01
1.976966455085310415e+01
1.975797382262839363e+01
1.973973791774538000e+01
1.972627317355730625e+01
1.970445454907424931e+01
1.968296648181489417e+01
1.965707361929213803e+01
1.962985411553982118e+01
1.960437693481135213e+01
1.957835761188362156e+01
1.955266296173671492e+01
1.952517955102159419e+01
1.950571779459006905e+01
1.948116321404393858e+01
1.945588153489601879e+01
1.945841949361750878e+01
1.945853844279598022e+01
1.945827076196194128e+01
1.944632559777928194e+01
1.943723156118274531e+01
1.941984840640286691e+01
1.940686751303313784e+01
1.939533240859509533e+01
1.938295927235871474e+01
1.936743570655948332e+01
1.934826904905123257e+01
1.933369460985866795e+01
1.933222229325160768e+01
1.932112211614654740e+01
1.930416502210933771e+01
1.928437091982215179e+01
1.927530084577470504e+01
1.925750223860431021e+01
1.931644574751240029e+01
1.929608720993175197e+01
1.927694943613216338e+01
1.926163290478725898e+01
1.925128600101693621e+01
1.924006868610933552e+01
1.922315277883614826e+01
1.921515215241553065e+01
1.921400211256575119e+01
1.919692761029996575e+01
1.919012385797966402e+01
1.917336318768239423e+01
1.917478082164418041e+01
1.915541126204322708e+01
1.914428132861969445e+01
1.913151965383692499e+01
1.911695652122671163e+01
1.909728555528763394e+01
1.908840152545419144e+01
1.907402210918111862e+01
1.906909648014465830e+01
1.905802823999526296e+01
1.904248297040582827e+01
1.904098974023715130e+01
1.901736842593415133e+01
1.899462485663353917e+01
1.899023160298918711e+01
1.897595510259870011e+01
1.895399480839231998e+01
1.894608727059308961e+01
1.893195712806698694e+01
1.891301072356269586e+01
1.889363885076513228e+01
1.889300748104877314e+01
1.887550686116674470e+01
1.885229862076836937e+01
1.883160396298826100e+01
1.880734690578434964e+01
1.879149616123583044e+01
1.878172348574971195e+01
1.876262536623640642e+01
1.874884093756464765e+01
1.872465927688227083e+01
1.871338956349042348e+01
1.871295708291546589e+01
1.869761744289240468e+01
1.867862992194815774e+01
1.865440984242541234e+01
1.863864873126320987e+01
1.863261860537892289e+01
1.861196027194745284e+01
1.859992362766366725e+01
1.858766040170656808e+01
1.856676674187787413e+01
1.854664766576649271e+01
1.853391755464173585e+01
1.850935813332167257e+01
1.848761466871875925e+01
1.846456471184282577e+01
1.845887577236837274e+01
1.845667188921535029e+01
1.843698967625545038e+01
1.841624754659467200e+01
1.839993655550573592e+01
1.837842554498662295e+01
1.836268920052676279e+01
1.834407951147003146e+01
1.832690412015027093e+01
1.834082300704144686e+01
1.831906394369832825e+01
1.830537128273391190e+01
1.828733417486304091e+01
1.827073165880237937e+01
1.825481596248765470e+01
1.824723193072065186e+01
1.823250300547864811e+01
1.821161549713912464e+01
1.819761151427001167e+01
1.817977404981516898e+01
1.816727185470711703e+01
1.814712741621694647e+01
1.812451997630754619e+01
1.810319839457680757e+01
1.808446016314030302e+01
1.806623921485012119e+01
1.805305592617932575e+01
1.803498139090627461e+01
1.801390978981335422e+01
1.799693512592704181e+01
1.797714189773033766e+01
1.796546743953157232e+01
1.794390181908260828e+01
1.792206024997435065e+01
1.789978984595198241e+01
1.788026421232659047e+01
1.786567829650983796e+01
1.787475143628438801e+01
1.785271323480742467e+01
1.783475084469512950e+01
1.783628430179158286e+01
1.781678826595732446e+01
1.780553970789240381e+01
1.779792331044408726e+01
1.778734884278574668e+01
1.776815071455372674e+01
1.775050330322516245e+01
1.780013854699197395e+01
1.780107690454201830e+01
1.779941960708695703e+01
1.779519699498483476e+01
1.779641815051913767e+01
1.779972892020199282e+01
1.779787474458538554e+01
1.779935023389154836e+01
1.780390837126088144e+01
1.780820667513902578e+01
1.780899915539590239e+01
1.780405171577480061e+01
1.780044415056987717e+01
1.779621646799642676e+01
1.778916993819667880e+01
1.779410560010694198e+01
1.778641016819014098e+01
1.777968526238501923e+01
1.777444479051425219e+01
1.777362571729968010e+01
1.776150422271287610e+01
1.775523893827186583e+01
1.775594355125857504e+01
1.775119155069546295e+01
1.774313800291021792e+01
1.772861586499118758e+01
1.771965679646613623e+01
1.771112881665293060e+01
1.769488011191091559e+01
1.768561211880306416e+01
1.767080026405020021e+01
1.766154044504676079e+01
1.764469344545550200e+01
1.763085335506117701e+01
1.761707242895842285e+01
1.760226043863680090e+01
1.759552567743650897e+01
1.758447876313742242e+01
1.757055554405590314e+01
1.755596923510774232e+01
1.755939317063636906e+01
1.755996169639254845e+01
1.755199625008973285e+01
1.753808213970264873e+01
1.752630342209676684e+01
1.751204723136410735e+01
1.749988797982813082e+01
1.748916127857467728e+01
1.748981393573561149e+01
1.748075960948157359e+01
1.746379562255065920e+01
1.745746602088517108e+01
1.744209725622144447e+01
1.742625388307030221e+01
1.742204672663730491e+01
1.740645480348706542e+01
1.739271990478301788e+01
1.737838772502385254e+01
1.736419513042953611e+01
1.734803827336799031e+01
1.734003994102955915e+01
1.732323292648092306e+01
1.730800944575561218e+01
1.729851644762257834e+01
1.728418448732707091e+01
1.726775655309691970e+01
1.724968464005403490e+01
1.724310661100158626e+01
1.722732593853088545e+01
1.721463999505268205e+01
1.720313586368266812e+01
1.719535668211590718e+01
1.718069650305270457e+01
1.716643975021880664e+01
1.715634330392982676e+01
1.714327353175115221e+01
1.714168232249356905e+01
1.713240988466896297e+01
1.711722845016300809e+01
1.710326880138724803e+01
1.708849300520990866e+01
1.707180326502134804e+01
1.705655366961789454e+01
1.704387677877694429e+01
1.702891779382253645e+01
1.703120506875237794e+01
1.701523958319888763e+01
1.700387310356159887e+01
1.698793455498042348e+01
1.698172913954448404e+01
1.696866102712198199e+01
1.695310179410103402e+01
1.693974658549738521e+01
1.692280864949373154e+01
1.692059256648293442e+01
1.690493412280262575e+01
1.689064265554069522e+01
1.687643496023678580e+01
1.686290554720918422e+01
1.685356611524386850e+01
1.683906655257570506e+01
1.682251369511205041e+01
1.680704370204449916e+01
1.681392216835865128e+01
1.680014430793029589e+01
1.679238645922653461e+01
1.677872157129316122e+01
1.676758693400568134e+01
1.675663707309725226e+01
1.674501894951482228e+01
1.673372383683059184e+01
1.672613153038891909e+01
1.671513174436056914e+01
1.670302668903144294e+01
1.669432219006820972e+01
1.667914777555600381e+01
1.667451387041602118e+01
1.666526873306592194e+01
1.665116536157314542e+01
1.663236547232882856e+01
1.661630735122216151e+01
1.660722659718622651e+01
1.659407122861455264e+01
1.659271194857946696e+01
1.658315924862165502e+01
1.657351391651560135e+01
1.656055015546406750e+01
1.654603098365643987e+01
1.653196380794991427e+01
1.651999988252487839e+01
1.651410600412229712e+01
1.650180463676478482e+01
1.648746545717962420e+01
1.647286888763019874e+01
1.645660975888397815e+01
1.645024412427921234e+01
1.644661907675151369e+01
1.643587760747851334e+01
1.642168239667905638e+01
1.640859176128659058e+01
1.639638317795311906e+01
1.638230111299432679e+01
1.637633159231268820e+01
1.636049870759491753e+01
1.634729543945645958e+01
1.633336419999323397e+01
1.631773412030813475e+01
1.630369606937307125e+01
1.628811518814058701e+01
1.627525637784787449e+01
1.626194373915957669e+01
1.624876587197587696e+01
1.623259226985970116e+01
1.622508536501461762e+01
1.621257028592593130e+01
1.620612727558141941e+01
1.619346685147398546e+01
1.618128849995674301e+01
1.616809276536781326e+01
1.615420389307671201e+01
1.614186943366099314e+01
1.612906039303138073e+01
1.612480475273600078e+01
1.611463002695417757e+01
1.610047124557772946e+01
1.610837619259275755e+01
1.609424784039689627e+01
1.607925757160720082e+01
1.607340706780239259e+01
1.606352751973232529e+01
1.605772217207112362e+01
1.604865770855889551e+01
1.603712220153210666e+01
1.602735360940673459e+01
1.601553288962322341e+01
1.600292600357984796e+01
1.598908064289023301e+01
1.597788521244460114e+01
1.596530358330622690e+01
1.596219375996502876e+01
1.594937898649590124e+01
1.593761038088681303e+01
1.592503500820243723e+01
1.591428025968134641e+01
1.592367076711993867e+01
1.591105923430093583e+01
1.590012021450563928e+01
1.588971651848611266e+01
1.588255776484650639e+01
1.586862786721489194e+01
1.586208233049410765e+01
1.584853612844717219e+01
1.583614822083825224e+01
1.582443359767117208e+01
1.581924574988502208e+01
1.580805281643271520e+01
