5.000000000000000000e-01
9.223800681576701521e-01
9.861169986852617031e-01
9.902982731554159646e-01
9.918154843441745472e-01
9.950578876340648860e-01
9.960183860460869454e-01
9.944778081699335859e-01
9.947317686929875169e-01
9.956605220396277378e-01
9.970029759186862517e-01
9.967579156103095750e-01
9.968589200009859708e-01
9.912322448689682153e-01
9.946702499452796387e-01
9.975141149577241295e-01
9.950366372843618690e-01
9.957292885191579845e-01
9.973409811399525093e-01
9.946239804253259598e-01
9.975576013486581184e-01
9.969846826435668774e-01
9.983251941304969179e-01
9.227176385150266391e-01
9.952609400887995061e-01
9.974311429238218452e-01
9.980594053091079720e-01
9.985226513362643885e-01
9.988734705473922837e-01
9.970544927964792858e-01
9.992110988866034216e-01
9.931956844105637172e-01
9.982020406713720817e-01
9.991641045934672727e-01
9.988819358981609886e-01
9.989635163675526508e-01
9.992441485437130178e-01
9.989714018997755129e-01
9.990256439247336973e-01
9.993399055765501693e-01
