9.447026757751277870e+00
9.738752555476235528e+00
9.575641755572815939e+00
9.830038050396595395e+00
9.587036125845857626e+00
9.475082753349852283e+00
9.230110990747899535e+00
9.095247608925520311e+00
8.978058274898254254e+00
8.970060117210389095e+00
8.870146693463498266e+00
8.698949514682798423e+00
8.580241192551261165e+00
8.514952713835709730e+00
8.455900778156610897e+00
8.353357430093993230e+00
8.237340999553847354e+00
8.144824664692993821e+00
8.075923058274719679e+00
8.001931519164855899e+00
7.910271498599225737e+00
7.898541107326294330e+00
7.809853592826366153e+00
7.754376262923642571e+00
7.782604327670101796e+00
7.750553662652244213e+00
7.696445633620720983e+00
7.611979253239078425e+00
7.580752591964002640e+00
7.572049883605926901e+00
7.530628045455373787e+00
7.464513637782312472e+00
7.437222071813671675e+00
7.420412491299114066e+00
7.410270512948356370e+00
7.346780742821476196e+00
7.318206659114780521e+00
7.281194334920100708e+00
7.258779326215211825e+00
7.189460310981716340e+00
7.150309333684006674e+00
7.077725508357707085e+00
7.050027956868905044e+00
6.999045373073322196e+00
6.964731338307438513e+00
6.901530976712509258e+00
6.857849038651652407e+00
6.818706860387464097e+00
6.768552810019372146e+00
6.707211474808782548e+00
6.638218283254843755e+00
6.628655021577949391e+00
6.620749947844953631e+00
6.615799582055716499e+00
6.583540926038518926e+00
6.546149312098233253e+00
6.512758558454947000e+00
6.488483302609975745e+00
6.472872446668516133e+00
6.431065595340322183e+00
6.406581123816104117e+00
6.370146454121214497e+00
6.346046718050728508e+00
6.333205506837195742e+00
6.300030283138845277e+00
6.293340007448898987e+00
6.264736834425534084e+00
6.228451525874301176e+00
6.207819239082057905e+00
6.202764888719976888e+00
6.166617965012693325e+00
6.138258447749145752e+00
6.103581532452911240e+00
6.092998243562414373e+00
6.069191049442058450e+00
6.030457430647814476e+00
5.997340507687987987e+00
5.988795765332796783e+00
5.959250234532399659e+00
5.939822603934517886e+00
5.914875648642469841e+00
5.892544994878885056e+00
5.858997175070458141e+00
5.835858484148058523e+00
5.806245073128261325e+00
5.774250033966345619e+00
5.745307645177088141e+00
5.717773977017004405e+00
5.692911727234232444e+00
5.670031998010599317e+00
5.658723108844118777e+00
5.643442969927768615e+00
5.631790806404862515e+00
5.620789194249272924e+00
5.599739245015811662e+00
5.589081412149244699e+00
5.559327826648626569e+00
5.541234677264566422e+00
5.539847068180240086e+00
5.516169978457058143e+00
5.495414157601705263e+00
5.499740646914617948e+00
5.473223818296239607e+00
5.467573157930424088e+00
5.455533116754988754e+00
5.437461765362800570e+00
5.408448655046776743e+00
5.375333647089270528e+00
5.354088675374236495e+00
5.356316655482728173e+00
5.340221577760215332e+00
5.321105169818777902e+00
5.291632634218801812e+00
5.280490725850578215e+00
5.264649919448692650e+00
5.241053628572750256e+00
5.213761511394681136e+00
5.189229247677626944e+00
5.171831338709869108e+00
5.168852845781471750e+00
5.152889852739665599e+00
5.138329661396135783e+00
5.115683981277928005e+00
5.089487307002316996e+00
5.070545946269408688e+00
5.057258583193866563e+00
5.045989396016790529e+00
5.025221321716000666e+00
5.012877334151613518e+00
5.000414568861433651e+00
4.973997428844987745e+00
4.958631819595839652e+00
4.935895608444030636e+00
4.926167231571296767e+00
4.915927882313620323e+00
4.893374205106614916e+00
4.870259447192874624e+00
4.849576715164455543e+00
4.835545091622749148e+00
4.813483073558360914e+00
4.794188372429426970e+00
4.780194595488771903e+00
4.771322933024265467e+00
4.756755851435488403e+00
4.746127084450219691e+00
4.730841729485407932e+00
4.709569437819403959e+00
4.696663431102389374e+00
4.693938527203107114e+00
4.676197648690454400e+00
4.661198932741943857e+00
4.644981323413794883e+00
4.632559297848374058e+00
4.621971532539625116e+00
4.614334734470632249e+00
4.603434976220575514e+00
4.585912438212633724e+00
4.581569806664004929e+00
4.569605946136477748e+00
4.557881822492417356e+00
4.568192879853373967e+00
4.559825086215361090e+00
4.568366057454197993e+00
4.549816581762846646e+00
4.538150599738961510e+00
4.520891801457453951e+00
4.509624116071440092e+00
4.496473959980038515e+00
4.483833085240608973e+00
4.477262565210279988e+00
4.475193810065097644e+00
4.457461552603626309e+00
4.441865351691398622e+00
4.440402984950549303e+00
4.428232520716057330e+00
4.416446543182018125e+00
4.398219020981298577e+00
4.388214928564472928e+00
4.377934883025324631e+00
4.364135095284877863e+00
4.351364002074719295e+00
4.332714992408783772e+00
4.323391205970544604e+00
4.313666785301434992e+00
4.301080567928178944e+00
4.291743940142435321e+00
4.281818264796298124e+00
4.275269363924876664e+00
4.277025807207908592e+00
4.261028499583138007e+00
4.249647144956937517e+00
4.242304520141137125e+00
4.236049795602888857e+00
4.230006984416805338e+00
4.215036115968024077e+00
4.205891435692211466e+00
4.191432965227535945e+00
4.178205709852446326e+00
4.164741421901782203e+00
4.154229485520295029e+00
4.150187673784163422e+00
4.135149185921248360e+00
4.127419046065496033e+00
4.112619316355961452e+00
4.110976639910727037e+00
4.099867156163252702e+00
4.105823856397109672e+00
4.092143148703748068e+00
4.088443349837672436e+00
4.079047694820290282e+00
4.067249546924346149e+00
4.054505145876796668e+00
4.046157952849812389e+00
4.035854047169050496e+00
4.027575224690233213e+00
4.016554638950570855e+00
4.020670002074470339e+00
4.010944372746983788e+00
3.999504727919092062e+00
3.990369724621559921e+00
3.997226170283471713e+00
3.984811601837024320e+00
3.975317147781578520e+00
3.972747464187758482e+00
3.963039103317539169e+00
3.950667358057193379e+00
3.939489324307093643e+00
3.929995200075377060e+00
3.920827355244587586e+00
3.914702773781779221e+00
3.910018439593681894e+00
3.902346057554949343e+00
3.891471037318948056e+00
3.900313884783167762e+00
3.892021437444645127e+00
3.888660862078126890e+00
3.886524186942540648e+00
3.888872231515128064e+00
3.889284149078608976e+00
3.882969004638547439e+00
3.872207353664477214e+00
3.868034748320854810e+00
3.866790073488271862e+00
3.861007020509299448e+00
3.850920222399957460e+00
3.853412043602162829e+00
3.844719662999698695e+00
3.834502941845880919e+00
3.828510254575952843e+00
3.829088587302267310e+00
3.825618560589287842e+00
3.816017595772975390e+00
3.805928114536345053e+00
3.796610106979656951e+00
3.797861235563749105e+00
3.788672533730181868e+00
3.793450253863915655e+00
3.792554526459538611e+00
3.788781924214802643e+00
3.782570129166948902e+00
3.773139436077978193e+00
3.763500678909860397e+00
3.761079883434574889e+00
3.750505277944252036e+00
3.747374230318008870e+00
3.740188561123156230e+00
3.734000114444063101e+00
3.730893372066725888e+00
3.722553184642527491e+00
3.713129005539189009e+00
3.707264867360819061e+00
3.697964058944160470e+00
3.688161559873871731e+00
3.682667482138703541e+00
3.673262861695413051e+00
3.667746018863354607e+00
3.662551216147784228e+00
3.657395515573627520e+00
3.651686791856676884e+00
3.648655459826024128e+00
3.643452188517078305e+00
3.637248877513603151e+00
3.628784245987073387e+00
3.624324591359472603e+00
3.614354581259657362e+00
3.605548845996711993e+00
3.596296005474413082e+00
3.597383925468973676e+00
3.587916623336767419e+00
3.578707407682609976e+00
3.571302295758811418e+00
3.562966710169676254e+00
3.554324999484461234e+00
3.546395598935251581e+00
3.541488099698315128e+00
3.534281476358904772e+00
3.536233594403212166e+00
3.528445592156521649e+00
3.522153398078317288e+00
3.520739203211287194e+00
3.516003410040117849e+00
3.507991526682028294e+00
3.500705670564672189e+00
3.494271339835824719e+00
3.493378513963226073e+00
3.489524653600137860e+00
3.480114494582922990e+00
3.473928027499991078e+00
3.466995100661040663e+00
3.466823487564937967e+00
3.469383693564015214e+00
3.472851779097036129e+00
3.471365923470314030e+00
3.463536393090652865e+00
3.460583488916319173e+00
3.455127521535916291e+00
3.448844179509745977e+00
3.443417138231474883e+00
3.437038232037735952e+00
3.438449459676193420e+00
3.431092074762087663e+00
3.423121481650767350e+00
3.418692164028368730e+00
3.417028671692954767e+00
3.410061907205657050e+00
3.407369465772881245e+00
3.399709121172607595e+00
3.393000882594879641e+00
3.387768124499483502e+00
3.380069218215751459e+00
3.376246655767991545e+00
3.370102531726784534e+00
3.364245811452429624e+00
3.359279316687033834e+00
3.351665698792176684e+00
3.346504821306523603e+00
3.345049825347655048e+00
3.338885336785252456e+00
3.333963168074381311e+00
3.326846765042893228e+00
3.323671277809331581e+00
3.316116517997964586e+00
3.309019982011609518e+00
3.301038410219559793e+00
3.294523373344460992e+00
3.287682805601851666e+00
3.282596629542647193e+00
3.283396276581030282e+00
3.277553731570099771e+00
3.269866126682301921e+00
3.263521922734712977e+00
3.259080620802266459e+00
3.255520645713116057e+00
3.249453677077914548e+00
3.242839816053534552e+00
3.241383982674404862e+00
3.243799545768227599e+00
3.241424377183120598e+00
3.236480464940570734e+00
3.229314572585964882e+00
3.225226279347961356e+00
3.224886790987455232e+00
3.218867472305001254e+00
3.212857012120604150e+00
3.207523712675728333e+00
3.200521782068427079e+00
3.196983809302853086e+00
3.190984247199239565e+00
3.184577840356558553e+00
3.178273514173995729e+00
3.176341831466401811e+00
3.174441862215899413e+00
3.169118018073726173e+00
3.166400230134716942e+00
3.161926757431834822e+00
3.158340883875292437e+00
3.153777158601016151e+00
3.147257181867892051e+00
3.141565168701114352e+00
3.136519040952534976e+00
3.132230305282743821e+00
3.127918158923917336e+00
3.122737963889364643e+00
3.116833334170735270e+00
3.112710909425524974e+00
3.106306619161151250e+00
3.106915524718544486e+00
3.105247760540041035e+00
3.098948312421597517e+00
3.093776578445955217e+00
3.090535215609285125e+00
3.084158376306616489e+00
3.078116503174458174e+00
3.073116131718302224e+00
3.070176003935064291e+00
3.065887685471551993e+00
3.061049879426522846e+00
3.061506121023779059e+00
3.059694973115774985e+00
3.055560143280547702e+00
3.050178620120449047e+00
3.049861253015965890e+00
3.044075669208704316e+00
3.041042778971989602e+00
3.035972766660399724e+00
3.033372050131351916e+00
3.027830109295853944e+00
3.022324739805710703e+00
3.018635789125664992e+00
3.017461020098725299e+00
3.012276154174726273e+00
3.009988793737438328e+00
3.006071302957911584e+00
3.002082125554087266e+00
3.003233085020022841e+00
3.000377552254931413e+00
2.996327469558236256e+00
2.993082773159131627e+00
2.987233893755543601e+00
2.981933877994007442e+00
2.981746058587953385e+00
2.976950012493823294e+00
2.971960000129990398e+00
2.968663782567211307e+00
2.963857948806752685e+00
2.961704791963707173e+00
2.957022503783542255e+00
2.951932149175018782e+00
2.954752900290512851e+00
2.949104829960380592e+00
2.948716840602048972e+00
2.943871355254518818e+00
2.940461794290710529e+00
2.939644894994173807e+00
2.935023829065673606e+00
2.934441902369968158e+00
2.929990936010806735e+00
2.925551816098240110e+00
2.920172856393357996e+00
2.918433874728643129e+00
2.912844414138495264e+00
2.912523900438520386e+00
2.907893022353957857e+00
2.902902934805585478e+00
2.899321848946161850e+00
2.894315720620171728e+00
2.889342445185564934e+00
2.884463478155326666e+00
2.880134163212291210e+00
2.876213181505640648e+00
2.875324006125377529e+00
2.869994120099708113e+00
2.865721580417948111e+00
2.861597459373371066e+00
2.856924855087826565e+00
2.853347750865872889e+00
2.848952246677221911e+00
2.844980597406014500e+00
2.840904901757699719e+00
2.838581563519065210e+00
2.834360354853463715e+00
2.829983649797623624e+00
2.827931793853206255e+00
2.824150425686149379e+00
2.819211565232052852e+00
2.815716887120237821e+00
2.816677378775411800e+00
2.811942695923220104e+00
2.807874370895095950e+00
2.803194256411583041e+00
2.799369268211513440e+00
2.795509546935322831e+00
2.791461869198926138e+00
2.792411932709378153e+00
2.788037910477402015e+00
2.784710728449359074e+00
2.780340266802975524e+00
2.775639265550048140e+00
2.771147987445869987e+00
2.767897278735186095e+00
2.765061162230941783e+00
2.767508429814311555e+00
2.764103128147843425e+00
2.760509279365186419e+00
2.757709312328270101e+00
2.753864548401281365e+00
2.749975317195490820e+00
2.746268308725214435e+00
2.742923747724911987e+00
2.738589085244543586e+00
2.734707681683908653e+00
2.730575322222020151e+00
2.726462737085380894e+00
2.724696495877107161e+00
2.720866997311319757e+00
2.718284537193184303e+00
2.716189706771346746e+00
2.713747514820524120e+00
2.711696993407485490e+00
2.707762754822204965e+00
2.703472926993390590e+00
2.703261767572632479e+00
2.701338980314410776e+00
2.699077583796805513e+00
2.695789998580240709e+00
2.691702061243428812e+00
2.688541829966791585e+00
2.688986401778485025e+00
2.685285618286167075e+00
2.683800736596121617e+00
2.682839879836903751e+00
2.679667098422762628e+00
2.678385531558084232e+00
2.674150248849762601e+00
2.672004959687937831e+00
2.668726667901439864e+00
2.665406955319650439e+00
2.663104674068430544e+00
2.659153451675039470e+00
2.654984596238850969e+00
2.650707232039103189e+00
2.647180540105726454e+00
2.647830336385962990e+00
2.643711809723527484e+00
2.639371859844775070e+00
2.637019176055243719e+00
2.633024356163681468e+00
2.629976458753626734e+00
2.625805911927951097e+00
2.625629051188114182e+00
2.622138973270804918e+00
2.618565202830382521e+00
2.615065465354907026e+00
2.616144058914768422e+00
2.612257878526382804e+00
2.608640880771146087e+00
2.604670289065286415e+00
2.600829120394045457e+00
2.597696142755136162e+00
2.595087241302803882e+00
2.591432970422353765e+00
2.587572571690296641e+00
2.583696570100916912e+00
2.581464449551163387e+00
2.577947058105599876e+00
2.574461157189647409e+00
2.575112369461092676e+00
2.573275135657661306e+00
2.569914071116624843e+00
2.572887100782685010e+00
2.569297775194595790e+00
2.567334032212774453e+00
2.566305840848902786e+00
2.563156011814229807e+00
2.560908970733557499e+00
2.558922404597313793e+00
2.555784859295650691e+00
2.554583965859198447e+00
2.551643244017761880e+00
2.548208116478847707e+00
2.544892408520802451e+00
2.543955207298362886e+00
2.540624634106942281e+00
2.537122461125395301e+00
2.536732785918752953e+00
2.533219488953672993e+00
2.531225664848674395e+00
2.530543624619263632e+00
2.527935148442145952e+00
2.527907703127467265e+00
2.526958599356914359e+00
2.523888730976382888e+00
2.521267293557663436e+00
2.518026347104884266e+00
2.520111264899534298e+00
2.519408609627475926e+00
2.516484621168086022e+00
2.512971052059333132e+00
2.512755382156619977e+00
2.509220044062658417e+00
2.505812835046568932e+00
2.502520196734655755e+00
2.498930890275175454e+00
2.495683987525351366e+00
2.492967352859598140e+00
2.492326621015982013e+00
2.493750153705522443e+00
2.493775751060393286e+00
2.494847712452654243e+00
2.495596779320297554e+00
2.494059145920358933e+00
2.491705757093361839e+00
2.489727243572614324e+00
2.487013744730348197e+00
2.485468691600756674e+00
2.483533829616970223e+00
2.482725684268729971e+00
2.481176787005643813e+00
2.480226712554770785e+00
2.476808891238550636e+00
2.473934726931471317e+00
2.473470124759446609e+00
2.469984030894083471e+00
2.468232615130883101e+00
2.464993151843130281e+00
2.465007658146741498e+00
2.462875144885356526e+00
2.459677986534952066e+00
2.461242762437298559e+00
2.459140091497350245e+00
2.460573765610254870e+00
2.457972083997908008e+00
2.455000515912375114e+00
2.452665154716666684e+00
2.449277309088642163e+00
2.448914243439607841e+00
2.446840284479257832e+00
2.445366204690593293e+00
2.445460753836484091e+00
2.444628645848090365e+00
2.441576287290731617e+00
2.444014839851313070e+00
2.442436506667696516e+00
2.440154786533876852e+00
2.437467077026696849e+00
2.434931036694397921e+00
2.431962713012468580e+00
2.428632770149151909e+00
2.428080808214828856e+00
2.425199783341634774e+00
2.424681886436084621e+00
2.422300952742389768e+00
2.419682706067350253e+00
2.416530976457289093e+00
2.414131072812080170e+00
2.411882682004338196e+00
2.409693223185757294e+00
2.406797506454446456e+00
2.405079222367896286e+00
2.402388861334251224e+00
2.401510573518231606e+00
2.399042630020845834e+00
2.396577334271156268e+00
2.394602954612716328e+00
2.396565280026210498e+00
2.395029195811762435e+00
2.392486892858225467e+00
2.389564948565528368e+00
2.386506073519346405e+00
2.383954381435724912e+00
2.381635045161765163e+00
2.379950448961744680e+00
2.377235367545326827e+00
2.374566351228605043e+00
2.375587549735163950e+00
2.372683017906785263e+00
2.372050896578131063e+00
2.371355977412771932e+00
2.368405545470125606e+00
2.365413793350774618e+00
2.363273556072885917e+00
2.360974400951870056e+00
2.358239909907735132e+00
2.355779299645407665e+00
2.355381212809810609e+00
2.353038797588873354e+00
2.353242939080919527e+00
2.350606123393918168e+00
2.348110231923417945e+00
2.345528639218659617e+00
2.342550724985922095e+00
2.339791760667218945e+00
2.337951190056163142e+00
2.334861426997493439e+00
2.334822831169710788e+00
2.331881633922681107e+00
2.329578420267073291e+00
2.327119108050184515e+00
2.324855156587065430e+00
2.322351833472261262e+00
2.324508686240623678e+00
2.323091553084216887e+00
2.320821879113575292e+00
2.321255439070470050e+00
2.320713852996551640e+00
2.318054534177717230e+00
2.315324789675794914e+00
2.314809637229540140e+00
2.313849462157657300e+00
2.313121622900994101e+00
2.310355693483797879e+00
2.308145096519403250e+00
2.307425867323729562e+00
2.304816829356763908e+00
2.302157156801397431e+00
2.300084556456384988e+00
2.297212468023022591e+00
2.294765077492013639e+00
2.292459778657023328e+00
2.290098090036496448e+00
