3.120602903478768297e+01
3.114418865784181278e+01
3.031626493129516575e+01
3.007295717486434938e+01
2.972937387647830576e+01
2.989924859035473403e+01
2.984286929109400077e+01
2.972512899893961702e+01
2.984349015470537125e+01
2.975705936059912560e+01
2.945758883918379567e+01
2.944760641487405195e+01
2.921910809623895844e+01
2.913092358508174229e+01
2.876882670241050022e+01
2.869080328126239365e+01
2.855343445506565203e+01
2.837693009962931967e+01
2.830221137589858671e+01
2.820094611419854402e+01
2.822947197642164952e+01
2.814315136660164285e+01
2.806896186941564153e+01
2.781952693014955003e+01
2.774431843079979387e+01
2.772626269242294228e+01
2.763351692321949571e+01
2.754788438589287836e+01
2.761679206920166152e+01
2.741350331605760715e+01
2.737997013542193514e+01
2.721179878318513801e+01
2.716896134278202268e+01
2.702487300908454060e+01
2.688997518323470359e+01
2.692830179402765012e+01
2.699399471453211063e+01
2.689133858101885721e+01
2.676395380672275337e+01
2.655666583743546738e+01
2.647669745024029808e+01
2.635323957794573246e+01
2.626055473962641074e+01
2.624369385112863640e+01
2.615126020936517648e+01
2.598557875738432443e+01
2.581780809223372231e+01
2.574268867132241567e+01
2.568863179384531392e+01
2.574835147039528493e+01
2.563204651690514524e+01
2.548898309172045629e+01
2.543604019666487304e+01
2.543738446652215401e+01
2.535353479557102929e+01
2.534197083109703641e+01
2.536950323972235921e+01
2.523419608168850559e+01
2.524695123787752848e+01
2.514600908839465632e+01
2.509149855850577282e+01
2.492439262263904709e+01
2.484757293249004562e+01
2.483773130882800118e+01
2.480666215051191159e+01
2.483702758140503164e+01
2.483615136071648877e+01
2.481090876442337745e+01
2.475954341033666140e+01
2.467779766457314139e+01
2.463164492392149185e+01
2.453720533436793261e+01
2.447522169028805195e+01
2.442538711914556515e+01
2.434995644929967540e+01
2.431647480960225494e+01
2.433840128917127643e+01
2.422224237616630660e+01
2.412483649078605552e+01
2.413560600191311067e+01
2.402440585864520983e+01
2.397336650530138513e+01
2.395942357341952800e+01
2.384381244751928008e+01
2.388040987009677707e+01
2.379876045948249441e+01
2.374036475873036522e+01
2.368849741428968869e+01
2.363788545971010180e+01
2.358521971958110086e+01
2.357742169348157191e+01
2.355195968130798434e+01
2.348889990300878949e+01
2.342726798379485942e+01
2.334507006587993061e+01
2.330160111531289857e+01
2.327456952218744135e+01
2.322211496101384398e+01
2.317945097344392735e+01
2.310359470547930982e+01
2.308777304026441257e+01
2.324069660855735009e+01
2.324758658453132654e+01
2.325729658166768132e+01
2.318212856864315441e+01
2.313712168413447046e+01
2.311090266536304938e+01
2.307226374317654916e+01
2.303018051808104971e+01
2.298851479071359449e+01
2.298442314160379851e+01
2.296442951114921627e+01
2.290606474367889689e+01
2.284332034490994090e+01
2.281817352685862943e+01
2.276912396204740574e+01
2.273041586184886143e+01
2.269086083692928923e+01
2.269593314403277517e+01
2.264492644505574148e+01
2.262701575020309619e+01
2.260329942691033978e+01
2.258127902699699519e+01
2.254257593884321054e+01
2.251711296299860265e+01
2.246210216932595571e+01
2.243080612809385954e+01
2.240536564470053094e+01
2.237263369241820499e+01
2.233902074981469354e+01
2.225539886650744847e+01
2.222956348442951935e+01
2.220146513929005039e+01
2.214576159389445564e+01
2.210180847216517108e+01
2.205928793675110455e+01
2.200470337461092640e+01
2.194518927662412722e+01
2.187647446782494143e+01
2.181118123228831962e+01
2.179803215870136057e+01
2.177080500549264030e+01
2.174292274651079993e+01
2.169559706625764406e+01
2.163688735839370025e+01
2.158476541225332568e+01
2.152970223647579573e+01
2.147335218330846018e+01
2.145676032237921049e+01
2.143561313795703427e+01
2.138227919801510879e+01
2.130999847607995790e+01
2.125726828830521242e+01
2.121080107257258263e+01
2.115609485104676679e+01
2.112530596617441958e+01
2.109911770321440017e+01
2.103313364175183509e+01
2.098625543815493799e+01
2.091346307944021987e+01
2.091574860072314479e+01
2.085835731114924840e+01
2.082167767246917123e+01
2.080078758858548227e+01
2.079259706756856119e+01
2.074774916577909423e+01
2.070807696581733026e+01
2.066808105632314252e+01
2.065026041766970977e+01
2.061600779589417343e+01
2.061246465902918601e+01
2.058705393891930413e+01
2.058174178657426623e+01
2.059527157880280157e+01
2.056121295984731390e+01
2.051501981877036940e+01
2.048981020321929236e+01
2.045973627823697782e+01
2.044349573694877620e+01
2.041127359462068114e+01
2.037357583613274770e+01
2.035405097744463987e+01
2.030970569830996553e+01
2.029928798412689517e+01
2.029623286617941247e+01
2.025141837539924339e+01
2.023314750049263822e+01
2.020701708407640496e+01
2.016974315599895817e+01
2.013433342331824960e+01
2.011040463031659797e+01
2.006179366295205568e+01
2.001668212643486555e+01
1.997976516806282632e+01
1.994165705310895120e+01
1.991799002757789694e+01
1.988398280616852887e+01
1.989403847439649198e+01
1.985292876222559855e+01
1.980697197468946413e+01
1.976942974851883505e+01
1.973480291823994648e+01
1.969896006095845209e+01
1.967764723706688912e+01
1.965928620136992677e+01
1.962477107246176899e+01
1.960031881336996662e+01
1.956867023288542384e+01
1.954571474267991249e+01
1.950119201516934808e+01
1.945089161864182614e+01
1.940624068666976143e+01
1.938216096598741345e+01
1.935094150082692721e+01
1.932541122301677561e+01
1.929006018057564731e+01
1.925533915914893512e+01
1.922615437452585141e+01
1.918924814615031238e+01
1.915744107788805906e+01
1.912225405994097471e+01
1.910576858900069652e+01
1.906931615217490616e+01
1.906568850566663542e+01
1.904894182084023768e+01
1.901090661252944258e+01
1.898384357965465341e+01
1.896913502864441625e+01
1.895039553217229766e+01
1.894493513584997402e+01
1.891247801432907494e+01
1.889782393288979279e+01
1.891487312744818183e+01
1.888564660861331390e+01
1.885745233009899735e+01
1.883170661591474726e+01
1.881632994249654800e+01
1.879394815454537593e+01
1.881013553203694144e+01
1.877540597101153352e+01
1.874928754225116734e+01
1.880521878820421833e+01
1.879313439762329097e+01
1.878180687095951029e+01
1.877193761868075939e+01
1.876640161081597213e+01
1.875763927430019606e+01
1.873622394913792988e+01
1.874567774985065682e+01
1.871966116272319169e+01
1.869810550349691880e+01
1.867614670744575633e+01
1.867955131880043496e+01
1.865278689217358377e+01
1.862684717293493364e+01
1.860235523052322293e+01
1.858110388757019749e+01
1.857240179332778851e+01
1.854344113598903832e+01
1.851506586977730606e+01
1.851960150508352498e+01
1.852172057223912205e+01
1.851626342919391277e+01
1.850641196617531392e+01
1.848041987548389997e+01
1.845432390841026304e+01
1.842720975783605653e+01
1.839024403014708398e+01
1.838285652614522903e+01
1.835099737517034413e+01
1.834093512527796932e+01
1.830350740943663368e+01
1.829942829077030098e+01
1.828369198538219820e+01
1.825413462757682836e+01
1.822103097465562982e+01
1.821037710536619159e+01
1.818528586075841602e+01
1.817314846142882701e+01
1.814669418351406804e+01
1.811726971334401526e+01
1.808613886048138397e+01
1.806343760749455640e+01
1.804124763718416347e+01
1.801103768951089990e+01
1.799657724728252717e+01
1.796811714275084171e+01
1.794992398415973156e+01
1.792058256916723735e+01
1.788754054379275971e+01
1.785348708433513210e+01
1.783237457938304971e+01
1.780552219384270174e+01
1.777928442018958677e+01
1.776400277466147770e+01
1.773107039336718316e+01
1.773034355916913896e+01
1.770199921135556664e+01
1.768965535257871124e+01
1.766878468070229147e+01
1.764244851699292482e+01
1.760802815564861135e+01
1.758208964781762162e+01
1.756201376900071054e+01
1.756779320253159327e+01
1.755256329403060178e+01
1.753568571753385186e+01
1.751728363932905097e+01
1.749292280921744336e+01
1.747645197672401451e+01
1.746795924813238088e+01
1.745251825355344621e+01
1.744284059399128495e+01
1.741791661836057159e+01
1.738850511851421388e+01
1.736056948055849958e+01
1.734186328234908814e+01
1.735542129389137145e+01
1.733561316188679768e+01
1.732022599702075638e+01
1.730246364828278161e+01
1.727902826900240996e+01
1.729182790348632537e+01
1.727320047363195954e+01
1.725759793781028506e+01
1.724255645726146824e+01
1.722327016880699091e+01
1.720553398034731174e+01
1.718788906931130711e+01
1.715991056811528637e+01
1.718468013850937481e+01
1.717647683345512633e+01
1.715858587669327662e+01
1.715294079860755261e+01
1.714257233394608448e+01
1.713404309639695455e+01
1.711508898287394942e+01
1.710004287669098133e+01
1.709095580957664495e+01
1.707597941424510068e+01
1.706271184095357185e+01
1.705768556164053606e+01
1.703298106924157906e+01
1.703283005367147851e+01
1.701921527094179609e+01
1.699731682171698210e+01
1.696838389100951616e+01
1.695786708891061423e+01
1.695034227463782273e+01
1.692434134343758956e+01
1.690554636528772292e+01
1.689658970633331592e+01
1.687812734093984801e+01
1.685548084898892540e+01
1.683439238487851952e+01
1.680995666731448779e+01
1.679007223161401186e+01
1.677814687320624998e+01
1.675371321070442221e+01
1.673223761069236204e+01
1.670928486476847041e+01
1.669013088193878858e+01
1.667657677439165198e+01
1.665251464856689978e+01
1.664127849371767809e+01
1.661601152272412918e+01
1.659595248923490374e+01
1.658309577871986207e+01
1.655935542909049474e+01
1.654519999896793436e+01
1.652093761555939011e+01
1.650533530773761726e+01
1.650143877566425488e+01
1.647900126721641101e+01
1.645928238095051555e+01
1.644394550814021017e+01
1.642990344380364931e+01
1.640316980768588095e+01
1.637760833076280420e+01
1.635975246370289682e+01
1.633969712440333311e+01
1.632150944180474283e+01
1.629638869199461126e+01
1.627455254095475112e+01
1.625879024695634101e+01
1.623739863408651019e+01
1.622172612557412918e+01
1.620430956536348077e+01
1.618323356717946027e+01
1.616143994466850131e+01
1.614158120282337450e+01
1.612553865594435720e+01
1.610187624084878522e+01
1.607739383105879227e+01
1.605933395710566458e+01
1.604305496692746047e+01
1.602796477613405557e+01
1.601462811485671267e+01
1.604726558680147619e+01
1.602349027676083182e+01
1.601757551830095849e+01
1.599945772618312212e+01
1.598515678868876400e+01
1.597405198775596169e+01
1.596772789414356630e+01
1.596294647525751209e+01
1.595187277535777781e+01
1.595081433808980265e+01
1.593816445185387209e+01
1.592928186945330360e+01
1.591654552818154578e+01
1.590290120632875492e+01
1.588702390055588154e+01
1.587814567867963333e+01
1.586318152348195376e+01
1.584736113677496228e+01
1.583551398356920004e+01
1.582823722648311815e+01
1.585047621014681418e+01
1.583774224214442050e+01
1.582348386322351708e+01
1.581562826589521364e+01
1.580716208185171645e+01
1.579602562927156306e+01
1.578414879590002506e+01
1.578058422062244404e+01
1.576940167992671782e+01
1.576693111423059968e+01
1.575608914474724820e+01
1.574323046603710630e+01
1.572934459494355686e+01
1.572099094048530254e+01
1.570494937531774404e+01
1.569331588223348284e+01
1.568151724345838360e+01
1.566703337480158886e+01
1.568091500610736411e+01
1.566929609997245620e+01
1.565244019394498487e+01
1.564132067183000885e+01
1.563567566959105015e+01
1.562509306143253163e+01
1.560820058929221510e+01
1.559655920980149801e+01
1.558502115450056635e+01
1.557292249849740351e+01
1.555615435697488813e+01
1.553918695717254650e+01
1.552166894198783353e+01
1.550900297959114482e+01
1.549797039387928699e+01
1.547890520648394386e+01
1.546282249263730613e+01
1.545316978461157298e+01
1.544236323692569890e+01
1.544768057954505913e+01
1.542899256676605368e+01
1.541111199641127172e+01
1.540608801124671245e+01
1.538964074945581473e+01
1.538297448201735307e+01
1.536940715123261825e+01
1.535672235687385445e+01
1.534104236519750764e+01
1.533566016185948477e+01
1.531771320187140795e+01
1.530285380111017624e+01
1.528916996342554491e+01
1.527595125679366461e+01
1.525611059271585468e+01
1.524082338560945438e+01
1.522381950165785369e+01
1.521015591259597421e+01
1.519516640122380657e+01
1.518221414249562429e+01
1.517129540387744591e+01
1.516126391276517182e+01
1.514576168191944028e+01
1.512974402438368315e+01
1.511735124833734822e+01
1.511377374170587728e+01
1.510231658236464902e+01
1.508481086279893724e+01
1.506784256536889188e+01
1.506245888170698422e+01
1.505512143441274198e+01
1.504188462099975965e+01
1.502811197699069723e+01
1.501355315952372749e+01
1.500338846113162816e+01
1.498999137225042944e+01
1.497800944152530533e+01
1.496356414975028670e+01
1.495257117775196853e+01
1.493907140383374532e+01
1.492302752130883903e+01
1.490964415285806233e+01
1.489152668086166820e+01
1.487792022581981755e+01
1.486155955667663875e+01
1.484893401034140048e+01
1.483349005185257141e+01
1.481605431475251322e+01
1.480756703826429721e+01
1.479115193888795154e+01
1.477385525146177514e+01
1.475689175209242698e+01
1.475281026150606145e+01
1.474300035509106266e+01
1.474708129532788448e+01
1.473024399894436343e+01
1.471609663638614229e+01
1.470406732786260662e+01
1.468960959643365349e+01
1.468085898910090670e+01
1.466483805829552090e+01
1.465320185643571804e+01
1.464412666008526642e+01
1.463249194801345787e+01
1.461731272135824433e+01
1.460359017887479105e+01
1.459144119334383838e+01
1.457795133166279022e+01
1.456560122379626598e+01
1.455004464451304358e+01
1.454852212032196768e+01
1.453361803076250425e+01
1.452167691727773580e+01
1.450946285084180687e+01
1.449112093175830474e+01
1.447874579376550663e+01
1.446377412895772707e+01
1.445037172559175254e+01
1.443472285862820570e+01
1.441801242927260240e+01
1.440227234419310953e+01
1.438865277597494341e+01
1.437495134956111364e+01
1.435809794254584482e+01
1.434395125059699261e+01
1.432869736038196962e+01
1.431377863768439163e+01
1.430100728931646081e+01
1.428740095602766402e+01
1.427404793787572856e+01
1.426142345536549172e+01
1.424967900153108680e+01
1.423543249413963530e+01
1.421948324031412625e+01
1.420326638305235356e+01
1.418851793144001583e+01
1.417413307583269422e+01
1.416766242061986603e+01
1.415220299214783672e+01
1.413531358782213587e+01
1.412212891545312665e+01
1.411205467411959269e+01
1.409843613616594560e+01
1.408804444137942724e+01
1.407470218155262032e+01
1.406267518865119648e+01
1.404923017927108475e+01
1.403746888370231183e+01
1.402406585491796065e+01
1.401033460064241964e+01
1.399769092110292945e+01
1.399136133608496735e+01
1.397877116412443321e+01
1.396550930853618766e+01
1.395294959324995254e+01
1.393798316185099040e+01
1.392814733943719219e+01
1.392156750459753489e+01
1.390654721663556970e+01
1.389720899976149937e+01
1.388684065590534189e+01
1.387453630009974859e+01
1.386465018700293328e+01
1.384877699321544853e+01
1.383552956907696263e+01
1.381879282316235447e+01
1.381276837422230486e+01
1.380058145519227253e+01
1.378838016177511960e+01
1.377214234215350785e+01
1.376061187539531439e+01
1.374758367914817114e+01
1.374413185998204057e+01
1.373042949255410683e+01
1.371684611565588874e+01
1.370284387270019089e+01
1.368936806893437108e+01
1.367628007112864630e+01
1.366196306909666447e+01
1.364724439989092275e+01
1.363169133662061583e+01
1.361888854579330754e+01
1.362427644786260394e+01
1.360906704138907664e+01
1.359754944096392215e+01
1.358397846780391482e+01
1.357227392638358054e+01
1.356712146957997334e+01
1.355532881957960001e+01
1.355352511808206550e+01
1.353948960100944277e+01
1.352871572016061741e+01
1.352627949166853760e+01
1.351381548915678721e+01
1.350149466979812374e+01
1.349169452317375040e+01
1.347783874196175091e+01
1.347091890614328413e+01
1.346047569989128512e+01
1.344977220614042146e+01
1.343897457753314484e+01
1.343256559631596936e+01
1.342141970750010849e+01
1.340924358698716112e+01
1.339716171787307708e+01
1.338403443119026903e+01
1.337204391438643114e+01
1.336006143204659935e+01
1.335152595809354281e+01
1.333873521458473554e+01
1.332457497308985772e+01
1.331243610127861032e+01
1.329832972852952722e+01
1.328716136468296938e+01
1.328004604341734307e+01
1.327175507061964410e+01
1.326088410472115520e+01
1.325225870363303926e+01
1.324007015292984057e+01
1.322817209569758390e+01
1.322342997472795822e+01
1.321101552787004962e+01
1.321092166335458984e+01
1.320466693168216210e+01
1.319616742095473327e+01
1.318860140477355003e+01
1.318418700238187036e+01
1.317736016648114905e+01
1.317095336651538950e+01
1.316462489635651245e+01
1.315613360953950028e+01
1.314672439302601070e+01
1.314083998699204514e+01
1.313809214162649752e+01
1.313530494618471067e+01
1.312291246423485980e+01
1.311196909891501328e+01
1.310086011778203918e+01
1.309115049543194687e+01
1.308802102576832560e+01
1.307954816768289419e+01
1.306949883871492268e+01
1.306464745479344103e+01
1.305648495136327547e+01
1.304536340686779639e+01
1.303459997164036999e+01
1.302585476699506906e+01
1.301509093205488909e+01
1.300497280731609173e+01
1.299305563882122527e+01
1.298579913681231446e+01
1.297569596216766818e+01
1.296833050519097874e+01
1.295897575637590293e+01
1.294931115348987838e+01
1.293742986578478771e+01
1.292761845060694803e+01
1.291591253163696429e+01
1.290243746894368826e+01
1.289263305116125835e+01
1.288358875320371766e+01
1.287354615808984448e+01
1.287312133643753498e+01
1.286081965071064914e+01
1.284983639508763176e+01
1.284121089681403660e+01
1.283160560715424126e+01
1.282067474042975519e+01
1.280946033777651394e+01
1.279969342989659786e+01
1.278847407314546558e+01
1.277797251874092943e+01
1.276574704322761633e+01
1.275557209574675532e+01
1.274395423877018452e+01
1.273309615260897942e+01
1.272175099012486221e+01
1.271090816218269737e+01
1.271371718162412634e+01
1.270202386856353982e+01
1.269310277635522866e+01
1.268592204906664023e+01
1.267591323289939886e+01
1.266764300761390594e+01
1.265709413108606540e+01
