1.833777903113877272e+01
1.853497458759035155e+01
1.821923950779619972e+01
1.772529021756628254e+01
1.759589195026816455e+01
1.721465957550265458e+01
1.706421656962141853e+01
1.690849928415507719e+01
1.682300620910186240e+01
1.661726171880928860e+01
1.646228032305100442e+01
1.636590366236265837e+01
1.634417825012365810e+01
1.628991489921891400e+01
1.622345494790338449e+01
1.610897183693602841e+01
1.599870307090321475e+01
1.594965561941192611e+01
1.591410008433919820e+01
1.579630113721085571e+01
1.574642275134854330e+01
1.566937885637374528e+01
1.558097980651306713e+01
1.553554207437107415e+01
1.547433621231080458e+01
1.541343362286394481e+01
1.539442960800328741e+01
1.537690510685079204e+01
1.536021282355491024e+01
1.526736443661363296e+01
1.520583566627735550e+01
1.512890732925555248e+01
1.510390225373570239e+01
1.506928545733856417e+01
1.500886258418051966e+01
1.493487224971838323e+01
1.484091051418693574e+01
1.481790880095398677e+01
1.472944261626772189e+01
1.460994722303304805e+01
1.452079261862201243e+01
1.449134505834087605e+01
1.445179591527898921e+01
1.441522085665439334e+01
1.430774008427285260e+01
1.427971029934280089e+01
1.423320856984066474e+01
1.417714246223420105e+01
1.412792483155845780e+01
1.403737285096697462e+01
1.399796040146640053e+01
1.395621327608773221e+01
1.385975446166594161e+01
1.379997762852500998e+01
1.377325102718408445e+01
1.376029594029547987e+01
1.374521707500043455e+01
1.366312738328301890e+01
1.359299175530062875e+01
1.355739923810596714e+01
1.353879956927883654e+01
1.347981653753549303e+01
1.350727274067811656e+01
1.346418326703401824e+01
1.341337345857224150e+01
1.334394308362695902e+01
1.331306664480973367e+01
1.328461816052451461e+01
1.325472349645093217e+01
1.318988864652856563e+01
1.312884608608566417e+01
1.308903770721292226e+01
1.302879858995462392e+01
1.301878514033924006e+01
1.299173920637133151e+01
1.297183974432667242e+01
1.292431447844749393e+01
1.287311264410109857e+01
1.286397545875800574e+01
1.283075457383919726e+01
1.281085098187293703e+01
1.278042084493520747e+01
1.271949809017224808e+01
1.269324013799581863e+01
1.264447882463258388e+01
1.260247152644361357e+01
1.257411598494295468e+01
1.252876065713457443e+01
1.248279493762622572e+01
1.249957198133828484e+01
1.247041074721395226e+01
1.245194143081830696e+01
1.247686440389185414e+01
1.246284905499956430e+01
1.242499411831754053e+01
1.241865704831857542e+01
1.239434032196620450e+01
1.238573597749370059e+01
1.239014798914258719e+01
1.235361069077262464e+01
1.234049166642098960e+01
1.231477339677737248e+01
1.228480775983779338e+01
1.225808231908013823e+01
1.226929595376632953e+01
1.223891423885208951e+01
1.221101502843027120e+01
1.217051830915231925e+01
1.217177686371385015e+01
1.216707303800879814e+01
1.216826974613735679e+01
1.216437009870284669e+01
1.215518836770736399e+01
1.212472561147766825e+01
1.209299154021675449e+01
1.207260522490448196e+01
1.203128494556442085e+01
1.199601132853536178e+01
1.196316053280568248e+01
1.192920784279190549e+01
1.191945437604468516e+01
1.187847636058932643e+01
1.184099487862257050e+01
1.179646837156511907e+01
1.177343710837802782e+01
1.175146192897629049e+01
1.172029053161557144e+01
1.168891114367675499e+01
1.166474260484375947e+01
1.164163421386984432e+01
1.161611655507470964e+01
1.157945022510092414e+01
1.156105428676528923e+01
1.152881541104363272e+01
1.148572668609969050e+01
1.145217032491967224e+01
1.143258429353443972e+01
1.141599923439574660e+01
1.137711561191469478e+01
1.133954665494560032e+01
1.129830606819632877e+01
1.127283563295114632e+01
1.124790270913942258e+01
1.122057818066124746e+01
1.119116080851493678e+01
1.117859888915308098e+01
1.115065941442779618e+01
1.112721647475326492e+01
1.110644002735350711e+01
1.107491275858860647e+01
1.105990319349088580e+01
1.105399307053175662e+01
1.102617787286397721e+01
1.100204071580963472e+01
1.100552884040410895e+01
1.099526719587151113e+01
1.096527578518129253e+01
1.094470673001970340e+01
1.091508668431157147e+01
1.090419444245154423e+01
1.089032427292682925e+01
1.087424830849540314e+01
1.086683892876286350e+01
1.084161984014822622e+01
1.083581530161015571e+01
1.080699865004171301e+01
1.078087721690476108e+01
1.075716820891956615e+01
1.074407690915695213e+01
1.072925876521232702e+01
1.070830691216490571e+01
1.071485279475468566e+01
1.072026150712358472e+01
1.069042926190028986e+01
1.068757027634466361e+01
1.069523564139550587e+01
1.066862490705182864e+01
1.065167039791267989e+01
1.062528683336594781e+01
1.060449182037497629e+01
1.057848998481922287e+01
1.055399526787371833e+01
1.054093763768344694e+01
1.052339277780838067e+01
1.052678234681059877e+01
1.053045377978125074e+01
1.051708476057295627e+01
1.048978625451051805e+01
1.046856592304649958e+01
1.045215650206651858e+01
1.042539574454674600e+01
1.040707040927453875e+01
1.038660468574003737e+01
1.037533575375602446e+01
1.035857781265944766e+01
1.034673983053516899e+01
1.032330810981396141e+01
1.031302156543618231e+01
1.030912069998080938e+01
1.028836887893668717e+01
1.028536105819368807e+01
1.025977758165935327e+01
1.024697466844394178e+01
1.022286306894558727e+01
1.021101035262918977e+01
1.018992660498357417e+01
1.017016439913261827e+01
1.015496008335588662e+01
1.014076111974412164e+01
1.011439732807147251e+01
1.009425517432243069e+01
1.006615043615042993e+01
1.003925008666064755e+01
1.002239554613042927e+01
1.000082383400940600e+01
9.988919030398998089e+00
9.971670828928246522e+00
9.958854269697246409e+00
9.945421940570184915e+00
9.931349115502694502e+00
9.909352258337097652e+00
9.889590673773492213e+00
9.885200375138026629e+00
9.873917584925299806e+00
9.869199717008584116e+00
9.853927624210244929e+00
9.834342865187011284e+00
9.831599563682837939e+00
9.819093693434382430e+00
9.799781035282528308e+00
9.796721509348342849e+00
9.777430844172997126e+00
9.758928235117755534e+00
9.748495202396043169e+00
9.731161983369611690e+00
9.709579458261494267e+00
9.685057837659355684e+00
9.674916044572585250e+00
9.655570936372091850e+00
9.634949245869128376e+00
9.614352875150272482e+00
9.594622559985403143e+00
9.580822322041338879e+00
9.564004631968410663e+00
9.545539114493925226e+00
9.523328454815944255e+00
9.512400382235906449e+00
9.494052011963937332e+00
9.479145582121086377e+00
9.459090692255658794e+00
9.436565133698092467e+00
9.428140811988960479e+00
9.413081399689533058e+00
9.393138108709456091e+00
9.392909914296803109e+00
9.373950563487689180e+00
9.354035402494146112e+00
9.344424366738296683e+00
9.326920566560804815e+00
9.308673599140925958e+00
9.287308042290598920e+00
9.279450014360905996e+00
9.265868483971578584e+00
9.250782531357163663e+00
9.236174993752843676e+00
9.229441354743558534e+00
9.215655574834501707e+00
9.198726952124360423e+00
9.188235185151610196e+00
9.188573175493406353e+00
9.177516251041476281e+00
9.162294331647368395e+00
9.146637523956741234e+00
9.134553416615210253e+00
9.131828937335848551e+00
9.119562056868293354e+00
9.105769159816956559e+00
9.090058606054080670e+00
9.079048606449854120e+00
9.062444390145856232e+00
9.068212243618930302e+00
9.056296095204354302e+00
9.044470565837816167e+00
9.028217094547761334e+00
9.013310095199628336e+00
8.999783368709785236e+00
8.985052235717679636e+00
8.980785904793481933e+00
8.963244960173410547e+00
8.949611407472632507e+00
8.933667367615919730e+00
8.916680755880658893e+00
8.907664627762944320e+00
8.891650642850166264e+00
8.879674678627667461e+00
8.869056862124281793e+00
8.863509514296159963e+00
8.848262289186481055e+00
8.833290145737089816e+00
8.816954881936061028e+00
8.799663782081301733e+00
8.783967572946991709e+00
8.774032976285463192e+00
8.757167597915394452e+00
8.742317228591549139e+00
8.729990724419101511e+00
8.712874042657812623e+00
8.705852388939664621e+00
8.692950872700848208e+00
8.679746442459876477e+00
8.669727554940603653e+00
8.664392280563696147e+00
8.648041290690468230e+00
8.638838555107518857e+00
8.626338034038614211e+00
8.613246441057629710e+00
8.598297580432515019e+00
8.586377104533452709e+00
8.609010564384815822e+00
8.597133554793638055e+00
8.587963223223363585e+00
8.590373335439092983e+00
8.580846137902414128e+00
8.567658052644455680e+00
8.558461187903464662e+00
8.549233494730613003e+00
8.539471677459761878e+00
8.532538085843439646e+00
8.519791680455837124e+00
8.511866985296455468e+00
8.506210592797614822e+00
8.501105436752490974e+00
8.491870276755392410e+00
8.480055363652009959e+00
8.466873789195577871e+00
8.453925889225498480e+00
8.454422256941132474e+00
8.445120641210928980e+00
8.433275070671795604e+00
8.424428642841119697e+00
8.416567030540131000e+00
8.402779337522323644e+00
8.396974845204121962e+00
8.382628633429551002e+00
8.374492110819925728e+00
8.360827695447271779e+00
8.349158039593032044e+00
8.342823568479401430e+00
8.330098589078358984e+00
8.326757428590553900e+00
8.313798035030318445e+00
8.319387526579495429e+00
8.307104616496856053e+00
8.295110892372340672e+00
8.280791651395549735e+00
8.272875201555780933e+00
8.262473568210207731e+00
8.250552146475468973e+00
8.240962207035929410e+00
8.229202316096412062e+00
8.216471822727346108e+00
8.205686175767233692e+00
8.195856983515325211e+00
8.187031315705288748e+00
8.182153836277544556e+00
8.169488117892241164e+00
8.161151476695641449e+00
8.152571463028406740e+00
8.139751925704199920e+00
8.131886512668907940e+00
8.121606448758775798e+00
8.110739086300521095e+00
8.100398481713135368e+00
8.106120705687645867e+00
8.100058980952882237e+00
8.089875329008840765e+00
8.081201575525204461e+00
8.070858192737642156e+00
8.070715690877158011e+00
8.067801515735233409e+00
8.056457658817725687e+00
8.045524436777697019e+00
8.035350917105430923e+00
8.023830884659716389e+00
8.014646250341062483e+00
8.003811201893336502e+00
8.001081652753006423e+00
7.990888348531135499e+00
7.981529290214900207e+00
7.972212600414822603e+00
7.962363125273775211e+00
7.952884994552583464e+00
7.955058099638160130e+00
7.944136029080280714e+00
7.932828390958315268e+00
7.932688895447937760e+00
7.925408983389616857e+00
7.918344428304471272e+00
7.909897434389684179e+00
7.899290654116065014e+00
7.889050848640229319e+00
7.882295020907410965e+00
7.869931814361511790e+00
7.860220978087299137e+00
7.852821912947469229e+00
7.841771559589092888e+00
7.835026439923696628e+00
7.834810336226827765e+00
7.829163621183346855e+00
7.819094676177416048e+00
7.812124651702500699e+00
7.801602658612629249e+00
7.792198798554310635e+00
7.783298158077125883e+00
7.773199740300203331e+00
7.762239930602088833e+00
7.755644560466170567e+00
7.745589691019854506e+00
7.733856205124374661e+00
7.727885122845376209e+00
7.748515223118035422e+00
7.743173567873632201e+00
7.733420037588220275e+00
7.726856934559454437e+00
7.718740942295166718e+00
7.709362998300381520e+00
7.701253743402610041e+00
7.700168919998803929e+00
7.692196641470667728e+00
7.691499844075070591e+00
7.681270872313851861e+00
7.672816694929078807e+00
7.664840846969087629e+00
7.654565838081612839e+00
7.647115044805216755e+00
7.637465695862468706e+00
7.629236784193865972e+00
7.620360163552840405e+00
7.608483217853147629e+00
7.599737840862270666e+00
7.588791028151270268e+00
7.585834740547123367e+00
7.584411765527748983e+00
7.574112972994292647e+00
7.564423144648706909e+00
7.555095440837314769e+00
7.549562022444918696e+00
7.550000870674835163e+00
7.543096964918700742e+00
7.537232791084226058e+00
7.531063221246912853e+00
7.521975889726722819e+00
7.512667833957212160e+00
7.509721497298967208e+00
7.502713424520413454e+00
7.494026745812772283e+00
7.485191289795485758e+00
7.490467767647109198e+00
7.482483856682842216e+00
7.483511853887015342e+00
7.477977769127550189e+00
7.473977385179647825e+00
7.466081665287566338e+00
7.457756559934706431e+00
7.457976512980460271e+00
7.451287594495952682e+00
7.450251241192569651e+00
7.442949066877203812e+00
7.433412613403925562e+00
7.424675381872025248e+00
7.414761978751759131e+00
7.406311899269437227e+00
7.397100173495608999e+00
7.388261573272343341e+00
7.380608726255347918e+00
7.372156843996826581e+00
7.375396624835527604e+00
7.365731279448185731e+00
7.357041869786943522e+00
7.352330316334897198e+00
7.343080483985822582e+00
7.333557682420054569e+00
7.326467104762766525e+00
7.320528974559500135e+00
7.314648433070972899e+00
7.308584577887958567e+00
7.299402396404122584e+00
7.295440397192523463e+00
7.286329231578952736e+00
7.277940353704869914e+00
7.272322869396083078e+00
7.269818871537213845e+00
7.269568075082814218e+00
7.260741218308985445e+00
7.254353208942744935e+00
7.248079800799577477e+00
7.239131999798291695e+00
7.235552471098639415e+00
7.228843684457133989e+00
7.221171600367399357e+00
7.213819030577595548e+00
7.207311372254569193e+00
7.201430951612308284e+00
7.193434690255976705e+00
7.184840315128077748e+00
7.184055133572779361e+00
7.175569028506709301e+00
7.167976613653405771e+00
7.160160755485714290e+00
7.153001103863450894e+00
7.144144874960053571e+00
7.136995961192939220e+00
7.128787316823372855e+00
7.120635909535131702e+00
7.113741577821708795e+00
7.106321258878853797e+00
7.098980849376769875e+00
7.097357624132356158e+00
7.091301095182515724e+00
7.082885556704578534e+00
7.081473949011610536e+00
7.078697946185260825e+00
7.074113658158585061e+00
7.066833872261466531e+00
7.060895102103087240e+00
7.052304127654634769e+00
7.044879836982352650e+00
7.035962072338001860e+00
7.027529220545168265e+00
7.021172623468918239e+00
7.014424788697693813e+00
7.007485146799054654e+00
7.002171556142020137e+00
6.993701333389110708e+00
6.987923918825179825e+00
6.979788952874099728e+00
6.975073002368027630e+00
6.967755350360451239e+00
6.960799701594072353e+00
6.954639501008359481e+00
6.948727026607599555e+00
6.941619519843693631e+00
6.933480607663498496e+00
6.926025744308691223e+00
6.918188517496500545e+00
6.911601502258391427e+00
6.904057165156261888e+00
6.897325477197301602e+00
6.889881727287641588e+00
6.890913331265141828e+00
6.885183932510312133e+00
6.878539136135037424e+00
6.870704876800810545e+00
6.865357851718603577e+00
6.859700702748349421e+00
6.851892650028659659e+00
6.845791775128010848e+00
6.837928143959734584e+00
6.839644748503816096e+00
6.841675223132531514e+00
6.841259673713992129e+00
6.834576105601008145e+00
6.826989642313119333e+00
6.824039531411624004e+00
6.818958749072712600e+00
6.812310044981675361e+00
6.808370021041454834e+00
6.803807545743715934e+00
6.797207573633111899e+00
6.790452198833395236e+00
6.784337892841816320e+00
6.780296331506165508e+00
6.773715284322939567e+00
6.768778019366680887e+00
6.761285420765914544e+00
6.764004944220520343e+00
6.757999539303121139e+00
6.757807968413588995e+00
6.751764546092691610e+00
6.746597774178208162e+00
6.739192115515738379e+00
6.734635231667411404e+00
6.727903809152468995e+00
6.720359501953187653e+00
6.722834825978182494e+00
6.717213873798659307e+00
6.712846645795439215e+00
6.707425881829811587e+00
6.700453876033277467e+00
6.695134371168809828e+00
6.688252790618982146e+00
6.682915456085734895e+00
6.681536618920247861e+00
6.674061432537317984e+00
6.667055547095229073e+00
6.667615556283393197e+00
6.661221410308924007e+00
6.655472692390876688e+00
6.650805380344132267e+00
6.645212133741929428e+00
6.639333786191560449e+00
6.633747361093005779e+00
6.626832247336315262e+00
6.620173415845166609e+00
6.617257235159796025e+00
6.612803058997184458e+00
6.609250396405124128e+00
6.602540760475752002e+00
6.597254484988566148e+00
6.590900910918962907e+00
6.583896087858302160e+00
6.577689221800821606e+00
6.571820791475970758e+00
6.566243466912104587e+00
6.560597035877788308e+00
6.562587844516433400e+00
6.556373626774809615e+00
6.551970925323903572e+00
6.546060025787668657e+00
6.542118382108901287e+00
6.536071836146768455e+00
6.529839644090658091e+00
6.524828564764187711e+00
6.518381212147260406e+00
6.514951821998467452e+00
6.509919051985278315e+00
6.506746770956128856e+00
6.501441396606455037e+00
6.495455159732111738e+00
6.490378039356366813e+00
6.486870650338174116e+00
6.482212955931970555e+00
6.476915551454694331e+00
6.470289775421098177e+00
6.465327627785208975e+00
6.458582571595928634e+00
6.452145623980136691e+00
6.446231923142695663e+00
6.440431055420628326e+00
6.437720657210173059e+00
6.432650117592713102e+00
6.426717674877938435e+00
6.422122855543926256e+00
6.416730295182455635e+00
6.411299141820383518e+00
6.405250986692385240e+00
6.399573585857654123e+00
6.393924960152994608e+00
6.389523427970938307e+00
6.384081347523304473e+00
6.387856859219554373e+00
6.382911280291860834e+00
6.377582048281098537e+00
6.372403208693229182e+00
6.367062095460018334e+00
6.360938983593853457e+00
6.355614687501176086e+00
6.349446869111535108e+00
6.344399756304593296e+00
6.338744250344442221e+00
6.333774869068750313e+00
6.327493006642963991e+00
6.322457020891027568e+00
6.317355615879916009e+00
6.313649377417034358e+00
6.309792790466072887e+00
6.303506787193158267e+00
6.297989560682268895e+00
6.294971849462868363e+00
6.290165806495373602e+00
6.288416830329311757e+00
6.283650576106449392e+00
6.279275454724326799e+00
6.275853865759247086e+00
6.271240477758846410e+00
6.269177359336515210e+00
6.268543652714238412e+00
6.264507839763826524e+00
6.263806978220174848e+00
6.257875255361175171e+00
6.253036164637999050e+00
6.247484553003255670e+00
6.242286502388556535e+00
6.242930225216008822e+00
6.237378485104208004e+00
6.232185161077139490e+00
6.226204182815194166e+00
6.220849538101174581e+00
6.220160299274540172e+00
6.214892187413343372e+00
6.209049246479800388e+00
6.203365494199051255e+00
6.198365446246480559e+00
6.193680870765166269e+00
6.192388586633978065e+00
6.189170195999310842e+00
6.185805533272442425e+00
6.181345524467599439e+00
6.175273630069242792e+00
6.171230951221861716e+00
