1.132873065160331372e+01
1.155531945914054148e+01
1.115581314741544183e+01
1.108763913390060374e+01
1.072704060384495861e+01
1.051358443773295726e+01
1.036046131472406451e+01
1.020028117731511230e+01
1.009873170869808590e+01
1.006236302483859113e+01
9.919869129310233902e+00
9.801661679854181131e+00
9.645316578528815299e+00
9.546964453460281774e+00
9.546741700312885825e+00
9.550863297939883978e+00
9.387898513999896721e+00
9.288803313463606770e+00
9.303811689799516671e+00
9.186577301415026042e+00
9.126195678947782497e+00
9.057879034475700308e+00
8.912953909902363137e+00
8.860960854593653124e+00
8.853003371653217712e+00
8.834929028050810373e+00
8.860496859352855026e+00
8.700590405402094163e+00
8.719653352310615446e+00
8.674657415001632899e+00
8.605049527114429608e+00
8.586814051214309629e+00
8.541081323595678398e+00
8.482011678252321829e+00
8.468389402943611088e+00
8.385944525687628825e+00
8.345575957049582883e+00
8.327489843760480071e+00
8.247730719414734679e+00
8.197280966299059557e+00
8.122290304461806443e+00
8.056868828631195356e+00
8.028914803875901285e+00
7.998478494561108931e+00
7.963311506498301995e+00
7.946120136912935727e+00
7.914169998412281082e+00
7.862590754007864113e+00
7.869794687287710921e+00
7.805642741548858510e+00
7.804348945415294558e+00
7.799487841016557788e+00
7.792460378469641569e+00
7.768213770910815441e+00
7.758960904140203674e+00
7.751560619945717434e+00
7.719485586081328066e+00
7.705623397394294471e+00
7.674943976797857559e+00
7.633507919593712110e+00
7.576741667527560509e+00
7.551127243578660497e+00
7.491103944112960988e+00
7.484240462849593989e+00
7.484968965832669241e+00
7.454151925699579628e+00
7.416923269806802388e+00
7.412632410198614075e+00
7.397498344998834519e+00
7.355217225909441048e+00
7.316594753170713616e+00
7.283686297595798997e+00
7.296156214382630623e+00
7.278878894021062251e+00
7.241992932629992552e+00
7.226883865837764098e+00
7.208633073178200235e+00
7.213118082390947983e+00
7.197870294582351391e+00
7.171736740663310350e+00
7.139099708750800133e+00
7.110282551590362488e+00
7.076233071856525392e+00
7.059975930976320591e+00
7.036784418726139911e+00
7.010101676858043973e+00
6.992698383180156796e+00
6.952390254326264341e+00
6.922990973173290818e+00
6.935180692994721063e+00
6.885302322662884222e+00
6.854535458518324020e+00
6.822783111191019323e+00
6.788395879271748257e+00
6.794751501117686665e+00
6.794157826567890801e+00
6.763311966676080367e+00
6.743050709228341155e+00
6.731563975271574130e+00
6.691561200259243947e+00
6.653168118504240169e+00
6.649614343838495145e+00
6.629115228588331910e+00
6.608276751755256306e+00
6.579613524117494450e+00
6.548099819747950967e+00
6.516429239063701750e+00
6.486906615375329643e+00
6.484130717090853757e+00
6.471259459465335873e+00
6.435055820078201094e+00
6.409252174335397179e+00
6.376416899875099631e+00
6.347717338389518460e+00
6.327346184830251907e+00
6.304927698906809930e+00
6.284515623375818372e+00
6.282502400845642043e+00
6.272270740406477252e+00
6.277872751431048393e+00
6.250964954828118536e+00
6.228005512906218399e+00
6.202023381957977755e+00
6.186360708660189722e+00
6.166457422179477454e+00
6.150209240343977868e+00
6.126761269410469168e+00
6.121215539521163151e+00
6.119794900746897248e+00
6.116159934242385354e+00
6.118619123750884015e+00
6.137184259601821346e+00
6.115570331012284200e+00
6.101883245260146360e+00
6.087618947722806872e+00
6.068577338196614157e+00
6.062403927561798689e+00
6.047310961287173825e+00
6.033218510554603675e+00
6.017983811665088112e+00
5.993852985075323936e+00
5.967497715666477909e+00
5.946993171172357151e+00
5.951751129894054415e+00
5.927857990157885837e+00
5.910265522111344261e+00
5.884105680778025871e+00
5.862751728953600860e+00
5.837375984722757316e+00
5.840352411977439040e+00
5.819486295592727565e+00
5.818887018095868946e+00
5.799391458944585409e+00
5.777359539583017067e+00
5.759789366554052492e+00
5.741126670580843694e+00
5.742889662956445207e+00
5.732782438828558647e+00
5.716375969534160717e+00
5.695953687441307700e+00
5.701536443986528369e+00
5.680272243814557420e+00
5.687461330179096386e+00
5.667977347573893709e+00
5.657825851432263242e+00
5.640091510548675302e+00
5.625819801606163573e+00
5.607611923920368113e+00
5.598871607917875082e+00
5.585504103790286834e+00
5.576226269779647637e+00
5.562861875579230286e+00
5.551974369162818945e+00
5.536525077862877176e+00
5.519476237752380499e+00
5.518588359282753153e+00
5.528543292616911131e+00
5.525629437487261875e+00
5.503168208528608218e+00
5.484007874460814058e+00
5.468993788164879355e+00
5.469637228384516270e+00
5.470429121888164659e+00
5.448562766938280788e+00
5.430440789611508556e+00
5.414755098013507961e+00
5.405134796687387500e+00
5.387041917169211658e+00
5.372815829377358909e+00
5.355177605025716936e+00
5.338097197770205860e+00
5.332606315582042456e+00
5.336379181926182547e+00
5.322456081122811433e+00
5.305308270086483091e+00
5.302183586622311928e+00
5.289748367638099857e+00
5.274432095254713460e+00
5.268173649610800702e+00
5.247896241753775115e+00
5.230687608113111509e+00
5.220252727690884775e+00
5.212184111210091508e+00
5.191735081178991962e+00
5.175009685874820242e+00
5.172483207183189435e+00
5.156940195346784606e+00
5.140689297413791436e+00
5.139649566260589886e+00
5.142178308589516966e+00
5.133148775810393971e+00
5.128383425027285725e+00
5.119872969844666777e+00
5.109220984994117032e+00
5.097197713167616051e+00
5.083653124930488154e+00
5.067017005789568707e+00
5.053281815040496561e+00
5.048739102237938425e+00
5.034997867849198450e+00
5.022163120524259838e+00
5.006781909380861428e+00
5.002200796995844634e+00
4.998492085483315250e+00
4.993655154580149080e+00
4.983761952927816097e+00
4.969052043312624178e+00
4.958036758928626497e+00
4.954885509884338290e+00
4.939484119687704400e+00
4.926794120484379924e+00
4.914370906087689228e+00
4.900315078777301103e+00
4.887918034154792757e+00
4.875441043505783334e+00
4.862319557550916826e+00
4.848781050853326668e+00
4.835585368908609460e+00
4.820617474425346494e+00
4.808078223187865596e+00
4.807017011089065761e+00
4.796626818917884449e+00
4.782864827508777061e+00
4.772536661454555684e+00
4.762225676269376429e+00
4.755270405338042572e+00
4.745782861547880316e+00
4.730678790155683267e+00
4.715479848496821447e+00
4.704336118569485414e+00
4.690219356428537267e+00
4.695223732214992118e+00
4.688399628772320860e+00
4.692359262039508039e+00
4.678336540356709428e+00
4.682361324080454246e+00
4.674990688134559313e+00
4.674440201191542243e+00
4.662483705860513972e+00
4.650505665004661893e+00
4.638269100274864165e+00
4.626092298802336522e+00
4.615120229413390618e+00
4.609328699928432194e+00
4.599776074162368111e+00
4.587143838960111353e+00
4.581233753169725809e+00
4.573068755927719664e+00
4.565272250957052691e+00
4.557353733025549580e+00
4.553763975543123621e+00
4.553363306028002988e+00
4.545293245042652863e+00
4.533212461533880244e+00
4.520409994322128533e+00
4.511495696432315405e+00
4.507834596292847884e+00
4.504985444549913787e+00
4.495648516313536902e+00
4.485182921795347610e+00
4.473032034088197939e+00
4.463815691592840196e+00
4.452619777296368042e+00
4.444514789258485976e+00
4.439484017597853160e+00
4.430050821944289119e+00
4.424158394701120045e+00
4.415473533520946070e+00
4.404476554156273593e+00
4.394584770562690146e+00
4.382749531884199357e+00
4.373343939725231166e+00
4.362737364825626685e+00
4.352517626074881463e+00
4.342621773864311585e+00
4.333976705718630029e+00
4.326998673877186619e+00
4.314994517809759067e+00
4.307861680279295058e+00
4.297076464395535922e+00
4.286422261868794159e+00
4.275884639576835511e+00
4.266548040167061906e+00
4.259598252753991510e+00
4.248269762860934051e+00
4.244717873144183251e+00
4.236310078199592155e+00
4.227449264699017384e+00
4.221384801953297128e+00
4.213806070777283530e+00
4.204745456800734971e+00
4.195738060399683889e+00
4.188257233426485371e+00
4.184360925985516566e+00
4.177635176033513531e+00
4.175524426373108611e+00
4.165077792709767301e+00
4.155547622825084275e+00
4.147743890529360655e+00
4.147023787906609193e+00
4.140610140952414753e+00
4.134704951073733703e+00
4.133659516508060072e+00
4.129408110087319450e+00
4.120978905009327065e+00
4.115479503369575021e+00
4.114298154033702914e+00
4.106201871481334642e+00
4.098011741040954448e+00
4.094842399188097559e+00
4.087304709857900953e+00
4.077697604043956758e+00
4.070946337344734545e+00
4.068011299064313135e+00
4.057701245780039656e+00
4.048666027812243939e+00
4.039851157274543247e+00
4.032714368746923128e+00
4.028204185099169443e+00
4.022488228331022597e+00
4.018077780734816251e+00
4.008654388664528945e+00
4.003392743028323153e+00
3.998945171239682850e+00
3.991521844037952516e+00
3.983898838199310788e+00
3.974556059506504813e+00
3.970500330682210421e+00
3.966663421359587716e+00
3.969623563462538751e+00
3.960655563608308949e+00
3.953510351952107538e+00
3.946413561652641899e+00
3.937619186953845052e+00
3.929823829554691006e+00
3.926904961502174274e+00
3.918333958041614107e+00
3.913065426195817764e+00
3.908350073462723895e+00
3.900648349912549939e+00
3.897392705135096502e+00
3.890487956511993417e+00
3.886884246248112351e+00
3.879435025997660436e+00
3.870994229313394097e+00
3.867137445390079531e+00
3.860071618298607454e+00
3.852501248386252186e+00
3.850208813583879675e+00
3.842692027307318181e+00
3.836607201451988303e+00
3.832748002791125153e+00
3.832228068262982124e+00
3.828111526761171834e+00
3.821149971040957993e+00
3.816011952535623752e+00
3.807340448700099689e+00
3.803270216700482820e+00
3.798254383027030112e+00
3.790901878437774375e+00
3.783414877122873055e+00
3.776919681672610718e+00
3.771121376040511564e+00
3.765836296424723173e+00
3.760317323825413727e+00
3.753826838019959311e+00
3.746398077047743413e+00
3.739126545931516166e+00
3.734217140590823991e+00
3.728242189295064790e+00
3.721767337496598937e+00
3.718230422774025712e+00
3.712227528444791425e+00
3.708011324051013968e+00
3.701580832619958183e+00
3.698756637827762095e+00
3.692450411314525116e+00
3.689446890516121957e+00
3.683327381779923915e+00
3.681628195932733494e+00
3.675208680669651784e+00
3.670017061121998658e+00
3.663816255620686579e+00
3.657881677646598106e+00
3.651380225887005615e+00
3.646324062447388048e+00
3.650706684706667815e+00
3.644285849100163510e+00
3.637391307807003926e+00
3.631387816018715853e+00
3.627161661030020134e+00
3.622568440395109057e+00
3.615160773073845757e+00
3.609076282722427642e+00
3.601827841650173223e+00
3.595435670054916155e+00
3.591620677385311655e+00
3.585689231571235425e+00
3.581224599688804133e+00
3.575151644126512096e+00
3.569116810806971074e+00
3.562392907813518583e+00
3.556427495447138210e+00
3.549936966325054843e+00
3.545219322650659866e+00
3.542496516748897761e+00
3.538635412144988557e+00
3.532046235869836792e+00
3.525945138608055363e+00
3.519745228508691426e+00
3.514053588749350254e+00
3.508530657373551964e+00
3.502321516069406115e+00
3.498779553153770205e+00
3.496507543105142002e+00
3.492057007176854189e+00
3.489989546185345848e+00
3.484711756658824822e+00
3.487968315574646816e+00
3.483155789065586649e+00
3.479757086473557415e+00
3.473107785836949457e+00
3.468784401227344993e+00
3.463598889867550490e+00
3.462585442110233114e+00
3.456799574685157861e+00
3.455852053522975087e+00
3.454593114335936743e+00
3.451190888588988148e+00
3.447667277115697537e+00
3.443224527225398734e+00
3.438808014753654163e+00
3.432780707734863324e+00
3.430246297120024490e+00
3.423887571136630115e+00
3.418102537512220707e+00
3.415939418530320015e+00
3.409958762543400912e+00
3.408332298771608482e+00
3.411847167925099011e+00
3.407099906102361242e+00
3.402246664800823606e+00
3.402692627688384874e+00
3.397693749119113260e+00
3.393026401549889215e+00
3.391347787587219553e+00
3.386497087350413882e+00
3.382003675820751010e+00
3.376187946270977847e+00
3.370380477598780899e+00
3.364420809330721962e+00
3.358830497310918872e+00
3.353267187310630337e+00
3.348438688879115332e+00
3.343261122818390607e+00
3.337722655882348288e+00
3.332362485911612993e+00
3.327521337888602382e+00
3.322041109161019801e+00
3.317864490259432309e+00
3.312024245845189618e+00
3.306362571937492500e+00
3.302013502219275143e+00
3.297267800795210313e+00
3.291937583955305779e+00
3.286491346054326801e+00
3.281781828623262065e+00
3.276585331939509516e+00
3.271108595554718779e+00
3.268086449003239746e+00
3.264146543650661147e+00
3.260217440687758650e+00
3.255616626641883560e+00
3.250102983925452715e+00
3.246966576971219709e+00
3.241215675400967555e+00
3.235698677871042594e+00
3.230843249399984352e+00
3.225936240460455906e+00
3.220673245323151246e+00
3.216057272776497111e+00
3.212108837892350799e+00
3.208020686324441595e+00
3.203401490309758515e+00
3.198402824688035384e+00
3.194150922501949541e+00
3.189033349639972315e+00
3.191434521747041675e+00
3.193447644334081570e+00
3.189188727740344564e+00
3.184909431445526629e+00
3.184629591205843546e+00
3.184067443583121992e+00
3.179873007768339477e+00
3.175996726700007766e+00
3.171617004924399463e+00
3.166778577436986097e+00
3.161751575149615245e+00
3.157889792677826435e+00
3.153990982225674866e+00
3.158399327410502000e+00
3.155582082061388682e+00
3.150990169892231574e+00
3.147539033284930454e+00
3.142595592031424800e+00
3.138380296746122955e+00
3.134981609396914060e+00
3.131321915538222367e+00
3.126462598136741100e+00
3.122737749485116954e+00
3.118031948644768292e+00
3.114887062204687140e+00
3.110855068218000063e+00
3.108775975471793185e+00
3.104411247682307362e+00
3.099696880711997782e+00
3.095011852475635816e+00
3.090999758237004347e+00
3.088367447695155033e+00
3.085091864740096668e+00
3.081491197900173340e+00
3.076824668293254295e+00
3.075322770785930526e+00
3.072327900010434210e+00
3.067705847841401656e+00
3.063408481025988284e+00
3.058951911526130996e+00
3.055580820737892278e+00
3.055561868545670023e+00
3.051553613290050482e+00
3.049050854612473049e+00
3.051136147425443035e+00
3.047959372368728825e+00
3.045555914166735878e+00
3.042074399926729011e+00
3.038062783994081251e+00
3.036466573935955982e+00
3.037497733618754303e+00
3.035548950467477081e+00
3.035666755672218553e+00
3.032748690178912021e+00
3.034419149648690972e+00
3.030382661740786077e+00
3.030927988462272182e+00
3.027523180159729321e+00
3.023095485465308485e+00
3.021369993088636630e+00
3.017037571722537947e+00
3.012864149010969772e+00
3.009907639316342198e+00
3.007965723405820135e+00
3.005690850640906575e+00
3.003234485299811407e+00
2.999560604446999346e+00
2.995642252957219753e+00
2.993018128727878757e+00
2.998072821380955766e+00
2.994190928229450765e+00
2.991172653011784366e+00
2.987492083353016525e+00
2.985664642242123801e+00
2.982238808080374781e+00
2.981128438204282194e+00
2.977142859315635715e+00
2.974116995737683400e+00
2.972052614347005406e+00
2.968248124817691735e+00
2.965496661568757464e+00
2.964231335292907499e+00
2.960694644348697668e+00
2.956577229176859056e+00
2.956824542595142269e+00
2.952728343205741179e+00
2.948744139732667691e+00
2.945324517507998063e+00
2.941335459183686218e+00
2.939387153272813524e+00
2.935559199901197847e+00
2.933279932136764412e+00
2.929675801998013362e+00
2.925525506794765196e+00
2.921441304834274888e+00
2.921562633060185377e+00
2.917551550991473786e+00
2.913844570861102934e+00
2.909736351498035667e+00
2.909148131575866270e+00
2.908732450478622500e+00
2.906314226157705516e+00
2.902580184784909090e+00
2.900784967815208226e+00
2.897468501577851185e+00
2.895534374486587570e+00
2.892170424897144709e+00
2.889068477548907943e+00
2.885395972891220850e+00
2.882528810927845520e+00
2.878803025539772964e+00
2.876265079427382076e+00
2.879380466927025317e+00
2.875641098978030108e+00
2.871829320766300153e+00
2.868585145975734996e+00
2.864937938432003506e+00
2.864787434943874889e+00
2.861561496885339118e+00
2.857729520739214824e+00
2.854425442640204924e+00
2.850902072798289222e+00
2.849064452291148797e+00
2.845690212277076192e+00
2.842001614915513841e+00
2.838351455121510547e+00
2.835020250489434179e+00
2.831835384480441586e+00
2.828393878723445276e+00
2.827794071337659254e+00
2.824214212237116772e+00
2.820411580140018248e+00
2.819086245439036631e+00
2.816280376554305853e+00
2.812626122565062392e+00
2.815087971261963862e+00
2.812279865777727927e+00
2.808828637448147703e+00
2.805169741946059059e+00
2.801600918061092127e+00
2.800285598399565590e+00
2.797856300079998970e+00
2.794136655006763004e+00
2.790891973384041602e+00
2.788102305219733790e+00
2.785184075432804551e+00
2.782903633276725408e+00
2.779417785385781769e+00
2.775708159513060824e+00
2.772522925067701927e+00
2.769460253129466754e+00
2.765723586936949197e+00
2.762203332400826827e+00
2.758454193842048152e+00
2.754933722604798074e+00
2.752690226265942730e+00
2.750724726131288822e+00
2.747520922412424405e+00
2.744569917072348098e+00
2.742445160848054009e+00
2.739183039747211890e+00
2.735721386735259220e+00
2.732679569930341668e+00
2.729446301274896847e+00
2.727842823200894440e+00
2.724265080474957745e+00
2.725147802774695815e+00
2.724115161696627485e+00
2.721086528755482181e+00
2.718278650786580375e+00
2.716021453840899547e+00
2.713451899117314881e+00
2.710791815217358458e+00
2.708358519369248985e+00
2.707628282261190567e+00
2.704608463302162313e+00
2.701438646028176738e+00
2.698322066809375919e+00
2.694752251900521145e+00
2.694879089535759942e+00
2.691444185274156631e+00
2.688504126857085286e+00
2.685120539541805851e+00
2.682370008046231380e+00
2.681280964728074423e+00
2.678329003998077162e+00
2.675789457723687370e+00
2.672678626407757996e+00
2.670107118554269743e+00
2.667285472233860588e+00
2.664032300526948838e+00
2.661335226800622067e+00
2.658352289713240779e+00
2.655083345815130169e+00
2.651746259042782494e+00
2.648819407930989911e+00
2.645535473525243209e+00
2.642517555911120919e+00
2.639364969405719741e+00
2.636452205502444190e+00
2.633822109503320519e+00
2.631381768745673533e+00
2.628344641526089820e+00
2.625464766128399852e+00
2.623682085125352170e+00
2.621332994964431062e+00
2.618101717955348295e+00
2.615025214837313872e+00
2.613151387906797574e+00
2.611039794552622251e+00
2.608572837871745431e+00
2.608585620322287024e+00
2.605576836323617584e+00
2.602583206647150149e+00
2.599806983841618901e+00
2.596825061393328138e+00
2.593928110903167994e+00
2.593880323700667123e+00
2.591682579694290833e+00
2.590778693617359352e+00
2.587869241033403434e+00
2.585091339297298507e+00
2.583184465403222330e+00
2.580756667079061817e+00
2.579038353206124512e+00
2.575984103294383321e+00
2.573095554842257382e+00
2.570048079982860223e+00
2.567067485914953817e+00
2.564146707558239591e+00
2.564883814182438382e+00
2.563606766414350258e+00
2.560933513743616441e+00
2.563027710937380466e+00
2.560669798648232298e+00
2.558915023160541757e+00
2.558422469011359279e+00
2.556519048311096221e+00
2.557032635044044877e+00
2.556101249921822749e+00
2.555847146143562121e+00
2.554322383457406254e+00
2.552131262479925056e+00
2.550548674245990188e+00
2.547739273719095365e+00
2.545640979353407385e+00
2.547140787045949040e+00
2.544304374788152412e+00
2.544316734714922479e+00
2.541728066681263165e+00
2.539766394524421322e+00
2.537409138624075133e+00
2.534448372497141388e+00
2.531855880835697015e+00
2.529040475970701252e+00
2.526667962286637703e+00
2.523821941857766316e+00
2.520928682895615669e+00
2.518801236366037255e+00
2.515841859218311605e+00
2.513441569110542506e+00
2.511249304512617631e+00
2.508429083121658909e+00
2.506371168966519125e+00
2.504438236470437396e+00
2.502280487135247089e+00
2.499666908212687222e+00
2.496829232161458467e+00
2.494073022073280743e+00
2.491513327426587932e+00
2.490218017968018227e+00
2.487840228016577893e+00
2.485627982434398753e+00
2.482953301596003026e+00
2.480308131205663624e+00
2.482840764007668177e+00
2.483821031470127672e+00
2.483408334685404562e+00
2.481034800879986513e+00
2.479993880576008003e+00
2.478181289733472958e+00
2.475834957363102440e+00
2.474440216475165766e+00
2.473826549059463975e+00
2.473130829739551118e+00
2.470316541322017390e+00
2.468090569951310265e+00
2.465852632934300459e+00
2.466213161195453640e+00
2.467795561713319152e+00
2.465188445829263220e+00
2.462591472843843832e+00
2.459938757056991054e+00
2.458257001877787395e+00
2.455639477246059243e+00
2.454369441836483201e+00
2.451920754316424311e+00
2.449806953383202313e+00
2.447597179438838921e+00
2.447146115619272866e+00
2.446556358328086933e+00
2.445285965399548900e+00
2.444806402462216255e+00
2.442288824004724024e+00
2.440279319008199277e+00
2.438257003438287551e+00
2.437828256453619336e+00
2.436817734185314333e+00
2.435393206410795042e+00
2.433130475206379817e+00
2.434287779520202033e+00
2.431900178876025276e+00
2.429322600278679190e+00
2.432475311721545186e+00
2.434801968843144149e+00
2.433077345524170543e+00
2.430578904858780920e+00
2.428123439190685851e+00
2.427034214427317593e+00
2.427091924442908777e+00
2.425057553769027319e+00
2.422584571913318552e+00
2.420759126541906170e+00
2.418541334166175005e+00
2.416023934264023509e+00
2.413632318724819648e+00
2.411330275650617416e+00
2.409244436115579369e+00
2.407071526579233289e+00
2.407315914941830837e+00
2.404960873245631792e+00
2.404177155069884275e+00
2.401766172132770105e+00
2.399351366692295873e+00
2.398230508187093601e+00
2.396326011474939843e+00
2.394330065664921570e+00
2.391899182902861742e+00
2.389899615398772159e+00
2.389183908629535669e+00
2.389246548664638592e+00
2.388217044380471332e+00
2.385999761312135981e+00
2.383658389608538375e+00
2.384333623606594621e+00
2.382062861817388022e+00
2.379786099281889111e+00
2.379984131601736497e+00
2.381864126757164524e+00
2.380434595711392820e+00
2.378764500288478523e+00
2.378363283922420024e+00
2.376727732103455892e+00
2.375444170492647000e+00
2.373817353204449976e+00
2.372720777556791560e+00
2.370616012280833296e+00
2.368490237807635790e+00
2.366341416697996802e+00
2.365024122338696522e+00
2.362658650507312608e+00
2.360292077641938047e+00
2.357969772217860083e+00
2.356293225626725718e+00
2.354447899280491363e+00
2.352765500059443404e+00
2.350603325057130544e+00
2.348327770774756740e+00
2.347573383762646237e+00
2.345642776693741105e+00
2.343603236671834456e+00
2.341612033331994969e+00
2.339342433317764147e+00
2.337621267839730788e+00
2.335419610204818142e+00
2.333794729180484140e+00
2.334966614806516017e+00
2.332831514620352653e+00
2.330786348348200310e+00
2.328795473664826421e+00
2.326891721577042382e+00
2.324694188137228057e+00
2.325760758605313505e+00
2.325968893566733087e+00
2.323804399121981223e+00
2.322403214738623767e+00
2.320752435098536015e+00
2.320166985081804523e+00
2.318524414433258851e+00
2.316213307923442155e+00
2.313937434814948624e+00
2.314199760727240651e+00
2.312102500071632871e+00
2.310031239193348629e+00
2.308157915125728987e+00
2.306329133219304328e+00
2.307955617202652299e+00
2.309337810748711473e+00
2.307943550979451697e+00
2.305990237113590080e+00
2.304129798029331599e+00
2.303256219060879406e+00
2.301805127321034039e+00
2.301717493062246600e+00
2.300016408194508699e+00
2.299432620643502734e+00
2.297955201930734770e+00
2.295862227619030804e+00
2.293683274250643223e+00
2.291677166580162517e+00
2.291641192622801526e+00
2.289698171609447108e+00
2.287562290104023788e+00
2.287762451680296127e+00
2.286054032890223020e+00
2.283893505611622743e+00
2.283348711511262064e+00
2.281509383629529264e+00
2.279381001875926849e+00
2.277378848158004399e+00
2.275301783424443780e+00
2.273429743990703855e+00
2.271704658649804198e+00
2.270195852978281970e+00
2.268894140051931796e+00
2.267585002003364103e+00
2.266020229141588072e+00
