2.676817459948209432e+01
2.599016403676775155e+01
2.578677023836715776e+01
2.526871576218074011e+01
2.524424623012642499e+01
2.503855505476875010e+01
2.470691799510910158e+01
2.446738599880981724e+01
2.435988096723864516e+01
2.405351504308244159e+01
2.388338015172697482e+01
2.378052821683158058e+01
2.340582299089282969e+01
2.336015235132668266e+01
2.307162324609269177e+01
2.283895721908499610e+01
2.290663922496638349e+01
2.291488621829659778e+01
2.285054233784154576e+01
2.271422114112728963e+01
2.268103768130130149e+01
2.269100670596075275e+01
2.260318600046707616e+01
2.250599934383342671e+01
2.234731129475060030e+01
2.220359771629734880e+01
2.215912706154447775e+01
2.205695255734409699e+01
2.202292849959014021e+01
2.198357986068409531e+01
2.192419036989518588e+01
2.197949955219650775e+01
2.180618095944746315e+01
2.175635855586456913e+01
2.172411670523204918e+01
2.160440938359388952e+01
2.140312668678265595e+01
2.130546721701864499e+01
2.131886139714777784e+01
2.125086443728376295e+01
2.130967398317972084e+01
2.119715338806398819e+01
2.111668746039764244e+01
2.096251724121300697e+01
2.101010561857582104e+01
2.082367127358148196e+01
2.072128096689827714e+01
2.058774327832351858e+01
2.060789093133492500e+01
2.051536760506704482e+01
2.039658850787499134e+01
2.031489893192610197e+01
2.035401586738315416e+01
2.032577077414670796e+01
2.033862884072207677e+01
2.033205390283983505e+01
2.035482783269692675e+01
2.020933232921953149e+01
2.019249348947726830e+01
2.010045940765257200e+01
2.010838141992583061e+01
2.002315301872912201e+01
1.993411593493376444e+01
1.994806614489268526e+01
1.994930814398280816e+01
1.983088473340754732e+01
1.978251003881088010e+01
1.983227893489572580e+01
1.981103694576264829e+01
1.972877392319757917e+01
1.970936039230905834e+01
1.965674066451867574e+01
1.957134251464886887e+01
1.950556131193338771e+01
1.941353502126588992e+01
1.933756501966821162e+01
1.927277941688012319e+01
1.923853358963727445e+01
1.926543562316516756e+01
1.917791912939341969e+01
1.908765804777611663e+01
1.904263682478154607e+01
1.897554121623374712e+01
1.889710660846406398e+01
1.885850192814018200e+01
1.880163685961815290e+01
1.872427800265365860e+01
1.867217582904612883e+01
1.868212544229027827e+01
1.860576135274036602e+01
1.852937967390034046e+01
1.846808828415120374e+01
1.847790655757604839e+01
1.844883900578416203e+01
1.840061084331841101e+01
1.835484470123799738e+01
1.830601140215395617e+01
1.822822034767929011e+01
1.826933106535033602e+01
1.819118659142279171e+01
1.814611929133396728e+01
1.808361127151344405e+01
1.805457026337924020e+01
1.800575828109584364e+01
1.798061230908055919e+01
1.793252687071808182e+01
1.787094927483408924e+01
1.779196581060987725e+01
1.774161502909793597e+01
1.772493744138060734e+01
1.767695530871721488e+01
1.766918777268337948e+01
1.767316110727731981e+01
1.762580571201387514e+01
1.762000214532738696e+01
1.761261107302074791e+01
1.762631562659659679e+01
1.758985773708860734e+01
1.756124207847026852e+01
1.754073101930163148e+01
1.749686016511213182e+01
1.747800011041467982e+01
1.741774174763668626e+01
1.741257338649418429e+01
1.738795462370515565e+01
1.734745425057877810e+01
1.733820011964339258e+01
1.729189885427295081e+01
1.726470314593919042e+01
1.720752529077384452e+01
1.719752091510294889e+01
1.715621547899128174e+01
1.709823041772450480e+01
1.709456427090356812e+01
1.703271174422433631e+01
1.699543160058185620e+01
1.696756581859792945e+01
1.692796927499660242e+01
1.689229924109677228e+01
1.684199158128531693e+01
1.681343504751779605e+01
1.682769986590678712e+01
1.680531336016135668e+01
1.676976888243242669e+01
1.675052102950122190e+01
1.670502260295102914e+01
1.671641817940317765e+01
1.669166341845161483e+01
1.664199064858005883e+01
1.660504259312605413e+01
1.655975508588123546e+01
1.651079741533501988e+01
1.654800763459040525e+01
1.652318431551182343e+01
1.648140789221281466e+01
1.646141986725039530e+01
1.642433152704003874e+01
1.640900223452706896e+01
1.637439025312428242e+01
1.634279117312564011e+01
1.631301043489273184e+01
1.626577173327840953e+01
1.626621376174323430e+01
1.622914334785233947e+01
1.618212884044371336e+01
1.614122354211051302e+01
1.608633455612327623e+01
1.607642129391297559e+01
1.602966552997192196e+01
1.599850326930740785e+01
1.597529964124173496e+01
1.593364229626847539e+01
1.593492089300076664e+01
1.589543317634915098e+01
1.589371235384612291e+01
1.585209230109992617e+01
1.581597708499875488e+01
1.578382090503854940e+01
1.574102508434716619e+01
1.570692735583673638e+01
1.566899515632064244e+01
1.564287171625289119e+01
1.563310577339531271e+01
1.561024638486668259e+01
1.560670342384372944e+01
1.558024393805824914e+01
1.555538243622505767e+01
1.553028069191982219e+01
1.550201260459105512e+01
1.545660418135408243e+01
1.541960647747405666e+01
1.540592073218471825e+01
1.537675942673263485e+01
1.535200909039780903e+01
1.535329649465458068e+01
1.532976382776925384e+01
1.529924762536038330e+01
1.527329365801131722e+01
1.525838555888974035e+01
1.522952859275170745e+01
1.520447762773996203e+01
1.518337150246647127e+01
1.514460939535688055e+01
1.512153941830190007e+01
1.512454538301738083e+01
1.509658894335665735e+01
1.506286518765784876e+01
1.506106397678958508e+01
1.503353984020767165e+01
1.500881028844236020e+01
1.497227775955953533e+01
1.494433375626985772e+01
1.491779525068993273e+01
1.492371531258015516e+01
1.490647020474153450e+01
1.487706831042678601e+01
1.484668381148396321e+01
1.485757857321761577e+01
1.482398459263007062e+01
1.479919389829417220e+01
1.478660502135599053e+01
1.475732796293404370e+01
1.472941670627940347e+01
1.470112371284590935e+01
1.466534858177564615e+01
1.463639233153539898e+01
1.460889739536669829e+01
1.458111331363260277e+01
1.454969586500050660e+01
1.452210883006512887e+01
1.451573727640154665e+01
1.448401552054358810e+01
1.446805345264201748e+01
1.443593313540805845e+01
1.439606297655281786e+01
1.437576078870566221e+01
1.434497506742210504e+01
1.431356814123631693e+01
1.429009152863301146e+01
1.429463923083869226e+01
1.427522287613660446e+01
1.424499116025349643e+01
1.424420981980461320e+01
1.422348550551849833e+01
1.419625107445001255e+01
1.417567465040363928e+01
1.417150658616191095e+01
1.415356979369384760e+01
1.415842537471240803e+01
1.413426815871462061e+01
1.411030672942432851e+01
1.411312307964795210e+01
1.408749003641306707e+01
1.405521626860363682e+01
1.403932792571116117e+01
1.401654736535630619e+01
1.398789401164413349e+01
1.397866784255607264e+01
1.398013115026817665e+01
1.395489714014549953e+01
1.392265958258321135e+01
1.389531701820452270e+01
1.387218308870200900e+01
1.385062102520376293e+01
1.382866759846497118e+01
1.381794980337272349e+01
1.379625339222312341e+01
1.377396292842371039e+01
1.375348418454001909e+01
1.372463003520458713e+01
1.369959745646105631e+01
1.367313581225922015e+01
1.366394118329975171e+01
1.364973003196258183e+01
1.362494417067890673e+01
1.360626773368925946e+01
1.358210948654858363e+01
1.357265694653264099e+01
1.354955431177337033e+01
1.352618452657399750e+01
1.350505608037695815e+01
1.348439069190072104e+01
1.346235484387247183e+01
1.345579514586267500e+01
1.343209336683974797e+01
1.344051446328856692e+01
1.341525835063359651e+01
1.340727073265700753e+01
1.338417610589176832e+01
1.335683000075255045e+01
1.335343168574779327e+01
1.332993133947092090e+01
1.331591193551157737e+01
1.330612340694792017e+01
1.328037451955798431e+01
1.326282898872176119e+01
1.324080841678123655e+01
1.321915642285505932e+01
1.322251271291984764e+01
1.320138220838476251e+01
1.317997468275533812e+01
1.315135387418963475e+01
1.313383428415359155e+01
1.312596106679796115e+01
1.310387048256521680e+01
1.308471814800116917e+01
1.305861815763643463e+01
1.303824025435528533e+01
1.301515001276511363e+01
1.299990558900492132e+01
1.297619257081043820e+01
1.295650654164169246e+01
1.293322402085772183e+01
1.292741340414459117e+01
1.290688549363243709e+01
1.289142056864496588e+01
1.287039880946959869e+01
1.285352597251782925e+01
1.285401662629208808e+01
1.283500969996752872e+01
1.282206761487010560e+01
1.279960428641699721e+01
1.278077059989033515e+01
1.276183389682589286e+01
1.274663841505395467e+01
1.272469168931360706e+01
1.270166595003196441e+01
1.269062210638978172e+01
1.266989791421648448e+01
1.264984483738766841e+01
1.264890019893793038e+01
1.262869737827121952e+01
1.260649610032002421e+01
1.258958486515293274e+01
1.257670224593148944e+01
1.256089717847620868e+01
1.254420820868774378e+01
1.252477394180223236e+01
1.250822305678911484e+01
1.249640125203726271e+01
1.247520503441125683e+01
1.248791009914374861e+01
1.247329389945295830e+01
1.245914622327747701e+01
1.243987713446724008e+01
1.241812824333662491e+01
1.240466035235158060e+01
1.238542197399745959e+01
1.237879639173750057e+01
1.236013208408585307e+01
1.234541421362735925e+01
1.232410103976670612e+01
1.232934193866994477e+01
1.232457406813331602e+01
1.230459664957198385e+01
1.229355229867604926e+01
1.227861256755682717e+01
1.226365080141431996e+01
1.224746986100457846e+01
1.222934221543616573e+01
1.221274040742773614e+01
1.219390407536977605e+01
1.218172068688168608e+01
1.216126382480378076e+01
1.214300715972080980e+01
1.212734934539816578e+01
1.210871776804641087e+01
1.209530643220272417e+01
1.207578292626126704e+01
1.206100741566255152e+01
1.205015025763833414e+01
1.203458311133588232e+01
1.201711632042811040e+01
1.200173023529810834e+01
1.200833898166820468e+01
1.199139748551391449e+01
1.197860475563236804e+01
1.196399253603885882e+01
1.197307537007828415e+01
1.196277053361910880e+01
1.195053377210166801e+01
1.193685562919920251e+01
1.191908292351646992e+01
1.190377444651693573e+01
1.189181433316684178e+01
1.189346897182722707e+01
1.188123821114028189e+01
1.188200305037513971e+01
1.187052711972880736e+01
1.186158523698788692e+01
1.184487110409348531e+01
1.182889494367410954e+01
1.182060119043701185e+01
1.180414817730142296e+01
1.178747121306814272e+01
1.177756759960689692e+01
1.176461591204580515e+01
1.175356552790016451e+01
1.174075265764238196e+01
1.172542809311234535e+01
1.171134987860720145e+01
1.169905379330881168e+01
1.168566932679112291e+01
1.166701324744044399e+01
1.165179409630947838e+01
1.165376509766437430e+01
1.163935234925335749e+01
1.162599269682903369e+01
1.160965985067369743e+01
1.159697948204263263e+01
1.158268970320476754e+01
1.156609423183265228e+01
1.155371599584250220e+01
1.154116115802398390e+01
1.152702604849896773e+01
1.151231067938560493e+01
1.150149967880022928e+01
1.149732363381424527e+01
1.147937474112122658e+01
1.146637096720022519e+01
1.145425685766894830e+01
1.144108705479754207e+01
1.142847068352875972e+01
1.141293197611762267e+01
1.139969156933370265e+01
1.138387571177215385e+01
1.136922426808275155e+01
1.135590420908716958e+01
1.134959678683181394e+01
1.133527006458886000e+01
1.132349405669584819e+01
1.130903311095424435e+01
1.129938701306107340e+01
1.129036726933855306e+01
1.127880530056195063e+01
1.126480766739610750e+01
1.125029959970738425e+01
1.123450696389192771e+01
1.122083526656419217e+01
1.121038756785819324e+01
1.119533441472909630e+01
1.119832919388824699e+01
1.118603072933250608e+01
1.117615418094795210e+01
1.116457910177772916e+01
1.115388999662697067e+01
1.114589906477885783e+01
1.113521397835321025e+01
1.112484077682515959e+01
1.112880099465176187e+01
1.111544669533063789e+01
1.110176057040392017e+01
1.108755824183231553e+01
1.107268523722696862e+01
1.105715777122409094e+01
1.104475704901333266e+01
1.103225154963800314e+01
1.102415835034343594e+01
1.101281350924343094e+01
1.101077866493688617e+01
1.099726316018707983e+01
1.098494718303417805e+01
1.097585655451233144e+01
1.096240517740624298e+01
1.095471337247421317e+01
1.094688777273552738e+01
1.093499481527631545e+01
1.092185913638679473e+01
1.090974472060501022e+01
1.089451726574193735e+01
1.088010813645688479e+01
1.086689692189573186e+01
1.085739920152159144e+01
1.084597279704475881e+01
1.083523518994765666e+01
1.082494848460947168e+01
1.081331657260877854e+01
1.080028707066043658e+01
1.080566570293721540e+01
1.079392260289925254e+01
1.078464999325433382e+01
1.078278171859043155e+01
1.077243529349844131e+01
1.077268611909872043e+01
1.077354514080717784e+01
1.076023582055493932e+01
1.074867481800745850e+01
1.073777340404956959e+01
1.072797496310266752e+01
1.071500036164965941e+01
1.070605272857893731e+01
1.069899796049848284e+01
1.068537105343691707e+01
1.067744167532623933e+01
1.067204004985328858e+01
1.066510642016005583e+01
1.065733096910611089e+01
1.064459972820817235e+01
1.063159837857532430e+01
1.062448556409589884e+01
1.062410123477932089e+01
1.061311475249390668e+01
1.061601860361282057e+01
1.060363523884599779e+01
1.059150206358458313e+01
1.058451447213873919e+01
1.057268815909591275e+01
1.056574460668783288e+01
1.055528680755403137e+01
1.055717078608431159e+01
1.054913353587443403e+01
1.054008221578148152e+01
1.053070695215876107e+01
1.053126932637541380e+01
1.052124535433155650e+01
1.051115916592979893e+01
1.049916410575182013e+01
1.049159693175422703e+01
1.048418653603034301e+01
1.047418291228573750e+01
1.046339929265778323e+01
1.045345343842784658e+01
1.044541241151657296e+01
1.043450143034461597e+01
1.042728919902349638e+01
1.041751202269494314e+01
1.040637645318881077e+01
1.039429626361222425e+01
1.039558138750421890e+01
1.039536695703406899e+01
1.038770595392533735e+01
1.037701161484956813e+01
1.036543588257253390e+01
1.036022061626352375e+01
1.034941303439442706e+01
1.035678511662588441e+01
1.035084998123538647e+01
1.034041838371540045e+01
1.033032891225412442e+01
1.031790270806126131e+01
1.031128243381108511e+01
1.031487354580648841e+01
1.030704684406049410e+01
1.029754438676682682e+01
1.029265251731799147e+01
1.029148090064104437e+01
1.028036755766895993e+01
1.027179999564560120e+01
1.026105737196464496e+01
1.026139957956043069e+01
1.025087438003418860e+01
1.024079913824723498e+01
1.023122874747613054e+01
1.022075820820386483e+01
1.021189229707721324e+01
1.020551067522421285e+01
1.019515042974293983e+01
1.018321453269909860e+01
1.017466157418150452e+01
1.016454263507428912e+01
1.015402723202742052e+01
1.015459747670532309e+01
1.015783468151892599e+01
1.015206899774942428e+01
1.015299710410816658e+01
1.014568878095472648e+01
1.013556380596945239e+01
1.012658002194794626e+01
1.011869098849564175e+01
1.010851040171137250e+01
1.010477032721036750e+01
1.010456922430918070e+01
1.009581736483707637e+01
1.008563953914552513e+01
1.007611372321041188e+01
1.006634377338269459e+01
1.006925082139438032e+01
1.007207867403304036e+01
1.006283523638318655e+01
1.005337503312810021e+01
1.005380757505101386e+01
1.004497081980686168e+01
1.003821374154530766e+01
1.003041331498307009e+01
1.002290663000679238e+01
1.001628049581721669e+01
1.000569746924177039e+01
9.997289376325595001e+00
9.988321359328342197e+00
9.981344782581873076e+00
9.972800764880064506e+00
9.963869403707077410e+00
9.955703585594923410e+00
9.946464579955575758e+00
9.935489537266152027e+00
9.927736095871642519e+00
9.918368248623465888e+00
9.908761098327239836e+00
9.899611418697986664e+00
9.890027525634382144e+00
9.895132501913909806e+00
9.891923748933326266e+00
9.883680393665125408e+00
9.874919802913936451e+00
9.865256458576324050e+00
9.858550750548369379e+00
9.850365771666572456e+00
9.842223724141089036e+00
9.842035380766851915e+00
9.833910357539918934e+00
9.826164963916278694e+00
9.827981575203475373e+00
9.822206423504313832e+00
9.823057319225977579e+00
9.814651613085210613e+00
9.805591805588996124e+00
9.798236224748084311e+00
9.789828762891009006e+00
9.783856415838728893e+00
9.777963200216108319e+00
9.769691663082250344e+00
9.761283437145293007e+00
9.751963931467329871e+00
9.742111875299869439e+00
9.738124355276658761e+00
9.727958885447833381e+00
9.719142923486344898e+00
9.710846957117325928e+00
9.703851089038685984e+00
9.696358712915269962e+00
9.689706801828414484e+00
9.679119163450367935e+00
9.674601141765524659e+00
9.666936346100500899e+00
9.658325117753253863e+00
9.649159995977090176e+00
9.643237154460566174e+00
9.636666031866381488e+00
9.627625382606767701e+00
9.619589207845463008e+00
9.619455921599543657e+00
9.610304105114048312e+00
9.603254252200477126e+00
9.595355443006043927e+00
9.590403192068112759e+00
9.582305585819090865e+00
9.575238650917269112e+00
9.568568679612392103e+00
9.563020906253948183e+00
9.553611577032963709e+00
9.545243836088673106e+00
9.537543670271784180e+00
9.529082384389999660e+00
9.521984607983583260e+00
9.515897990047292865e+00
9.507964768721615556e+00
9.499713445039994042e+00
9.491411026329036105e+00
9.485458448925143671e+00
9.476494471901645511e+00
9.467874117358439534e+00
9.459454982370765208e+00
9.452915888531482125e+00
9.446493592023715635e+00
9.438694681274521159e+00
9.437244573770929179e+00
9.430589079921595896e+00
9.422385482247495503e+00
9.413683605812186883e+00
9.406679488447052151e+00
9.403571831785917823e+00
9.400164592619329795e+00
9.391347093432379722e+00
9.383515701897412242e+00
9.375823263799244245e+00
9.367533806686630271e+00
9.360522818868814099e+00
9.354494419410949391e+00
9.357064894526411436e+00
9.351527800616038277e+00
9.347051481563811492e+00
9.339755597423652134e+00
9.330984280769877515e+00
9.325409279749520053e+00
9.316404444791217543e+00
9.311145275519750797e+00
9.303287402777167259e+00
9.297292443373173398e+00
9.291712423311462743e+00
9.297029684949109196e+00
9.286973223144887157e+00
9.285270037620326988e+00
9.277922333677569355e+00
9.271349222141724411e+00
9.263157649075219879e+00
9.255740638142675891e+00
9.256067354592696361e+00
9.249948048195665962e+00
9.241922251302034041e+00
9.236203543762385948e+00
