5.000000000000000000e-01
9.157070234869997272e-01
9.898449420253933040e-01
9.921020596604293029e-01
9.873256594348797099e-01
9.944371918808009303e-01
9.919015584072964353e-01
9.944303210310335706e-01
9.941438906694151090e-01
9.959786394847730540e-01
9.903816510623000280e-01
9.893619821676805648e-01
9.974452325144842479e-01
9.876817839857017223e-01
9.975236529728019885e-01
9.982314664625703271e-01
9.878877355331645571e-01
9.942380532012504712e-01
9.984545516480615168e-01
9.829171250857045017e-01
9.984321996431214652e-01
9.959887283274700964e-01
9.987451567032097355e-01
9.903554722549581246e-01
9.984332723074313964e-01
9.977014543298673432e-01
9.980191948929582058e-01
9.992828514316444144e-01
9.985812420003160605e-01
9.958281765721418433e-01
9.988645123508601564e-01
9.971048500371806345e-01
9.987954849529842027e-01
9.994016852426035324e-01
9.939544059686521438e-01
9.991905443191554381e-01
9.987530132445051612e-01
9.994382717928423920e-01
9.995612223154765053e-01
9.994205873271958529e-01
