3.324936550304451899e+00
5.549655061458826921e+00
7.021601953230036663e+00
6.152969614901619977e+00
6.068014955055514470e+00
5.566190768350143259e+00
5.648071902976494307e+00
5.386450750366079454e+00
5.304798393170206516e+00
5.137715411365505247e+00
5.029868537513863203e+00
4.916402805891650907e+00
4.747089117211181986e+00
4.619721912500605043e+00
4.679564147745439051e+00
4.569569911748960322e+00
4.602187861545986358e+00
4.549668022364489417e+00
4.557350037746481952e+00
4.477515369013580937e+00
4.438616891764984196e+00
4.371128470158038404e+00
4.343685628749009986e+00
4.331082114122629889e+00
4.296773994663442231e+00
4.220285888821814879e+00
4.163509324947236578e+00
4.162591733658519644e+00
4.112042664580904727e+00
4.081778591949732693e+00
4.054897091571278089e+00
4.024363856862667177e+00
3.971659095086813362e+00
3.928477083737426767e+00
3.911062174777541589e+00
3.884399888540285506e+00
3.849851381058330801e+00
3.850983877669182931e+00
3.859683911779753895e+00
3.816837979082163379e+00
3.772081571662218025e+00
3.747234727369627816e+00
3.724812351098282903e+00
3.694224091660173404e+00
3.676116442447824095e+00
3.656698734266361495e+00
3.637279443084679986e+00
3.609506968789649051e+00
3.580110069424985220e+00
3.560971148368037742e+00
3.534489161959468273e+00
3.509404126250491363e+00
3.492654836043307842e+00
3.471473214218272041e+00
3.468452402207105489e+00
3.434540087028279842e+00
3.416936026790162284e+00
3.379846937674845009e+00
3.349035980171383375e+00
3.372804653363391303e+00
3.372174612646516856e+00
3.357229489305318726e+00
3.340231416295282862e+00
3.316305323521239856e+00
3.301881840974109306e+00
3.281878921873577326e+00
3.282967033596782880e+00
3.266673745576904153e+00
3.254754107699655563e+00
3.238109411441790542e+00
3.226684874659201618e+00
3.217193848284881863e+00
3.213250926178262468e+00
3.193045267528998199e+00
3.177193032515873483e+00
3.164709294084862456e+00
3.157098750185169056e+00
3.141738659829349078e+00
3.157963013786684758e+00
3.153602985178743268e+00
3.140441764354553911e+00
3.124621650394318273e+00
3.117051920761858774e+00
3.107972351141552902e+00
3.102267630504142115e+00
3.083845463230284079e+00
3.073974313777788403e+00
3.057540603493134501e+00
3.049114296761084031e+00
3.033220986721135937e+00
3.018859628318395494e+00
3.019116281047517170e+00
3.007803302051458516e+00
2.993658956569967167e+00
2.977899052884815490e+00
2.966756925346426321e+00
2.953174247386946227e+00
2.943541721980054149e+00
2.933342799984981486e+00
2.928034192861395102e+00
2.919118639208529320e+00
2.909996919320398945e+00
2.899950780023368146e+00
2.889584821066372822e+00
2.888516580726089522e+00
2.885872836360016347e+00
2.891047547604682855e+00
2.875912286971614940e+00
2.865836802756362989e+00
2.856728837247877184e+00
2.852181867338245524e+00
2.840365596855736641e+00
2.838569308040087780e+00
2.830237687807888758e+00
2.816208981580944126e+00
2.809981609368864319e+00
2.805177135355341189e+00
2.798762428745848130e+00
2.803458826651844316e+00
2.799208540903950215e+00
2.795968325422096612e+00
2.783192627882096204e+00
2.771909345668322366e+00
2.767091775160077205e+00
2.756913593470958546e+00
2.745974294788511294e+00
2.742997629762038425e+00
2.732956746950692128e+00
2.724075258073210826e+00
2.713120592855058799e+00
2.710394735090011498e+00
2.705031087341112972e+00
2.695027095260067007e+00
2.682170981525810127e+00
2.674903772966567672e+00
2.665972632627743533e+00
2.659235376792895345e+00
2.650029012920082305e+00
2.648280729032793879e+00
2.648344787890198671e+00
2.638029288494497582e+00
2.628576885152047904e+00
2.618888802477204347e+00
2.611274705644171856e+00
2.602655815554573593e+00
2.601551322367381403e+00
2.590341194718493778e+00
2.586948022046595241e+00
2.578346051146330975e+00
2.570302495484653615e+00
2.562409999909608604e+00
2.561492162478781864e+00
2.555187149293121518e+00
2.547438833632055033e+00
2.544628909547380413e+00
2.535257677938634213e+00
2.529592789941315978e+00
2.521767950871726338e+00
2.516862243615976880e+00
2.510239494743736532e+00
2.506340761842085207e+00
2.498596036210552374e+00
2.492045057951119524e+00
2.485441966800649549e+00
2.478888682062994508e+00
2.469539778174902001e+00
2.462092296591269935e+00
2.452911125283081972e+00
2.445011233398242556e+00
2.446703145474478536e+00
2.444097811704319945e+00
2.437119102199649223e+00
2.428537973223811708e+00
2.442974247222714723e+00
2.441329447593866497e+00
2.434009057351095517e+00
2.426947340981528978e+00
2.422636671510904005e+00
2.424359802396088615e+00
2.417666570634564138e+00
2.410589480534716333e+00
2.411543281721207688e+00
2.404789809428285352e+00
2.395988470345641996e+00
2.391520233591921230e+00
2.386485257093775125e+00
2.381671096552730127e+00
2.378642577740079034e+00
2.376579639488285878e+00
2.374140122291402921e+00
2.370343142807549430e+00
2.366426773011301776e+00
2.361214789990019991e+00
2.360733071701531127e+00
2.355390860805754549e+00
2.351434136929865026e+00
2.344553442774156338e+00
2.338597551786032902e+00
2.337705606047536300e+00
2.336535307313614140e+00
2.332613571200801150e+00
2.325785006301963165e+00
2.324414996600609573e+00
2.317091925042617628e+00
2.316091926941696411e+00
2.312936662352244710e+00
2.310208191119712762e+00
2.304878380686275374e+00
2.304104967067392984e+00
2.300989677739596839e+00
2.295246661012008360e+00
2.289315057194170500e+00
2.283071624972915270e+00
2.276653261540669604e+00
2.273074055769650048e+00
2.267292320635539316e+00
2.264577155456853674e+00
2.259730345453179634e+00
2.254679445232944612e+00
2.249976965684861163e+00
2.245752879013571235e+00
2.240972153896874985e+00
2.236296136073353757e+00
2.231217947169394922e+00
2.226833156679231429e+00
2.220838392236017533e+00
2.215772618857474896e+00
2.213185067534277017e+00
2.207966738049604860e+00
2.204779309331942105e+00
2.198502843498115755e+00
2.194201113861244945e+00
2.191067298219554260e+00
2.185712776030880100e+00
2.184391179721566711e+00
2.178439251247211050e+00
2.173578689190780899e+00
2.167955351908223971e+00
2.166299353583315046e+00
2.160260313940323584e+00
2.155894513298792337e+00
2.151861909380544891e+00
2.152701531032790161e+00
2.148373869384795576e+00
2.143368146096865434e+00
2.138157116625720722e+00
2.141014280207707454e+00
2.136579644245842236e+00
2.129547140585907439e+00
2.129203878467055056e+00
2.125569766478616174e+00
2.122177114377065354e+00
2.120172273637917826e+00
2.123590187569998733e+00
2.119553154922101168e+00
2.123114916762721016e+00
2.119354147219414841e+00
2.117868811697990239e+00
2.116401132148497677e+00
2.112511715141268454e+00
2.108320543809218517e+00
2.105322588415335705e+00
2.100922866382508136e+00
2.098470342964995794e+00
2.094544921215298228e+00
2.089060047149336352e+00
2.087072737202402717e+00
2.087317548750786678e+00
2.082289961564476766e+00
2.078725142198733611e+00
2.073272050913359532e+00
2.069985390521247748e+00
2.065325596131463826e+00
2.063753393113765267e+00
2.061059333196845422e+00
2.058811915269906478e+00
2.055518810398406337e+00
2.052164783721486696e+00
2.047024910923006313e+00
2.046401579272070670e+00
2.043491020020128168e+00
2.040065114130771740e+00
2.035364821647234645e+00
2.032894908581422744e+00
2.029427476513513628e+00
2.026677295877056473e+00
2.023846818992315999e+00
2.023382005969628139e+00
2.019552079411741197e+00
2.019888144278531694e+00
2.015974283925129562e+00
2.013560491907187444e+00
2.010694504338366162e+00
2.010554838753787710e+00
2.006423385636005641e+00
2.003136415616078025e+00
1.999709593839046340e+00
2.000280216368663488e+00
1.996890262705315111e+00
1.992190107162807422e+00
1.989070649486076592e+00
1.985860968251310865e+00
1.983581784152065985e+00
1.984078750819214587e+00
1.982446438022462676e+00
1.978382515734009139e+00
1.976564108329356140e+00
1.975439253331110034e+00
1.972432509675955847e+00
1.968950900067792054e+00
1.968518079983012425e+00
1.967671907268194076e+00
1.967426933393838118e+00
1.968168485759634212e+00
1.965796200303416619e+00
1.963668338225076804e+00
1.962672564930237007e+00
1.959281260655074020e+00
1.955038411514261831e+00
1.954923484406605017e+00
1.952026153008409981e+00
1.953260955792317510e+00
1.949112964568326056e+00
1.947731780703422899e+00
1.945177390706972709e+00
1.941310444710151684e+00
1.936791893566088829e+00
1.936587778109993829e+00
1.932941743234124043e+00
1.928739410297950707e+00
1.926302010145115151e+00
1.924228362915765045e+00
1.921905075704821719e+00
1.918062056745864163e+00
1.915706246488605879e+00
1.911367833447197073e+00
1.910399443519586793e+00
1.907427495148524166e+00
1.905219910231947589e+00
1.902525872674047491e+00
1.900926323601263235e+00
1.899726089734259382e+00
1.897825662448740625e+00
1.896347508648662528e+00
1.893081287164714022e+00
1.888886193717788986e+00
1.886059801111781731e+00
1.882988105121163436e+00
1.881059972297372873e+00
1.879141434291312196e+00
1.876764108971965772e+00
1.874635338598180212e+00
1.872718183690550431e+00
1.871163585261734319e+00
1.868392872114096326e+00
1.867100503781604859e+00
1.864920321927643787e+00
1.860560729883500963e+00
1.858200733345581668e+00
1.854604083169694384e+00
1.852940326707815055e+00
1.852015009075913987e+00
1.849616058930582785e+00
1.846253549852640674e+00
1.846415601752915414e+00
1.844550998803481390e+00
1.841520506630750509e+00
1.838849687815250933e+00
1.836187119092169029e+00
1.838417308884785939e+00
1.835715317024430915e+00
1.836968360972714764e+00
1.835367317061520120e+00
1.832031687896850558e+00
1.832078058671773091e+00
1.828857319623484745e+00
1.825001671143074100e+00
1.821486193088589278e+00
1.817930454037209431e+00
1.817484082645746568e+00
1.818877877732258730e+00
1.815959111083899291e+00
1.814284796528829125e+00
1.811014826040826309e+00
1.808427708101897124e+00
1.805274906443708138e+00
1.804555606466981210e+00
1.802208526100055108e+00
1.799370651656084341e+00
1.799022745268415990e+00
1.795964435789593416e+00
1.793792892760718294e+00
1.791900255169774248e+00
1.792921581952290122e+00
1.789626532841647633e+00
1.789979510894846637e+00
1.787452801775609057e+00
1.785302317878761702e+00
1.782045287283698043e+00
1.784187964620002731e+00
1.781799771388463238e+00
1.779056425753822168e+00
1.779450139512511297e+00
1.775885775028075875e+00
1.774224350067205025e+00
1.774822665503696495e+00
1.772305242619012233e+00
1.771003245675406568e+00
1.768042869813204909e+00
1.765409445716713099e+00
1.763336783128866214e+00
1.762211718687939355e+00
1.758950776512816283e+00
1.756649682977332150e+00
1.755099239600284466e+00
1.754085512505942246e+00
1.753074072140761830e+00
1.750747316836766654e+00
1.749404641628290458e+00
1.747873151956765181e+00
1.744686056811058261e+00
1.742814485113686640e+00
1.741621176554448924e+00
1.739078865864818635e+00
1.738885634005424619e+00
1.735858358432321058e+00
1.732879248619921597e+00
1.732219116365895761e+00
1.729060520949889046e+00
1.728544862952728023e+00
1.725577643244763149e+00
1.725860695464279004e+00
1.726967891126185872e+00
1.726788469458364395e+00
1.723996712699007228e+00
1.724091222558077785e+00
1.722884897623681466e+00
1.721841348703829544e+00
1.720640170628873866e+00
1.717641269575684637e+00
1.715100748815349352e+00
1.714513748798802251e+00
1.711933384427242411e+00
1.709134122636466468e+00
1.707118918772452920e+00
1.704313812902904957e+00
1.702085743150669295e+00
1.699676177673479227e+00
1.697166965662836535e+00
1.694872468235840479e+00
1.692016125772520363e+00
1.689839696021181004e+00
1.687137020805234977e+00
1.684421698188155903e+00
1.685583156359063528e+00
1.684612157806326671e+00
1.687299090471954477e+00
1.685373344212099944e+00
1.684355466866108264e+00
1.682027512641732336e+00
1.684861621118598274e+00
1.682794436955140638e+00
1.680257228600179120e+00
1.678731214034422603e+00
1.676397174694957970e+00
1.674550810582625449e+00
1.672367045531583774e+00
1.670514047085680742e+00
1.668528521581840840e+00
1.666208249343071435e+00
1.663827196021244514e+00
1.661329132853205826e+00
1.658582004294828938e+00
1.658447231047671444e+00
1.655771342589875461e+00
1.653491079474253889e+00
1.651483897944278967e+00
1.649818544942581289e+00
1.648419757390740426e+00
1.647265745737076514e+00
1.644625798979558962e+00
1.645326750854353426e+00
1.642681655016487330e+00
1.641257246835426065e+00
1.639065671174393612e+00
1.639203007530897871e+00
1.637466486794042275e+00
1.635814684308501077e+00
1.635043295178488787e+00
1.632391710114858618e+00
1.630011296527689169e+00
1.627615066402562150e+00
1.626834155806252236e+00
1.626293639516446676e+00
1.624440784780506464e+00
1.622832229398482040e+00
1.620705435762195279e+00
1.618682139722908753e+00
1.617101977138514890e+00
1.615098920574695507e+00
1.616024272674937201e+00
1.614244089664973014e+00
1.611684023939776278e+00
1.613725049857126947e+00
1.618318422700477655e+00
1.616357758710273318e+00
1.618929130174578068e+00
1.616706378442660963e+00
1.615342415585670377e+00
1.614671333109028772e+00
1.614238766921865409e+00
1.613833464681557528e+00
1.612961058207508680e+00
1.611371762838379018e+00
1.609323372546467956e+00
1.608081923684902659e+00
1.607168973707392423e+00
1.605393076842484001e+00
1.603234769800927939e+00
1.601740284328664998e+00
1.601289358710833666e+00
1.600102934978037128e+00
1.597811151321557821e+00
1.596954347232669269e+00
1.594722602158322955e+00
1.593501296989765947e+00
1.591206652268286392e+00
1.589746859831335124e+00
1.588233560973000724e+00
1.588493917267100430e+00
1.586441732711234121e+00
1.584658518237095359e+00
1.583534511670298350e+00
1.583151123392420256e+00
1.581286579054017372e+00
1.579304767257848408e+00
1.577792626288671229e+00
1.575390382562206648e+00
1.575645230247027406e+00
1.573531141098273300e+00
1.574850097063398735e+00
1.572880889499355339e+00
1.571690214377708950e+00
1.569657877000219637e+00
1.567503696312834371e+00
1.566819931310461378e+00
1.565739563169693094e+00
1.564393741210094335e+00
1.562112542054284958e+00
1.561288604746780440e+00
1.559812558780997671e+00
1.557962703437107299e+00
1.558154837720526764e+00
1.558239120417521217e+00
1.558837029112663419e+00
1.558847349818935024e+00
1.558883843981792916e+00
1.558031543735493019e+00
1.555925744990444448e+00
1.556667612766603703e+00
1.555320491821381212e+00
1.553755911367868059e+00
1.552654706301022092e+00
1.550847163176647614e+00
1.548563585187368474e+00
1.548280403250399395e+00
1.546432159478073221e+00
1.545225470779607591e+00
1.545579880237334169e+00
1.543401006020334698e+00
1.541502683490505454e+00
1.539751791233589850e+00
1.538489947780216971e+00
1.537521511709863509e+00
1.535849907782730339e+00
1.535532622089460952e+00
1.533777404817724177e+00
1.532147164401215678e+00
1.532423504700101802e+00
1.531130241183389806e+00
1.529660794025159420e+00
1.528080797131810664e+00
1.526833973934278443e+00
1.525940690607149985e+00
1.532480544372117448e+00
1.531391298076998808e+00
1.529412301744731639e+00
1.527817183250162358e+00
1.526653703846829524e+00
1.524718599133986219e+00
1.522971589792501801e+00
1.522486984979635860e+00
1.521366334947039878e+00
1.519536341483420872e+00
1.518079219572421756e+00
1.516426476996769912e+00
1.518381335285248435e+00
1.518178992435242680e+00
1.516219714716107392e+00
1.514895912070828521e+00
1.513321817250048440e+00
1.511971119693669374e+00
1.511032097526149531e+00
1.510645277454344626e+00
1.510308204810855592e+00
1.508357231869681847e+00
1.506888942781033691e+00
1.505383609877908757e+00
1.504697782762897340e+00
1.502837585528111974e+00
1.501513404940536089e+00
1.500207092544146636e+00
1.498941060915930379e+00
1.498430130998235299e+00
1.497050645365535226e+00
1.496663771320697167e+00
1.496372390440000144e+00
1.494906625167887082e+00
1.493117959737368716e+00
1.491907887206332495e+00
1.491778831574732456e+00
1.491192679069708538e+00
1.491287442634268379e+00
1.490344259331308097e+00
1.488679770056725360e+00
1.489260092362264976e+00
1.489181835676874233e+00
1.487580768604094716e+00
1.486000710802188207e+00
1.484484914039026604e+00
1.482873482816657207e+00
1.480888863550362089e+00
1.480228876024719753e+00
1.478991995169781859e+00
1.478513356080195074e+00
1.476658265721901842e+00
1.475095330946261551e+00
1.474551524112591494e+00
1.474318844867978040e+00
1.474283409209696138e+00
1.473275829626547351e+00
1.471943571734334100e+00
1.470895515741543758e+00
1.469202151037430459e+00
1.467626508517190231e+00
1.465998399188011003e+00
1.464549075759010055e+00
1.463655213286874535e+00
1.462641090148369738e+00
1.460953674434493532e+00
1.459236631728295652e+00
1.459049531529447608e+00
1.457611242586617673e+00
1.456684825925213866e+00
1.455294614929540709e+00
1.454083778869291077e+00
1.452204917069889412e+00
1.451667353970696794e+00
1.450790544414823913e+00
1.449700897630122443e+00
1.448392504606808018e+00
1.447209949692730868e+00
1.445481618327079554e+00
1.443889837136927312e+00
1.442983394297817412e+00
1.443219570454970624e+00
1.441814784734845478e+00
1.442142068101754715e+00
1.441146080745085767e+00
1.440010995635147673e+00
1.438748848407574998e+00
1.437793810833164043e+00
1.436383067040828410e+00
1.435247798400482555e+00
1.433587127795407312e+00
1.432475006061861622e+00
1.431124372635426578e+00
1.429490792890722561e+00
1.427956451585949749e+00
1.427391990325142190e+00
1.425787937729762422e+00
1.425759505960948026e+00
1.424313020509778482e+00
1.423715182115332878e+00
1.423151311031838562e+00
1.422471440811983845e+00
1.420975731480569548e+00
1.419775058135230639e+00
1.418205329966468753e+00
1.417724700897010859e+00
1.416259916634813321e+00
1.414522856569903508e+00
1.414182301123842578e+00
1.413372567333282648e+00
1.412320692463932659e+00
1.411688493658493249e+00
1.410150424947215653e+00
1.409183702220361933e+00
1.408106083651361917e+00
1.406481500369751503e+00
