8.132822899798519245e+00
8.851637860379213407e+00
8.894845009158014904e+00
9.184641920951138516e+00
9.203137938895183723e+00
9.129262310999948227e+00
8.889520074323559840e+00
8.869680263471003911e+00
8.779126970008759301e+00
8.757602660129244043e+00
8.583507095302499224e+00
8.444732843630969654e+00
8.321297864873479000e+00
8.210971955483833185e+00
8.097112542008220615e+00
8.155057143257000263e+00
8.097864084038107535e+00
8.082019499214586844e+00
8.077856609533396792e+00
8.042916679013126569e+00
7.922318612820103745e+00
7.913720101899103909e+00
7.976403683832324454e+00
8.002066902400201798e+00
8.033839887441711625e+00
7.933874162903532756e+00
7.982610794232503082e+00
7.975802384076101426e+00
7.951151497619203923e+00
7.921632676702186515e+00
7.847194176638562446e+00
7.845490090814964290e+00
7.828325532369089679e+00
7.816800433072774723e+00
7.786990737913520810e+00
7.765131785027018729e+00
7.688475423144957688e+00
7.664798670749857656e+00
7.570177240546097863e+00
7.536804660714445880e+00
7.475928850696464067e+00
7.441584307522098207e+00
7.396844972881639890e+00
7.403746869974815681e+00
7.342953761030261539e+00
7.325739091576112472e+00
7.356920429116811988e+00
7.337187828983459781e+00
7.321548793892972640e+00
7.284529547298859598e+00
7.252837762660747423e+00
7.252249654859267203e+00
7.228733567892769329e+00
7.217076093369173329e+00
7.185199889961700670e+00
7.150881372426619365e+00
7.128129029771460345e+00
7.124754310333154095e+00
7.105724630655631202e+00
7.087483713997665191e+00
7.076795118864897205e+00
7.045837332582434165e+00
7.037437723271486867e+00
7.004221158320269147e+00
6.981823842774639743e+00
6.947132407485721473e+00
6.913778971768430814e+00
6.879287498620175079e+00
6.862513781336643248e+00
6.829729239292920973e+00
6.812380675483303172e+00
6.774529097169915026e+00
6.767552520345623712e+00
6.754890916363274656e+00
6.709952685779986048e+00
6.681276890946524993e+00
6.639658041025042756e+00
6.614854820253528445e+00
6.580131398771053242e+00
6.525458590692801764e+00
6.523932912499241787e+00
6.483915335642017830e+00
6.473358278279205180e+00
6.460176509407704160e+00
6.440265675060802053e+00
6.402879642565235230e+00
6.417839872806825774e+00
6.389120828612983694e+00
6.372870594285869217e+00
6.343043142496798126e+00
6.326795920683139229e+00
6.318835533784313618e+00
6.300022483256790373e+00
6.276653123383595378e+00
6.272149328598259466e+00
6.276379462246873153e+00
6.266718869192442476e+00
6.263402783002155694e+00
6.268612421059750694e+00
6.245549794791643627e+00
6.246612993114186274e+00
6.240871037780995501e+00
6.227632530311019821e+00
6.192161071749385570e+00
6.175016913654190809e+00
6.149328911682012233e+00
6.156652949999020130e+00
6.129486566354886534e+00
6.113183560101292713e+00
6.092461979920657633e+00
6.065259568550170677e+00
6.047564277324515736e+00
6.018782759887509215e+00
5.999212137210157003e+00
5.966146676267197080e+00
5.951796348621362753e+00
5.963511038586461588e+00
5.944005249751447728e+00
5.930150391799050347e+00
5.944808548636443923e+00
5.921362516894084216e+00
5.901461208853691076e+00
5.877024911998760537e+00
5.849475669729109484e+00
5.848744129632295063e+00
5.834678728879094223e+00
5.802914517527968385e+00
5.783532307643791448e+00
5.779824747162137122e+00
5.749787665810269566e+00
5.748819321085086642e+00
5.726345372076480089e+00
5.713556065065469092e+00
5.697288073698755895e+00
5.680746505851010042e+00
5.663409819597753803e+00
5.645126657134722947e+00
5.627465388568752225e+00
5.611769695289912541e+00
5.602758715068619999e+00
5.584210099332171495e+00
5.558113123564385916e+00
5.534316886217642839e+00
5.509507326158500362e+00
5.485586549139943813e+00
5.463987723791047024e+00
5.450136197228746759e+00
5.458046785546898150e+00
5.432153590550138134e+00
5.412166152985911971e+00
5.392163811057537615e+00
5.386041848047907088e+00
5.365567080314348480e+00
5.341510388908874418e+00
5.322234704036937103e+00
5.300557837003654349e+00
5.283254252865097200e+00
5.259538743348445067e+00
5.257863945708491471e+00
5.233935349380141488e+00
5.218995313605507391e+00
5.199386555096562113e+00
5.184883569980742735e+00
5.169082598470029488e+00
5.158296482035212627e+00
5.138775423078064897e+00
5.116678649665029610e+00
5.096962985986553285e+00
5.081666075360432799e+00
5.068996704971402423e+00
5.074888419490396707e+00
5.064865410761441034e+00
5.064078883555486854e+00
5.047275594108691088e+00
5.033106480475185940e+00
5.013347523205909262e+00
4.994880224735362972e+00
4.996845439161987201e+00
4.979321647043826182e+00
4.968703104528604975e+00
4.952014882787099559e+00
4.932172566012385850e+00
4.916239618277371548e+00
4.907683107947463874e+00
4.897024582941098991e+00
4.886832821839401042e+00
4.868999273366157787e+00
4.854525349510769416e+00
4.837862240690554039e+00
4.818455224641252421e+00
4.800231989846399649e+00
4.783776940794642663e+00
4.779019216171979778e+00
4.762150564067499481e+00
4.747236144736850960e+00
4.742262049384511791e+00
4.726031057279384662e+00
4.710198315416628922e+00
4.693518160354379631e+00
4.676219352334664237e+00
4.660644061215577949e+00
4.644083962052780734e+00
4.633611876665258755e+00
4.619267737138507357e+00
4.613645698699855302e+00
4.609861706810940873e+00
4.596826120796185577e+00
4.584749648392164367e+00
4.575160344643441235e+00
4.563022311002001175e+00
4.550821946640056126e+00
4.540882223990922562e+00
4.529372807978217175e+00
4.512928672868252278e+00
4.500783159883522622e+00
4.484499524740531484e+00
4.475722160154508522e+00
4.464754487631608981e+00
4.450101212276098117e+00
4.435611444859934416e+00
4.424883006895884208e+00
4.409077904029149231e+00
4.396727962289587843e+00
4.384339840778948449e+00
4.368810294797290439e+00
4.355306111447951878e+00
4.341496886503774633e+00
4.331252971458022571e+00
4.327937171709240083e+00
4.314539493274452298e+00
4.302257269323272126e+00
4.307636569789649705e+00
4.312882606479453429e+00
4.307919528127613695e+00
4.295736889255588054e+00
4.284931006642607620e+00
4.279315524184317709e+00
4.269635424947240132e+00
4.260663880464347741e+00
4.248454005655497134e+00
4.246015809661966678e+00
4.232732130672965276e+00
4.240323595454984051e+00
4.228948228767801076e+00
4.216473459669427548e+00
4.209006469816824136e+00
4.197979001977917513e+00
4.191307278604654130e+00
4.178774014925845215e+00
4.167698200609102344e+00
4.155867125719903576e+00
4.143827713456412098e+00
4.130813155562297112e+00
4.119537591101672724e+00
4.123522727287279643e+00
4.111446988406345149e+00
4.108219223637191497e+00
4.105774159226172060e+00
4.099818113905070227e+00
4.089469768149658790e+00
4.081756802456764532e+00
4.069804281101772503e+00
4.061136293833194522e+00
4.050724418048790021e+00
4.061088673527733839e+00
4.050491832457776553e+00
4.039832990245288080e+00
4.028472547794010872e+00
4.029397860620780314e+00
4.018426815466782820e+00
4.010883464537768894e+00
4.001918769258718811e+00
3.990311847685710678e+00
3.984885632479355788e+00
3.974928856815612033e+00
3.966459446196979322e+00
3.957776566382354755e+00
3.947721467853035904e+00
3.944350751739981398e+00
3.948863983781047082e+00
3.949867671892661747e+00
3.940174285021185163e+00
3.936582517406463921e+00
3.927788385595657683e+00
3.920554600161415770e+00
3.910439524959779423e+00
3.900656255202366918e+00
3.890506960383943724e+00
3.894803834073231386e+00
3.890947533870041219e+00
3.882706067132857708e+00
3.879625130652448295e+00
3.869939818395724096e+00
3.863737895316964099e+00
3.865866222027526611e+00
3.856153913121708854e+00
3.846596132510242683e+00
3.840282887768088127e+00
3.831378290003710774e+00
3.834502695728231547e+00
3.825256640810366537e+00
3.825882748093142549e+00
3.816054933418931316e+00
3.807584825755571778e+00
3.800009102764219104e+00
3.792171417585087578e+00
3.782138454189661658e+00
3.775378177097479693e+00
3.769658996889118541e+00
3.761424209254538464e+00
3.752477945697312300e+00
3.742598132496221197e+00
3.734778702341046586e+00
3.735864022224396841e+00
3.727350656484786473e+00
3.719450550096472519e+00
3.711384365148292286e+00
3.702824570032270834e+00
3.694219700476857771e+00
3.685479810096224718e+00
3.681564938648168361e+00
3.679442016693426964e+00
3.672350159602084663e+00
3.664123890810486284e+00
3.656131481077275147e+00
3.648976388319689068e+00
3.639842334476157237e+00
3.630689135290959157e+00
3.626850868080916612e+00
3.619752665997589158e+00
3.614392065046541536e+00
3.609878599533299148e+00
3.604753142042141256e+00
3.600505658287128430e+00
3.592745448885345638e+00
3.585000684378183866e+00
3.577299738938257700e+00
3.570148899795411168e+00
3.571239346004800641e+00
3.566510286929456264e+00
3.558477187713305234e+00
3.550940473254596608e+00
3.544272263863654793e+00
3.538659703047569494e+00
3.530508905754451199e+00
3.526294754128107112e+00
3.518816355461538148e+00
3.511826470284957313e+00
3.503677072058169806e+00
3.497236347031595916e+00
3.490239592529843282e+00
3.482016157357373576e+00
3.474704894633531715e+00
3.467580040576879963e+00
3.466161919552550152e+00
3.470108193998012958e+00
3.462347910523445815e+00
3.454196913028230842e+00
3.447875232536923296e+00
3.443490086741852974e+00
3.438075018806476368e+00
3.431874259633169721e+00
3.426823702283100737e+00
3.420913884959752238e+00
3.414242474234587821e+00
3.407939121849385966e+00
3.401952003092681753e+00
3.404801767370077670e+00
3.398416976548864099e+00
3.398839781693764106e+00
3.399328784315374552e+00
3.392439899936745995e+00
3.386518416061498726e+00
3.379045478081117881e+00
3.379102527446885773e+00
3.372683347999937631e+00
3.368358247334029887e+00
3.362897507888738424e+00
3.355646226322252179e+00
3.350461418600019226e+00
3.343683818385590811e+00
3.346489108156577963e+00
3.339135489187822436e+00
3.335725194503611046e+00
3.332437487563231215e+00
3.328256892738069350e+00
3.323164769367855875e+00
3.316795007302449694e+00
3.310909724838734913e+00
3.304589547338435906e+00
3.297913620208943186e+00
3.291656883028661884e+00
3.286422119163006528e+00
3.279916540999854302e+00
3.274712180942624506e+00
3.268851736855260093e+00
3.268934877647097004e+00
3.262873575269387594e+00
3.258538655917385007e+00
3.256092779935741532e+00
3.249725250557157441e+00
3.243519271110891111e+00
3.237012168914143562e+00
3.231933346995436551e+00
3.228852276376875885e+00
3.234789896646051766e+00
3.229504405041258241e+00
3.224595011348835083e+00
3.221091508656577673e+00
3.217711646238484491e+00
3.212806598338628028e+00
3.210320635820654633e+00
3.204989458211142228e+00
3.202810448860094361e+00
3.197319076603017507e+00
3.195499179121707556e+00
3.189711179360533944e+00
3.185039241948375732e+00
3.179194465463395680e+00
3.173641600146742459e+00
3.169583440888550818e+00
3.169211850077843895e+00
3.163200569075155677e+00
3.157238953127592396e+00
3.151897768259020349e+00
3.147141315822255869e+00
3.141577604787212152e+00
3.136108695657314094e+00
3.131302017614478128e+00
3.126259874561249763e+00
3.122091783526566466e+00
3.117293714897980461e+00
3.113354319450233554e+00
3.108323330928696393e+00
3.105107406395876790e+00
3.100729840748199795e+00
3.102252070715731502e+00
3.098743843869429693e+00
3.093702129577205362e+00
3.088946047179098375e+00
3.084652643389861559e+00
3.079872427179382921e+00
3.079644097613039921e+00
3.074911919769583335e+00
3.070236567955395568e+00
3.064446660731759309e+00
3.060214815748841577e+00
3.054489664496640611e+00
3.052365842263716100e+00
3.046456802893124927e+00
3.041826735660317027e+00
3.038795939676227409e+00
3.033751674412233257e+00
3.030086629044965729e+00
3.024941378722095564e+00
3.019854308929742270e+00
3.014263630874665534e+00
3.009225561235188806e+00
3.004731304376217604e+00
3.000031641256664550e+00
2.994677812783757442e+00
2.994453597194097760e+00
2.989293184883490273e+00
2.990706573510754307e+00
2.985426193641626647e+00
2.982684992893220421e+00
2.978093909315366883e+00
2.978299813497819581e+00
2.974117801036791242e+00
2.973974374088436345e+00
2.976447007639868580e+00
2.973199578472923488e+00
2.968987695476099642e+00
2.967190800315078203e+00
2.963959752009955650e+00
2.960135568458003075e+00
2.954976921687171743e+00
2.950453217021786756e+00
2.945428904677375836e+00
2.944305320865156617e+00
2.939728086642129146e+00
2.939340218693644147e+00
2.935447545762717159e+00
2.930776301711810028e+00
2.926059491800468315e+00
2.927419740679328086e+00
2.923584609297877890e+00
2.923200724286146635e+00
2.918561804010106009e+00
2.913885228012560891e+00
2.912617582773117775e+00
2.915707420254669557e+00
2.915487743708064627e+00
2.910911092357679308e+00
2.906804081751142466e+00
2.902484684738213971e+00
2.898579590352740709e+00
2.894233026881519955e+00
2.891019016651180884e+00
2.887803582259352186e+00
2.883109860266386715e+00
2.885100912380754057e+00
2.880702717258609713e+00
2.875745351617526424e+00
2.872608104638734616e+00
2.867755077679499109e+00
2.871472013661914957e+00
2.866902266705495084e+00
2.866277665124691509e+00
2.865926258153494111e+00
2.861802646071116119e+00
2.857479512840869429e+00
2.856750419274877384e+00
2.852304746483647513e+00
2.848384940975101198e+00
2.843835651198016290e+00
2.840822349785523837e+00
2.837065029750326595e+00
2.833756227314256027e+00
2.830204380863373892e+00
2.825970306883550887e+00
2.821443894891006554e+00
2.817295246087268890e+00
2.813445633915577115e+00
2.808834186063285276e+00
2.804360907528620217e+00
2.799696082818813547e+00
2.801783054854900090e+00
2.797618097336492138e+00
2.793399514866773181e+00
2.789435180208368781e+00
2.785181058590541880e+00
2.780853917544312992e+00
2.777612146183259689e+00
2.773374685746187396e+00
2.768877495791469023e+00
2.766410652009372306e+00
2.765259990825894576e+00
2.761199452723732684e+00
2.757845362013039647e+00
2.757441007076436357e+00
2.752910929093388859e+00
2.749294658647028822e+00
2.745477095786930555e+00
2.744777070480967307e+00
2.744453091336042760e+00
2.740419541326896358e+00
2.736697255800347950e+00
2.733014439445917709e+00
2.729467382674352738e+00
2.725579875849557965e+00
2.721604387955786297e+00
2.721526942821452355e+00
2.717562926236559928e+00
2.718026720151172970e+00
2.718644231864860039e+00
2.714495978770767870e+00
2.710754823617032905e+00
2.708170788351470737e+00
2.707883570422481956e+00
2.704811774982176065e+00
2.702099900242588504e+00
2.698468800521056643e+00
2.695530959077078847e+00
2.691879318130417253e+00
2.687761535545987623e+00
2.684372552692072311e+00
2.682459258144415770e+00
2.678770322742577203e+00
2.674863644556954245e+00
2.671504967103300654e+00
2.667366129105626094e+00
2.663476787113670863e+00
2.660812726824754115e+00
2.656869878105808880e+00
2.653108557670638579e+00
2.649700354400594815e+00
2.648531647686104940e+00
2.648383622318033481e+00
2.644563693697434825e+00
2.644132048578598848e+00
2.641085180602129601e+00
2.637529999241879253e+00
2.634601184511891070e+00
2.631261740613933586e+00
2.627454019514756212e+00
2.624410191938128634e+00
2.621301850552903545e+00
2.618029392049114890e+00
2.616987704950846538e+00
2.612990879765479502e+00
2.609622571403607427e+00
2.606219775483587409e+00
2.607166924546288733e+00
2.603796717968478447e+00
2.599961491436995953e+00
2.596477653143165920e+00
2.592762548830092495e+00
2.588845761903032283e+00
2.585378735814812590e+00
2.584870904725496743e+00
2.581997291197647648e+00
2.578310889969602115e+00
2.577811757397239667e+00
2.574886160955484282e+00
2.571910790510176792e+00
2.568483234153930095e+00
2.567928549844623820e+00
2.565212539483425314e+00
2.561936116832457255e+00
2.558326755949264619e+00
2.554869321263802284e+00
2.553451672306892295e+00
2.550098477135384734e+00
2.546590101396391415e+00
2.546322402668861340e+00
2.543935664461655755e+00
2.540433506921952578e+00
2.538077237175845546e+00
2.534705545917635305e+00
2.531512980857127282e+00
2.528282265579671506e+00
2.525663517336841135e+00
2.522156946353122819e+00
2.518604575624432851e+00
2.517187019654583136e+00
2.513707943277098344e+00
2.510944192568241640e+00
2.511300468162809274e+00
2.508368823233312561e+00
2.505561846545309557e+00
2.504972204230805577e+00
2.506475180625434174e+00
2.503815080296685647e+00
2.500389390614931262e+00
2.497457774159427935e+00
2.497077317059906765e+00
2.494501357084643267e+00
2.491147297118713411e+00
2.487790045778694115e+00
2.484622681790986221e+00
2.482435411138582015e+00
2.479039813826223071e+00
2.476143191830834756e+00
2.473496598746027786e+00
2.471375124535478474e+00
2.468251863336965890e+00
2.465317564797137706e+00
2.462250645501727231e+00
2.461419321299049834e+00
2.458279286583092027e+00
2.455343102311889236e+00
2.452105488817798662e+00
2.449559850812563333e+00
2.447021873328948605e+00
2.444006069679929727e+00
2.440901459012624564e+00
2.438200085731374145e+00
2.435073867634064193e+00
2.432105106852125331e+00
2.429284953169046801e+00
2.426116240217198960e+00
2.425070387777364722e+00
2.421690276961194321e+00
2.422479691313314198e+00
2.419306003453210341e+00
2.417234803437692925e+00
2.414836946191558642e+00
2.415203815924478636e+00
2.412502185668738974e+00
2.410049760842660760e+00
2.407508106485323207e+00
2.404343349891621795e+00
2.401393173437135875e+00
2.398547807875181181e+00
2.395491512609755347e+00
2.392622666716502700e+00
2.389474923309591325e+00
2.386996805227095120e+00
2.387901271735939357e+00
2.385019691028599453e+00
2.382350443179523491e+00
2.379883347914899083e+00
2.377193701384967994e+00
2.374045945303955296e+00
2.371331604916249614e+00
2.368385737873230923e+00
2.365391724061102874e+00
2.363033233612874984e+00
2.360017260385764093e+00
2.357246733261843641e+00
2.354607166808204699e+00
2.352584937775088925e+00
2.352899071107859452e+00
2.350160256503672773e+00
2.350682919340030708e+00
2.347858704649547157e+00
2.345467349416498593e+00
2.343119643763264648e+00
2.342798514097760521e+00
2.342327360849655538e+00
2.339851652238656765e+00
2.337122971380710901e+00
2.334631063232810000e+00
2.332113202341563163e+00
2.331850766010812315e+00
2.329099034350813557e+00
2.326250906076143377e+00
2.323301614927912873e+00
2.320388924524000362e+00
2.317668794072301086e+00
2.314802454824426814e+00
2.311967449249787698e+00
2.311463279543194638e+00
2.308808893954879871e+00
2.305804824198559366e+00
2.302949392447374066e+00
2.300399221910418568e+00
2.297887846559238945e+00
2.297156987847420950e+00
2.295104419732590717e+00
2.292450931715290352e+00
2.289736211969171098e+00
2.286887522004269702e+00
2.284891157437595410e+00
2.282245068581236769e+00
2.280081363613887913e+00
2.277654719568449782e+00
2.274891829311002311e+00
2.272595466489444771e+00
2.270215198009660096e+00
2.267963107303628600e+00
2.265925521079981575e+00
2.263363175432849150e+00
2.260809679901917502e+00
2.258182697119011539e+00
2.259594063970537636e+00
2.257538869720675745e+00
2.255122916184650883e+00
2.253056883190506010e+00
2.252597675816186307e+00
2.250620799199985367e+00
2.248205869852688998e+00
2.245776643579455722e+00
2.243343220468572596e+00
2.241696596920999873e+00
2.239409324533510048e+00
2.237788325655262867e+00
2.235277287708795413e+00
2.232856192893707625e+00
2.230317605939089010e+00
2.227929802798739534e+00
2.225377308460575687e+00
2.223029384256747676e+00
2.220868206624635466e+00
2.221047522844215472e+00
2.218801449013389160e+00
2.216567698433285827e+00
2.214374181864898095e+00
2.214166114236699734e+00
2.211788440485316531e+00
2.211839032977881647e+00
2.209442331984431629e+00
2.208998331431993645e+00
2.206391563571015624e+00
2.206623288151018603e+00
2.204604260807982996e+00
2.202694217642257701e+00
2.200359642488704193e+00
2.198064736009071041e+00
2.195962835830498339e+00
2.193690372188620508e+00
2.192523105011548346e+00
2.190485166864111655e+00
2.188017132534672893e+00
2.185514650208049581e+00
2.183039713324229414e+00
2.180544104773039837e+00
2.180154099076395013e+00
2.178113325229544373e+00
2.177807221081456746e+00
2.175577016434842026e+00
2.173064472177171691e+00
2.171089981867865504e+00
2.168859993449090418e+00
2.167096163797414654e+00
2.165234352453058619e+00
2.162846394809368356e+00
2.162867137427305853e+00
2.160450915864661425e+00
2.158079652612741484e+00
2.156183021371606223e+00
2.153971571912743244e+00
2.151690171300353782e+00
2.150320633983880292e+00
2.148210448419821894e+00
2.146009112387239792e+00
2.144016294930588984e+00
2.143307230216047632e+00
2.140889727520643770e+00
2.140451484821785488e+00
2.138846382220298548e+00
2.136658282883552751e+00
2.135731542096622082e+00
2.133473551532826917e+00
2.131316866190520631e+00
2.129803265281040137e+00
2.128012478578205524e+00
2.125806644246508892e+00
2.123627718573440681e+00
2.121597861925579309e+00
2.119475624831640204e+00
2.117253664000941615e+00
2.116012423053831082e+00
2.113872065835769920e+00
2.111806397708222871e+00
2.110274963622201572e+00
2.108051845711480521e+00
2.106064083133546205e+00
2.107432161209479293e+00
2.106908251872483095e+00
2.105010520380986350e+00
2.102999309699608244e+00
2.101059762394074326e+00
2.099572210110148607e+00
2.097503479014609873e+00
2.096307864465702497e+00
2.096363757691203311e+00
2.094680640499542168e+00
2.092863323901580141e+00
2.091165710261214450e+00
2.088969918019726091e+00
2.087038578150110180e+00
2.085569533917853047e+00
2.083794418416162308e+00
2.082010940656121800e+00
2.079833838319037564e+00
2.077744303643954904e+00
2.083367149961747877e+00
2.081326845529467118e+00
2.079245927966121954e+00
2.077114322983032668e+00
2.075339322487152138e+00
2.075279225654791393e+00
2.074888737284734663e+00
2.072753326393843576e+00
2.071019410391121252e+00
2.069607097070262025e+00
2.067710555545558826e+00
2.065974288974379292e+00
2.064831014689311406e+00
2.062939628806463421e+00
2.060839575602258833e+00
2.058751809413744027e+00
2.056829858378546483e+00
2.055015494878572824e+00
2.053412708363192785e+00
2.051433422408098561e+00
2.049426580796042785e+00
2.047511511814710694e+00
2.045675603637766127e+00
2.043547109805128770e+00
2.041793303092469092e+00
2.039686002237567131e+00
2.038080722122350252e+00
2.036705960989484421e+00
2.034826509123959681e+00
2.032884290982827302e+00
2.032504197015472247e+00
2.030439891254067764e+00
2.028490422489245937e+00
2.026467629649252533e+00
2.024418355321301544e+00
2.022346883747951463e+00
2.020298234495520706e+00
2.018231848617744628e+00
2.016321585185938403e+00
2.014445252335426151e+00
2.012499416057734969e+00
2.010747728886732588e+00
2.009383300112101089e+00
2.007511547010160324e+00
2.005680755699386086e+00
2.003724751902131285e+00
2.001774473667142118e+00
1.999893408679010554e+00
1.997920601138691410e+00
1.996112809063727456e+00
1.994124329811250762e+00
1.992388575838157649e+00
1.992361099607753205e+00
1.990501884009380440e+00
1.988592778519755466e+00
1.989540941432278887e+00
1.987882762795215141e+00
1.986320523422196560e+00
1.986006326590621374e+00
1.984601125141908007e+00
1.983204490191697422e+00
1.983024871432450320e+00
1.981344842066940837e+00
1.979361330371434136e+00
1.977943788142223491e+00
1.977879352158346871e+00
1.976272219574628286e+00
1.974719298143737145e+00
1.972997417696311206e+00
1.971956096581310991e+00
1.970036783026416938e+00
1.968266019900377417e+00
1.966712930477822363e+00
1.965057327254672748e+00
1.963284084899275861e+00
1.962409442845093333e+00
1.960570378312577189e+00
1.959466932800826511e+00
1.957720687621262723e+00
1.955823125408138186e+00
1.954251059344179753e+00
1.952389650537985633e+00
1.951125733084928759e+00
1.949342889021135949e+00
1.948976673819250660e+00
1.947257641289719121e+00
1.945500682082212718e+00
1.943800690520529839e+00
1.941942452793215645e+00
1.940318303606740624e+00
1.938666965330570147e+00
1.936823357229572551e+00
1.935028426762622322e+00
1.933271655206887152e+00
1.931819909569799876e+00
1.930330827558866869e+00
