9.177864642423461561e+00
9.332375171505606914e+00
1.006859727704789620e+01
9.689721937577976618e+00
9.543421203478260395e+00
9.408543881708457235e+00
9.278553482712787570e+00
9.181941071600920878e+00
9.157936675683195915e+00
9.001390817993193849e+00
8.861688951944008963e+00
8.725179458785509823e+00
8.715508799597897038e+00
8.560404311932105159e+00
8.627936119984058294e+00
8.573301823667277333e+00
8.473596705385883610e+00
8.400144208503215637e+00
8.354957399165295229e+00
8.355912710889821682e+00
8.319014265225822768e+00
8.189532351492070816e+00
8.079730972516479426e+00
8.038032115253178844e+00
7.976269233177172957e+00
7.976924573446896538e+00
7.925449883039572541e+00
7.846624917460818693e+00
7.823313598819459536e+00
7.790089871942449840e+00
7.761034150393966158e+00
7.722115032225395304e+00
7.693846281331729209e+00
7.665735800850947967e+00
7.650961844720795213e+00
7.591578605217648601e+00
7.545915772738402083e+00
7.520330504419210804e+00
7.480204597837423641e+00
7.463816140414328615e+00
7.416678625512943768e+00
7.367531503419238348e+00
7.396451202277365411e+00
7.392471960941742637e+00
7.344593023763998474e+00
7.318266094925539811e+00
7.296422546825244382e+00
7.271094476306384280e+00
7.253142139854223736e+00
7.228713174395966945e+00
7.209880518395205051e+00
7.191462371308219304e+00
7.157310246604648540e+00
7.171670777737826796e+00
7.135357843039078496e+00
7.082503084039549535e+00
7.083426686136724548e+00
7.026015380571842606e+00
7.017530498860641508e+00
6.975609595337375346e+00
6.929942750046427236e+00
6.929410409587260844e+00
6.927793076902758251e+00
6.881194129900846335e+00
6.876984859373211023e+00
6.857148606963249016e+00
6.864153353641255784e+00
6.834742092126823820e+00
6.799576260118193716e+00
6.778445469983422456e+00
6.748010230192108772e+00
6.691115491826765016e+00
6.655102080347226057e+00
6.609058782808056698e+00
6.560889549755100525e+00
6.521220482482260827e+00
6.519625488845339767e+00
6.494364938597666281e+00
6.464010844140767098e+00
6.435576774665861421e+00
6.410568145848895227e+00
6.382904950617512618e+00
6.369231416809682855e+00
6.378358595414818311e+00
6.387979769195186286e+00
6.342842710819811991e+00
6.311985232530591183e+00
6.289757473984360026e+00
6.290379230991947956e+00
6.266633678994985246e+00
6.237420826109313587e+00
6.236283770846291041e+00
6.233643987462989422e+00
6.205587025399944778e+00
6.171142810377161503e+00
6.176053549398275777e+00
6.180633388706974429e+00
6.156209025055146000e+00
6.131311502728707730e+00
6.110424226876783216e+00
6.094707279740274153e+00
6.070578202156238667e+00
6.043730999840608575e+00
6.022174536581364812e+00
6.023937976982687736e+00
6.027410307659478939e+00
5.998418198992808925e+00
5.968157022061286732e+00
5.944316089340891729e+00
5.922806821645352215e+00
5.913021659603471925e+00
5.884783466750444170e+00
5.868690340548321061e+00
5.850042184284082403e+00
5.818871677855113944e+00
5.801595680299296731e+00
5.804304907755226672e+00
5.783024992970297262e+00
5.750210109243212742e+00
5.730126739267658920e+00
5.713726853810404904e+00
5.694809211014305816e+00
5.667458724910892975e+00
5.657288711753808208e+00
5.650749861542076147e+00
5.624762061695241400e+00
5.628564544931466074e+00
5.617774806045223279e+00
5.590996098896678035e+00
5.575708858659847778e+00
5.552595135571882778e+00
5.533087650478003994e+00
5.518819343843749614e+00
5.525537277443241635e+00
5.501697422883430555e+00
5.480403570015065284e+00
5.475520114741646793e+00
5.456022155962681808e+00
5.435274147630102526e+00
5.415139838364567026e+00
5.421358367045094440e+00
5.413657166531192111e+00
5.404378007551686736e+00
5.406985314796666664e+00
5.388224437642027631e+00
5.375105211128190952e+00
5.375709948698049523e+00
5.358979751552224613e+00
5.342136075117869254e+00
5.320308115955746153e+00
5.305622367448465937e+00
5.289541197378150095e+00
5.278672360874838709e+00
5.263629842073370924e+00
5.245997190422422740e+00
5.224066481689511932e+00
5.207031738931314990e+00
5.199880792029288656e+00
5.183553044732056136e+00
5.173526137203721120e+00
5.152087309799298076e+00
5.135188874748473076e+00
5.117457337689141461e+00
5.094618093935494585e+00
5.096518095780023572e+00
5.086436008892488481e+00
5.082630579207032540e+00
5.062032235690690385e+00
5.042343766404489003e+00
5.027331065102982777e+00
5.020124834497709188e+00
5.015039323975995167e+00
4.997723946311003473e+00
4.979271442258900393e+00
4.966782495386232732e+00
4.949099129576073786e+00
4.935277841100296214e+00
4.914124256072261332e+00
4.918242736127608872e+00
4.902762221321141034e+00
4.907103649757656783e+00
4.894035941145107316e+00
4.881282888327142189e+00
4.862824764687116996e+00
4.846936956196781665e+00
4.829709126334131852e+00
4.822585538209623657e+00
4.805883525726179606e+00
4.789638769979594812e+00
4.772585958776171644e+00
4.757328771416190705e+00
4.751669814151338933e+00
4.735867961109371471e+00
4.726263340010149250e+00
4.719547183127365209e+00
4.702002438889037350e+00
4.698622478084932830e+00
4.688157510093292402e+00
4.671269050648130694e+00
4.657364217708460430e+00
4.666486270135766112e+00
4.652079800433097212e+00
4.637387390286217048e+00
4.638697146665228921e+00
4.631252281508066559e+00
4.617458601074680757e+00
4.603067145359934997e+00
4.591581837628635476e+00
4.588823767525783026e+00
4.575358993427040666e+00
4.559638681903799728e+00
4.544472406768662154e+00
4.534139664037780904e+00
4.533589631779658013e+00
4.522826049983367902e+00
4.511733928997887944e+00
4.499358225932586386e+00
4.484851290213212494e+00
4.474343885707891211e+00
4.476046385646067272e+00
4.463540909221483055e+00
4.452100901600257288e+00
4.443160082782190656e+00
4.437369855475740366e+00
4.425663416381803827e+00
4.415566230203758380e+00
4.405643898973448991e+00
4.394154213803631137e+00
4.383500183245765847e+00
4.373665822395084390e+00
4.372164883765845111e+00
4.366018126008108347e+00
4.353052060357332387e+00
4.342530864105992094e+00
4.329335511382507384e+00
4.317117101757236952e+00
4.309241979830716218e+00
4.295490820859972025e+00
4.283162283902412604e+00
4.278373202126542374e+00
4.266255828911623915e+00
4.254349113218605538e+00
4.243418954499849072e+00
4.231272027348521370e+00
4.222818587162874060e+00
4.217189395529823415e+00
4.213134196979397395e+00
4.208920547069403106e+00
4.202158162822532184e+00
4.189883664322733736e+00
4.177732690564837092e+00
4.170035003827844200e+00
4.171139523382215941e+00
4.166666068038364479e+00
4.156237416043460087e+00
4.144238081324957079e+00
4.133315468264583181e+00
4.130117751406946702e+00
4.128218541301726496e+00
4.118558144988379688e+00
4.106660676905042884e+00
4.096831966451758511e+00
4.091645772257714420e+00
4.081751999611785031e+00
4.076164718496693595e+00
4.064229345431603413e+00
4.058997724139906893e+00
4.049569581103971139e+00
4.039996514642615111e+00
4.029259271879736204e+00
4.019546882017333012e+00
4.011433271232039743e+00
4.002212855900880939e+00
3.997340440870706058e+00
3.996586812446045300e+00
3.985968149940055216e+00
3.975270411904661128e+00
3.965720182337534983e+00
3.956744118859496062e+00
3.950490333184419001e+00
3.940754140993256716e+00
3.931695267834940832e+00
3.921863952614157434e+00
3.912059038966900548e+00
3.906163135428519340e+00
3.900472132100222034e+00
3.891046968269488815e+00
3.890703685692892044e+00
3.885539519495565308e+00
3.878954938858506729e+00
3.870250334636798684e+00
3.864942944607158370e+00
3.855405469338225810e+00
3.844922420583449796e+00
3.834806952855871476e+00
3.828057065594189456e+00
3.830184065020454831e+00
3.821509834170806030e+00
3.813709609514194021e+00
3.805055398653570009e+00
3.797368798893995923e+00
3.789021056895287565e+00
3.781571033299135909e+00
3.773244178579891805e+00
3.766857977283764924e+00
3.760400919212719906e+00
3.750486756890937912e+00
3.741279160090335676e+00
3.735563380215666474e+00
3.729875230988838997e+00
3.725673808119599695e+00
3.722160421742846559e+00
3.714943991060172479e+00
3.708544454148727798e+00
3.702328454108033462e+00
3.693087168649583862e+00
3.688384648960188361e+00
3.687035114593781415e+00
3.682528881563397860e+00
3.679552903424163190e+00
3.673344965561649467e+00
3.665569621986690674e+00
3.659239251296989792e+00
3.652446855366480172e+00
3.648776938254626678e+00
3.649156451277888902e+00
3.644318308460507083e+00
3.637813685913247941e+00
3.630139174878437291e+00
3.621850915364471124e+00
3.615468325036755637e+00
3.607668798735709448e+00
3.600683800449876681e+00
3.600556023090007329e+00
3.592874619238081824e+00
3.587050182180886893e+00
3.580019019989178375e+00
3.571140061300799751e+00
3.577156054203825875e+00
3.570462784645349608e+00
3.567887978499921786e+00
3.561524719222405988e+00
3.554345909644125445e+00
3.548319964714199415e+00
3.541045316124362685e+00
3.534607613186496522e+00
3.527837814246568282e+00
3.520740539904471333e+00
3.516213682913732708e+00
3.517001120758547650e+00
3.511088223773773276e+00
3.503105505999293268e+00
3.495877748960843689e+00
3.488330770250259949e+00
3.483550316526418555e+00
3.476802442638073032e+00
3.470135656331861718e+00
3.470200623132087880e+00
3.471482555561344885e+00
3.464044202152136265e+00
3.459122699721477012e+00
3.453103051962413073e+00
3.448397487179545973e+00
3.450124133540968696e+00
3.446087319511176972e+00
3.439517213265311568e+00
3.434065779133158802e+00
3.433350164224943324e+00
3.426306198070934173e+00
3.421086096356086959e+00
3.425995485703683840e+00
3.420413801398391573e+00
3.418919653134972592e+00
3.412361315623305025e+00
3.410044557616708438e+00
3.403041369545882766e+00
3.397740199712342868e+00
3.394802298459039136e+00
3.393795757297020987e+00
3.390433915384624797e+00
3.385915064355320858e+00
3.379260640889548029e+00
3.377008609113041793e+00
3.371733767383112479e+00
3.367368120762435968e+00
3.360816255780051165e+00
3.356055527228024804e+00
3.350896157767369488e+00
3.346891282838921011e+00
3.345146162612643970e+00
3.338050911816611510e+00
3.331875771449027024e+00
3.325797257634587112e+00
3.320469722833479409e+00
3.315970476359697106e+00
3.311935304826973958e+00
3.308988366265164238e+00
3.306011549442342989e+00
3.302082716244192362e+00
3.303022492570294677e+00
3.296928544628640267e+00
3.294103497844897976e+00
3.291705100094766578e+00
3.293984411757290509e+00
3.287733520283319777e+00
3.284025045982174262e+00
3.279622685003172666e+00
3.273554860207227524e+00
3.269749032403173050e+00
3.263982710920573016e+00
3.258445674350443522e+00
3.254523897761708806e+00
3.248933919320521557e+00
3.244716450275897390e+00
3.240918610506865249e+00
3.243033763298549310e+00
3.238309293236728781e+00
3.233922249928048220e+00
3.229414222513602883e+00
3.223636521091317153e+00
3.219481158987278935e+00
3.221193393648389858e+00
3.217456058506321881e+00
3.214618103069657007e+00
3.212664426674586959e+00
3.207351473337760606e+00
3.202428958021600103e+00
3.201636354898065751e+00
3.196497107978010010e+00
3.199544233479429955e+00
3.199852498920562116e+00
3.196413980104221508e+00
3.192136752299622238e+00
3.187256352773749413e+00
3.182836104292642521e+00
3.178303957235433685e+00
3.172977072996927994e+00
3.172161719591106266e+00
3.167200106636510970e+00
3.161362376197349722e+00
3.159567228170583775e+00
3.153892041440902627e+00
3.149164890047114085e+00
3.143573332452930025e+00
3.138204048001656421e+00
3.134309974370385721e+00
3.128885023885369154e+00
3.123727024466449009e+00
3.118784263259996248e+00
3.115764018542776181e+00
3.110944355922867999e+00
3.106170709416960385e+00
3.102069182122763724e+00
3.096804674525162948e+00
3.091353797529279746e+00
3.086245530739366139e+00
3.081601355045008539e+00
3.077589924034246582e+00
3.073861855945743571e+00
3.068010664253220554e+00
3.070958163082024406e+00
3.065924242137607170e+00
3.061167887228019691e+00
3.056473715464933960e+00
3.051566318941110190e+00
3.047242319098281360e+00
3.041932897925502477e+00
3.040827557055720831e+00
3.035662863600256944e+00
3.030833765076941244e+00
3.026550247427124418e+00
3.021819379598178923e+00
3.016766282575161107e+00
3.012585027609259836e+00
3.014190048257553656e+00
3.009935341751790894e+00
3.005160827276884827e+00
3.000074486159252540e+00
2.997965168752827481e+00
2.992973515594230083e+00
2.990213090854020095e+00
2.987463508816794011e+00
2.984263788539347040e+00
2.981816494424129882e+00
2.976785827067861323e+00
2.972503916072281260e+00
2.967960695638904411e+00
2.965177030371084488e+00
2.960518366411446056e+00
2.961190215074335441e+00
2.956095533224486704e+00
2.953437686635960180e+00
2.949405150582600665e+00
2.944386750649667928e+00
2.941535951389474768e+00
2.936471046269852003e+00
2.932318821220206928e+00
2.940483699868947198e+00
2.936826695109164831e+00
2.932359938132381938e+00
2.930844072835697922e+00
2.926371625344180494e+00
2.923230028769460809e+00
2.919427030722992367e+00
2.919085648388077381e+00
2.919566147664385269e+00
2.916561287521763912e+00
2.913868722759851870e+00
2.910784663228235480e+00
2.906182524746797835e+00
2.902004448838646944e+00
2.897101384369347610e+00
2.897049499291949548e+00
2.896354763313049308e+00
2.892186664966052589e+00
2.887541758925404434e+00
2.883354826711385321e+00
2.882518904390513281e+00
2.883030375838683934e+00
2.880597453622807169e+00
2.878485369850978248e+00
2.875698822281291811e+00
2.871428248241304715e+00
2.868149528125341963e+00
2.865388929973449628e+00
2.861648321682591423e+00
2.858903408221922682e+00
2.855637722149177993e+00
2.852051249242773423e+00
2.847811165249592324e+00
2.843730351579485838e+00
2.840468619872460909e+00
2.839182164995916580e+00
2.836175464561414117e+00
2.832758489582032357e+00
2.828450878277754654e+00
2.828209397665755187e+00
2.830285053126996520e+00
2.827184120970205328e+00
2.823284584183227697e+00
2.819896499528802281e+00
2.816984391843560420e+00
2.813134393691077761e+00
2.810315118692621184e+00
2.806004960116952329e+00
2.802109016153369492e+00
2.798107877880808836e+00
2.799454933577634197e+00
2.798168311664091856e+00
2.794192644505398171e+00
2.792269968410161951e+00
2.788296322662806137e+00
2.784115815047754516e+00
2.780429197535105423e+00
2.776546600846629076e+00
2.773916476300606782e+00
2.772266207405057692e+00
2.768442389804656845e+00
2.764643931241124175e+00
2.761638190769947876e+00
2.757718849769226654e+00
2.754259027555780559e+00
2.752687810562453929e+00
2.749204644836792166e+00
2.749504327726806974e+00
2.748304704075739568e+00
2.745008097304118433e+00
2.741599328349995091e+00
2.738777484650688709e+00
2.736177183696095749e+00
2.732177305717048199e+00
2.729292321988527004e+00
2.725810859419092402e+00
2.722638440997669829e+00
2.719165940583419872e+00
2.715653126830246400e+00
2.715599092214768806e+00
2.714791731479310855e+00
2.712098254704477185e+00
2.709226506092631048e+00
2.706503074784085694e+00
2.703393764839510993e+00
2.703433488663562478e+00
2.701882001007917644e+00
2.702271927604237511e+00
2.699130902669375498e+00
2.697422097056635604e+00
2.694969783988102829e+00
2.692024659674587372e+00
2.689367565907342161e+00
2.687666183254579622e+00
2.683978379498773048e+00
2.682100791503573056e+00
2.678268836450338419e+00
2.675338990487558632e+00
2.672206772969497823e+00
2.669690753002324168e+00
2.674065699966477361e+00
2.671413387648579718e+00
2.668225998492780082e+00
2.666235828119325912e+00
2.663466455352226703e+00
2.660078308435850136e+00
2.659757013022684191e+00
2.657443902439234673e+00
2.653741201046921461e+00
2.652358719277699617e+00
2.649399233722502522e+00
2.645720228562491894e+00
2.643383274397553606e+00
2.642890190112933357e+00
2.640568777386420152e+00
2.638578069515041591e+00
2.638740933043976167e+00
2.635159740522300176e+00
2.631716199876494855e+00
2.628692350700341240e+00
2.628121366156865868e+00
2.625042204372184607e+00
2.621674088534750702e+00
2.618343316392284237e+00
2.615117682867557303e+00
2.615121873896376403e+00
2.612068542670470173e+00
2.608807174262946393e+00
2.606119820044357382e+00
2.602715470557211752e+00
2.599952824311984045e+00
2.597463638666035468e+00
2.594709641015625401e+00
2.595470471978254867e+00
2.592679687820666601e+00
2.589235883983371789e+00
2.586080983710215442e+00
2.584066669176884545e+00
2.581562509564739649e+00
2.578289522418980795e+00
2.575401928204167579e+00
2.573430428415088844e+00
2.571758203078667204e+00
2.568629531406384281e+00
2.569454074663118703e+00
2.568850665890480389e+00
2.567142214569661629e+00
2.564417016425688089e+00
2.562798758952065992e+00
2.560441035719161817e+00
2.558278636191289923e+00
2.555086473039541950e+00
2.557646449033905256e+00
2.555833306216092726e+00
2.552544985048309290e+00
2.549263290362270951e+00
2.546393838521618047e+00
2.544833181546167555e+00
2.542162345076789176e+00
2.539074008983128738e+00
2.537366453182608339e+00
2.534881839901442557e+00
2.532165253847228570e+00
2.529021161360233361e+00
2.526098657178488249e+00
2.524010743179997185e+00
2.520874155385378401e+00
2.517818006991066060e+00
2.515104057309662355e+00
2.513259148078326177e+00
2.513358413320658791e+00
2.510876435193360123e+00
2.507867930029904713e+00
2.506846083457050067e+00
2.504359363053797694e+00
2.503951479076502729e+00
2.501810930961102741e+00
2.499196220892956344e+00
2.496399853625304921e+00
2.493974857871955830e+00
2.493536056830772285e+00
2.491675884001977259e+00
2.490691635586531838e+00
2.490624609272963141e+00
2.489034401200936664e+00
2.486597951610369339e+00
2.484516351294224989e+00
2.483481098824741995e+00
2.480718995718810937e+00
2.479009789166163547e+00
2.476200724661138608e+00
2.473365893715790964e+00
2.471411664773401462e+00
2.468688905026080960e+00
2.468539822506002679e+00
2.465997666864362614e+00
2.462977803100012686e+00
2.460395668524865354e+00
2.459972306447532731e+00
2.457076556185988192e+00
2.454545525789526117e+00
2.455015522728448030e+00
2.452282492556685511e+00
