5.000000000000000000e-01
9.392809090395162208e-01
9.866656229932841971e-01
9.887592028074813078e-01
9.911147446406645134e-01
9.927322064559898074e-01
9.955843628736387174e-01
9.951151737063885783e-01
9.957656431419790177e-01
9.968690958164642124e-01
9.970985879968864429e-01
9.932327058247122364e-01
9.971691229229808773e-01
9.975242327913479423e-01
9.832227474411883161e-01
9.955430797931785758e-01
9.955894072949875717e-01
9.980162378183747851e-01
9.977928627236106740e-01
9.964590191499571592e-01
9.957516695150252506e-01
9.943486825797865913e-01
9.986527336270110133e-01
9.979989012438558182e-01
9.981774563650306353e-01
9.957236642792638426e-01
9.985758206969130857e-01
9.971401609866191729e-01
9.987337922597120388e-01
9.993633302457998191e-01
9.981297662896396750e-01
9.989094772790856336e-01
9.979676780151653936e-01
9.988221566060903056e-01
9.992084027303653748e-01
9.983199757635848881e-01
9.987033517860584020e-01
9.989867670912389030e-01
9.988240120254366916e-01
9.990091480871059471e-01
