3.432426289799356312e+01
3.418873783658712995e+01
3.348234559197625515e+01
3.359169268118327523e+01
3.322078958108409097e+01
3.321159327428391350e+01
3.339500569433806021e+01
3.296389880239407688e+01
3.265660787509741425e+01
3.273726350415712716e+01
3.274171353836134557e+01
3.256999879726168956e+01
3.238688875777604892e+01
3.240852160147205296e+01
3.232429390463213537e+01
3.232403098725868063e+01
3.197409937183442352e+01
3.191492997075320304e+01
3.167409017132118620e+01
3.143125186364982682e+01
3.121802555029304571e+01
3.108325161299930528e+01
3.097063346782096005e+01
3.093883511444398593e+01
3.084384152240714982e+01
3.068569465136869212e+01
3.045962872885186101e+01
3.036359037682464290e+01
3.025503731243173888e+01
3.010365045122606276e+01
2.999696744589881092e+01
2.988722196877587933e+01
2.985781118394161027e+01
2.993970977047827731e+01
2.991698061090197314e+01
2.991813035610348592e+01
2.976644358010412361e+01
2.979184980752848233e+01
2.963124922212625023e+01
2.961679738471677581e+01
2.953048954541328186e+01
2.942234626302812828e+01
2.931658623198733338e+01
2.921689416584484533e+01
2.911220332231710728e+01
2.909209452141396568e+01
2.909155159961383319e+01
2.908699717309441724e+01
2.892687056837993609e+01
2.885507974824268018e+01
2.873180828765653416e+01
2.875888161829045231e+01
2.873753155977940921e+01
2.867809413572956956e+01
2.863804301172606515e+01
2.848920370455141082e+01
2.843180094717027373e+01
2.841822678956346238e+01
2.835442861295230088e+01
2.824932140726721741e+01
2.830036655343521090e+01
2.818907505232936117e+01
2.808791174460884221e+01
2.796525818127833674e+01
2.789008185272663809e+01
2.795211006871714687e+01
2.789032212320539728e+01
2.779864568400073566e+01
2.772409804638969888e+01
2.758437599134730078e+01
2.757459990181767751e+01
2.743168517281328533e+01
2.734716011663354251e+01
2.739609092090054787e+01
2.739444488059629634e+01
2.733628145845112201e+01
2.733824690753937503e+01
2.721898594117763892e+01
2.717699114997852661e+01
2.714390218398764887e+01
2.708770453489970009e+01
2.702932968446012296e+01
2.693260278288945386e+01
2.683309773891467742e+01
2.683087271238254345e+01
2.675516625111290026e+01
2.669036973976498928e+01
2.663183233622742563e+01
2.655581807828318830e+01
2.652958337731296012e+01
2.649062951542535771e+01
2.643129194293972617e+01
2.640422998204509497e+01
2.632925345419297969e+01
2.629199353931819161e+01
2.631062223712973136e+01
2.626029936534379416e+01
2.621740908992136099e+01
2.622513707871310018e+01
2.621468241940664967e+01
2.615074303643810794e+01
2.611549779908834523e+01
2.610517305785098685e+01
2.605579149515022763e+01
2.597969979578815369e+01
2.596095465123165624e+01
2.593212555115305662e+01
2.584586401037361370e+01
2.582179441752110449e+01
2.574243628193054789e+01
2.570771279257821362e+01
2.567590181069756738e+01
2.562540401669137680e+01
2.556232696123975145e+01
2.546893891269927934e+01
2.543391661648303881e+01
2.540756938571319523e+01
2.536501235166488044e+01
2.526925685515604059e+01
2.519260494918295024e+01
2.512759413981556023e+01
2.507512953865142435e+01
2.500442023151315851e+01
2.496685166516229870e+01
2.494518141657101751e+01
2.493343914895038793e+01
2.487873356730093022e+01
2.486698278644233540e+01
2.482743323345740194e+01
2.475362239272730136e+01
2.472160387669167747e+01
2.464193186921814771e+01
2.457950645089509933e+01
2.452103769439139569e+01
2.447786120138121291e+01
2.445263725585720493e+01
2.442530164182085883e+01
2.434138425896733793e+01
2.429188382141853708e+01
2.422691356976708121e+01
2.419782538862530075e+01
2.416629215905735961e+01
2.408372100357517454e+01
2.404697309223313795e+01
2.397059275940488732e+01
2.390450736922900177e+01
2.389119885779560448e+01
2.390611821001622772e+01
2.386761853018641943e+01
2.385015423146560565e+01
2.381153697986482953e+01
2.376114149805989584e+01
2.374307257265234128e+01
2.369983997806153653e+01
2.366796513262611867e+01
2.360180622444664067e+01
2.359039447231345932e+01
2.354796066194789006e+01
2.351572406697625794e+01
2.347528922284408992e+01
2.342592541484547297e+01
2.338224109402725404e+01
2.333907329066553160e+01
2.329558999872791247e+01
2.329209552729564692e+01
2.324281776772593133e+01
2.318376053086868183e+01
2.314569966506449106e+01
2.309465089346972633e+01
2.304739748003629529e+01
2.302528937812086340e+01
2.297219534925571338e+01
2.293789166116749456e+01
2.289586094515070513e+01
2.285249856294756654e+01
2.279677872484724688e+01
2.279817131936347252e+01
2.278927069814093187e+01
2.274943622304587265e+01
2.269380999766091378e+01
2.265264971648974779e+01
2.262232544715352489e+01
2.257037939838542684e+01
2.256998400108812675e+01
2.254222197793216864e+01
2.249658609096728412e+01
2.245170602660193282e+01
2.243839751720525655e+01
2.240457348928422832e+01
2.239535324400538485e+01
2.235916233935468256e+01
2.232621002512424724e+01
2.227954895287819070e+01
2.228419889900757411e+01
2.222407287403626697e+01
2.220526105060530142e+01
2.218352670938086391e+01
2.217840528932696742e+01
2.221222252512171380e+01
2.216374937318152760e+01
2.212003043244022038e+01
2.210007111594849150e+01
2.207090968205703163e+01
2.204813681469730113e+01
2.205393994390309587e+01
2.202609007604528202e+01
2.201237044815062305e+01
2.198124589137607998e+01
2.194896858394925943e+01
2.191558847153866196e+01
2.190350209506680557e+01
2.187422575602102626e+01
2.185499474645916962e+01
2.181618533271177540e+01
2.178192545419765480e+01
2.177305028969237455e+01
2.172374871855803136e+01
2.171869063813133138e+01
2.168631599142372224e+01
2.164093571829823048e+01
2.163899975609475135e+01
2.160269775357147992e+01
2.160806327447918207e+01
2.158782131342886501e+01
2.156287432064547360e+01
2.152030814463067898e+01
2.148957169216851781e+01
2.147337675375510813e+01
2.143912392545765400e+01
2.142234691770822863e+01
2.138203955036988191e+01
2.134814062690628944e+01
2.132636227672161766e+01
2.130805048794037404e+01
2.127447300151293064e+01
2.123662389719451937e+01
2.120012701551758738e+01
2.117703708879188795e+01
2.112974366457647335e+01
2.109264993759541085e+01
2.105210116571031165e+01
2.103013721262773927e+01
2.100484206734614645e+01
2.096072380192511275e+01
2.092945542813039950e+01
2.088813721548818947e+01
2.085652159920183379e+01
2.082304394778563861e+01
2.080064595971373365e+01
2.074952657759562769e+01
2.070845334410440230e+01
2.066200270013145612e+01
2.062888468996311886e+01
2.058353177722890948e+01
2.054757429399779767e+01
2.050253321198609413e+01
2.046614172476167681e+01
2.043171341121758999e+01
2.046007711736973178e+01
2.042300533818792374e+01
2.038078740821080004e+01
2.034036847346221322e+01
2.030775237074228556e+01
2.030063818684189059e+01
2.026786906566753288e+01
2.023463157051151740e+01
2.021456663694656086e+01
2.022798748846853911e+01
2.019126485878158661e+01
2.017543855018841370e+01
2.013933058313603297e+01
2.010644745297956959e+01
2.010232002910055726e+01
2.006847462690734218e+01
2.004080212178364562e+01
2.001137565158281006e+01
1.997354275687672498e+01
1.994560754019347115e+01
1.990831634433671837e+01
1.988531951415134458e+01
1.985094143951326373e+01
1.982538394449423791e+01
1.979057857042676005e+01
1.976057549877837616e+01
1.972825884749311953e+01
1.971157280054875827e+01
1.967996158333856016e+01
1.965396784919744277e+01
1.965433646942844703e+01
1.962286851735162330e+01
1.959048501976200996e+01
1.955592629762220724e+01
1.952019784825236215e+01
1.949299819849683502e+01
1.947252923698915694e+01
1.944018444177652682e+01
1.941517780994079700e+01
1.938796883659879455e+01
1.935769860501377693e+01
1.932382377310109334e+01
1.929746871348634940e+01
1.928227620210761017e+01
1.925979635439450632e+01
1.922738969598359660e+01
1.919943899252702124e+01
1.917739320166550598e+01
1.914470364533988445e+01
1.912121064445074836e+01
1.908878679135908030e+01
1.906386640123260534e+01
1.903748018681880438e+01
1.900547240129250781e+01
1.899298843733567566e+01
1.895493268709321910e+01
1.892608342047816095e+01
1.889978278761941866e+01
1.886502051604059815e+01
1.884342119984813735e+01
1.884907872768618375e+01
1.882461217886041638e+01
1.881901934461103565e+01
1.879967401799118676e+01
1.877339929251814610e+01
1.874854665499356798e+01
1.872781700898955037e+01
1.870710347080979830e+01
1.872014554188913493e+01
1.872908550053169918e+01
1.873104441399113540e+01
1.872257403032317313e+01
1.870463359990248264e+01
1.869390674415025089e+01
1.866935788471766244e+01
1.865789052048036112e+01
1.862857701349262740e+01
1.861696765394270869e+01
1.859639815723537737e+01
1.857847318841794504e+01
1.856578865115816868e+01
1.854624255100015162e+01
1.855120824536196977e+01
1.853861014143340924e+01
1.851812625046066074e+01
1.849362448986072494e+01
1.847885722243728424e+01
1.845463807095691777e+01
1.843314170428966747e+01
1.840651853157569917e+01
1.838908625770908856e+01
1.836476630796012088e+01
1.834377784018754554e+01
1.836623811410598250e+01
1.837669767121030517e+01
1.836320701785908938e+01
1.833908471457306533e+01
1.833524285847846258e+01
1.831728122247515600e+01
1.829956361646735985e+01
1.827366880352386502e+01
1.825418711911884984e+01
1.824211102344117919e+01
1.821697046194044844e+01
1.819554030538590794e+01
1.816707301570438915e+01
1.814679625161897647e+01
1.813590703592781850e+01
1.811322991604449228e+01
1.809286268963498401e+01
1.807563670774392151e+01
1.806024290144847555e+01
1.803710989474927473e+01
1.801448708319039937e+01
1.798740777848911776e+01
1.811162445585063807e+01
1.809636164317411300e+01
1.807745943208962558e+01
1.809317784347604174e+01
1.809588822680677467e+01
1.810344352033182602e+01
1.810202476955926087e+01
1.809909841597758628e+01
1.809203602097409558e+01
1.808596070389574706e+01
1.808421945587608093e+01
1.806911856155385365e+01
1.807563503908120239e+01
1.806391425084884261e+01
1.804834762628797407e+01
1.804629486935304072e+01
1.803629725856592714e+01
1.802248978017142633e+01
1.801034095252513012e+01
1.799843568175128539e+01
1.798743265761154930e+01
1.797817660917155891e+01
1.796185767751223850e+01
1.793971357128501865e+01
1.793586254121191104e+01
1.792259342147206169e+01
1.792252528714050896e+01
1.791069150912535690e+01
1.789809138582157644e+01
1.788590594553998514e+01
1.786749283402651756e+01
1.785901562957712585e+01
1.785528488847970863e+01
1.784422714155888201e+01
1.783464745164214094e+01
1.784249492621610145e+01
1.783308489284644338e+01
1.782589596300968893e+01
1.781569754945709150e+01
1.779934647804117986e+01
1.778235630301222869e+01
1.777454152793895759e+01
1.776442706888388301e+01
1.774344687766878792e+01
1.774068613725805221e+01
1.772874556316639527e+01
1.770719860650503108e+01
1.769094073038787229e+01
1.769743506189869819e+01
1.768098103789651176e+01
1.766241210330219857e+01
1.763803098229937660e+01
1.761974289766630974e+01
1.760420426670936678e+01
1.760073696091584594e+01
1.760169285713282861e+01
1.758608378530950844e+01
1.757170406381592542e+01
1.755988040270159090e+01
1.754128887525395797e+01
1.754782692957192936e+01
1.754642515615735832e+01
1.753418362374371142e+01
1.751944643301965954e+01
1.751078795719115178e+01
1.749633671133644341e+01
1.749802804231345732e+01
1.749273400480173990e+01
1.747933161935759827e+01
1.746907699729040075e+01
1.746705299360261776e+01
1.745218587329837945e+01
1.745011138633372738e+01
1.743184939103806030e+01
1.741537796178123187e+01
1.740956232084504407e+01
1.738938811882687574e+01
1.737136020301865713e+01
1.736837010279879578e+01
1.735247211227955333e+01
1.733874820243237735e+01
1.732732338605757505e+01
1.731757970997346519e+01
1.730368619062705804e+01
1.728741851237053240e+01
1.727045801336459263e+01
1.725142390581934748e+01
1.725467013510318992e+01
1.723723015042933326e+01
1.721704490931332998e+01
1.721610607139245630e+01
1.719848550604108794e+01
1.718059683487977551e+01
1.716506630020936441e+01
1.715402605291620830e+01
1.713435743761319330e+01
1.711879455450024778e+01
1.709978094649850178e+01
1.708818640618800444e+01
1.706841033865309498e+01
1.706289384691210032e+01
1.705363929683697677e+01
1.703610520578191156e+01
1.701718407011519574e+01
1.700134448678744192e+01
1.698042593343273765e+01
1.696666544325752213e+01
1.695632256656163150e+01
1.693981539586227925e+01
1.692499344681424844e+01
1.692233580572014873e+01
1.690870648306059110e+01
1.688615181191998360e+01
1.686883729816162969e+01
1.685505867531330537e+01
1.683477225665131627e+01
1.681451006526588898e+01
1.679809584275596634e+01
1.677835603628962602e+01
1.675841063143226961e+01
1.673915799855364028e+01
1.672922266738945396e+01
1.671327682949298676e+01
1.669758290164972436e+01
1.668082752723584861e+01
1.666510039480838046e+01
1.666311016299455261e+01
1.665018339842877637e+01
1.664830360008424393e+01
1.664416394524422671e+01
1.663297558801163945e+01
1.661732856531433455e+01
1.660091846554181316e+01
1.658211101645819952e+01
1.656225512691307600e+01
1.655506666353686285e+01
1.653996072201525891e+01
1.652736782126172699e+01
1.651106742487997536e+01
1.649322605758730020e+01
1.647680205181116619e+01
1.646675220196356904e+01
1.645595175296449497e+01
1.644172194859618230e+01
1.643074846642431552e+01
1.641356231025339696e+01
1.640918350474001031e+01
1.639233812287967851e+01
1.638950269933110349e+01
1.637649460483008568e+01
1.636034293531848505e+01
1.634281423273673184e+01
1.633345935085409195e+01
1.632304806051383395e+01
1.630945983106033381e+01
1.630415591167487577e+01
1.628957824107153840e+01
1.627457200550707128e+01
1.626533720748333067e+01
1.624604856701174427e+01
1.624367051797889516e+01
1.622807927949597939e+01
1.621283002411551166e+01
1.619752784963072401e+01
1.618143802634210715e+01
1.617704927491763911e+01
1.616231418180450063e+01
1.614653491079728553e+01
1.613580726888222827e+01
1.612903075733667890e+01
1.611366431490111850e+01
1.609786672069136415e+01
1.608852981716496799e+01
1.607030732814001084e+01
1.605230801981619848e+01
1.604503784686502144e+01
1.603018503887583535e+01
1.601977435269703776e+01
1.600455710786150476e+01
1.598615297520294121e+01
1.597232274363556392e+01
1.600466297787818348e+01
1.598902658233106777e+01
1.597665677451766086e+01
1.596109200486248625e+01
1.595180346339133237e+01
1.595078826726167343e+01
1.593944104763057013e+01
1.593576448195374162e+01
1.593068717990369976e+01
1.592060432211385468e+01
1.591355104402133058e+01
1.591183175799766403e+01
1.590043689478428846e+01
1.589653250465857504e+01
1.589220416132082292e+01
1.588344843405826445e+01
1.587597097360496079e+01
1.587615245305162759e+01
1.586521570340386944e+01
1.585662555977227406e+01
1.584614225032779622e+01
1.583551756288089152e+01
1.582863848801537543e+01
1.581606696733949136e+01
1.580223499842169055e+01
1.579085427345549597e+01
1.578046723669759110e+01
1.577421616713796482e+01
1.577002262226504037e+01
1.575729714744125864e+01
1.574707997047838859e+01
1.573353159003513646e+01
1.571893090302136287e+01
1.571831035454711589e+01
1.570893502947227560e+01
1.569639475795664296e+01
1.568320804288260639e+01
1.567300529984336954e+01
1.566020968706483529e+01
1.564686194099353145e+01
1.563605495995225603e+01
1.562626865068285298e+01
1.561219422063914131e+01
1.559947737062591600e+01
1.558795603567962829e+01
1.557295987995876452e+01
1.556073812703769832e+01
1.554686612012159941e+01
1.553283014588568101e+01
1.553224119171863471e+01
1.551928936330887687e+01
1.551508955672308865e+01
1.550784203669463679e+01
1.550121307742157839e+01
1.548972550621484778e+01
1.547844596757341584e+01
1.546808932641579304e+01
1.545238928079328211e+01
1.544189036731742526e+01
1.542867741854905894e+01
1.541469184360964562e+01
1.540140805274111990e+01
1.539249315696446629e+01
1.538115282779104120e+01
1.536907177172365380e+01
1.535793516288012484e+01
1.534387700453114078e+01
1.533187182058487430e+01
1.531907072868923514e+01
1.531188822815208539e+01
1.530082700192961909e+01
1.528829485157675272e+01
1.527464107562377293e+01
1.526225275039334228e+01
1.525077733134640745e+01
1.523605895786363185e+01
1.522004147830917198e+01
1.521082875743011087e+01
1.520090980201058883e+01
1.518802058126793852e+01
1.517490899386006475e+01
1.516052881193736113e+01
1.514783314643179857e+01
1.513927860791737068e+01
1.514858856427289879e+01
1.513636407966449582e+01
1.512262399685149816e+01
1.511192517625553933e+01
1.509803333503976219e+01
1.508520416005006659e+01
1.507269777981463577e+01
1.506906547798061169e+01
1.506194209118848626e+01
1.505828638275154852e+01
1.504896458635294287e+01
1.503742485662841588e+01
1.502628902949997247e+01
1.501186110335960322e+01
1.500812616662140186e+01
1.499770265253448009e+01
1.498619015200072191e+01
1.498340625572331852e+01
1.497068081284935559e+01
1.495631180953252759e+01
1.495830967119213817e+01
1.495441503619756318e+01
1.494317248509050522e+01
1.493097276032911935e+01
1.491654667712708537e+01
1.490509125049774752e+01
1.492697579930977270e+01
1.491566314315176989e+01
1.490462782816938336e+01
1.489795970943325898e+01
1.489228532548140116e+01
1.488614940920041363e+01
1.487977518341652505e+01
1.487259028698395369e+01
1.486489328353192363e+01
1.485439808775193526e+01
1.484654693551167526e+01
1.483625805867843184e+01
1.482888221196536449e+01
1.481990598790907221e+01
1.481569829788864290e+01
1.480468063553467850e+01
1.479405138840010281e+01
1.478809182346241258e+01
1.478339215798587780e+01
1.477322854693609244e+01
1.476168023059380197e+01
1.475109938800056142e+01
1.474067971322729065e+01
1.473152754345953142e+01
1.472091558627830032e+01
1.471120883236465637e+01
1.470166999391280349e+01
1.469322677576391989e+01
1.468433193956829008e+01
1.472626567638393880e+01
1.471611229335663573e+01
1.470936611472060918e+01
1.470664921867732744e+01
1.470133118615342482e+01
1.470063429648218367e+01
1.470100463246480160e+01
