5.000000000000000000e-01
9.429530738355432762e-01
9.902776606061134412e-01
9.933194466791618327e-01
9.966336604959478151e-01
9.976415300831601440e-01
9.979066811041483742e-01
9.986272795928514689e-01
9.978500328322255086e-01
9.981945610121311097e-01
9.968737343648308435e-01
9.965337867514360015e-01
9.992139689884050879e-01
9.988421893368472082e-01
9.989908838029138982e-01
9.988284766282391480e-01
9.993989600954380492e-01
9.992221154389732130e-01
9.991792958393672652e-01
9.995404068296825928e-01
9.989739820923040359e-01
9.938647370305461193e-01
9.989489919129806994e-01
9.989520069694188820e-01
9.991385056046708790e-01
9.988865164646725248e-01
9.989806210146535692e-01
9.989596605742231406e-01
9.992348714469804216e-01
9.988709773276454040e-01
9.986921612881247690e-01
9.988536697440536516e-01
9.986524437177383140e-01
9.986866530119400398e-01
9.989330469029716886e-01
9.992726176343112998e-01
9.993363976743477872e-01
9.992581221706664518e-01
9.990544609064595516e-01
9.995572215675108119e-01
