2.360554378997121461e+01
2.365387683969560229e+01
2.354962182562471185e+01
2.333617299145550561e+01
2.312088063616529610e+01
2.287402463527177687e+01
2.289831177784090599e+01
2.270985037740861756e+01
2.236930530759439151e+01
2.223341753594096204e+01
2.186223161979523155e+01
2.170435612894726418e+01
2.165992841577747541e+01
2.186382402182775309e+01
2.173522209026890906e+01
2.158339757558990968e+01
2.138696012526552437e+01
2.143430858058358268e+01
2.135617364270906293e+01
2.136104963421633229e+01
2.116950720687722765e+01
2.104389395013796715e+01
2.096348376294877269e+01
2.089830329315746837e+01
2.085400458941636970e+01
2.074502942784834403e+01
2.059599536420717314e+01
2.048984794474604954e+01
2.046246536055313214e+01
2.041481411633718679e+01
2.021908655148715184e+01
2.022770306389212536e+01
2.014316584192138393e+01
2.001847857358303884e+01
1.998527781627780797e+01
1.995873529637244559e+01
1.983095379992434459e+01
1.971838294124292901e+01
1.958793642179621131e+01
1.958791741348602145e+01
1.949298278978256604e+01
1.937513066509524151e+01
1.930093877386090995e+01
1.921464495147255036e+01
1.924981376743980022e+01
1.929388827145803731e+01
1.925687109092203642e+01
1.923312054950996242e+01
1.919246114087097155e+01
1.915331589420490843e+01
1.915376816408851823e+01
1.913256774482337264e+01
1.905427651113076237e+01
1.899520468904086812e+01
1.893355350302172369e+01
1.889562925205002486e+01
1.878414498236627850e+01
1.872051288162989380e+01
1.866060224990151539e+01
1.858997829350633069e+01
1.856742561767756428e+01
1.853729817598322427e+01
1.849032416678314661e+01
1.846752815712861562e+01
1.840405986066678068e+01
1.840455021291514015e+01
1.833040850668481525e+01
1.823680485906909965e+01
1.815629958012236145e+01
1.811641166837206285e+01
1.804376474632083927e+01
1.809886246987624503e+01
1.803023887898985933e+01
1.802592520449928060e+01
1.794009051914256148e+01
1.787477230880648804e+01
1.786423508321924558e+01
1.779832705840306772e+01
1.771373796137220680e+01
1.765234476931554397e+01
1.755362647067962101e+01
1.750952237715115345e+01
1.749751716312664485e+01
1.744497587043258235e+01
1.735967907471258798e+01
1.729653768886734255e+01
1.729417323298926945e+01
1.722266690507001741e+01
1.715774310381799950e+01
1.712216082900902592e+01
1.711050968345393741e+01
1.707231256912706385e+01
1.706238574592561719e+01
1.700203820617153383e+01
1.694552351990071415e+01
1.690333064439882804e+01
1.686838775789498968e+01
1.681379380759840458e+01
1.678699958789992053e+01
1.675330054948267389e+01
1.666762432401331750e+01
1.663517021171677968e+01
1.658611674258034085e+01
1.652648427247099150e+01
1.650347807395106514e+01
1.644216803626151702e+01
1.639400413620601427e+01
1.635023647139543357e+01
1.637991857595000411e+01
1.631248097565941180e+01
1.629320725170551754e+01
1.629538388992230225e+01
1.625204808415195146e+01
1.622701108742937848e+01
1.617666014875746328e+01
1.615753070229107990e+01
1.619415594202516218e+01
1.615296567857124543e+01
1.613262435403963124e+01
1.610450259395803130e+01
1.605331466696522824e+01
1.600657090052298415e+01
1.594781456625780613e+01
1.591238564646657672e+01
1.587820286638931222e+01
1.592218671094090077e+01
1.589065874424025360e+01
1.587609905242702801e+01
1.583968017942497220e+01
1.577969847606055431e+01
1.573345058385159945e+01
1.570922275697240167e+01
1.575953402632334743e+01
1.571500140866888096e+01
1.569496372572306875e+01
1.567769306282846387e+01
1.563468611385841456e+01
1.563423282115135393e+01
1.558428821945532050e+01
1.554296499619379368e+01
1.552147527035275587e+01
1.549756371226765062e+01
1.545412075678729735e+01
1.544027908820349104e+01
1.539981617567082672e+01
1.536738978475098882e+01
1.532343846922730002e+01
1.531695806077062194e+01
1.529589307317417202e+01
1.525142103322429854e+01
1.520366431056569922e+01
1.515804665787623584e+01
1.511253361012247787e+01
1.512733017473646413e+01
1.507687466689755240e+01
1.505851419627967047e+01
1.502299369839144916e+01
1.498205418983968684e+01
1.494229899975917064e+01
1.491405657385368322e+01
1.488411567642912914e+01
1.484927323111784681e+01
1.487385494235864236e+01
1.485112044146875299e+01
1.485390141502464978e+01
1.482337221086756074e+01
1.480639699705838197e+01
1.477815999650092849e+01
1.473484122723025358e+01
1.470234059665842175e+01
1.469020727829714446e+01
1.465952904923604194e+01
1.462427122701831372e+01
1.458593776125365693e+01
1.455762648278056304e+01
1.451814476333588821e+01
1.450906025654577647e+01
1.449134500618861132e+01
1.449399921522291734e+01
1.446844240527564374e+01
1.443691000530332325e+01
1.441860423277653780e+01
1.439397178922741816e+01
1.437300363784250123e+01
1.434062879278178393e+01
1.431411547537897100e+01
1.426908526044637782e+01
1.425149243118005948e+01
1.420906901051167459e+01
1.421834784214442493e+01
1.417489349975298829e+01
1.416245239134449818e+01
1.415007569791629116e+01
1.411374970247167226e+01
1.408454836108778707e+01
1.405889615681343052e+01
1.404714481528590753e+01
1.402430358300367708e+01
1.399234389595290473e+01
1.397516729158592774e+01
1.393297810800045688e+01
1.390407476840895384e+01
1.392043570190223534e+01
1.388674104142824994e+01
1.385308647279706307e+01
1.383212559587558133e+01
1.380560501189304645e+01
1.377660798133329223e+01
1.378226046529175086e+01
1.375200831271697233e+01
1.375032127088073963e+01
1.372781179820622199e+01
1.369854898380097197e+01
1.367133241622333450e+01
1.364080366469508299e+01
1.360625012709686210e+01
1.361222653206282374e+01
1.357868888742384961e+01
1.356453547534264992e+01
1.353721852338943599e+01
1.352069501451759770e+01
1.349737635350873077e+01
1.348828142975125033e+01
1.347215464293674181e+01
1.344554866336655330e+01
1.341768964235579098e+01
1.338260424105902224e+01
1.334869233562919000e+01
1.331878236894640821e+01
1.328682641753499105e+01
1.326468711287101065e+01
1.326842238461401280e+01
1.323963306886051505e+01
1.321770380606744766e+01
1.319177086023739065e+01
1.317962472476994229e+01
1.315536940605945482e+01
1.312817385322425423e+01
1.312216105379307507e+01
1.310691328552931800e+01
1.308332032349386687e+01
1.306495489569336144e+01
1.304624594225388634e+01
1.302107531708464983e+01
1.300039404612164340e+01
1.298193441927870673e+01
1.296246210765576912e+01
1.293910244608194660e+01
1.292460010908905765e+01
1.290796985817210540e+01
1.289423408217975897e+01
1.290416926804541475e+01
1.290893840688847938e+01
1.290156342413276924e+01
1.287914592501725863e+01
1.285346061750219171e+01
1.283578448337723543e+01
1.281042882377588832e+01
1.278492342310926588e+01
1.276690601185326202e+01
1.274979369685705421e+01
1.273907339100779801e+01
1.271245879529959844e+01
1.268567198749958713e+01
1.266754071836317230e+01
1.264566174267126186e+01
1.261867825598167059e+01
1.258968587764321967e+01
1.256527439962171755e+01
1.254290650565569898e+01
1.252764172278002164e+01
1.253612762117788115e+01
1.252066089214720179e+01
1.249839823198455591e+01
1.247311779024300549e+01
1.245034763507481834e+01
1.242415400342871656e+01
1.240298202704082975e+01
1.238034049422748062e+01
1.235732939902453076e+01
1.233294754704177443e+01
1.230924150024106822e+01
1.230360672365150876e+01
1.228441066754394839e+01
1.225984563205505928e+01
1.224403764723572507e+01
1.222037026362937695e+01
1.221286294168016084e+01
1.219417653669496993e+01
1.217911291889646641e+01
1.217011187991555055e+01
1.215079612589815028e+01
1.212745327855320276e+01
1.210572306314310786e+01
1.208320122313754830e+01
1.206716135678704660e+01
1.205769498023563990e+01
1.204412539537207572e+01
1.202442047377547674e+01
1.200332783005346293e+01
1.198941529175712439e+01
1.197496547566518998e+01
1.196134041990373476e+01
1.194108414359484804e+01
1.191844114282977607e+01
1.189860403507167419e+01
1.188001782802582262e+01
1.186697540898797065e+01
1.184821435133051537e+01
1.182864565620053376e+01
1.181153117147241538e+01
1.179443366531580040e+01
1.177294698582736920e+01
1.175361083723947608e+01
1.173905655062360154e+01
1.172261238368798075e+01
1.170473649033313812e+01
1.168646344550045946e+01
1.167863944653755404e+01
1.166204519581214427e+01
1.163955454639766707e+01
1.162281116958392424e+01
1.160587717556997944e+01
1.160748164383095116e+01
1.159373837925183182e+01
1.157536521889536729e+01
1.157842874451083048e+01
1.157234441888726728e+01
1.155310060805224026e+01
1.153436313357950738e+01
1.153537554412430310e+01
1.151824076776394890e+01
1.150328860370587591e+01
1.148997198676361720e+01
1.147029126789868059e+01
1.145662619256805392e+01
1.143683233077372563e+01
1.142686081728073333e+01
1.141804862809011922e+01
1.141311020029558598e+01
1.139614114588398230e+01
1.137774764910836289e+01
1.136505304714218667e+01
1.135253142001573501e+01
1.133753052404569495e+01
1.132361564779891161e+01
1.132786849324385159e+01
1.132144611477448315e+01
1.130721049781690724e+01
1.128980228978141831e+01
1.127398464075532303e+01
1.125526786519474243e+01
1.123923352646952978e+01
1.124823613048134696e+01
1.122880866324529414e+01
1.123112546004740331e+01
1.121602424141107868e+01
1.120617641676598630e+01
1.118953691220968238e+01
1.119059359007040122e+01
1.117587617791484078e+01
1.116463681406411368e+01
1.114515346920321015e+01
1.113130593401244894e+01
1.111463125666929308e+01
1.110182889461206912e+01
1.108558024713351919e+01
1.107082992877716521e+01
1.105696630615203446e+01
1.104961196969801485e+01
1.103534625850896056e+01
1.101646561857789486e+01
1.100928124689655618e+01
1.099203621731063940e+01
1.097804550941310353e+01
1.096158712880957253e+01
1.094873267053217880e+01
1.093185942473916583e+01
1.091385421028754266e+01
1.089865684572786542e+01
1.088722840800016023e+01
1.087910973224515310e+01
1.086662614930088289e+01
1.085467078826120435e+01
1.083648652865551298e+01
1.082111764625273409e+01
1.081005941014048943e+01
1.080532394621088876e+01
1.079554014917768789e+01
1.078335708746353028e+01
1.077338684444687367e+01
1.075751990526488733e+01
1.074848290259206429e+01
1.073045022116355440e+01
1.071465939592374994e+01
1.069861931360147977e+01
1.069055543691601606e+01
1.067576641497315038e+01
1.066236992767642278e+01
1.064649952116091569e+01
1.062940067798390764e+01
1.061633339548067134e+01
1.062387059280907131e+01
1.062734803527645866e+01
1.061203290071693850e+01
1.061584556116102718e+01
1.060402732507152557e+01
1.059408679906221629e+01
1.058196839186906146e+01
1.058389659650204173e+01
1.057120312226787284e+01
1.055628388522568173e+01
1.054123000270595156e+01
1.053049412806938534e+01
1.051821390239571130e+01
1.050493829487871800e+01
1.049485358248151279e+01
1.048760320571888549e+01
1.047676724524741765e+01
1.046277893565869554e+01
1.046469109668808883e+01
1.045266005021665912e+01
1.044032353441128080e+01
1.042739247369942746e+01
1.042964144314043651e+01
1.041743220308896944e+01
1.040703895425574821e+01
1.039477155403555209e+01
1.038619951464765556e+01
1.037310883159414132e+01
1.035747795271749183e+01
1.034671699115263266e+01
1.033324263195719794e+01
1.032481688546612020e+01
1.031323064111183108e+01
1.030242925916764207e+01
1.028777232803111019e+01
1.027833172963720898e+01
1.027094095227692527e+01
1.026047708913145051e+01
1.024828027856181123e+01
1.023623593274994903e+01
1.022348838393610571e+01
1.021471737154828929e+01
1.020143400070558393e+01
1.019401422320524553e+01
1.018133589635960234e+01
1.017067021504992752e+01
1.015728585699313236e+01
1.014764566754953634e+01
1.013463497388268664e+01
1.013062052569742555e+01
1.011915606527645473e+01
1.010594302931573196e+01
1.009858161021726453e+01
1.008711016320004283e+01
1.008231151922489843e+01
1.008185925231229163e+01
1.007042665904275047e+01
1.006137704330543414e+01
1.005132407760944524e+01
1.003972918516167212e+01
1.003060758142505549e+01
1.002283050159621069e+01
1.001012626831807850e+01
1.001880777037476911e+01
1.000510299226095512e+01
9.992947184132322747e+00
9.985240282133919010e+00
9.975236534838417768e+00
9.963521114956057190e+00
9.951705961050770100e+00
9.939964840448487493e+00
9.929441544456498292e+00
9.919051228922647567e+00
9.921080390999446053e+00
9.910004233345311775e+00
9.898902730314945941e+00
9.885951507143602157e+00
9.874462398962272403e+00
9.863170638723653738e+00
9.853352633032754326e+00
9.841869071562383553e+00
9.833205374574994551e+00
9.823200128120957331e+00
9.810290362544010989e+00
9.802318290773152754e+00
9.790626785323647496e+00
9.779103059112900453e+00
9.781753338653118135e+00
9.773183743839259918e+00
9.763215644474145805e+00
9.752605759874937164e+00
9.743070395890205404e+00
9.734110499094830615e+00
9.726455627806590343e+00
9.715136949875381234e+00
9.715561058140394834e+00
9.705991455046078187e+00
9.695158992837578538e+00
9.681871931945588372e+00
9.671981215419156896e+00
9.660717376668598533e+00
9.649768838345346822e+00
9.638597387634282754e+00
9.628582048740058852e+00
9.617577696174613777e+00
9.606833611695661190e+00
9.596241170556050193e+00
9.585358421546985142e+00
9.576341352406409158e+00
9.565231390169827819e+00
9.554430590070785101e+00
9.542828812142706951e+00
9.533082238741162229e+00
9.522188811370583039e+00
9.512542234515343864e+00
9.501615678348397154e+00
9.500887858111507711e+00
9.488417066010585543e+00
9.480002400991660139e+00
9.468609185684035978e+00
9.458457438571475251e+00
9.449021304181830061e+00
9.438027199881195983e+00
9.427138543911224744e+00
9.417739725095270131e+00
9.407819886448066882e+00
9.400432137023816637e+00
9.391535688907115542e+00
9.382318633693239818e+00
9.374027397549239637e+00
9.363749451472571650e+00
9.357406821560864785e+00
9.364820310841103890e+00
9.354092936233366018e+00
9.344229499361201619e+00
9.337027643591490289e+00
9.340715474260917972e+00
9.331479844317883021e+00
9.324269362460926303e+00
9.324153860506331881e+00
9.313546218231522289e+00
9.317212718552360329e+00
9.308600661764526052e+00
9.299643302617349505e+00
9.288462224484256069e+00
9.279720981258677170e+00
9.282491576734926753e+00
9.274225810114240076e+00
9.264292148242994074e+00
9.254702125335768415e+00
9.245278179668758867e+00
9.234534529764744093e+00
9.225703747483400718e+00
9.214746916293478307e+00
9.208394167438552103e+00
9.198242418030329048e+00
9.189753033158350348e+00
9.180616854121350201e+00
9.172115388354939114e+00
9.163386801910087698e+00
9.154475644196198303e+00
9.149081024651119165e+00
9.140260873813465636e+00
9.131122027433479005e+00
9.122016657513194460e+00
9.121788366636918610e+00
9.114044342713105706e+00
9.103584725272884981e+00
9.094936674067117366e+00
9.084960640268059606e+00
9.076201191574305938e+00
9.069406429992348251e+00
9.073549655675188674e+00
9.066337678626743113e+00
9.056947730188991130e+00
9.048672029756170687e+00
9.039143543184083640e+00
9.030875415044121723e+00
9.024526082155462703e+00
9.017823783329678378e+00
9.011851625823243950e+00
9.005070020281236154e+00
9.000465796328416701e+00
8.993032245404073421e+00
8.986502328653994454e+00
8.977961237943249628e+00
8.968711720845346846e+00
8.974299127756218297e+00
8.965929388097714892e+00
8.957348970335242910e+00
8.950135930804185236e+00
8.941703674553219017e+00
8.935054221328154966e+00
8.927618276066459302e+00
8.924472457995678454e+00
8.917464263909675282e+00
8.910305307562909505e+00
8.902228446262595796e+00
8.908133525178545398e+00
8.902666998986171976e+00
8.893344301241144834e+00
8.884985209640984039e+00
8.878871098770748205e+00
8.870447401444002011e+00
8.861643456421218090e+00
8.855079619450780370e+00
8.853873650709894960e+00
8.848375387494087363e+00
8.840439224546985386e+00
8.832962036045007181e+00
8.824122552825874877e+00
8.816546913835704657e+00
8.808268343586874494e+00
8.800628547760460663e+00
8.793500896819585577e+00
8.795162464883496511e+00
8.788968817086967533e+00
8.781140944067580278e+00
8.772087626310188568e+00
8.766539930219646948e+00
8.767719968398145269e+00
8.760647140266037525e+00
8.753219606208382686e+00
8.744874123052165160e+00
8.739886707345924322e+00
8.734066291242372770e+00
8.725404972002715809e+00
8.718307466135915007e+00
8.713516583824747030e+00
8.705919760566162680e+00
8.698740904635432258e+00
8.690578859786160848e+00
8.682544636172279340e+00
8.678260574026912977e+00
8.669820072024231550e+00
8.672828042319155273e+00
8.666837152644950137e+00
8.660201487045227964e+00
8.652153914333386098e+00
8.646670094421988750e+00
8.638757215010132384e+00
8.630375604988797633e+00
8.624927602561793805e+00
8.617784051020759506e+00
8.612191953656525456e+00
8.604862466259239895e+00
8.596435478270848307e+00
8.588923777010361249e+00
8.581018991059007561e+00
8.575396145813757087e+00
8.568538260928898254e+00
8.560849427891842112e+00
8.555967361898808576e+00
8.549243346050113601e+00
8.542755963962084920e+00
8.538285055386621636e+00
8.531608779666475684e+00
8.525483370222918467e+00
8.517589720244879814e+00
8.509438950514285338e+00
8.503565986972700941e+00
8.498749702965742614e+00
8.491442376124867408e+00
8.484875192828502222e+00
8.480192131279745027e+00
8.473880483399650387e+00
8.467044811725994435e+00
8.459189486262294722e+00
8.452499020913807115e+00
8.446001028903983965e+00
8.438625124600106275e+00
8.429584727824943613e+00
8.424267398732961709e+00
8.416371970432079408e+00
8.408910645817543994e+00
8.401532113331322549e+00
8.394143955717831673e+00
8.386847412945257929e+00
8.379376952457191052e+00
8.381900488166325047e+00
8.374950010404031531e+00
8.367865750858070939e+00
8.367298605186840987e+00
8.360300304568733409e+00
8.360207552005743281e+00
8.353008567582246968e+00
8.345743007582669293e+00
8.338599484489037650e+00
8.331243435711874312e+00
8.324766470660149409e+00
8.318465179669855658e+00
8.312851850503186313e+00
8.306837776369071946e+00
8.301106281079238869e+00
8.298509824805677226e+00
8.292060312325279625e+00
8.287798247487280889e+00
8.281631270227045150e+00
