5.000000000000000000e-01
2.704145557647734122e-01
3.590873945998599992e-01
4.560269963514917979e-01
6.393847255501391436e-01
7.971036034273073501e-01
9.483025087298929678e-01
9.676289625161804686e-01
9.656741622709171802e-01
9.662276860456522343e-01
9.770746994727999013e-01
9.764088068638917539e-01
9.899510488192717617e-01
9.868376551558192267e-01
9.813960001217619800e-01
9.904019157204752011e-01
9.909576428056839914e-01
9.906682553694819982e-01
9.949750025729444669e-01
9.871103148269748662e-01
9.838192067792383977e-01
9.905573360816730677e-01
9.936641198137042830e-01
9.938856104981945716e-01
9.819256933542648280e-01
9.964920688070673105e-01
9.946331125674219287e-01
9.946977623352771802e-01
9.929156030620220896e-01
9.965000703029991413e-01
9.750767607277303073e-01
9.894763223849096789e-01
9.964248968285376318e-01
9.955029273588830163e-01
9.909314639983416440e-01
9.980143244171733041e-01
9.978246367799196159e-01
9.980245872054339662e-01
9.904944837513103284e-01
9.982138109878514465e-01
