2.662732226188438744e+01
2.536157310438140300e+01
2.477815537660205081e+01
2.474588825034288675e+01
2.441462176269159912e+01
2.422888179908367334e+01
2.370430715385923293e+01
2.349298200497969091e+01
2.339091185958961461e+01
2.307884475256689072e+01
2.313386620630191004e+01
2.291169054092238611e+01
2.271966087857737548e+01
2.275465212170742646e+01
2.247946499634932138e+01
2.249938391447233954e+01
2.227798475195779559e+01
2.201094479870520360e+01
2.171809737036771892e+01
2.177963838688837583e+01
2.174996245132975758e+01
2.151311396246454777e+01
2.142202722036443063e+01
2.138818364032733044e+01
2.134122832039763651e+01
2.124947393601074097e+01
2.119985950136631558e+01
2.118772604958271444e+01
2.121823227119582711e+01
2.116599183064608525e+01
2.111970362025194348e+01
2.097547339697102586e+01
2.077624323380944915e+01
2.071885135576732750e+01
2.073587915109573743e+01
2.069621316951107204e+01
2.060458401098625814e+01
2.046619601905984354e+01
2.038747539926857399e+01
2.034340193625829585e+01
2.038493486470172300e+01
2.038484125767599409e+01
2.035694627111469401e+01
2.025556649654128449e+01
2.017014543661914416e+01
2.015094926721629420e+01
2.005874133785090052e+01
1.992452165862577473e+01
1.990933119439354471e+01
1.988011636242571356e+01
1.974497546561319794e+01
1.971969959142335327e+01
1.962615435519342455e+01
1.957118813771891652e+01
1.952326136165579129e+01
1.950026495410726568e+01
1.944541287931599882e+01
1.936958624166136644e+01
1.943283750080478001e+01
1.939464951635146761e+01
1.936280247139986344e+01
1.928503904911348599e+01
1.920523761748737357e+01
1.915539314644041013e+01
1.910882093329059828e+01
1.912041926243662715e+01
1.905193019923811093e+01
1.897331073500250653e+01
1.897624686119932491e+01
1.890904453623382508e+01
1.882825155070614542e+01
1.874380302831473699e+01
1.866078419614563444e+01
1.862837537602607441e+01
1.858755432443706468e+01
1.851704012794242260e+01
1.842272574088210035e+01
1.832488437612317966e+01
1.828069577096817611e+01
1.823119352653369774e+01
1.819429614939556927e+01
1.815346695657105514e+01
1.809645980246081010e+01
1.806319297922010847e+01
1.806016668412991777e+01
1.802033135731527125e+01
1.800444078795242220e+01
1.793836543785847581e+01
1.788300169996799838e+01
1.793532267166223804e+01
1.789243934783935686e+01
1.785370756678915427e+01
1.784077681153343065e+01
1.777587905804501034e+01
1.774511968845044763e+01
1.768384774376746904e+01
1.768610795015224113e+01
1.764604098419860989e+01
1.759113490292730120e+01
1.754397282540811887e+01
1.751199078955314903e+01
1.751199862571990096e+01
1.744784151257627514e+01
1.736785996778220920e+01
1.731182371579251011e+01
1.725149908708484148e+01
1.724389470623223275e+01
1.719850050794894969e+01
1.717434846434506923e+01
1.714409278591876884e+01
1.709491236659690117e+01
1.707727029849986877e+01
1.706335131513716163e+01
1.701811257293088531e+01
1.697114179175195758e+01
1.694328720564061896e+01
1.690603518311233344e+01
1.687927981201552186e+01
1.681978106686600327e+01
1.675856460302318851e+01
1.672873412188900488e+01
1.670602132462013500e+01
1.670977134750799564e+01
1.666912169891909912e+01
1.663192693367612307e+01
1.656907441134820758e+01
1.651955459509636981e+01
1.654012892291104819e+01
1.652061638628411444e+01
1.647620930518631610e+01
1.645897004821373955e+01
1.640625352487636945e+01
1.636446807271891046e+01
1.632613738447442486e+01
1.628388601476686404e+01
1.623630424635526381e+01
1.620777160269485506e+01
1.616743055141160923e+01
1.612275186089511791e+01
1.607375712804538992e+01
1.603429651362248975e+01
1.598509633799446661e+01
1.597004474987043743e+01
1.594476174651339129e+01
1.589641063183399972e+01
1.587176455134379616e+01
1.582925597885316371e+01
1.579586250796895364e+01
1.577152581322777358e+01
1.577235621541296062e+01
1.572749066307970445e+01
1.569656475589433420e+01
1.567996116917718474e+01
1.568702062478952186e+01
1.568098743608842227e+01
1.566318719990045594e+01
1.561602965863173331e+01
1.560189875194202713e+01
1.556533487328689169e+01
1.554534693892046882e+01
1.549828723178135448e+01
1.548234919186855052e+01
1.545597359861562836e+01
1.544475425076385910e+01
1.544641057409216955e+01
1.543392948592045322e+01
1.544151172732022559e+01
1.541999283469688464e+01
1.537932529396487880e+01
1.535195079148653541e+01
1.531728169220155067e+01
1.532404526910793585e+01
1.528423563222099979e+01
1.526122385087121103e+01
1.523788257611862029e+01
1.520009010215428624e+01
1.522541220710833620e+01
1.518773987706072326e+01
1.518833792955282291e+01
1.515192605780767110e+01
1.512785270024530782e+01
1.513592281805340356e+01
1.513214898582675971e+01
1.509565552813248424e+01
1.507907188300646695e+01
1.505796869663045001e+01
1.501824211171535062e+01
1.499600872451465960e+01
1.495765020648808274e+01
1.491863044770942359e+01
1.487867833322239441e+01
1.483327116049637162e+01
1.480683908948839012e+01
1.476349855775621123e+01
1.473882848780878341e+01
1.471734416525828060e+01
1.468115826695551185e+01
1.464152343902333087e+01
1.459678663435584056e+01
1.456294148765742058e+01
1.452623093838543156e+01
1.448892288643241599e+01
1.445499185785924467e+01
1.442306798047155070e+01
1.440208117547210342e+01
1.436951916667401541e+01
1.434954259745402538e+01
1.432540693188549241e+01
1.428802128641360447e+01
1.425459703421355862e+01
1.422536760135303346e+01
1.419747151005628716e+01
1.416714859800438653e+01
1.416477054020606907e+01
1.413120114835088970e+01
1.411457728787861221e+01
1.408723204056752110e+01
1.407804460667790991e+01
1.405825471608059729e+01
1.405000445920919994e+01
1.401389519668299144e+01
1.397892237452768605e+01
1.394911347886773711e+01
1.396578881676448702e+01
1.394279666692316866e+01
1.392557066477888839e+01
1.389684528177961020e+01
1.387090422857600736e+01
1.384843754565762453e+01
1.382867448926893061e+01
1.380448895271866583e+01
1.380700746256254341e+01
1.377857785393633350e+01
1.374976077964249299e+01
1.372041489978765760e+01
1.370942041925276556e+01
1.368193221648434132e+01
1.365710121309915337e+01
1.363783583560146795e+01
1.360405043950114212e+01
1.358211668296442376e+01
1.356443698067852566e+01
1.354473960338513372e+01
1.351748541313428120e+01
1.353620289939292931e+01
1.351066084467715456e+01
1.350598741132189318e+01
1.347780924316715279e+01
1.348419119392280408e+01
1.345649782584396981e+01
1.345696419195862426e+01
1.344324062767920047e+01
1.344250685100505649e+01
1.342540591127302818e+01
1.341621175385674292e+01
1.339347750708633633e+01
1.336408574912805491e+01
1.336066168406427401e+01
1.334414649055664981e+01
1.333326518853384357e+01
1.331380564039924153e+01
1.331101683109575262e+01
1.330544716044682296e+01
1.329388170137065472e+01
1.329082701796092181e+01
1.327670569350297747e+01
1.325813408220222023e+01
1.323947733633019119e+01
1.321258502574702653e+01
1.318874776107381841e+01
1.317373694631748116e+01
1.317900693013201696e+01
1.315854120199511001e+01
1.314514856037977353e+01
1.312378780659705413e+01
1.309430224386124131e+01
1.307490157011039145e+01
1.305901029967074578e+01
1.303425226711578766e+01
1.301734548617483789e+01
1.299477780351470102e+01
1.298154557059017833e+01
1.298753219073697984e+01
1.297389097968254390e+01
1.295131197533633127e+01
1.295781993961866085e+01
1.293600899886070899e+01
1.291510814025143716e+01
1.289497086792193592e+01
1.287087686001374109e+01
1.284789748227682438e+01
1.282478052748462893e+01
1.281386892367447672e+01
1.278861037950101576e+01
1.277654500110018354e+01
1.276165418648933958e+01
1.274251495090600628e+01
1.271807768958898066e+01
1.270282304609115620e+01
1.269181323939325878e+01
1.268359686958938859e+01
1.266411859805179141e+01
1.264751609039238822e+01
1.263330147955634963e+01
1.261844315289662433e+01
1.263995969123218188e+01
1.261847853054630342e+01
1.261147662324864704e+01
1.259266657885908103e+01
1.257621958878204182e+01
1.256205176075208385e+01
1.254166617779759463e+01
1.254623312994814555e+01
1.253872024758940462e+01
1.252431910444108532e+01
1.250266177169796045e+01
1.248129133190340134e+01
1.246777654924443191e+01
1.245049044272681371e+01
1.242689527020346496e+01
1.241086049606975905e+01
1.238981770337217192e+01
1.240811524144430500e+01
1.239030338984569291e+01
1.237331706949306742e+01
1.237752170847844546e+01
1.235723952258864777e+01
1.234382624134308948e+01
1.234274482983287946e+01
1.232771824775585223e+01
1.230731193780399479e+01
1.228701929898222467e+01
1.227642753043905799e+01
1.225607181496662790e+01
1.224517444023993562e+01
1.223158547545961383e+01
1.221292238282096676e+01
1.219690451763021777e+01
1.217994790169049857e+01
1.216221458023008317e+01
1.214545755397541882e+01
1.215412322770966824e+01
1.213093334984043814e+01
1.213332162329799857e+01
1.213460589817369062e+01
1.211752266490102592e+01
1.209853915843453542e+01
1.210460312749462375e+01
1.209063215817059778e+01
1.207108776612370526e+01
1.206000897621830426e+01
1.204508878239263225e+01
1.202779207808030115e+01
1.201084492974617746e+01
1.200089760554650908e+01
1.198723098927879427e+01
1.198718853228195513e+01
1.196958136777444714e+01
1.196512674166593904e+01
1.195537329959229922e+01
1.194112803361278985e+01
1.192652893481025878e+01
1.190936673552326042e+01
1.189336458330956070e+01
1.187562564039003199e+01
1.187765137049087549e+01
1.186901047339798332e+01
1.185574489080050320e+01
1.183734198670144266e+01
1.181887378522596954e+01
1.180530933435332130e+01
1.179344317262585484e+01
1.178560109895201080e+01
1.177235008988727927e+01
1.176027934671724218e+01
1.174693560318910102e+01
1.172986109671835386e+01
1.171456952781029770e+01
1.169602986060517402e+01
1.168079478987251285e+01
1.166569052983275157e+01
1.164719745502681825e+01
1.163088164449906259e+01
1.162204709350056397e+01
1.160704258639513320e+01
1.158931054683248263e+01
1.157873984795510758e+01
1.156499501311286870e+01
1.155023264629828184e+01
1.153301951379252621e+01
1.151719178318115944e+01
1.152043010697160419e+01
1.150793296730145343e+01
1.149130557306941292e+01
1.147758530867062454e+01
1.147085829784410116e+01
1.145607007871742411e+01
1.144349371583543373e+01
1.142853201672101626e+01
1.141297787357399152e+01
1.140182122177536428e+01
1.138948936372760912e+01
1.137680820964609119e+01
1.136073499527190833e+01
1.134907009907712094e+01
1.133181804909739121e+01
1.131484249780018381e+01
1.130432265787784374e+01
1.128954943848453851e+01
1.127195113013537586e+01
1.125613343414150869e+01
1.124283352238933098e+01
1.122911499572695249e+01
1.121673251473938038e+01
1.121681924721037760e+01
1.120246447669974899e+01
1.118932367036135034e+01
1.117980747407058750e+01
1.116445718582835234e+01
1.117013382704953273e+01
1.115676242007288899e+01
1.116319080261553864e+01
1.114763302276969270e+01
1.114307368175276913e+01
1.112956754659180625e+01
1.111689841579037541e+01
1.111935708055041161e+01
1.110599022703571670e+01
1.109186778802464168e+01
1.107865336308288562e+01
1.106746306310727412e+01
1.105630739317044764e+01
1.104456307110244850e+01
1.103128634932488872e+01
1.101695608766143053e+01
1.100216870251986734e+01
1.099523215142220955e+01
1.098227525273617111e+01
1.098320257889745477e+01
1.096978423150606474e+01
1.095587318994513559e+01
1.094397189455437314e+01
1.092936136607998421e+01
1.091691441260564410e+01
1.090303187816494379e+01
1.088872208528305308e+01
1.088551264478183533e+01
1.087458537844621276e+01
1.086155231341115446e+01
1.084820933932016196e+01
1.084819572367565499e+01
1.083613006790472255e+01
1.082469363019896846e+01
1.081111600091996827e+01
1.079768777667420032e+01
1.078653831783198846e+01
1.077575136988764015e+01
1.076699715782979361e+01
1.075437093600509719e+01
1.074454028380875492e+01
1.073299987234939223e+01
1.072138719495896098e+01
1.071190320514187277e+01
1.070090216963709295e+01
1.068752105837289967e+01
1.067651292948186992e+01
1.066442793764593766e+01
1.065604202739006467e+01
1.064408080165470771e+01
1.063035579492985327e+01
1.061878116530589544e+01
1.060484801439950608e+01
1.059447002386282044e+01
1.058259506834488306e+01
1.057315697926000375e+01
1.056123892777925199e+01
1.054952712422313077e+01
1.053698995754082546e+01
1.052513923203395230e+01
1.051044040756954345e+01
1.049745768367690246e+01
1.048430465587272131e+01
1.047155405276625650e+01
1.045885213873171793e+01
1.044861940286236290e+01
1.043810364983612260e+01
1.042783184581101885e+01
1.041965060752744421e+01
1.040842619588405960e+01
1.040075492207422414e+01
1.039019320595104112e+01
1.038076995379205592e+01
1.036986517163495414e+01
1.035938871413257978e+01
1.035043674819818271e+01
1.033869543215433318e+01
1.032835428462840177e+01
1.031949103865221673e+01
1.031020213818109177e+01
1.030076950795144697e+01
1.029109433111534955e+01
1.028138758603787117e+01
1.027050977903303774e+01
1.026038582965281520e+01
1.024985691353508876e+01
1.023845608588036349e+01
1.022802267606756921e+01
1.022624454455660725e+01
1.022800924575137849e+01
1.021539400713344570e+01
1.020371325055160128e+01
1.019344698244324121e+01
1.018333474527510951e+01
1.017252548944542312e+01
1.016111877984759637e+01
1.014936744611091157e+01
1.013804046623257626e+01
1.012826586495720349e+01
1.011872042301440366e+01
1.011070535104869350e+01
1.009991790072718132e+01
1.009052302851691785e+01
1.008938431360565424e+01
1.008062924138454264e+01
1.006953904338267769e+01
1.006049836528995733e+01
1.005307490460553410e+01
1.004181751040719917e+01
1.003048443520326138e+01
1.002005347641722821e+01
1.001173937657935653e+01
1.000314789330432852e+01
9.991647216253021213e+00
9.982179397539395538e+00
9.974790290608211762e+00
9.964561483486184201e+00
9.964632727586382188e+00
9.953431835186197674e+00
9.946086238860388562e+00
9.946409713201386893e+00
9.936753683118746849e+00
9.926145252176967304e+00
9.915651082466357735e+00
9.907498045605407810e+00
9.899576097128774066e+00
9.888746967597692006e+00
9.888577133003362718e+00
9.878526764392271176e+00
9.870058559245498131e+00
9.865467525796182358e+00
9.865201084470113457e+00
9.855531386811614780e+00
9.846177013630631691e+00
9.839195505838258526e+00
9.829453662525072133e+00
9.822577026923188015e+00
9.811811793638430146e+00
9.802899910479498047e+00
9.796622593752891461e+00
9.786706454891239915e+00
9.775793125453066779e+00
9.764841267720694162e+00
9.760575139324677352e+00
9.752710127249594407e+00
9.742921289324350198e+00
9.749877647691718607e+00
9.749293139434163535e+00
9.742393708051915624e+00
9.735316723472234202e+00
9.729377958825153883e+00
9.721860775365879448e+00
9.721895725510243835e+00
9.713554254072588989e+00
9.706436379386023106e+00
9.699207561449796344e+00
9.692423742463192937e+00
9.683523256525443657e+00
9.674416531693974974e+00
9.665817139119006640e+00
9.656956272862004198e+00
9.661431504803378090e+00
9.662451901923923003e+00
9.652216431400848506e+00
9.642878096748871641e+00
9.635288934828903251e+00
9.627659889307549790e+00
9.618271485415256450e+00
9.613643535696757780e+00
9.605447859814441713e+00
9.608914344136479713e+00
9.598962631705415305e+00
9.589598324834794241e+00
9.582955686333512801e+00
9.577299245029161412e+00
9.568197164215330730e+00
9.558671855579223831e+00
9.548334830897129422e+00
9.543173424732311005e+00
9.539564313430590303e+00
9.530810414636549766e+00
9.523012198482584623e+00
9.516202349825128692e+00
9.506100087610956706e+00
9.498083326440831087e+00
9.491066474898131489e+00
9.483198310528052843e+00
9.475943158095294194e+00
9.475083452868782175e+00
9.465915214506271269e+00
9.456603127880981674e+00
9.450193492877186685e+00
9.440783116728347579e+00
9.436718149168271452e+00
9.428741585749989440e+00
9.422467648119031480e+00
9.415888140982014320e+00
9.407207464545550124e+00
9.399710637509295807e+00
9.392626904909727514e+00
9.384433466670678570e+00
9.376735375407349693e+00
9.370122132441903062e+00
9.363510374524386393e+00
9.354249916619421512e+00
9.345858325088146401e+00
9.338080893344075761e+00
9.330652055438070747e+00
9.321554202822740720e+00
9.314649046712551339e+00
9.306328533803000624e+00
9.309625870628863709e+00
9.300906966035755730e+00
9.293270912955165386e+00
9.287463065784949734e+00
9.283028868706070469e+00
9.277325654045807113e+00
9.276964736122888411e+00
9.267561319892676508e+00
9.261433673803088240e+00
9.253418519478573856e+00
9.245184080117125447e+00
9.236233708454536284e+00
9.228935850270360675e+00
9.221563189780285441e+00
9.218514909068382224e+00
9.210524925789204786e+00
9.201427045802034854e+00
9.193851376321077851e+00
9.184583884581211777e+00
9.177742546899422038e+00
9.170804090306187817e+00
9.162341194458875293e+00
9.154317587511860310e+00
9.164463452997887671e+00
9.156684339746943735e+00
9.149531335757986383e+00
9.140414722157551353e+00
9.133734368132262915e+00
9.132574760123546298e+00
9.131948445851495677e+00
9.131593947528910959e+00
9.123266506033580470e+00
9.115248843696512893e+00
9.107523551672079165e+00
9.098944468854492484e+00
9.090332053925482825e+00
9.084678101420408325e+00
9.081971780393557125e+00
9.075284253548353774e+00
9.069636341623478870e+00
9.062698703842574588e+00
9.053907555354015813e+00
9.047300583073646152e+00
9.041081331556569012e+00
9.042739758044248788e+00
9.036226520400504114e+00
9.029487625594191158e+00
9.024065751048002682e+00
9.019366157574973286e+00
9.013452203012949582e+00
9.006172886186437410e+00
8.998571608454893678e+00
8.993318842205127339e+00
8.985983648243134780e+00
8.981170184580358651e+00
8.977153582869703996e+00
8.969264168104785995e+00
8.965415224899011548e+00
8.957624911273903479e+00
8.949270822746067111e+00
8.942266364799445810e+00
8.933772598215053762e+00
8.926850083894064980e+00
8.918164363275325357e+00
8.911893668564607296e+00
8.903941760276026685e+00
8.895719443848665975e+00
8.887726319567081035e+00
8.879380573265049037e+00
8.873213617119770191e+00
