5.000000000000000000e-01
2.944848819561918241e-01
3.631163217471092275e-01
4.174560461303634673e-01
5.480036992423220621e-01
6.422485943024131005e-01
8.086641415568996960e-01
9.230085914613022080e-01
9.658445709415238722e-01
9.710189296259735814e-01
9.756995148368315940e-01
9.682223778068653752e-01
9.820235667247934064e-01
9.484436075730101612e-01
9.861837937817358180e-01
9.860221983530251810e-01
9.849132953842096860e-01
9.892857360289099011e-01
9.890834373382852984e-01
9.864687166151355768e-01
9.880737993045077827e-01
9.900180758431651462e-01
9.914586350201703979e-01
9.904965131162202230e-01
9.892227967257651855e-01
9.939971385954767813e-01
9.962776519088354377e-01
9.936933716593393529e-01
9.932790333265207883e-01
9.908942686386297272e-01
9.914851037367855557e-01
9.896947400311071341e-01
9.914613891582625405e-01
9.905405213438454037e-01
9.948310626189535988e-01
9.960643366658402664e-01
9.925511581150677776e-01
9.963904556069175245e-01
9.905484358669954803e-01
9.898837318861062329e-01
