2.290061582988905897e+01
2.236893227964981534e+01
2.138635314783162755e+01
2.110681576675494497e+01
2.099334701082653964e+01
2.028927954944476042e+01
2.037265068113104860e+01
2.028664244413327111e+01
2.007164773842232108e+01
2.001648128736554710e+01
1.996482858525315152e+01
1.973011426304852733e+01
1.971854435792235094e+01
1.938161528363254149e+01
1.922922458384541855e+01
1.911952398488237392e+01
1.909999558746756065e+01
1.913102933203760614e+01
1.901576388222396830e+01
1.896057178289809642e+01
1.907637131260216279e+01
1.894849441355277619e+01
1.892896040552052739e+01
1.882875094240603531e+01
1.866150887721886775e+01
1.856118564471400845e+01
1.856853278094341775e+01
1.853023925770013136e+01
1.852224017606085482e+01
1.845503623307943997e+01
1.850343714204911194e+01
1.848568350118014791e+01
1.843031917442557344e+01
1.836344109522059753e+01
1.832770211038511832e+01
1.825907651369127649e+01
1.817464052969577182e+01
1.809575531774197543e+01
1.801394811757978687e+01
1.791546250308157795e+01
1.790797422264797234e+01
1.781943394524134305e+01
1.779941298803701599e+01
1.775136724096546104e+01
1.774656681321868845e+01
1.771688217284125955e+01
1.768890025330676252e+01
1.762674827317805182e+01
1.759763457985741297e+01
1.758000290256099873e+01
1.747733857303168392e+01
1.738839930068872519e+01
1.739299650033095190e+01
1.735839532674997088e+01
1.735579635200094373e+01
1.732514741401461578e+01
1.724893107797062797e+01
1.720918741906655214e+01
1.715931721223708450e+01
1.709631582318879595e+01
1.707922450414496396e+01
1.700754169270018323e+01
1.693370673960365380e+01
1.686232179592083114e+01
1.680212552884449195e+01
1.674822950526450072e+01
1.671715717476625329e+01
1.672779371503944290e+01
1.666295439481961083e+01
1.663387396817537223e+01
1.656488850654776357e+01
1.650237939083062955e+01
1.648492320397546251e+01
1.651367036907647190e+01
1.648532483689298189e+01
1.641877999099441610e+01
1.633993085157169745e+01
1.631051800231852056e+01
1.627337834871973499e+01
1.627367790693414307e+01
1.622494443825702248e+01
1.618812240582752793e+01
1.614303400934885246e+01
1.611826980365927753e+01
1.606390959231410065e+01
1.601649112344595949e+01
1.594841080366704311e+01
1.594184822477962094e+01
1.590175208040222188e+01
1.587888058372111821e+01
1.588302443646744599e+01
1.583745064856342211e+01
1.579859232398990443e+01
1.572792420532638502e+01
1.568359897628944566e+01
1.562773760758214792e+01
1.559107858726382823e+01
1.553411607398209249e+01
1.546317010652612289e+01
1.542308552012238643e+01
1.539082085845487491e+01
1.534895234096007499e+01
1.530883797730109031e+01
1.527084632257166064e+01
1.522705292441556146e+01
1.516716459997659072e+01
1.512581967909962799e+01
1.513791914895167423e+01
1.510253111952082961e+01
1.505535810843165478e+01
1.505645216606239067e+01
1.502043558507208054e+01
1.499517702414148701e+01
1.498084650376083182e+01
1.492579905292539699e+01
1.490102597184997535e+01
1.487059562373048038e+01
1.481796140856033439e+01
1.477838283169570488e+01
1.474988316095587848e+01
1.471162718938489711e+01
1.465250344082288159e+01
1.464805179259806600e+01
1.459927544365514329e+01
1.456946825842698701e+01
1.456151325018127451e+01
1.454419449578360002e+01
1.449614966251989046e+01
1.447710786451971998e+01
1.443385290216432537e+01
1.440838636547483986e+01
1.438659803325929865e+01
1.436498825689518810e+01
1.435311474906345985e+01
1.434831774425308559e+01
1.431878504116651740e+01
1.430751998614680609e+01
1.428471017828324108e+01
1.427050648832917368e+01
1.426407872385943953e+01
1.426430277582914208e+01
1.422058629215671033e+01
1.418706750451909571e+01
1.416603534249263774e+01
1.414948728344296391e+01
1.413410999122982936e+01
1.409720695606513097e+01
1.405781706101870476e+01
1.402803253079186341e+01
1.399184129044308200e+01
1.397103472517293099e+01
1.394442261919966697e+01
1.393274158116652828e+01
1.390692642690646608e+01
1.388141310131496375e+01
1.385023086905265011e+01
1.382701422372675104e+01
1.379370876177116223e+01
1.373943876258398156e+01
1.371168982655096968e+01
1.370617562591725402e+01
1.368910680145888570e+01
1.364714109932664599e+01
1.361948374026255593e+01
1.359370864449599914e+01
1.357543187146719532e+01
1.356166224814628407e+01
1.352322679174329068e+01
1.347903728993995820e+01
1.346766387052119107e+01
1.343006530862557213e+01
1.339333662267516800e+01
1.335710162142828672e+01
1.332648496102645908e+01
1.330115789413477678e+01
1.328276582530486571e+01
1.326004862038524834e+01
1.323932504020191026e+01
1.321333390831475363e+01
1.318365204933139978e+01
1.317447554717498903e+01
1.315494937149471966e+01
1.312523837051190867e+01
1.308912093904044127e+01
1.306681559125346226e+01
1.303755771647119133e+01
1.304720278460753669e+01
1.302550982797422385e+01
1.299387471341112921e+01
1.295995173707530945e+01
1.293923885898035309e+01
1.290424911841257583e+01
1.289314228260938755e+01
1.285881026035443320e+01
1.284126481066424574e+01
1.281168237338502891e+01
1.279292673593736929e+01
1.276572352289416123e+01
1.273232618543230643e+01
1.270055288064587806e+01
1.266871830252614650e+01
1.263637747298919578e+01
1.261250672610845314e+01
1.257725444935077164e+01
1.258455934269664311e+01
1.256040228848593365e+01
1.253255251046691399e+01
1.250846122602447608e+01
1.251173631333191416e+01
1.248725918506410970e+01
1.246161574570169783e+01
1.243318181500172770e+01
1.240907414562652811e+01
1.240518067863583340e+01
1.238667206759338058e+01
1.236865500160145892e+01
1.234752904129146245e+01
1.232855653770200099e+01
1.231962753820324608e+01
1.229563937269331575e+01
1.228429444723348674e+01
1.225519460716271603e+01
1.223598817165488484e+01
1.221650186553353024e+01
1.219112226280216582e+01
1.217510367050169329e+01
1.215376481147956511e+01
1.214140922130389733e+01
1.212007059436502665e+01
1.209679286169741985e+01
1.207690884817319343e+01
1.205266160674169384e+01
1.203554484923787804e+01
1.201796705524509079e+01
1.199634595578450913e+01
1.197845925094291353e+01
1.196523854320940572e+01
1.194199823594735577e+01
1.194854057721131113e+01
1.192396371749426187e+01
1.190947158949220430e+01
1.188517918051077693e+01
1.186440522521664853e+01
1.184034322059941857e+01
1.181432276853132279e+01
1.179227739912813533e+01
1.179538518829070526e+01
1.176805449930397529e+01
1.175856005970048379e+01
1.175465593024981104e+01
1.174173825436223062e+01
1.171767278730733963e+01
1.169247319258572482e+01
1.166828557670636179e+01
1.164911452092715294e+01
1.162839913169109529e+01
1.160524614861602544e+01
1.158118220562782241e+01
1.156786270615185863e+01
1.155295949764085606e+01
1.152929433048137753e+01
1.150408547515493218e+01
1.148187988232806056e+01
1.147639034293174554e+01
1.146329104856781989e+01
1.144282953108092471e+01
1.142102112869544150e+01
1.140191012130394377e+01
1.138500521216962369e+01
1.137641948003343906e+01
1.135226339528443695e+01
1.135419041816553865e+01
1.133211638747133954e+01
1.131656778907209571e+01
1.130996383233253688e+01
1.128994425437270621e+01
1.127315619046350825e+01
1.125027391795928366e+01
1.123112358552310219e+01
1.121538075501199394e+01
1.119809811664318744e+01
1.118449646152697419e+01
1.116758187692606086e+01
1.115284573658239076e+01
1.116467895960059131e+01
1.114509960926784160e+01
1.114934024446004202e+01
1.113794687465719591e+01
1.111929470925775298e+01
1.110896830409802227e+01
1.109355472503823492e+01
1.107160324721848887e+01
1.105778954457051455e+01
1.103670195394041542e+01
1.102207431349356703e+01
1.100841783889148395e+01
1.099729367931760216e+01
1.098280130464560322e+01
1.096354225926198822e+01
1.094602351777556493e+01
1.094937123936040102e+01
1.094416042285156898e+01
1.092644384981327477e+01
1.090850890401955553e+01
1.089737813392085108e+01
1.087949849890091514e+01
1.086146548579083770e+01
1.085894382520265822e+01
1.084638565904506358e+01
1.083202586145643309e+01
1.081171666074990512e+01
1.080189881200752033e+01
1.078491769251826149e+01
1.077009993284355183e+01
1.075526605143981662e+01
1.074013443566686732e+01
1.072423866385497249e+01
1.071304931254840653e+01
1.069269210616071142e+01
1.067523285651710019e+01
1.066564410413845820e+01
1.064531018911617011e+01
1.062645846719099119e+01
1.062715067487097009e+01
1.060842053104063787e+01
1.060537370612144770e+01
1.059033973041940335e+01
1.057939916978401484e+01
1.056533292786129508e+01
1.055445065926636694e+01
1.053921087087202402e+01
1.052138778238096073e+01
1.050434842012851711e+01
1.049279498818594902e+01
1.048649248206378815e+01
1.046885716019012058e+01
1.045200185541143867e+01
1.044008927421383248e+01
1.043069810130299047e+01
1.041695330381964091e+01
1.039790554534288347e+01
1.038138249464770446e+01
1.036921503512697562e+01
1.035584668497316052e+01
1.034431414028394158e+01
1.033687099310970048e+01
1.033967462631207823e+01
1.032276492251841304e+01
1.031201746920540785e+01
1.031040529199943379e+01
1.029962656573240842e+01
1.028526834245733035e+01
1.027674515890087292e+01
1.026305539410840417e+01
1.025144126305957393e+01
1.024150721686361720e+01
1.022466648842237191e+01
1.021342660838816485e+01
1.019498631406657019e+01
1.018175730325684292e+01
1.016730191716951737e+01
1.015752957945530710e+01
1.015613559795343868e+01
1.014070656780979007e+01
1.013846873600374465e+01
1.012604242093910578e+01
1.011205246693757154e+01
1.009887734460152764e+01
1.008510838225565287e+01
1.007088702727842922e+01
1.005516609775619941e+01
1.005587403589090556e+01
1.003984533236483578e+01
1.002569568845565406e+01
1.000935480600365857e+01
9.996955644803723118e+00
9.985814993237498882e+00
9.980033038946659829e+00
9.968612256429389973e+00
9.970757352418017305e+00
9.956560616760047111e+00
9.943501641802894753e+00
9.933600740123869954e+00
9.919471773260871927e+00
9.906340738416497871e+00
9.893041605690083173e+00
9.890394679658140120e+00
9.875256515571921412e+00
9.863484299567280900e+00
9.851874931390781853e+00
9.842659998760066031e+00
9.832798353375052258e+00
9.819625270871670253e+00
9.808109382947165500e+00
9.797774143886629261e+00
9.785056922939826762e+00
9.785855270786482762e+00
9.772934332990571349e+00
9.763260299517078522e+00
9.750245745282105858e+00
9.752769354422740733e+00
9.739397141285728310e+00
9.736881694434741163e+00
9.743130537638586830e+00
9.731433991310858289e+00
9.726376027238371691e+00
9.726330219592655979e+00
9.716263685480297951e+00
9.702727305368627597e+00
9.703090876213849469e+00
9.705943091457600147e+00
9.701946492893098295e+00
9.694783962818156908e+00
9.685287631316093382e+00
9.671803851901330518e+00
9.659888328352838727e+00
9.656775820513612274e+00
9.646676747196776702e+00
9.637522503689085696e+00
9.625866833187554761e+00
9.617167272423959190e+00
9.605525394108841652e+00
9.601898430713990962e+00
9.594388175787072370e+00
9.581966591798723343e+00
9.570469100026011589e+00
9.559505157904531814e+00
9.560415633638450927e+00
9.549974945365935497e+00
9.537202993594032563e+00
9.535034333357240044e+00
9.526627824232942743e+00
9.514351582523532969e+00
9.502027006957190380e+00
9.491147270561796745e+00
9.495022115834785836e+00
9.487604290160666309e+00
9.479765330311908045e+00
9.466151130616943021e+00
9.456273814495022023e+00
9.443489667990428771e+00
9.432305650008485642e+00
9.421750034705013377e+00
9.409495546485841189e+00
9.404081753266979149e+00
9.408476694350170533e+00
9.396140705939714621e+00
9.390155881546483840e+00
9.381152006846164682e+00
9.386507777799508290e+00
9.386684392430080237e+00
9.378671395803555910e+00
9.369782825721872044e+00
9.361516006543670443e+00
9.353026455118508053e+00
9.342821904839812674e+00
9.337914513806051531e+00
9.329264862107631728e+00
9.324867763557099565e+00
9.327800003680305707e+00
9.318533718853183601e+00
9.307713539385110479e+00
9.310912195642050193e+00
9.307070973962952465e+00
9.297611969908619045e+00
9.287609826723143058e+00
9.278243660020212502e+00
9.268148963031928034e+00
9.256481256555600723e+00
9.246788729061838907e+00
9.238311720065240706e+00
9.227395924881633960e+00
9.216033284848371920e+00
9.206600152236475765e+00
9.202162294773385653e+00
9.210650927933443199e+00
9.201294075154804020e+00
9.195250807681283334e+00
9.185695452964145247e+00
9.176419674764744627e+00
9.170466903402353154e+00
9.160441926966168324e+00
9.150047937142158361e+00
9.140703475293452840e+00
9.132190828303112795e+00
9.124084806659549685e+00
9.126914084350778111e+00
9.116470637371003605e+00
9.111039951794245084e+00
9.101800268815875228e+00
9.091759362956455703e+00
9.080326233950946957e+00
9.070973316798481179e+00
9.060549555596976390e+00
9.052685125692560675e+00
9.054607454524038701e+00
9.045243608141079861e+00
9.046567394964593944e+00
9.038967507304914051e+00
9.028087487340849648e+00
9.015922414945595875e+00
9.004879192681139344e+00
8.996302845720101971e+00
8.986510279711401594e+00
8.981144967552376457e+00
8.970411180171993237e+00
8.959697668398231230e+00
8.952422358237061673e+00
8.941757436551279525e+00
8.932332182964918488e+00
8.926741623145773019e+00
8.917348889586200755e+00
8.914634891067136024e+00
8.904881476850393440e+00
8.894807080202145499e+00
8.886355413057502872e+00
8.875095187406374819e+00
8.869685355142236105e+00
8.861277904851899478e+00
8.853533217168891412e+00
8.844269709104635169e+00
8.835184125827082013e+00
8.836217222375251978e+00
8.834368964366529298e+00
8.835769636013393935e+00
8.825340403003316680e+00
8.816316285094432104e+00
8.808215934475759568e+00
8.800443980808237754e+00
8.793197795413144391e+00
8.786965176157128354e+00
8.776688255385652226e+00
8.769926074364509105e+00
8.759632387389290287e+00
8.749526653024108924e+00
8.742219330766047847e+00
8.733724009877725791e+00
8.724176828607237866e+00
8.728549249145650890e+00
8.720840368788135066e+00
8.725320811432222712e+00
8.725555493123017925e+00
8.716533764397361495e+00
8.707699467154451867e+00
8.702563852356329122e+00
8.695041860720184701e+00
8.688290693960947664e+00
8.688605261041528749e+00
8.682361517766430836e+00
8.674796381774791953e+00
8.664930339819285621e+00
8.656911427361681177e+00
8.647396499700059636e+00
8.643563272520152552e+00
8.634586061227068399e+00
8.637985490270120081e+00
8.631530767660443360e+00
8.623996301906077022e+00
8.627273392778930017e+00
8.618097652397016972e+00
8.613248863678789391e+00
8.620631014835851147e+00
8.616702575106023332e+00
8.612219300462301774e+00
8.606638922739062281e+00
8.604465650701138557e+00
8.596108785455154333e+00
8.588955274099584258e+00
8.581250128686566114e+00
8.573772611242539199e+00
8.564782281547270060e+00
8.555623062102513998e+00
8.562921997904739513e+00
8.557240936982237756e+00
8.556819748201000664e+00
8.556228210673944901e+00
8.557098591317730651e+00
8.548681845771723076e+00
8.540601556540133643e+00
8.535123881855179562e+00
8.525490198400454744e+00
8.520925129558783340e+00
8.512530747029552813e+00
8.503539335862177140e+00
8.495824770385993929e+00
8.487935599145385979e+00
8.480280524402989073e+00
8.478796654722673409e+00
8.468797157337341730e+00
8.461700477976515700e+00
8.453282013348895063e+00
8.444768423326756590e+00
8.437196975838503477e+00
8.429621965107527259e+00
8.420411768900633476e+00
8.412004557340106103e+00
8.402845157085518935e+00
8.402039582520227867e+00
8.401002509501338977e+00
8.394642362025365401e+00
8.388463166795640191e+00
8.386844634188955538e+00
8.377523365232015351e+00
8.370822633121443701e+00
8.368336131275146528e+00
8.359756515799022125e+00
8.353637923192460235e+00
8.349764812032146821e+00
8.343682544356425979e+00
8.341155459215485735e+00
8.334852123682329861e+00
8.333678129271913093e+00
8.330328886743339822e+00
8.322891350390374754e+00
8.316633050233271263e+00
8.311557282630177568e+00
8.306421456265635328e+00
8.299526499768337118e+00
8.291216581540881592e+00
8.284008624318856207e+00
8.276524298551448666e+00
8.268616542365419875e+00
8.262432341651024359e+00
8.255409416557872859e+00
8.251980332686366992e+00
8.244370156456334087e+00
8.236951450411769571e+00
8.230201420013667502e+00
8.222618932407460335e+00
8.216559415557149748e+00
8.210994102540231765e+00
8.205495169701229941e+00
8.197514294880042129e+00
8.193004350567331784e+00
8.186722516173521313e+00
8.184518773603796760e+00
8.179064123978962542e+00
8.172531013971060077e+00
8.164444134324527980e+00
8.164065620552310776e+00
8.158291093139016681e+00
8.150341301658158955e+00
8.149030494118408185e+00
8.143058319275676027e+00
8.136526477864663320e+00
8.129791835055732108e+00
8.122947821402618729e+00
8.125254689801712615e+00
8.118686788329931403e+00
8.115501600341348265e+00
8.116541148765554325e+00
8.109741752666828063e+00
8.102264799169716980e+00
8.097912582424376282e+00
8.098408635219614737e+00
8.102273472072626603e+00
8.094777728611152412e+00
8.088987110585573959e+00
8.082073757574615769e+00
8.074896330382827614e+00
8.068071918142225130e+00
8.061936790644256945e+00
8.056633913096233002e+00
8.049872958409427071e+00
8.041763251566781179e+00
8.037273517707726356e+00
8.031621838182418927e+00
8.024641447590491694e+00
8.018219704228057410e+00
8.010530838430110379e+00
8.002980272718847488e+00
7.999173864593309702e+00
7.999434513366790789e+00
7.992616529628880251e+00
7.985169659987649382e+00
7.979061984983921718e+00
7.971939245204128000e+00
7.975203958342132360e+00
7.968172091403888935e+00
7.962422678595017622e+00
7.955219133100314366e+00
7.949193982975772954e+00
7.945494645050493965e+00
7.938409316358640666e+00
7.933230611997903914e+00
7.927153954130501390e+00
7.919612710953818357e+00
7.920810979219574222e+00
7.918987635309560069e+00
7.913779534284318018e+00
7.914913380291864975e+00
7.911145566600058743e+00
7.909999923084490625e+00
7.902318168352468142e+00
7.896896821401181654e+00
7.889471015733779957e+00
7.884794872670821242e+00
7.878988864749363330e+00
7.878121046214057621e+00
7.873149424826820564e+00
