5.000000000000000000e-01
8.757512636420431429e-01
9.857318542162230024e-01
9.888134738233668175e-01
9.904772631405002192e-01
9.878612668165497324e-01
9.875630371475246916e-01
9.850974457543512086e-01
9.876360073115121319e-01
9.873586511101350993e-01
9.709108804399662063e-01
9.927840132430558739e-01
9.944224934806654703e-01
9.908130650512922966e-01
9.945096691990241711e-01
9.558407296436579603e-01
9.930514255563721582e-01
9.898912695272011897e-01
9.938275416708340915e-01
9.959170917461381833e-01
9.789932610589515694e-01
9.975057075888097424e-01
9.975748799413221013e-01
9.981492771837054967e-01
9.965940878801979874e-01
9.955230180714946808e-01
9.978992594267624971e-01
9.974039494340246614e-01
9.972180016263911817e-01
9.857083715651187017e-01
9.927675174054281237e-01
9.943670338367609496e-01
9.964698617567634420e-01
9.969791163855271643e-01
9.976473572595455641e-01
9.960557553513625928e-01
9.958990303984371906e-01
9.972788535827713519e-01
9.974194885710515601e-01
9.964151558769681616e-01
