7.458471816881869998e+00
7.654673709982982466e+00
8.058731613747031730e+00
8.048581709672667728e+00
8.081939615491393170e+00
8.060938418874098232e+00
7.930535450793949614e+00
7.894715642149269463e+00
7.839188916063490886e+00
7.766776916868812997e+00
7.639327999964008242e+00
7.516682836060973649e+00
7.479755436674011548e+00
7.488501492484373578e+00
7.515077795140056693e+00
7.466805546668116023e+00
7.472167866519161983e+00
7.504952217487592669e+00
7.411687737471130077e+00
7.360920539121940109e+00
7.331389775716374402e+00
7.265082315908173882e+00
7.173683416359516229e+00
7.149029275499100500e+00
7.039989862649733254e+00
6.961745005845174639e+00
6.951098698951578392e+00
6.937979139549158347e+00
6.916211422960448552e+00
6.889725671667465079e+00
6.827177515026936483e+00
6.740978471634590186e+00
6.679057242379813353e+00
6.637331862331829591e+00
6.613704222996657833e+00
6.544558446888035341e+00
6.502947868006082821e+00
6.467858447421618528e+00
6.439130888418302945e+00
6.401796964235931142e+00
6.424135899614915601e+00
6.405846698617143176e+00
6.379405350929617136e+00
6.330367020103864206e+00
6.328551431140312822e+00
6.316458824357584767e+00
6.304967795705120004e+00
6.291566781289855470e+00
6.299344711423680465e+00
6.299870115946659688e+00
6.247604389528936153e+00
6.207862272266785553e+00
6.198602050119883522e+00
6.171070466010855959e+00
6.181215384593956585e+00
6.162848868757036414e+00
6.150513252708214473e+00
6.133929083025436491e+00
6.140649601309670302e+00
6.171035919024332905e+00
6.150996525963162931e+00
6.165771695170763955e+00
6.143108235923982363e+00
6.105907924657432595e+00
6.079386617213553556e+00
6.048314201307119831e+00
6.053033722409147721e+00
6.068617181257212501e+00
6.062217416708510775e+00
6.017374116271603235e+00
6.000147177804637799e+00
5.989943194744276056e+00
5.981298862634882418e+00
5.953172845210869646e+00
5.923571179760220851e+00
5.891847620637797434e+00
5.865739635446887590e+00
5.870482118481993083e+00
5.847215283323353496e+00
5.823068050410375562e+00
5.819799391592116677e+00
5.799393376440231229e+00
5.786767454921562859e+00
5.754998799978623403e+00
5.746573368778334689e+00
5.699338319456607849e+00
5.678357252908964092e+00
5.656978811640928306e+00
5.630805529430525702e+00
5.612224227678625610e+00
5.577792731177246388e+00
5.565177089142561151e+00
5.540241040983571175e+00
5.501584689948214368e+00
5.498332780533289998e+00
5.489022472593518387e+00
5.473643465574173916e+00
5.467974444553423297e+00
5.469611685223592090e+00
5.452781095537574174e+00
5.460956158705030816e+00
5.457706437703622626e+00
5.449289398957024133e+00
5.449463043688488106e+00
5.446519750152019057e+00
5.419926707717454661e+00
5.407893970481023160e+00
5.385534759586986908e+00
5.361440464068885525e+00
5.337961685055018002e+00
5.315271904508132472e+00
5.310949570041842982e+00
5.306413494707931555e+00
5.283664179563539953e+00
5.269142820362430868e+00
5.243922195525860808e+00
5.228245160123971225e+00
5.214627694909285793e+00
5.192346335789299161e+00
5.184685827216158671e+00
5.164809048326242547e+00
5.144730783404364516e+00
5.127613254546741217e+00
5.104751407466810775e+00
5.086063494477266467e+00
5.065746389888912127e+00
5.037546158301363874e+00
5.032786998687346802e+00
5.014922788858205749e+00
4.997593843737886843e+00
4.973784787602287594e+00
4.956781295692116451e+00
4.943875731200465751e+00
4.922087658128272203e+00
4.907701353800582922e+00
4.894808734770725422e+00
4.872956932034535171e+00
4.868761007019172915e+00
4.849324878777308889e+00
4.828224267133290226e+00
4.814462310126533140e+00
4.796993664851374461e+00
4.776979040549424127e+00
4.753116605692977004e+00
4.733583818255230113e+00
4.735207418309126837e+00
4.719727447822589461e+00
4.699793533532463208e+00
4.690732681100349133e+00
4.680748342629502901e+00
4.665928897278296184e+00
4.649074280386901847e+00
4.642748786915806392e+00
4.636208856062425276e+00
4.616083824287859905e+00
4.603302683419586927e+00
4.589240815095832815e+00
4.572370738181620098e+00
4.555958153079195938e+00
4.535657990357954361e+00
4.531755605787058272e+00
4.524903776289221469e+00
4.524463406285868849e+00
4.507134661847610246e+00
4.508683210915788386e+00
4.493623427921342284e+00
4.488840889840813198e+00
4.471605487650927913e+00
4.471420397964545046e+00
4.454515229144670130e+00
4.439637902504530054e+00
4.431090439282753479e+00
4.415535408600757883e+00
4.402127173021471940e+00
4.399163570305764104e+00
4.385486623564878172e+00
4.376695131385504922e+00
4.377243023949590750e+00
4.360675747037354277e+00
4.357125320047304129e+00
4.341156600196791615e+00
4.328013279925253087e+00
4.323882925727990489e+00
4.315664860873775766e+00
4.311921958596082405e+00
4.309429799237398662e+00
4.295424112070768352e+00
4.291711909046459716e+00
4.283563113955521473e+00
4.274112893998489149e+00
4.259239047190749972e+00
4.252889223271854924e+00
4.251168425511822946e+00
4.238608542728460549e+00
4.242240032173413056e+00
4.228232628793385572e+00
4.226866176993929081e+00
4.222198954723412001e+00
4.223317666280304472e+00
4.212932998626536474e+00
4.205055361059813812e+00
4.208165625375078100e+00
4.194644253605011919e+00
4.189398664591335475e+00
4.185663122232766931e+00
4.173616110481572328e+00
4.161281721123702759e+00
4.151000873928908597e+00
4.135714004481379824e+00
4.123839370017893025e+00
4.114076227802388352e+00
4.112956829624860866e+00
4.114588426631753393e+00
4.102895300524117772e+00
4.089439691615328165e+00
4.079992217201500182e+00
4.066887700244260273e+00
4.062849931247641599e+00
4.053598932754606921e+00
4.047477606138858874e+00
4.035868344724252488e+00
4.025610585929484841e+00
4.016434589337841921e+00
4.010720797583788411e+00
4.004533287567968003e+00
3.994742913190088895e+00
3.988845324349628907e+00
3.982865890042442292e+00
3.979638034940806701e+00
3.966966720434235594e+00
3.957995229864421649e+00
3.948360350023628396e+00
3.941248218863042663e+00
3.931027514114046717e+00
3.919601498428105568e+00
3.905967901322028535e+00
3.900243519458741481e+00
3.889974958939783622e+00
3.880325306479621261e+00
3.874545119965124851e+00
3.869557712209422906e+00
3.857450067283729744e+00
3.860640663269316430e+00
3.848833414107621032e+00
3.852558004089464916e+00
3.842257872152419651e+00
3.841339403255131124e+00
3.836130800615973335e+00
3.826187779235929121e+00
3.816948816260546273e+00
3.806248639257991950e+00
3.794792947421727902e+00
3.786571873551791700e+00
3.781604749802105481e+00
3.769943769559730207e+00
3.759169318375930935e+00
3.762146480358626199e+00
3.753381406228705863e+00
3.746743330085571255e+00
3.739551387024427687e+00
3.730939647333412879e+00
3.723396892324568164e+00
3.714097739142794286e+00
3.703185047186892564e+00
3.696154541466397880e+00
3.689795674397847502e+00
3.681596504274850634e+00
3.682005814905775054e+00
3.673918240062358898e+00
3.672346698127785025e+00
3.664438867553950985e+00
3.656201486054816652e+00
3.651801697151534576e+00
3.648676211096945288e+00
3.639805901969544344e+00
3.640169093481417040e+00
3.641294139081183268e+00
3.637366865458741660e+00
3.627084196495311996e+00
3.629334854579491232e+00
3.622372761828708487e+00
3.619846033703173038e+00
3.611900970872520489e+00
3.603882991842655148e+00
3.595513014123231432e+00
3.589156652143708826e+00
3.586394095290474038e+00
3.576305415779660990e+00
3.568273851248753736e+00
3.559670024158075208e+00
3.554963481046185869e+00
3.545648650405522240e+00
3.536428789474870271e+00
3.535318297196277548e+00
3.527827345584569674e+00
3.518510039240594800e+00
3.511781519539727725e+00
3.503192057232290324e+00
3.494910702821434789e+00
3.487460395090584697e+00
3.482027888329697785e+00
3.474496669837816576e+00
3.468178307513082981e+00
3.460886986677099486e+00
3.453336119677411720e+00
3.456826673787122939e+00
3.448046729294806934e+00
3.439022040258593371e+00
3.430787508380042539e+00
3.422152587046203731e+00
3.415280067936393049e+00
3.407342765238633220e+00
3.398999072133704225e+00
3.390810552558897850e+00
3.387137645290407839e+00
3.381028525210602709e+00
3.377483754916798198e+00
3.370954586550394261e+00
3.368980149793963541e+00
3.362185558414950037e+00
3.353855775094530589e+00
3.350440063816682024e+00
3.343479326951737995e+00
3.339981400825228430e+00
3.331370710670372937e+00
3.329581469699071761e+00
3.322553961359432151e+00
3.314534722214817375e+00
3.308010670055868463e+00
3.307606999427737726e+00
3.303417264940443854e+00
3.297402426066244896e+00
3.289786133269790636e+00
3.281827956367113774e+00
3.274466405425586757e+00
3.267525417237445051e+00
3.259788671005152239e+00
3.260177071892707445e+00
3.260388022353059689e+00
3.252302912387657674e+00
3.253384180268636960e+00
3.247674200169019088e+00
3.243923886123099454e+00
3.238097376267011551e+00
3.237394006428431670e+00
3.234007609227036451e+00
3.227103809182940264e+00
3.221775972380847008e+00
3.215549125296081279e+00
3.210014578448129985e+00
3.202965159945811102e+00
3.196458732117664514e+00
3.190421732640461805e+00
3.182555082229061139e+00
3.177361636814845625e+00
3.170952267380920730e+00
3.164478916044700885e+00
3.157145495325042628e+00
3.150007662872249536e+00
3.143705085670541965e+00
3.148564505071732356e+00
3.142329372913581498e+00
3.135515894693281513e+00
3.128595973517952711e+00
3.125702200474108849e+00
3.118760682895026282e+00
3.117716873535869571e+00
3.114068234622019204e+00
3.106911617393870007e+00
3.101320707449415348e+00
3.095342496935677978e+00
3.089065842810685414e+00
3.084827636338218326e+00
3.083477409055746854e+00
3.078197821462315797e+00
3.077631397632412114e+00
3.073651202999043264e+00
3.073551668841418838e+00
3.067144825647610151e+00
3.062538379616698503e+00
3.058181130744885401e+00
3.055229810981158423e+00
3.049259390431442007e+00
3.048986356252278096e+00
3.047580221601899009e+00
3.043493682146901413e+00
3.038407279212478329e+00
3.032935644340737813e+00
3.030094236663519958e+00
3.024507269153087208e+00
3.018167036568486505e+00
3.013015497312476310e+00
3.006870921990159484e+00
3.009104361802798167e+00
3.004900678524623725e+00
2.998983522957839654e+00
2.993981779442870028e+00
2.988761680744953075e+00
2.983698632358466885e+00
2.977807169393436038e+00
2.973046600859623467e+00
2.967413781742800349e+00
2.967914613002327062e+00
2.962852447146567592e+00
2.958791106644602653e+00
2.953580708509357056e+00
2.949586982885550324e+00
2.951261504426935911e+00
2.948007001374537417e+00
2.942067574140318609e+00
2.939090370611444847e+00
2.933757092819117673e+00
2.929586605110700237e+00
2.925839578834960708e+00
2.924787486648573243e+00
2.920585071657455511e+00
2.917280904679742992e+00
2.918482193665586699e+00
2.913017158821553654e+00
2.907475635675703884e+00
2.903555848733212486e+00
2.897757002243336544e+00
2.892361329202517428e+00
2.892410285461474384e+00
2.887801759291976911e+00
2.883326500309096652e+00
2.878377012579807825e+00
2.873229671205572711e+00
2.868523924474828402e+00
2.867036712496752848e+00
2.862405792221637046e+00
2.861773265760886087e+00
2.856911744173387113e+00
2.852214410129923383e+00
2.850351035111300391e+00
2.850681365275106849e+00
2.847513748867850136e+00
2.842802649767706136e+00
2.840213345542031753e+00
2.838987993507240848e+00
2.833881567370915011e+00
2.829185623496562663e+00
2.827727386732025394e+00
2.823032687713806332e+00
2.819054419700570691e+00
2.814366043307426235e+00
2.809651972678211429e+00
2.804920673389963426e+00
2.799298911655147659e+00
2.795589333115021002e+00
2.791236326557605896e+00
2.785856274421632861e+00
2.781136168900099737e+00
2.777241073952906536e+00
2.772496139960301420e+00
2.773761104019576873e+00
2.774245525365309106e+00
2.769675040733923677e+00
2.768739581014084017e+00
2.765075168132416827e+00
2.762481924676176703e+00
2.757815814947474298e+00
2.754242387300298134e+00
2.749735260531620540e+00
2.745428033144211355e+00
2.743128238661668661e+00
2.738342560881198207e+00
2.733985786202361545e+00
2.729405670434718711e+00
2.726392421151150547e+00
2.721495515276908250e+00
2.717770284411668680e+00
2.713149314816450275e+00
2.714126630198113066e+00
2.712184947382961120e+00
2.713197844564774641e+00
2.710699418059656640e+00
2.706468938655596457e+00
2.702318460415872536e+00
2.699174206060833026e+00
2.699235477967696806e+00
2.697494904732155696e+00
2.693598034214997661e+00
2.689303104163915936e+00
2.688540032282010106e+00
2.685728244076152293e+00
2.681855711118943830e+00
2.678131889263821730e+00
2.674871983122139696e+00
2.674061374400614977e+00
2.670051433230525184e+00
2.666175485757391161e+00
2.662591765932869947e+00
2.658539087929027378e+00
2.654511467970397831e+00
2.650576726293486285e+00
2.645910563376587366e+00
2.645435547854599001e+00
2.641193316171494665e+00
2.636856571880269673e+00
2.635544269047625843e+00
2.631545835052576887e+00
2.627682349773801995e+00
2.623291335172986738e+00
2.619971933330373037e+00
2.615860295256604573e+00
2.612583492828497445e+00
2.609116058581022468e+00
2.605255317044560037e+00
2.604730987336254966e+00
2.601091225137737162e+00
2.600890754779027869e+00
2.598071231741615694e+00
2.594658643654369268e+00
2.590566529024305176e+00
2.586983485476592737e+00
2.583768340602056846e+00
2.580521465486796728e+00
2.576502168521674907e+00
2.572901710171881184e+00
2.568854742629249177e+00
2.564607340697305116e+00
2.561048208341196286e+00
2.556945737684685582e+00
2.553300297774304450e+00
2.552811219537792553e+00
2.548840020743225132e+00
2.545668675936814562e+00
2.541664926147266357e+00
2.538540954176943476e+00
2.537502876630449933e+00
2.534316362598187933e+00
2.530468216421022820e+00
2.527415122508655632e+00
2.523876900944783230e+00
2.520061736803683949e+00
2.516111055663531104e+00
2.518069224135401463e+00
2.514424571185775559e+00
2.511052775233388878e+00
2.507507874485454202e+00
2.505070654167884658e+00
2.501110414520026026e+00
2.497267331616604302e+00
2.493914919762412197e+00
2.490605009326111841e+00
2.487105397613459612e+00
2.483552208970096320e+00
2.480106776190138973e+00
2.479957866121391241e+00
2.476617123087141437e+00
2.474722089905559752e+00
2.470801801086136340e+00
2.469811293779937245e+00
2.466122721401675211e+00
2.462429549888738300e+00
2.459061617108006637e+00
2.455516516657437975e+00
2.452220625799601539e+00
2.448522853301636104e+00
2.445085480329099337e+00
2.441220896367846560e+00
2.438802396776853953e+00
2.435943974720787164e+00
2.432230991890729666e+00
2.432733163579517299e+00
2.429192230242214645e+00
2.425800810085929182e+00
2.422620509184961524e+00
2.419942999475610090e+00
2.416355563033031562e+00
2.412571084084919715e+00
2.409611472259290288e+00
2.410337866746182556e+00
2.406866829791724616e+00
2.403674769626009233e+00
2.403349579818877313e+00
2.400086506767729944e+00
2.396754636808417604e+00
2.395568734045906645e+00
2.392952956113981955e+00
2.389461490617353689e+00
2.386633236789293733e+00
2.384875531994417930e+00
2.381655565504456895e+00
2.378397435940623694e+00
2.376050443837833814e+00
2.373094899548398029e+00
2.369898859436389671e+00
2.366934311219005771e+00
2.363515962699371364e+00
2.360997768314604173e+00
2.359351337626879097e+00
2.356378441930278456e+00
2.359213089646169159e+00
2.355997783760322317e+00
2.353073568105854552e+00
2.349910425548261461e+00
2.347755927112663787e+00
2.347364936107604994e+00
2.343968710004987521e+00
2.342192940559485681e+00
2.340066801279403030e+00
2.338199034166517087e+00
2.335737193065722472e+00
2.332786291006697876e+00
2.332276860367015203e+00
2.329007363442025635e+00
2.325688415275862564e+00
2.322778470086646063e+00
2.324815875875255955e+00
2.323997630138550541e+00
2.321339190520631313e+00
2.318112238765964062e+00
2.315390133661843652e+00
2.312463654897529697e+00
2.309192660706766098e+00
2.306388280363100840e+00
2.303738130108064386e+00
2.300987913143230923e+00
2.298180905844999788e+00
2.295546098982354177e+00
2.292765126901221251e+00
2.289936348134810284e+00
2.287033199657154015e+00
2.286849641030596292e+00
2.284182503290528299e+00
2.281584330742616462e+00
2.279504954557689089e+00
2.277447886406183564e+00
2.274409267253270972e+00
2.274149400776723340e+00
2.271288787060766978e+00
2.269569064547743764e+00
2.266868242306618875e+00
2.263764345179170245e+00
2.261405581132405640e+00
2.258457442032026474e+00
2.255984783712703834e+00
2.253468221829165063e+00
2.251052169308259465e+00
2.251043448000783709e+00
2.247982428888669393e+00
2.245566060389911467e+00
2.243238583356085503e+00
2.241360684907589107e+00
2.238998799695739894e+00
2.236067880426200638e+00
2.233144562396202737e+00
2.230736962043130323e+00
2.227855144456000858e+00
2.224858778039205287e+00
2.221874954240111055e+00
2.218779825877892353e+00
2.215821150842903542e+00
2.215813772697341921e+00
2.213635221606736092e+00
2.211186841848406637e+00
2.208544159092515446e+00
2.206747862453942055e+00
2.204030149623503743e+00
2.202761706607470948e+00
2.201847993287645355e+00
2.201757199951055011e+00
2.198978142285695547e+00
2.196565294777782729e+00
2.194005789347501789e+00
2.191361817265848000e+00
2.190239212264962543e+00
2.189663340035160832e+00
2.186878628532297864e+00
2.184095812503188849e+00
2.182201813335622909e+00
2.179970100208640904e+00
2.179289704373791103e+00
2.177192470536432722e+00
2.174468985041115854e+00
2.171882735119557761e+00
2.174074962927404986e+00
2.173298451551602284e+00
2.170624080453729565e+00
2.169935279300235553e+00
2.167943015531764051e+00
2.166942519720559179e+00
2.164857537042482960e+00
2.163216678754238842e+00
2.162086928788503393e+00
2.159932485670904789e+00
2.158895029290370804e+00
2.156650273801302475e+00
2.154328905991482745e+00
2.151864438204057706e+00
2.149364620852285412e+00
2.146741805403924896e+00
2.144142869822894149e+00
2.141597880889844596e+00
2.140224456112209239e+00
2.137991024469329648e+00
2.135558416365151313e+00
2.136559195462680805e+00
