1.630684841069766833e+01
1.596852533731316193e+01
1.618665396337671325e+01
1.621624707773614915e+01
1.606763975414709478e+01
1.601036486893604049e+01
1.592859194856697691e+01
1.575496203483341695e+01
1.555946956567592387e+01
1.550298298179300183e+01
1.536613835208491530e+01
1.531837646655906404e+01
1.520266387609919256e+01
1.500289961145482565e+01
1.485521724247486830e+01
1.479795638038013550e+01
1.472794376641806657e+01
1.457827343342310833e+01
1.455612503570617022e+01
1.449997615720122468e+01
1.434581875536919782e+01
1.423666244149585047e+01
1.410165227821331513e+01
1.403752955003236558e+01
1.396150008490577399e+01
1.399216949682526945e+01
1.392680752216887008e+01
1.386114244519404615e+01
1.373897109361475977e+01
1.367560337043945218e+01
1.360963976112705787e+01
1.359093553940248000e+01
1.354106997999619111e+01
1.355231145879553267e+01
1.357495888704473685e+01
1.349924829364282175e+01
1.349006145737125628e+01
1.343255457319183677e+01
1.335270471082567845e+01
1.334136273201470679e+01
1.327555804909524717e+01
1.323530236295380114e+01
1.320918710481425684e+01
1.320837614393186499e+01
1.314677649626338862e+01
1.310676631548700932e+01
1.308315638854872986e+01
1.299483774866543406e+01
1.294094200918675064e+01
1.288271631614193602e+01
1.285688871836373437e+01
1.277466798385603575e+01
1.274907959975620741e+01
1.271305689541689432e+01
1.267501166633030785e+01
1.262226379643851537e+01
1.257308038572619502e+01
1.258351963201996604e+01
1.257021030840800790e+01
1.253745829643315979e+01
1.252379099276885910e+01
1.252295956638523222e+01
1.253851875685072947e+01
1.250658045831401743e+01
1.245483397850145302e+01
1.240016764655176296e+01
1.237262735933807711e+01
1.234486509147449596e+01
1.227863567596201833e+01
1.224985628522061987e+01
1.222559479024001661e+01
1.218080400660588403e+01
1.214409364753978160e+01
1.210247240495937859e+01
1.206707821367171718e+01
1.204849179829377448e+01
1.206620161626102927e+01
1.206406870400081033e+01
1.203639430568405722e+01
1.200773049443236395e+01
1.197681126607583302e+01
1.194633603648780884e+01
1.191794862527610022e+01
1.188158857436725846e+01
1.184320500712859925e+01
1.182747603275169901e+01
1.178960163675123418e+01
1.174296676452204480e+01
1.171293000177309729e+01
1.169988541479115618e+01
1.169541684185419328e+01
1.169029627231323509e+01
1.165915454023862807e+01
1.162539367164432846e+01
1.158324567208291889e+01
1.153932790369388783e+01
1.151910447486710076e+01
1.150310193704609674e+01
1.148332941822885900e+01
1.144203524107591008e+01
1.141625641181144957e+01
1.139304573481647509e+01
1.134959200685284308e+01
1.132437745711927413e+01
1.130604545949486628e+01
1.130197402982225974e+01
1.128318958455440146e+01
1.124096271773334976e+01
1.123527777430288133e+01
1.119511320696866186e+01
1.115321613812689705e+01
1.113240504017490728e+01
1.111630770405237989e+01
1.107814565465396228e+01
1.105836283308728341e+01
1.106203793011419556e+01
1.103767958935220506e+01
1.101489890697686391e+01
1.099137706021748073e+01
1.096338291815802357e+01
1.093705663567125086e+01
1.092145172390318919e+01
1.089107277349251923e+01
1.084944693775943314e+01
1.083765951682673112e+01
1.080881257195893141e+01
1.076686510670761621e+01
1.076353787495163772e+01
1.073861622685170936e+01
1.073832642915194313e+01
1.071706508835043614e+01
1.069610104193998090e+01
1.067203106058975948e+01
1.063332360503925145e+01
1.064901371540952724e+01
1.063533319046268133e+01
1.060717244631435108e+01
1.056656034356101159e+01
1.053410129200821821e+01
1.053737691011358635e+01
1.052457792220335442e+01
1.050953818252189542e+01
1.048080938292962649e+01
1.045289412775738214e+01
1.041689104725926995e+01
1.038677291352499665e+01
1.036637792334243358e+01
1.036550715635257625e+01
1.034115296980729504e+01
1.030853601209422798e+01
1.028514021368131104e+01
1.029216303303704017e+01
1.028193707183393535e+01
1.025177244194877524e+01
1.022776274018296938e+01
1.022529080620081032e+01
1.020118938717054391e+01
1.018151573210760574e+01
1.016059735768642369e+01
1.013878104810347480e+01
1.015623542912861588e+01
1.013569615657804235e+01
1.010418287367766155e+01
1.008294877751766805e+01
1.006295886232994619e+01
1.004323073495361207e+01
1.002612658742785001e+01
1.000966802348287743e+01
1.000534324016432564e+01
9.993185970350008773e+00
9.965579196751546576e+00
9.941504779610795595e+00
9.925532304632399772e+00
9.911305440554771806e+00
9.896694549764271542e+00
9.871852309919852075e+00
9.877957111326422179e+00
9.883733689394491151e+00
9.878627919003521995e+00
9.872817106728504655e+00
9.869997108459122259e+00
9.855804299648307065e+00
9.847547947199085883e+00
9.822718819479186791e+00
9.804818199301415405e+00
9.786414343133809979e+00
9.764376629108959094e+00
9.740676651184221768e+00
9.714488368764973458e+00
9.694255560007496442e+00
9.689747337592546472e+00
9.670984180246954054e+00
9.659168962497371780e+00
9.645619629402643724e+00
9.635885883282236719e+00
9.612724093378776757e+00
9.607686768305041980e+00
9.589857208966494184e+00
9.574390971894569446e+00
9.557909514057557843e+00
9.542346185932633063e+00
9.524679930125602212e+00
9.506224067748771489e+00
9.503551862668757622e+00
9.490662225287096021e+00
9.473439984962771732e+00
9.478679353439920519e+00
9.461792332716703058e+00
9.439800732593797150e+00
9.430950160835619656e+00
9.415453809125477136e+00
9.392804803770381739e+00
9.368746511258194687e+00
9.347313099323033114e+00
9.326364082806083644e+00
9.307340669987793191e+00
9.288778603829690894e+00
9.289858154190733686e+00
9.266214746598119945e+00
9.263978576893565631e+00
9.242457361156825257e+00
9.240667028881544454e+00
9.223316495249827440e+00
9.202225518665727577e+00
9.190015473286084813e+00
9.169274347313999485e+00
9.176450788239405298e+00
9.159423756551753115e+00
9.139678619682257477e+00
9.128117428639749065e+00
9.113900790829481124e+00
9.108572989332023084e+00
9.106479458653115699e+00
9.090155248354367501e+00
9.068058536175044537e+00
9.054387716707610778e+00
9.032986499217074083e+00
9.020327736710862965e+00
9.005835441292024512e+00
8.988999149309615078e+00
8.971845728934670916e+00
8.952536117492465806e+00
8.931222425938443621e+00
8.924375434574665533e+00
8.904716063789560820e+00
8.882779474945337483e+00
8.865797312104673367e+00
8.858762592629224386e+00
8.847339581730278013e+00
8.845903447935762998e+00
8.829468686404396749e+00
8.815777038778158214e+00
8.796086257893149352e+00
8.782226613910470547e+00
8.775879051485803828e+00
8.758382406014250776e+00
8.756618353275968047e+00
8.748654260375289482e+00
8.747740383999838443e+00
8.736895156992094513e+00
8.748341856070313227e+00
8.733309017377772321e+00
8.720760065320202870e+00
8.716373830134482859e+00
8.699548465526296681e+00
8.685348584210615286e+00
8.676285893175904818e+00
8.659151754932450373e+00
8.644172761315681797e+00
8.630736941021801556e+00
8.613413697616833176e+00
8.602246865102376461e+00
8.596891373129682989e+00
8.579588898377560113e+00
8.561918979070023639e+00
8.544738282306308719e+00
8.534635138738075000e+00
8.517602400958088182e+00
8.522125926163409915e+00
8.508533633841114607e+00
8.497389366439001890e+00
8.499633030119571941e+00
8.484130955021019105e+00
8.468702849356677831e+00
8.453567649686503316e+00
8.439722286908340365e+00
8.429900971663220943e+00
8.415425449476167330e+00
8.398151071128493683e+00
8.385453041326650592e+00
8.373658477223541396e+00
8.357761191077814900e+00
8.349899789835962594e+00
8.333529743968050241e+00
8.322274223330218490e+00
8.308491008891085272e+00
8.296364706400435551e+00
8.283283715233329403e+00
8.267325638390744302e+00
8.258765491251017110e+00
8.248771025585373451e+00
8.234666959821442589e+00
8.222939460075460616e+00
8.210093465217568109e+00
8.194374801883805404e+00
8.180064562742511924e+00
8.166409721597620575e+00
8.150148516302358814e+00
8.157850840127105485e+00
8.143157077872997363e+00
8.131224522232193053e+00
8.119163470568366847e+00
8.121337421330421691e+00
8.117167835427466116e+00
8.112468466361574926e+00
8.104745066860211011e+00
8.107639579214337644e+00
8.095786711904397137e+00
8.081733114025716702e+00
8.070174861579422654e+00
8.057373830638519863e+00
8.047294421838989464e+00
8.041744904894498447e+00
8.029129282523252087e+00
8.022995730782341184e+00
8.011932537283003697e+00
7.996121719030155894e+00
7.980884621414628732e+00
7.980860565688539410e+00
7.968378376626044535e+00
7.967685358223660863e+00
7.956010651975756076e+00
7.946943046179725911e+00
7.935402223578355674e+00
7.925208213942088520e+00
7.915236946745021207e+00
7.904512002737551057e+00
7.896652364217486841e+00
7.889230942309062300e+00
7.893076636765034237e+00
7.880598493668741433e+00
7.867320903951796396e+00
7.861245513319212286e+00
7.848781073794487639e+00
7.836847820294309486e+00
7.825930278403836482e+00
7.818206317778110481e+00
7.821817922392629185e+00
7.810850498369291905e+00
7.799325800076153392e+00
7.791463973006175436e+00
7.782886092860351823e+00
7.770664750898968798e+00
7.769958065741372266e+00
7.757328514465337221e+00
7.753906692884634744e+00
7.746984823633490613e+00
7.735704289792485255e+00
7.726533803546855594e+00
7.714611657080993723e+00
7.701763438346274526e+00
7.689979903055639276e+00
7.679113440637292065e+00
7.668081531563482045e+00
7.655271413515046142e+00
7.651661620076102288e+00
7.640991770660720661e+00
7.652080499888008092e+00
7.642785224920418230e+00
7.637084320695374906e+00
7.628878441328435400e+00
7.619650762353940898e+00
7.617353859758612344e+00
7.608553390931782623e+00
7.596980048903483329e+00
7.588459596994262313e+00
7.577054865050962817e+00
7.572089644674822928e+00
7.562582117942389992e+00
7.552741154215494745e+00
7.562796167787068313e+00
7.553959778351607035e+00
7.541895221765870794e+00
7.542558855089342096e+00
7.532136428537990369e+00
7.525842423602170150e+00
7.515012365507399927e+00
7.506749901229655464e+00
7.500513142961103163e+00
7.490441954729134544e+00
7.487144706382143688e+00
7.476578518787945882e+00
7.466442138088281943e+00
7.461715728634439770e+00
7.452362353812962859e+00
7.442242490809877431e+00
7.430097941035644027e+00
7.421229555303969327e+00
7.412751399982322020e+00
7.406709845576639140e+00
7.397635492358254794e+00
7.388764578120187387e+00
7.379489684187306331e+00
7.370589364441672231e+00
7.364630662317971144e+00
7.356497336459263181e+00
7.348827938586235398e+00
7.346719661564450554e+00
7.342458128411328389e+00
7.335797639258387015e+00
7.327066922370609525e+00
7.327403359484390144e+00
7.323155952018058024e+00
7.316067363593783845e+00
7.305546727696270004e+00
7.298743854615700855e+00
7.290221394780894038e+00
7.280936611155405913e+00
7.272772794980447486e+00
7.268834546193438051e+00
7.260112434144550875e+00
7.250689259918837948e+00
7.240372664721989260e+00
7.231326063968194440e+00
7.224821972936236847e+00
7.214397218038681281e+00
7.205309724412562566e+00
7.198310429736438643e+00
7.188833387607994396e+00
7.179636441731550356e+00
7.170083272773353222e+00
7.159886567373926702e+00
7.150337381622670740e+00
7.141879434514725844e+00
7.134245026585040783e+00
7.133474482328788113e+00
7.125300822211338314e+00
7.117208607798144904e+00
7.110007276406936860e+00
7.104093018423314199e+00
7.097761082396787380e+00
7.089746892491309183e+00
7.081425373850293248e+00
7.072617402140629395e+00
7.062136522556844653e+00
7.064090193330759604e+00
7.056294387447317185e+00
7.052309397686202352e+00
7.043865135768444752e+00
7.037358997660056126e+00
7.029211967431666430e+00
7.020174398213125500e+00
7.010758992759154040e+00
7.002247259897930398e+00
6.993050262213336588e+00
6.983375975925998347e+00
6.984112332052725414e+00
6.975803188368884022e+00
6.968165208674566458e+00
6.961949346654883186e+00
6.955624387073280346e+00
6.951505844724677807e+00
6.942799734697299385e+00
6.933798067537487064e+00
6.925586231027128115e+00
6.918623979571422389e+00
6.911065471667220628e+00
6.902529323388002069e+00
6.894023777784074269e+00
6.887478180027740038e+00
6.882590079366229574e+00
6.875078397491184212e+00
6.866006193531076995e+00
6.858940951332637148e+00
6.852473736549284489e+00
6.844309028815192875e+00
6.836032024987962252e+00
6.828897990172121624e+00
6.820810225054107612e+00
6.814213388925006498e+00
6.804942152841300995e+00
6.804833730553144555e+00
6.795618024557669834e+00
6.787743293221260465e+00
6.779252872990122469e+00
6.780874703732447273e+00
6.772601257257310436e+00
6.765686361012862804e+00
6.757964003935867048e+00
6.749338841618825136e+00
6.741521691377831971e+00
6.735360233012462672e+00
6.730920867580960198e+00
6.725924030328700454e+00
6.717697878239825116e+00
6.711015340899705528e+00
6.706417351022974316e+00
6.699785583495323493e+00
6.693165372482858366e+00
6.687138363439367517e+00
6.680952000102387878e+00
6.675090532569701196e+00
6.669270823113111923e+00
6.661429867698322127e+00
6.655541553389073606e+00
6.647277259220880197e+00
6.640613105836635555e+00
6.638308970045046387e+00
6.632027173474702053e+00
6.626437827787282409e+00
6.618774075083296182e+00
6.613566487195368993e+00
6.607617660233820800e+00
6.601891864959618772e+00
6.593965522627268427e+00
6.587277128235925261e+00
6.581581443853519175e+00
6.573775316168362970e+00
6.567403737058352675e+00
6.561478258794848806e+00
6.556878380924841210e+00
6.550481135136294597e+00
6.545028250105654699e+00
6.543415337872596105e+00
6.537245285560611130e+00
6.533651358725786729e+00
6.529146779483845364e+00
6.521505420587999424e+00
6.513645087711850579e+00
6.507527375076655574e+00
6.505958474087282006e+00
6.498920755369085533e+00
6.492045364232854610e+00
6.489743741500920038e+00
6.492918464730215611e+00
6.486613829601609815e+00
6.481847769441151819e+00
6.478140300088225167e+00
6.472575013511353781e+00
6.473824582391825899e+00
6.467099277342354569e+00
6.461057637373397000e+00
6.454693153670446826e+00
6.447598099955556883e+00
6.440738817374711545e+00
6.445398935792830741e+00
6.440129275500958705e+00
6.434652343838664024e+00
6.427301550743956149e+00
6.420716396845538299e+00
6.416638031155311062e+00
6.410689853196575250e+00
6.403517611561722944e+00
6.396049966662427089e+00
6.389671280032950484e+00
6.382301913151175121e+00
6.382465803483621691e+00
6.376470712892520432e+00
6.370820490972103123e+00
6.365894974975002896e+00
6.361166120976728067e+00
6.354944500118006268e+00
6.355044273140647348e+00
6.351162191871085660e+00
6.346528066796552459e+00
6.344824777251047543e+00
6.339142790901822089e+00
6.333323417589467041e+00
6.334933266000796870e+00
6.329697449172074997e+00
6.324539533114609924e+00
6.320417273115921830e+00
6.313585691155383373e+00
6.308548345188082607e+00
6.301678548198672125e+00
6.295119965781590388e+00
6.290852773108997376e+00
6.284614846286260104e+00
6.282003183404582636e+00
6.282185865930188129e+00
6.275387179635708357e+00
6.276160078407849063e+00
6.270855600085121218e+00
6.265104385137818532e+00
6.258296013192637730e+00
6.260863581537098987e+00
6.258484848466300932e+00
6.255941116577056427e+00
6.249312431126411660e+00
6.242850381986530195e+00
6.237739281845170680e+00
6.231451580487759934e+00
6.225569740675886976e+00
6.228593059041048541e+00
6.223281488664055949e+00
6.217703582213808922e+00
6.213439798067956765e+00
6.207194978789948081e+00
6.206683801285771906e+00
6.200301724201208842e+00
6.195252190831367578e+00
6.190364161457757142e+00
6.184374247747542519e+00
6.184679688204078651e+00
6.179849243062459863e+00
6.173924970172121718e+00
6.173040878085098271e+00
6.168241297554360791e+00
6.162212116991769406e+00
6.156871860776115923e+00
6.150842098149164272e+00
6.145454559521605020e+00
6.140356279716804089e+00
6.135515266192437700e+00
6.133276615785390184e+00
6.128030545966169029e+00
6.122804086356574693e+00
6.116927944998728606e+00
6.111225847472656625e+00
6.107165490537868280e+00
6.102158274569926988e+00
6.100647794526091516e+00
6.095261580203355400e+00
6.089873971575739731e+00
6.084802430298552167e+00
6.080814095026588539e+00
6.076131143757076636e+00
6.071745662469020921e+00
6.064902474728422810e+00
6.058977801189826096e+00
6.054934120943163300e+00
6.049535370712784577e+00
6.043169940671800688e+00
6.038710154356626170e+00
6.042228988369366505e+00
6.037830575772074049e+00
6.033555787275580506e+00
6.028538814359925446e+00
6.022653472926083218e+00
6.016415988350027888e+00
6.010308633502422282e+00
6.004642709886112151e+00
6.007993948897870418e+00
6.003099401341595254e+00
5.999569621011269227e+00
5.993093112783799192e+00
5.987706103944581137e+00
5.983619861852085720e+00
5.979197523907306966e+00
5.981054813287610905e+00
5.976321356406605112e+00
5.974125283531408925e+00
5.969912828807328431e+00
5.965604841833876293e+00
5.960569078319355008e+00
5.965015091799346081e+00
5.960052307059942933e+00
5.957122089335363135e+00
5.952990252960893791e+00
5.947529973231549860e+00
5.943059489813720120e+00
5.940087530173597585e+00
5.935933149998544600e+00
5.930511733492402904e+00
5.924873033454922222e+00
5.920119354758280217e+00
5.915044469168592833e+00
5.910312079251836437e+00
5.904563837574646534e+00
5.901439960776368565e+00
5.895066677718365789e+00
5.889240988481147632e+00
5.883345176799641862e+00
5.878064550729079407e+00
5.874435520927869803e+00
5.869349191009840538e+00
5.872805427589820937e+00
5.871904353138944543e+00
5.866762769431322688e+00
5.862880412140789588e+00
5.857853496796271209e+00
5.852729835574121964e+00
5.851567431705258393e+00
5.846070617844755901e+00
5.841102222426154178e+00
5.836559328322059592e+00
5.832591056623695813e+00
5.833362308854426637e+00
5.829120646679315065e+00
5.823958661833509076e+00
5.817827951241161699e+00
5.811888571125385816e+00
5.809572074142212550e+00
5.804436659222647954e+00
5.800904522321555845e+00
5.799804822296677820e+00
5.793998289916029165e+00
5.788529221258801982e+00
5.785316157087880384e+00
5.781411026340009585e+00
