2.263921032853167148e+01
2.042879406316827939e+01
1.966737360844923899e+01
1.858090566239356534e+01
1.848226383280016094e+01
1.795852892628854036e+01
1.740618150746808013e+01
1.703552928025949242e+01
1.686544214479916803e+01
1.661091244255458932e+01
1.639068202448852318e+01
1.612316907788736131e+01
1.601026639861169087e+01
1.590249010279476494e+01
1.579725765110066860e+01
1.578953234511288173e+01
1.557053965118928929e+01
1.557271363528185049e+01
1.544209143178994559e+01
1.535705278825398423e+01
1.526850999092057215e+01
1.509343997821491357e+01
1.503991913515296197e+01
1.507623394830435970e+01
1.499780610190025065e+01
1.496898414985432169e+01
1.495503460450301425e+01
1.491777671095964131e+01
1.483873444191183211e+01
1.475674720920614291e+01
1.467739498464435677e+01
1.461791343480243377e+01
1.459238465918741490e+01
1.449272230205410139e+01
1.439393510218643790e+01
1.430975479653319127e+01
1.422108384307519202e+01
1.417276788208830496e+01
1.412281021696544414e+01
1.400579976691617645e+01
1.395634125552817828e+01
1.390502510583545082e+01
1.388951783912075832e+01
1.383956402458374413e+01
1.379999156903929780e+01
1.375981083420438900e+01
1.378788129945937513e+01
1.376105564423349925e+01
1.370873860507063924e+01
1.363268725297829320e+01
1.360821263059993314e+01
1.357419294009930510e+01
1.358580921828840360e+01
1.352624082210555301e+01
1.348445097952769167e+01
1.342714975859282056e+01
1.337938475409304573e+01
1.332909513174794292e+01
1.326496756285109058e+01
1.326037916022947982e+01
1.323495214650403184e+01
1.322487088610771089e+01
1.319745927466300550e+01
1.315626343548870913e+01
1.313766058981147644e+01
1.312364274950537357e+01
1.310865468367133246e+01
1.305304430129632642e+01
1.304413833631416608e+01
1.300726997884017599e+01
1.297166200051979246e+01
1.293618246592196463e+01
1.288763285229568467e+01
1.284648187546498477e+01
1.282952563639629240e+01
1.281040318115863919e+01
1.278060258524633852e+01
1.273628278665581171e+01
1.273933515713746800e+01
1.270232189120683941e+01
1.270646678222293602e+01
1.267787311828339369e+01
1.262138621141068207e+01
1.260154910229246283e+01
1.257506771154948133e+01
1.257778327355137726e+01
1.254283662333534721e+01
1.251116050222358922e+01
1.246109888375544017e+01
1.244504174830323606e+01
1.239520611523971816e+01
1.234448447950255279e+01
1.230176715994319814e+01
1.225625675975327411e+01
1.221056696259745422e+01
1.219611590715373239e+01
1.217867368495637237e+01
1.216604788782655966e+01
1.217488242436000334e+01
1.215796058916761702e+01
1.211752455284202057e+01
1.209893447804154221e+01
1.205926684538553495e+01
1.202676760420908764e+01
1.201313152617593971e+01
1.197777232349511678e+01
1.195674533443672338e+01
1.193143574362153991e+01
1.190035725730063731e+01
1.189077980764367837e+01
1.187692961036660755e+01
1.185388684628602896e+01
1.182504376601647245e+01
1.179364353336539395e+01
1.175940296790452422e+01
1.173951483424491649e+01
1.175044411799841271e+01
1.174820479657411632e+01
1.170811386525348397e+01
1.167435078995924513e+01
1.166951081218430808e+01
1.166501543226503124e+01
1.163301711164029584e+01
1.159320002187787502e+01
1.156853249956403218e+01
1.153201586824691560e+01
1.151554357076094171e+01
1.149331638714691550e+01
1.148732742477788449e+01
1.145336138965406469e+01
1.143235054841884235e+01
1.139850653347309262e+01
1.139014173310813938e+01
1.135471691309106923e+01
1.132900038744783089e+01
1.129794835748664994e+01
1.127019836974950628e+01
1.123667192852812846e+01
1.123326069571714925e+01
1.119932365749345315e+01
1.119982509196034748e+01
1.117722459081343800e+01
1.115347963938788212e+01
1.112610028000074358e+01
1.110815514232679924e+01
1.109190874827238993e+01
1.107744282194915186e+01
1.105083423921023744e+01
1.103477651534870851e+01
1.102890439172034398e+01
1.100063368275091413e+01
1.097793586969425661e+01
1.094293059407210400e+01
1.090689731028521692e+01
1.090424615709945222e+01
1.088114321446282240e+01
1.085651762732280545e+01
1.082427677360942830e+01
1.080783796534291419e+01
1.077805118093509229e+01
1.075016685270377437e+01
1.072857624628782247e+01
1.071058926297565428e+01
1.068657052205139024e+01
1.065902074386578313e+01
1.064545196089830625e+01
1.062506415940244331e+01
1.059125870423261340e+01
1.056331570799243913e+01
1.055723184248314439e+01
1.054594811187711478e+01
1.052813166202917827e+01
1.052733546641871420e+01
1.051252589815754845e+01
1.049711356050107725e+01
1.047946088555003818e+01
1.047528934169981518e+01
1.044570892658785866e+01
1.042086234205688733e+01
1.039260447081268524e+01
1.039392895535981154e+01
1.037075120740652423e+01
1.035127608090430940e+01
1.032752571519305640e+01
1.031445082041685346e+01
1.030469029690905458e+01
1.029030586984846352e+01
1.027763467972125078e+01
1.025906569621353803e+01
1.024079129162591606e+01
1.022263833753422269e+01
1.021142161816927896e+01
1.020019484248002506e+01
1.017338584471709950e+01
1.015323535725345216e+01
1.013573648294906171e+01
1.011271621522934083e+01
1.009321190807541768e+01
1.007348314656609389e+01
1.005454645620982035e+01
1.003101651876989386e+01
1.000774649239210135e+01
9.988941716481852140e+00
9.968248440204588334e+00
9.970833073770384303e+00
9.948217337617933254e+00
9.935872007335088796e+00
9.921844091596550896e+00
9.900363519109340871e+00
9.880950237362924327e+00
9.863264286887565291e+00
9.846490060290868485e+00
9.837420149399772384e+00
9.821926147502816562e+00
9.799758158165069233e+00
9.774416986116378325e+00
9.758932846203624223e+00
9.747709818929369163e+00
9.737703134226523005e+00
9.709315342853924946e+00
9.691671879493846120e+00
9.672189050316731596e+00
9.669936767504792030e+00
9.653124591897357831e+00
9.637353063503978134e+00
9.630909050179011999e+00
9.606894314631423626e+00
9.588706912966904028e+00
9.567343151981509308e+00
9.558286769697879492e+00
9.540789976181507370e+00
9.522340940625539929e+00
9.504547919969436265e+00
9.487599388395899780e+00
9.472555592692510018e+00
9.451426992264867266e+00
9.429854578155305589e+00
9.411293839603507294e+00
9.404668069824671406e+00
9.394363739276709424e+00
9.380753174115355364e+00
9.379689536921157256e+00
9.388090054566250231e+00
9.380397574034073926e+00
9.368923059602083825e+00
9.352847267591515745e+00
9.341623172329054370e+00
9.320615365823263332e+00
9.303080485450902160e+00
9.295542081756259734e+00
9.291382045157659419e+00
9.279480618981924778e+00
9.262201002992416221e+00
9.243363241030269961e+00
9.227163738728306086e+00
9.211820821607307863e+00
9.203482639553520528e+00
9.190991497230569962e+00
9.174218233963619795e+00
9.163239409357792908e+00
9.154952627922691377e+00
9.156155766408677010e+00
9.143427463661067733e+00
9.134355944813322026e+00
9.120750437379223641e+00
9.117025043047485511e+00
9.099563564859430187e+00
9.081964231117346742e+00
9.069328747025492632e+00
9.054785003636288465e+00
9.047633311185570903e+00
9.027906778589368741e+00
9.018393343120925110e+00
9.019052751925935141e+00
9.005157796694257755e+00
8.991216952862833622e+00
8.979343330882377572e+00
8.968234102515388884e+00
8.953859774522781478e+00
8.936085923262234942e+00
8.926039542119504233e+00
8.913680105003379595e+00
8.909166439648977587e+00
8.898071062268915199e+00
8.903528534813963446e+00
8.888712443124829221e+00
8.872998152279500061e+00
8.861974267434320041e+00
8.846568495894775452e+00
8.840987365242167328e+00
8.829367867627375688e+00
8.828479258837221622e+00
8.826165091238225457e+00
8.816191062990430538e+00
8.807780420481797989e+00
8.793882180097345014e+00
8.782552133006648276e+00
8.768991532053235005e+00
8.755552655816623897e+00
8.740488365948293037e+00
8.740753108063110233e+00
8.727901416208073471e+00
8.713913831340454053e+00
8.701154840566347914e+00
8.686536853932331326e+00
8.679117355743514395e+00
8.667320528958978088e+00
8.652666601210095010e+00
8.641160254061617252e+00
8.630361435919342128e+00
8.628203233517480086e+00
8.622864733766061107e+00
8.612584284475419238e+00
8.609309778978678551e+00
8.597270821032680033e+00
8.586271914082962198e+00
8.571478156952688110e+00
8.562504415598835905e+00
8.555696935261238423e+00
8.544936469557276482e+00
8.530411525475969370e+00
8.526424054575427292e+00
8.516354729351752084e+00
8.506564301969127939e+00
8.491655597209664563e+00
8.489432611657447225e+00
8.475336899171745486e+00
8.461955456084508498e+00
8.452719970117565040e+00
8.448134021378084668e+00
8.436430112619525801e+00
8.423611414593981550e+00
8.409061985199233646e+00
8.407202823647741852e+00
8.395811249232366436e+00
8.386986917168073319e+00
8.377052341491120657e+00
8.370218754730577970e+00
8.357548580121573423e+00
8.356279345390687396e+00
8.345631793359766348e+00
8.335772613415802113e+00
8.323012394504941014e+00
8.318124364816807059e+00
8.308048274531950383e+00
8.300902325713099827e+00
8.298143042482722720e+00
8.285687645795762890e+00
8.273946802623177277e+00
8.262606752478864891e+00
8.256990898677818436e+00
8.244259232227914680e+00
8.232862746167976198e+00
8.220893477399910054e+00
8.212851604596108857e+00
8.210984291277563685e+00
8.198121497547926850e+00
8.189201254924201479e+00
8.187820097231611527e+00
8.176355954719086938e+00
8.173015750164116966e+00
8.162251217829647132e+00
8.154899643201240167e+00
8.143023720116836728e+00
8.141916835005831743e+00
8.130771757817122136e+00
8.128907113260989803e+00
8.118402750080473851e+00
8.109789199041204100e+00
8.098153771991482230e+00
8.088989203638780268e+00
8.079300447314027522e+00
8.069728566142753579e+00
8.062936286041551881e+00
8.050967279334184212e+00
8.051267374776292840e+00
8.039485652693841189e+00
8.037690957032618044e+00
8.028128487726799989e+00
8.016273092054872151e+00
8.002549182508104764e+00
7.993401060141022363e+00
7.984066622569100602e+00
7.972537206257051423e+00
7.966938435592473056e+00
7.964849938188994116e+00
7.955749567877355766e+00
7.947430133448907696e+00
7.937335177447738310e+00
7.925216182758965999e+00
7.923345212656567327e+00
7.913567770606143803e+00
7.907658401228248479e+00
7.896636505245119508e+00
7.887594887798019982e+00
7.876494869106863916e+00
7.866928216571381860e+00
7.858898590757838143e+00
7.850961812905692838e+00
7.840361091969843876e+00
7.831819740990811241e+00
7.826751566442077035e+00
7.825652491157859991e+00
7.817288542978869437e+00
7.808771030008243130e+00
7.799246696321940675e+00
7.794212837373098779e+00
7.788424513096175339e+00
7.793492690355884989e+00
7.787177870273263913e+00
7.776886622128455606e+00
7.770817083612042708e+00
7.760966944364348308e+00
7.751999730373874797e+00
7.742115696968789429e+00
7.731613571586446021e+00
7.729238457180231059e+00
7.723735738378085358e+00
7.714908246664667679e+00
7.710671317236279521e+00
7.700349342737200509e+00
7.692976592975159456e+00
7.685495384194283019e+00
7.678158167758349251e+00
7.669508887944822106e+00
7.669722051654241035e+00
7.658706761507790617e+00
7.656824344420784634e+00
7.651863547136525945e+00
7.639633946741760440e+00
7.629345446646910389e+00
7.619070127455731090e+00
7.610843092217791650e+00
7.599889948005631446e+00
7.590074121195927503e+00
7.579481012646793303e+00
7.569001654669000878e+00
7.557463982385953294e+00
7.550115437120016537e+00
7.541155031935639741e+00
7.540225442694658220e+00
7.531125208458848697e+00
7.522079322222334774e+00
7.525131436156880405e+00
7.522081085037300774e+00
7.512884882489845317e+00
7.504683532435437066e+00
7.499338270474733115e+00
7.491641378954173369e+00
7.486883173297846028e+00
7.484076301475523607e+00
7.474099293811044653e+00
7.469104357654678061e+00
7.462291992202136903e+00
7.455082670255054111e+00
7.446007049244892428e+00
7.442025260396551545e+00
7.435538514332159288e+00
7.427751135213318534e+00
7.418713850890610750e+00
7.409858318941592081e+00
7.402114119456503438e+00
7.393611419667374562e+00
7.384773928799591047e+00
7.381126089885492902e+00
7.373370465934374174e+00
7.366271652460953057e+00
7.358453769890090257e+00
7.349127034274327563e+00
7.353901732292819737e+00
7.352133200122767498e+00
7.350798817907506333e+00
7.343466066648405288e+00
7.336610392080167742e+00
7.329357463627768077e+00
7.324627993572935480e+00
7.317560389846029523e+00
7.313245099268191218e+00
7.305085161531754245e+00
7.298973266796824788e+00
7.292199065561920435e+00
7.290263732148048348e+00
7.284866377422600792e+00
7.284442404535886872e+00
7.275504347658619864e+00
7.267359294974249373e+00
7.264867698799450935e+00
7.260731392567453923e+00
7.252324613074684123e+00
7.243087338898314798e+00
7.244098959022109874e+00
7.243897967095215051e+00
7.235326224872089540e+00
7.226517751279931012e+00
7.218574289534100963e+00
7.213783096869692102e+00
7.208461956745932042e+00
7.201262578802745118e+00
7.195847498391293229e+00
7.188975961111278679e+00
7.183478395696928587e+00
7.175158542446277821e+00
7.167565378107753737e+00
7.157977738516286159e+00
7.151261572652065190e+00
7.143984901050254521e+00
7.137708396383223963e+00
7.128985117319790454e+00
7.122219598414008424e+00
7.114829032569059741e+00
7.106623014569559693e+00
7.105246549738517103e+00
7.099860300123321366e+00
7.094376579122156912e+00
7.088010475130379184e+00
7.080166314579416031e+00
7.071248263282760682e+00
7.069044542567912259e+00
7.061750163537556801e+00
7.055188496820983701e+00
7.046951981762235029e+00
7.038562505332967234e+00
7.031036696864736868e+00
7.022742802452864197e+00
7.018579116760869319e+00
7.009392874372709414e+00
7.003436959965308795e+00
6.996498059315331197e+00
6.988202998675706823e+00
6.980389804935141385e+00
6.974788284120099213e+00
6.978820811434750304e+00
6.972654322624658896e+00
6.970282415863810144e+00
6.963953124309161247e+00
6.961632765836050396e+00
6.956178653509801357e+00
6.950623138666455425e+00
6.947274941747719090e+00
6.940187661102150685e+00
6.933369401559563272e+00
6.927545270107030362e+00
6.919754474258584587e+00
6.919385685790170548e+00
6.911136295450336142e+00
6.906289268626119693e+00
6.906907709073081492e+00
6.899706059411327530e+00
6.895856316377032336e+00
6.891310305746729092e+00
6.884230953131819319e+00
6.878780423304898584e+00
6.873255650951502815e+00
6.868530429875787213e+00
6.862173532610681193e+00
6.855216123077681800e+00
6.847446210495347074e+00
6.840714835862239163e+00
6.834797416188027164e+00
6.827933634095664672e+00
6.825898861886373403e+00
6.818015123598561544e+00
6.815250818397048604e+00
6.810103661931879770e+00
6.809401222423865363e+00
6.804096109558967598e+00
6.796368240853005283e+00
6.788895165975476154e+00
6.783148347134225098e+00
6.777481908383639286e+00
6.770526094615804347e+00
6.773681437630194146e+00
6.766512604789122420e+00
6.759930996102536227e+00
6.754374218024529419e+00
6.748753134719417623e+00
6.742319418601811165e+00
6.738878627222725015e+00
6.733584746624151407e+00
6.726612555898687340e+00
6.721673270952324586e+00
6.715442930513815689e+00
6.714453675962722912e+00
6.707147537129103831e+00
6.703111622867495178e+00
6.698121934429130064e+00
6.693298557353592138e+00
6.686879263382317085e+00
6.679966375378782573e+00
6.675149460292587378e+00
6.668529569561013837e+00
6.664637014909482460e+00
6.659808706872580863e+00
6.662110101860810651e+00
6.655316505473980904e+00
6.651528325109274498e+00
6.646178214335156653e+00
6.649011162534034014e+00
6.641776728678543407e+00
6.636136764829313250e+00
6.634111822584195295e+00
6.628374092197488743e+00
6.621844571884019537e+00
6.616685452014550606e+00
6.611567621607431278e+00
6.609337340059194155e+00
6.604336985723293196e+00
6.599705680367724980e+00
6.593700964586594715e+00
6.589814398985677002e+00
6.586847872467266995e+00
6.581438893571721849e+00
6.575282227896726006e+00
6.571126422469294681e+00
6.565294985735737221e+00
6.559080479464701519e+00
6.555266200640405216e+00
6.552302827264306906e+00
6.545828087086811742e+00
6.538796160455470741e+00
6.531777909679104432e+00
6.527100720181556959e+00
6.536855200437421409e+00
6.531945313606361658e+00
6.527502588827340801e+00
6.520695657396096578e+00
6.530155691764417014e+00
6.524335321237122898e+00
6.517364197074966725e+00
6.512546327786313149e+00
6.510700137970706791e+00
6.506603387456201482e+00
6.504249867487822634e+00
6.504697293071647124e+00
6.503645563441751598e+00
6.509809344952845578e+00
6.508535714953933571e+00
6.509737079117919656e+00
6.503859117566953785e+00
6.498763724570821410e+00
6.497720248387249597e+00
6.495252117560544214e+00
6.496476029517760153e+00
6.495985165564167829e+00
6.493273888990120035e+00
6.487379481255937996e+00
6.482394024898429308e+00
6.478056703095242064e+00
6.475475528094059463e+00
6.471109682544456732e+00
6.466164034990278253e+00
6.460416402487179965e+00
6.460510116467806263e+00
6.454420637325997134e+00
6.452027945286962662e+00
6.446851022393433439e+00
6.446177395662715526e+00
6.440433562443921289e+00
6.435615899053013678e+00
6.429091077601707838e+00
6.424631554761528029e+00
6.421559632121777383e+00
6.421917280757472035e+00
6.416554857867271977e+00
6.411547484214367820e+00
6.408087307805489630e+00
6.402630670323537387e+00
6.399886507607448927e+00
6.393677366206850010e+00
6.393119783376944198e+00
6.387207788636324324e+00
6.384063639519677480e+00
6.381037140368315264e+00
6.375769534160019347e+00
6.372702203979313751e+00
6.366866190993655472e+00
6.363677912766384281e+00
6.359166292889060657e+00
6.352944300870403183e+00
6.350638833552484819e+00
6.346235362042241590e+00
6.340644323988764874e+00
6.334907013188461278e+00
6.329944501019719283e+00
6.324789302583386785e+00
6.318888967456597783e+00
6.314343269874692410e+00
6.314757180734249964e+00
6.310988371321212043e+00
6.306137483357514562e+00
6.302236576063261708e+00
6.296860661215785804e+00
6.292987766153236961e+00
6.300437184297175364e+00
6.296624007554538771e+00
6.292069766375185225e+00
6.286672198160719205e+00
6.282742599834916675e+00
6.277904950103235571e+00
6.272842417787508396e+00
