1.555367187006468299e+01
1.680456284511210541e+01
1.699840882990911695e+01
1.632684004916219322e+01
1.626706802289965381e+01
1.628309903037495943e+01
1.593682465542757498e+01
1.557587425328523523e+01
1.544610107041994596e+01
1.531118676863582451e+01
1.515520025597717435e+01
1.505400951412405242e+01
1.495103469031729304e+01
1.484006873430641349e+01
1.468218351880852524e+01
1.463436343232953263e+01
1.452648280366119415e+01
1.448203033484933044e+01
1.446393485258809974e+01
1.445004909440532970e+01
1.439481653902632985e+01
1.432357128570312099e+01
1.421316637647042569e+01
1.415545853186609371e+01
1.416944813426376015e+01
1.409498003591292914e+01
1.401924663553382189e+01
1.392495491905809679e+01
1.387886490375322346e+01
1.383597809861967498e+01
1.377261282268592524e+01
1.373965925621518913e+01
1.372942207306378393e+01
1.369094976711114597e+01
1.361191262861334650e+01
1.356290050053556584e+01
1.347532700419870544e+01
1.345218550076620900e+01
1.337923850342183840e+01
1.334279012040741108e+01
1.327735651712128551e+01
1.322221428492137640e+01
1.318183766922542866e+01
1.309130406503873623e+01
1.304627206339243095e+01
1.303943960003416969e+01
1.297583167373386281e+01
1.289761991497885063e+01
1.286041632704564819e+01
1.280101867917365688e+01
1.277645924980130765e+01
1.272378640037980624e+01
1.265796724673916351e+01
1.261824953774774016e+01
1.261055135494048685e+01
1.257440221004532965e+01
1.254279471654828448e+01
1.252073101017786527e+01
1.248087723953381634e+01
1.243060349636302142e+01
1.239407890760723419e+01
1.232537940586197855e+01
1.229011536177561759e+01
1.228389991873899056e+01
1.220790027924779153e+01
1.216107130060413155e+01
1.213835098702158888e+01
1.211668078644105861e+01
1.210478508610879800e+01
1.207758835120238139e+01
1.207385416191592853e+01
1.204815019367052642e+01
1.201551231091734806e+01
1.199424389723733420e+01
1.195970602042930508e+01
1.191318131051904672e+01
1.187842748295653905e+01
1.187627066611334747e+01
1.185546922079003807e+01
1.184816895279847060e+01
1.181798371821292370e+01
1.178201437136335628e+01
1.173271937720966740e+01
1.168632689006012626e+01
1.166926296272170660e+01
1.164017188546493564e+01
1.164304158775049736e+01
1.161195080155218662e+01
1.158794106492552345e+01
1.153522201395187352e+01
1.151908017345903446e+01
1.150497538045515356e+01
1.149570834576220335e+01
1.148345893410952634e+01
1.147190407820420077e+01
1.143590120166049751e+01
1.140001817940569673e+01
1.139724890062727347e+01
1.137540274351501779e+01
1.135612906579144266e+01
1.134428074705960476e+01
1.131556932845576391e+01
1.130009559543658959e+01
1.128121341900737740e+01
1.123849876931921443e+01
1.122224675620786272e+01
1.121457129570908151e+01
1.120078320169286634e+01
1.118431133266529720e+01
1.114779818564306524e+01
1.111802586792280501e+01
1.109837734167174439e+01
1.106022377820696967e+01
1.103781648831678552e+01
1.101655306758439323e+01
1.099829568900383236e+01
1.097608497719916976e+01
1.095944969137432246e+01
1.095369391082084043e+01
1.091317718592883068e+01
1.088342273679381833e+01
1.086623589359880526e+01
1.084943480141988559e+01
1.081937538155036904e+01
1.079505618882832785e+01
1.075805826379502506e+01
1.074447729184406697e+01
1.072178984715769978e+01
1.068637802687469929e+01
1.069275443885472576e+01
1.066289506112107510e+01
1.064154606644209444e+01
1.062082356270881789e+01
1.059544628712443703e+01
1.057745890361355734e+01
1.056290542419707101e+01
1.053526781072587148e+01
1.051837639998518092e+01
1.050169925578165042e+01
1.046635270700199349e+01
1.045629591767258759e+01
1.041748620056416819e+01
1.041602388041061111e+01
1.039196753020375219e+01
1.038291025966649350e+01
1.036230745104348117e+01
1.033893489333410010e+01
1.031947398353250556e+01
1.029949574916922650e+01
1.028757187189051336e+01
1.026269854279342297e+01
1.023723409413597096e+01
1.020932988697200017e+01
1.021850737945661791e+01
1.019635413766810395e+01
1.017133222288794059e+01
1.013884804189092037e+01
1.011344095798780884e+01
1.008992524295864257e+01
1.006169699253608663e+01
1.005765649324736621e+01
1.003489498172212357e+01
1.001137094295634888e+01
1.001373963484361340e+01
9.999602214898560604e+00
9.977221681163008782e+00
9.954188957966074724e+00
9.925996026791946036e+00
9.905723434183432374e+00
9.894517367322333001e+00
9.872424653711123099e+00
9.843253601605109537e+00
9.822147940593248805e+00
9.801593458180256846e+00
9.786494298183534113e+00
9.768275958583727103e+00
9.746975644502793301e+00
9.742627283250882897e+00
9.745107806403973782e+00
9.738246820566395456e+00
9.727334630052848041e+00
9.706846021098929356e+00
9.686710156955088635e+00
9.670884921697094683e+00
9.651419340443904815e+00
9.637789857085241607e+00
9.619280481452546994e+00
9.602076926459510275e+00
9.577630016176444272e+00
9.552221883772244126e+00
9.532443804210885219e+00
9.511917817318282786e+00
9.494010637855746282e+00
9.477406765034835701e+00
9.458362168736167419e+00
9.449216722521232015e+00
9.447045814596021884e+00
9.425562093821067577e+00
9.424476571844392581e+00
9.401755689267259797e+00
9.386269241951664455e+00
9.372740415584432938e+00
9.357449354769187266e+00
9.354619127268007261e+00
9.340956578839683999e+00
9.332423165262270004e+00
9.319552602370674066e+00
9.303888682102584795e+00
9.287550612578412412e+00
9.268698320489605180e+00
9.256628120311264141e+00
9.235444727891913175e+00
9.219084435327689064e+00
9.200020424654335116e+00
9.185811619034739195e+00
9.163843868740801923e+00
9.153416561746208657e+00
9.146598321853648628e+00
9.134661228222535456e+00
9.119323871364878542e+00
9.118077957808889522e+00
9.102232735429874211e+00
9.104858015616491329e+00
9.092166321016204478e+00
9.087155879294769534e+00
9.064432673811637642e+00
9.046929609528408633e+00
9.030601536486324576e+00
9.017898019590262493e+00
9.000868389503674294e+00
9.005195532267373792e+00
8.989367458330619343e+00
8.973168715729324063e+00
8.958534488197921419e+00
8.947618849411371755e+00
8.938479365369314422e+00
8.919606730321598675e+00
8.900702831872099097e+00
8.884530609719941907e+00
8.874619997324666443e+00
8.860895752073288278e+00
8.841938799944889738e+00
8.830205345806266592e+00
8.814478678569724224e+00
8.800763609889010297e+00
8.783542676294951335e+00
8.775500727689248492e+00
8.771276514335967889e+00
8.761138847838299881e+00
8.741323703288868430e+00
8.725789704776339306e+00
8.710680984320333664e+00
8.700227756181526217e+00
8.681368997953162747e+00
8.668412702025729999e+00
8.662559586230203834e+00
8.646911096679614772e+00
8.627754784538510080e+00
8.620614902281678482e+00
8.613899149425577662e+00
8.606216529305076079e+00
8.588956044786437261e+00
8.581389941160185941e+00
8.564489359390197620e+00
8.547506848419002878e+00
8.538376833238514152e+00
8.530072246087891941e+00
8.522960004705359083e+00
8.509581497189598664e+00
8.500663457063140527e+00
8.482793566147432074e+00
8.468431999465005688e+00
8.457985422005153353e+00
8.442969074573774435e+00
8.429674046919448216e+00
8.414671122215272803e+00
8.406519945098157365e+00
8.399409935302024621e+00
8.395821590712420956e+00
8.383177875271202950e+00
8.375011959208551460e+00
8.373577629726183247e+00
8.372246929141484273e+00
8.366701136607169076e+00
8.355429477650140768e+00
8.354056058216924541e+00
8.344144209324205974e+00
8.338006192597468669e+00
8.329015940362051396e+00
8.318668529610084406e+00
8.311415185506699999e+00
8.297973636799042652e+00
8.283553146753654062e+00
8.268862678117702814e+00
8.259448430754655845e+00
8.244863445433926685e+00
8.232819409791046539e+00
8.226001344341787203e+00
8.213740509733124640e+00
8.205930542411641326e+00
8.192165278369428094e+00
8.179678161116113344e+00
8.166862217584110795e+00
8.152382283991070011e+00
8.146715492521408919e+00
8.132210511839126355e+00
8.128440331819179576e+00
8.112677478125116082e+00
8.106557195973474350e+00
8.095550883413036303e+00
8.079975187785731094e+00
8.065056419869661042e+00
8.063619581297833960e+00
8.054452014202146515e+00
8.043251222267636891e+00
8.028973691731046358e+00
8.019858576021213992e+00
8.008724411566056745e+00
7.996079685235397250e+00
7.981660970443005709e+00
7.966047613385000226e+00
7.955722576359107734e+00
7.949326633060814551e+00
7.944567724534703501e+00
7.929956659975450073e+00
7.918410285600049114e+00
7.909574877054934561e+00
7.900467744516057600e+00
7.890085998718968874e+00
7.876767318087632752e+00
7.863641685936491044e+00
7.848582456478803593e+00
7.836831087855177458e+00
7.826242068173825395e+00
7.815034595490144120e+00
7.811382575639534309e+00
7.799630276630198367e+00
7.787219920750302116e+00
7.781475682471948652e+00
7.770678950974223120e+00
7.757433213429062668e+00
7.743760291439118149e+00
7.745692910931922803e+00
7.739180807000505702e+00
7.729059152705567648e+00
7.720523253078003911e+00
7.705760592659945729e+00
7.702553188893690006e+00
7.691576895323364305e+00
7.679336825605855843e+00
7.670855197572589823e+00
7.664339941963150160e+00
7.659973329726132540e+00
7.654292083593491114e+00
7.653654861701875589e+00
7.647788347518393870e+00
7.647857486516809189e+00
7.635197235643116365e+00
7.625419183761877662e+00
7.628243949233063148e+00
7.622930935841678135e+00
7.613781264709388985e+00
7.604525404512804343e+00
7.594624452347873422e+00
7.584089304898793849e+00
7.577073246059877754e+00
7.569495247492101342e+00
7.559570339269006567e+00
7.546862594798876778e+00
7.561214153714556296e+00
7.565733621783281571e+00
7.554309101954562067e+00
7.543202467680356627e+00
7.534651988675514112e+00
7.527674301514744926e+00
7.523378313077727420e+00
7.515878035482210784e+00
7.504620414563135888e+00
7.495838122543816873e+00
7.493539885688787372e+00
7.482211914905629868e+00
7.472484414962531574e+00
7.466190653128219168e+00
7.455730724654793029e+00
7.448881701870795347e+00
7.446041120981399253e+00
7.442384756398437773e+00
7.433117376769214246e+00
7.423370827516351689e+00
7.414151481289636969e+00
7.403771135029703743e+00
7.395874767292998975e+00
7.388801364799777005e+00
7.386262238863748664e+00
7.380003070003156473e+00
7.372988491586742299e+00
7.363827253990167243e+00
7.354154772222084802e+00
7.355350074726698217e+00
7.347748007355694888e+00
7.340384734920812448e+00
7.337017403727909226e+00
7.329451145383725219e+00
7.325209111465963652e+00
7.318340637379786351e+00
7.309673455616416682e+00
7.302390053721048879e+00
7.295881372842390356e+00
7.288658634146102600e+00
7.284134200730186137e+00
7.275074109591876059e+00
7.265808293112653082e+00
7.256216679706812833e+00
7.247740584765178795e+00
7.240022350440326271e+00
7.235085519360322515e+00
7.234598161424167451e+00
7.227805298869352413e+00
7.217999594689126219e+00
7.210960998273657552e+00
7.203190145171944003e+00
7.194709760946548904e+00
7.186316544704875575e+00
7.176979056307180471e+00
7.171292604979798924e+00
7.162570064861155217e+00
7.169041841886216737e+00
7.165289268564676739e+00
7.155262974540246290e+00
7.153545842106819208e+00
7.149079984470046334e+00
7.144404060098300313e+00
7.136883318787046626e+00
7.129997508346835211e+00
7.121485915304170078e+00
7.114504238442708406e+00
7.106729696562135601e+00
7.099916643166103825e+00
7.091725259944682058e+00
7.083109102282005409e+00
7.075702416214390666e+00
7.066863876668712408e+00
7.059202909728963249e+00
7.050238806327500107e+00
7.050014847762398951e+00
7.042654377129331067e+00
7.039231093744991341e+00
7.031672216074353443e+00
7.026378383499025659e+00
7.017500922072028580e+00
7.020313337475982074e+00
7.014404948234370885e+00
7.006809433730594172e+00
6.998019632719768346e+00
6.993372633549726380e+00
6.985008954731972253e+00
6.976494017260202796e+00
6.967351651353732578e+00
6.961656151787206426e+00
6.953946801016879675e+00
6.950341875073760001e+00
6.942744811970749552e+00
6.934312870986839350e+00
6.931790446657626781e+00
6.925464328421029769e+00
6.916402612646334269e+00
6.914158774482532799e+00
6.904992478446201787e+00
6.897944501531577899e+00
6.892104843388135116e+00
6.883968756650024723e+00
6.874202486875682361e+00
6.867500276822681826e+00
6.864756853502809619e+00
6.856408586557607876e+00
6.852772983664737971e+00
6.846813465261369025e+00
6.841573541036206407e+00
6.833158764965292953e+00
6.825533599291352616e+00
6.817904036063059614e+00
6.813532607279761955e+00
6.808873712855892713e+00
6.803059380490239505e+00
6.794878689643314651e+00
6.787002540808945383e+00
6.778704166151242383e+00
6.772417731906527294e+00
6.772576364761868639e+00
6.769755341031083340e+00
6.770566857963405738e+00
6.763128996142057758e+00
6.756985986826228086e+00
6.750805370690106777e+00
6.743318842897984666e+00
6.736446194235015561e+00
6.727481470419411913e+00
6.721608477368351764e+00
6.721437482829706767e+00
6.714252726687711004e+00
6.708000906274748765e+00
6.702409513044822909e+00
6.701136766662044053e+00
6.698432088945602381e+00
6.691178083947842303e+00
6.683998354060381786e+00
6.677552988425270897e+00
6.676305803931500193e+00
6.668387581235352357e+00
6.660923962053849401e+00
6.654425766629465500e+00
6.646605869375550313e+00
6.638579456810584922e+00
6.632369858033159815e+00
6.624353256295095527e+00
6.621578192433688059e+00
6.615296287661231567e+00
6.607705055778606784e+00
6.601127365804757119e+00
6.595981274893964574e+00
6.589423015537998474e+00
6.583893010720050398e+00
6.577895518734871771e+00
6.570765179760096331e+00
6.564946578648135578e+00
6.560109716454327611e+00
6.555331475720784340e+00
6.547559197130615516e+00
6.541244712603043077e+00
6.536257719099114460e+00
6.528364280931009844e+00
6.522494297119759921e+00
6.515416503077129384e+00
6.508507802741657855e+00
6.502027965105417806e+00
6.494656817646813352e+00
6.489048685221049162e+00
6.484431330400901139e+00
6.477986279531624092e+00
6.471927153067075444e+00
6.465246350770145867e+00
6.461184421482937701e+00
6.453878623383887181e+00
6.447739335984930875e+00
6.444268107979680416e+00
6.440428203333410373e+00
6.432539272130449071e+00
6.427522162689255580e+00
6.423794478365351779e+00
6.416679945713316791e+00
6.414578760389203715e+00
6.407423404682555557e+00
6.401594623123099126e+00
6.407073184906504792e+00
6.400976008916819282e+00
6.392776553899775394e+00
6.386254699599018814e+00
6.379489060022006441e+00
6.376176127963618434e+00
6.369080240368955259e+00
6.367965824004126141e+00
6.367289527862598497e+00
6.362699788915295862e+00
6.357810816747620386e+00
6.356291885487088678e+00
6.355664553581995335e+00
6.350145968725477097e+00
6.345642415989839691e+00
6.339908310322027063e+00
6.334673537700703072e+00
6.329202617442837742e+00
6.325032268716031858e+00
6.320466517341623458e+00
6.318892446656144912e+00
6.313688429865019991e+00
6.310353933886552191e+00
6.303439655084855708e+00
6.301377166799197127e+00
6.296380784528288643e+00
6.289687652441042331e+00
6.282740310331189626e+00
6.276634715302636280e+00
6.270963325365114471e+00
6.264934646105301930e+00
6.258699166058122820e+00
6.253888210606720399e+00
6.248443496718699031e+00
6.252805025452600418e+00
6.247148026861472303e+00
6.240602233499332741e+00
6.235394410138995092e+00
6.231769167766905149e+00
6.227899976422264672e+00
6.222284052655028930e+00
6.216221051141675780e+00
6.211813077826661811e+00
6.206265066547348219e+00
6.200346009806070313e+00
6.196603400213375856e+00
6.190520769361335773e+00
6.184649249752167677e+00
6.179883439606324025e+00
6.179895837397674008e+00
6.173245577723562860e+00
6.169044209576541427e+00
6.172022235578853433e+00
6.173226375161382506e+00
6.167470838579426129e+00
6.163408644553157956e+00
6.159418057463894591e+00
6.153474045777217682e+00
6.148894365624510527e+00
6.148531178687274057e+00
6.145872567051229751e+00
6.141818003051146668e+00
6.137165603387238377e+00
6.132078182403699174e+00
6.126222552162762902e+00
6.122053544918362178e+00
6.116683530443536299e+00
6.112827709222296235e+00
6.109222219386336583e+00
6.105330460822402827e+00
6.099707013639788400e+00
6.094551610402914044e+00
6.089669998959229780e+00
6.084215038287594801e+00
6.084519107571248142e+00
6.079714695583035677e+00
6.078317141559878678e+00
6.074200514308953025e+00
6.076028789810634656e+00
6.077263177803331473e+00
6.071818830576127368e+00
6.066051140603922143e+00
6.061632435288719201e+00
6.060126849869003074e+00
6.054038716015320176e+00
6.048200636822736342e+00
6.045141072372897995e+00
6.043254623633463218e+00
6.041239915046968001e+00
6.036136780353347220e+00
6.034786937168763465e+00
6.030679226460718745e+00
6.025119017938973975e+00
6.019947818615346335e+00
6.015572674084707749e+00
6.010024714746309726e+00
6.005684386810046682e+00
5.999973457337872240e+00
5.994723244970080245e+00
5.989558117029242013e+00
5.986644912205322022e+00
5.981892230201048655e+00
5.976463524732571919e+00
5.972722473549213262e+00
5.970105022140198336e+00
5.970018545768668083e+00
5.965345871722466775e+00
5.963652104555454692e+00
5.960697721944873351e+00
5.959016612146102787e+00
5.957998678712884022e+00
5.953321197871676240e+00
5.947813783260389897e+00
5.944716192881389638e+00
5.940446220227624252e+00
5.936639465158435769e+00
5.931028192420582101e+00
5.925949121148293308e+00
5.928273980344103578e+00
5.923152144651201212e+00
5.917536774261460408e+00
5.917989278459319102e+00
5.913214906888506484e+00
5.907744851371925954e+00
5.903162829925435062e+00
5.899149356709687098e+00
5.893915559054920372e+00
5.891804212607648417e+00
5.888393208042502991e+00
5.882306781517550043e+00
5.881385775882421285e+00
5.877633187939828474e+00
5.872341320125602060e+00
5.872658465608580514e+00
5.868799816573740280e+00
5.864734584270983930e+00
5.860172070970247837e+00
5.854946536467782181e+00
5.851451819606814375e+00
5.850370069888412239e+00
5.845035678131172752e+00
5.845254620160170056e+00
5.846282701691908557e+00
5.841442827686784689e+00
5.836492464403298719e+00
5.834695805362294152e+00
5.830770235565931436e+00
