4.339685245502419852e-01
9.347658620234798876e-01
9.910380056561296502e-01
9.923431772026940489e-01
9.938344994933836496e-01
9.911863522310695451e-01
9.926407400803917147e-01
9.952574031956695766e-01
9.838234974364772345e-01
9.877499416557586898e-01
9.970172104639855037e-01
9.970467232279657255e-01
9.972625896725620942e-01
9.960432022798466623e-01
9.960579586618367731e-01
9.960883121627088777e-01
9.981651352209323091e-01
9.313147530480336833e-01
9.968993623445543406e-01
9.956056712051964963e-01
9.079691130660659804e-01
9.957637877226324097e-01
9.974256056567095685e-01
9.973573030320160848e-01
9.973908455348898805e-01
9.962343684543921718e-01
9.989202619040369324e-01
9.987842074822682603e-01
9.972801291835718951e-01
9.972925662913789679e-01
9.984439989505284885e-01
9.988292303923488324e-01
9.989187253848904602e-01
9.716447857642949160e-01
9.962162781157639646e-01
9.985775311616231775e-01
9.985040391609445454e-01
9.987035257316221326e-01
9.980961078230567995e-01
9.993638520824909000e-01
