5.000000000000000000e-01
9.014272233504525556e-01
9.856223264929241390e-01
9.873287324731725434e-01
9.908348952195410453e-01
9.785490620710248777e-01
9.925997179182773911e-01
9.942872508048606894e-01
9.945280494469255217e-01
9.407047984333303248e-01
9.847044737349447407e-01
9.951357862556914347e-01
9.954181868784164333e-01
9.931386012747310810e-01
9.896447016906061434e-01
9.543279250758476273e-01
9.943995906481069014e-01
9.616715298947193791e-01
9.912953291267494471e-01
9.948618799746619112e-01
9.940854159690724057e-01
9.963466213248561854e-01
9.959338485021111964e-01
9.969975546152831658e-01
9.767136174734113441e-01
9.928633034291918236e-01
9.955088704989770720e-01
9.959387479688233125e-01
9.949538102050965449e-01
9.964600048414850031e-01
9.945190042776114181e-01
9.964727028676377829e-01
9.886599378724428844e-01
9.950581485524107039e-01
9.974204162807250862e-01
9.769311653917907012e-01
9.945723765747510603e-01
9.966438363114262788e-01
9.977807735069311734e-01
9.977690031904516976e-01
