5.000000000000000000e-01
9.293971481624826447e-01
9.902952870899051074e-01
9.922637420619214721e-01
9.944286975391052330e-01
9.950961556580867340e-01
9.966892940854158445e-01
9.962416451771417547e-01
9.960261556146007278e-01
9.970498542481129878e-01
9.973054092721682640e-01
9.975058815343741392e-01
9.975605294323142136e-01
9.965459339499705971e-01
9.953627562254392380e-01
9.975970580006985333e-01
9.946181822398678651e-01
9.980464753555375879e-01
9.983881044427147522e-01
9.982863462879291161e-01
9.966762191772083890e-01
9.988057477412444207e-01
9.977952399796484739e-01
9.961954626299699411e-01
9.983809726746014634e-01
9.985048219159813332e-01
9.965863473026117525e-01
9.982227112025293669e-01
9.986233658176673078e-01
9.921640422629737222e-01
9.984438829868194087e-01
9.984648434272492823e-01
9.985154615862963379e-01
9.987299654573101870e-01
9.990809876049292493e-01
9.990286009993173399e-01
9.991642785390313364e-01
9.990646947037923331e-01
9.987508099340314249e-01
9.988548583720724405e-01
