7.084421524719306973e+00
7.538179224969807635e+00
7.847158557480620189e+00
7.576893296390471377e+00
7.417517845345835248e+00
7.051290736864174846e+00
6.830830401011232844e+00
6.879438721317946204e+00
6.714344561760109187e+00
6.595875848816941556e+00
6.577428808242333780e+00
6.494284403655703031e+00
6.373564709934045780e+00
6.266075623323521526e+00
6.195379571104850491e+00
6.113515776619848907e+00
6.038888870764393957e+00
5.959143493027383442e+00
5.937116538138350386e+00
5.954364884062752772e+00
5.871454882512554541e+00
5.804470451667241626e+00
5.747743910506989629e+00
5.716558804565798013e+00
5.697470003571480035e+00
5.633230819968836123e+00
5.569888810074878016e+00
5.530037720813674618e+00
5.465836989877201901e+00
5.419853007920871768e+00
5.391459221602614704e+00
5.371184479686905711e+00
5.311851014156679263e+00
5.288546256956273339e+00
5.239645213333974816e+00
5.192692640725987907e+00
5.197791860568410804e+00
5.159560371362318598e+00
5.139013929394883995e+00
5.104673849913612393e+00
5.101096093887189653e+00
5.091899766464707433e+00
5.095549901043014529e+00
5.036978680667588470e+00
5.003657978306812915e+00
4.983637869193781711e+00
4.978507193859194047e+00
4.953526534134417680e+00
4.919371446031111539e+00
4.919852990991596009e+00
4.882845959872617492e+00
4.860631706812807096e+00
4.826654152238636364e+00
4.796913767867490463e+00
4.791198083576116318e+00
4.763171923366832594e+00
4.745409758820342105e+00
4.722711362388788636e+00
4.689209417994085527e+00
4.659044404978183174e+00
4.627565209754433972e+00
4.601640306865898644e+00
4.572229810840840791e+00
4.546036111363390475e+00
4.522907154249076633e+00
4.498112497136564691e+00
4.483674497095907263e+00
4.461906456257019649e+00
4.442380039828600857e+00
4.410405655968829386e+00
4.380381150872402429e+00
4.365767330048650585e+00
4.353005595061439692e+00
4.339332939977423642e+00
4.332501058346188039e+00
4.312212116952649943e+00
4.296026937093929021e+00
4.290126115549276697e+00
4.267791795205157612e+00
4.246146813639873230e+00
4.216752358516691501e+00
4.192614228199809112e+00
4.160440110817584802e+00
4.141298718151782410e+00
4.116790839855894113e+00
4.107914461954939256e+00
4.082160368235515868e+00
4.062062460504326289e+00
4.039378333911533225e+00
4.031459277580175637e+00
4.013946414523149819e+00
4.006158275950789438e+00
3.982283855850413445e+00
3.963619917081163901e+00
3.955732882520507587e+00
3.950067662131590662e+00
3.943943406088477044e+00
3.923573621556750712e+00
3.908917103345783239e+00
3.897602102355873122e+00
3.884878463458839803e+00
3.874290891262236691e+00
3.869692601178240210e+00
3.860694994692996485e+00
3.846359561956512074e+00
3.832125994164616412e+00
3.813873521729854055e+00
3.795755423032882270e+00
3.792611802708353075e+00
3.783483764609278044e+00
3.762474276771613280e+00
3.752368296022656757e+00
3.738669014059457396e+00
3.733302568424617718e+00
3.717567750009126204e+00
3.707490520502734199e+00
3.690603176069848779e+00
3.685436681168620776e+00
3.670277534482475179e+00
3.661362454594544236e+00
3.649029162264986859e+00
3.634812768408188344e+00
3.639802760339408749e+00
3.631412792627419783e+00
3.619774558825934019e+00
3.602344562117220317e+00
3.591057827741943598e+00
3.582926859473176684e+00
3.569330300819423485e+00
3.563013104162600975e+00
3.550621692492503811e+00
3.534085990305037228e+00
3.522131160288703988e+00
3.513459181810301146e+00
3.500836036335541301e+00
3.495758785452267148e+00
3.484371138323905992e+00
3.474705560171382768e+00
3.462794667772955304e+00
3.448061094172329977e+00
3.439481603874665172e+00
3.428669418058861496e+00
3.418127332880950942e+00
3.403834439335503337e+00
3.404903726352799254e+00
3.390564025097150047e+00
3.379770563724952659e+00
3.378730655228697977e+00
3.379300291866008443e+00
3.366782453639203698e+00
3.361508277722193849e+00
3.353672817974224785e+00
3.347948187270831433e+00
3.337289433530472138e+00
3.334529059815193541e+00
3.327002038163342945e+00
3.319730357924624453e+00
3.310157372178628599e+00
3.303388866621741027e+00
3.291977955194533401e+00
3.299205915723439020e+00
3.289535017208356393e+00
3.285008346916435062e+00
3.279819366891526311e+00
3.269866114888213104e+00
3.263909805014602039e+00
3.256778266730278482e+00
3.247822409181256198e+00
3.239801795856986466e+00
3.228116665750576875e+00
3.222556722509104965e+00
3.214583555799416459e+00
3.208054221443688903e+00
3.200325195977322235e+00
3.197346695728579213e+00
3.191719525914067823e+00
3.182502572475909286e+00
3.178182753238821157e+00
3.172586855113855631e+00
3.168096280825609234e+00
3.170384500073086365e+00
3.161539518650452241e+00
3.153519543783689816e+00
3.141650683516208797e+00
3.139147545260838168e+00
3.135692169297261245e+00
3.124549018111030030e+00
3.118585001480199015e+00
3.107521184631961475e+00
3.105141000524184403e+00
3.095773022905317085e+00
3.096301638629584740e+00
3.092868420448894540e+00
3.094685256619002622e+00
3.087930325197386860e+00
3.082276536801662914e+00
3.075048976142072288e+00
3.068687545033619291e+00
3.063513996445451859e+00
3.058017989992496855e+00
3.050747018576437153e+00
3.048242261246141727e+00
3.041656219426259522e+00
3.036126692080030498e+00
3.031734358512777394e+00
3.023813930345332412e+00
3.016511030450212072e+00
3.008481160698405876e+00
3.005999624282819749e+00
2.999244285264886845e+00
2.990591003317971897e+00
2.979982799309497832e+00
2.976188552939702081e+00
2.968334958042297078e+00
2.964902016897370540e+00
2.956964893273173800e+00
2.947942792743908580e+00
2.939169477302492783e+00
2.932196690436603248e+00
2.930162652033251547e+00
2.923539984153574078e+00
2.918360398560291280e+00
2.911869909777498933e+00
2.905932158549963340e+00
2.902015959338133833e+00
2.893441887586591488e+00
2.890261626448378696e+00
2.883458053861195136e+00
2.878531846780786552e+00
2.872862033916339985e+00
2.874056079674855102e+00
2.872694901441701809e+00
2.867644047498156823e+00
2.861708901803166061e+00
2.858037438466464852e+00
2.858803063187578264e+00
2.852781211455015509e+00
2.852637948122831890e+00
2.849688711622710979e+00
2.843613776365230272e+00
2.837110492937777728e+00
2.837786644427665372e+00
2.832975801210367628e+00
2.827928121963125818e+00
2.826967844873596647e+00
2.820202713117503368e+00
2.815243121416535654e+00
2.811214968122264679e+00
2.804313182456429576e+00
2.802906329236320548e+00
2.796442419285265046e+00
2.790266860311368724e+00
2.790941000519867821e+00
2.784888983382418637e+00
2.780237896950193743e+00
2.782831219727552430e+00
2.777402694495891389e+00
2.772029118566732730e+00
2.766971411523366786e+00
2.759886091180518086e+00
2.758806880569139253e+00
2.753579653383529280e+00
2.746906954806815904e+00
2.741216512097238489e+00
2.736553164160306473e+00
2.737049015729524193e+00
2.739426403669854793e+00
2.734627700229913749e+00
2.735784090037595373e+00
2.732524369247448792e+00
2.726246416384950688e+00
2.721059778660836592e+00
2.716789949391039016e+00
2.711671845079096421e+00
2.706887206729634343e+00
2.700257553999042770e+00
2.698554183973774556e+00
2.691478898321770785e+00
2.686898266406944735e+00
2.684410487467432382e+00
2.677257294470767768e+00
2.676265191302451107e+00
2.676768287887246078e+00
2.675205559904985542e+00
2.670663941847782219e+00
2.665846668115766427e+00
2.661068796276196302e+00
2.659138915969748496e+00
2.657370180810612492e+00
2.656975404771921401e+00
2.654297779884118746e+00
2.650604744379837285e+00
2.645780374648118993e+00
2.640686581827972557e+00
2.634935124448130050e+00
2.631184282896881665e+00
2.625064697612703668e+00
2.622874800694653619e+00
2.617639001864834114e+00
2.613132869077715359e+00
2.608352862582518306e+00
2.601789537669974006e+00
2.597121465851895739e+00
2.593976578204105987e+00
2.588157122790421205e+00
2.582944279400457344e+00
2.579261204817358877e+00
2.582694600519777950e+00
2.578394373979447263e+00
2.576229230334586173e+00
2.569676489484399085e+00
2.570703551949281795e+00
2.564431899603835330e+00
2.560476669781781123e+00
2.559849639170078905e+00
2.555408550594765682e+00
2.549234168286291791e+00
2.544930162272852403e+00
2.538547211688088279e+00
2.534045384675058799e+00
2.537145644953085366e+00
2.538403553836534154e+00
2.535600529456277119e+00
2.530666076115757335e+00
2.525875402820104920e+00
2.520483962377499942e+00
2.516874945653577722e+00
2.512781789380545305e+00
2.506894315257737649e+00
2.503398803705072506e+00
2.498421916522376662e+00
2.494854220186401239e+00
2.491225892009433451e+00
2.486836139320893313e+00
2.482531769508321773e+00
2.481405684153608959e+00
2.476325181896186667e+00
2.472654476970980841e+00
2.467761974588935203e+00
2.462326822046786656e+00
2.461738639483016300e+00
2.458711316594632823e+00
2.453877884022365841e+00
2.451773244429428011e+00
2.449330066269241435e+00
2.443645112140452547e+00
2.438537499435835088e+00
2.433295253953410509e+00
2.428599972559296827e+00
2.424662692738590586e+00
2.420252513217827417e+00
2.415204745586617019e+00
2.410178742634234705e+00
2.407606159383834044e+00
2.406068373804043592e+00
2.401798813361048612e+00
2.398970908483876840e+00
2.394825728332709236e+00
2.391883562544260045e+00
2.388063205619615381e+00
2.386145883357726483e+00
2.384938714590889575e+00
2.380957591008053598e+00
2.376113919695471033e+00
2.373217690230592591e+00
2.371536325552767277e+00
2.367452153551893534e+00
2.362984759836094462e+00
2.361355529346374382e+00
2.359332976778540480e+00
2.357147842009177818e+00
2.352625533016971193e+00
2.352064390819888384e+00
2.349662020277745622e+00
2.347352314637040749e+00
2.342847373388449839e+00
2.339354334728358076e+00
2.335994231693179213e+00
2.333292438183394157e+00
2.329885042846737253e+00
2.327046947097436647e+00
2.322420402963804253e+00
2.320460960788848670e+00
2.316696262233551629e+00
2.312576433758941619e+00
2.308123353691438506e+00
2.303960259967368085e+00
2.301545129522316380e+00
2.299327446982064149e+00
2.295905745161804123e+00
2.293643541475930636e+00
2.294522587791800294e+00
2.291523648809683511e+00
2.290388877913148491e+00
2.286075789584204543e+00
2.283462082900981738e+00
2.282403435890424603e+00
2.277761740690043890e+00
2.274759467790691492e+00
2.272346624577283425e+00
2.270970590260145805e+00
2.267421836418785031e+00
2.263845068065465149e+00
2.260143747008145798e+00
2.257435981504617217e+00
2.254408816596235265e+00
2.251071795503663875e+00
2.250902446970719950e+00
2.248289250156375374e+00
2.243891472582255631e+00
2.239930673198868849e+00
2.241397875385968241e+00
2.240306185866871136e+00
2.239635385683774071e+00
2.235482031562248117e+00
2.233130041793129905e+00
2.230323681011824100e+00
2.227804646220865159e+00
2.223853660230795448e+00
2.220344989896265275e+00
2.217107493866185219e+00
2.217289815226861194e+00
2.214361280271955223e+00
2.210411611292612211e+00
2.210598172946865780e+00
2.206406626530067250e+00
2.203606693786378301e+00
2.203215597021459082e+00
2.200300194207849280e+00
2.196758981217751927e+00
2.192706193946238447e+00
2.189118296513106632e+00
2.185428248033854715e+00
2.181678330553560308e+00
2.178489391446947643e+00
2.175349797157779097e+00
2.172287001608799617e+00
2.169163343877242411e+00
2.166358632733011103e+00
2.162364855422396648e+00
2.158993388080136633e+00
2.155075974502810965e+00
2.154394208327597315e+00
2.152444183208859663e+00
2.149747697218945763e+00
2.146517746690350226e+00
2.142775492929284376e+00
2.141657352126291602e+00
2.138619163544047463e+00
2.137332333869188083e+00
2.133588119917747328e+00
2.130903074159844479e+00
2.128299567983999996e+00
2.125794714240763383e+00
2.122404863425003452e+00
2.118407178860818085e+00
2.116746543285064064e+00
2.112889939564371211e+00
2.112577299799766717e+00
2.111467296073690214e+00
2.108774580468966597e+00
2.105599742829838306e+00
2.105053514135290182e+00
2.102852861864588974e+00
2.099206894812540192e+00
2.096516125820596876e+00
2.093232779244249553e+00
2.090899372390453870e+00
2.090328050611683253e+00
2.086946781544743779e+00
2.083740542228907255e+00
2.083863009414806289e+00
2.080885519106770776e+00
2.077446370280424226e+00
2.074182000835901984e+00
2.070656308746771312e+00
2.067151619466531365e+00
2.065148865844772086e+00
2.062408712934198807e+00
2.059519766046439937e+00
2.056187220545336203e+00
2.052725308940037241e+00
2.050769725637803909e+00
2.047708556839521687e+00
2.045869162516269046e+00
2.047279943621090670e+00
2.045440625607221730e+00
2.042320748420989762e+00
2.040305402511259469e+00
2.039148356976912879e+00
2.036483814543006865e+00
2.038598162237144962e+00
2.035762955475445057e+00
2.033763590564297896e+00
2.032736360348387006e+00
2.030137981514841261e+00
2.029645456205324106e+00
2.029763659812234167e+00
2.027569691467019375e+00
2.024688260512381266e+00
2.021863033396124276e+00
2.018532304375082465e+00
2.015889255349252895e+00
2.013094794975893276e+00
2.010277751913176036e+00
2.007121812761393009e+00
2.007941094012195116e+00
2.007495564172316449e+00
2.005321462714121594e+00
2.002397755671445623e+00
2.000096663723538004e+00
1.998149949475265252e+00
1.995291445237336703e+00
1.995203599113125170e+00
1.993868857800812799e+00
1.991316915955981592e+00
1.988539547688370490e+00
1.986001176895912268e+00
1.983114711246632744e+00
1.980645802779621656e+00
1.978546172151835814e+00
1.976033531603405002e+00
1.972986336177856792e+00
1.972163576205152147e+00
1.969427147887931939e+00
1.967489323554948877e+00
1.964375095858928111e+00
1.964811640244477964e+00
1.961821492077368889e+00
1.959866272823406197e+00
1.958061154309594931e+00
1.956142496578052725e+00
1.956183523167910776e+00
1.954158702343665510e+00
1.952098702001730191e+00
1.950510808069870539e+00
1.950139332266763059e+00
1.948020962616055174e+00
1.949925998354276047e+00
1.947420403279860990e+00
1.945131848861402890e+00
1.943125250920424651e+00
1.940330396348090902e+00
1.940130741561338912e+00
1.937750558612318930e+00
1.935145990667337390e+00
1.932850405418932827e+00
1.930887923923072291e+00
1.930062449515999923e+00
1.927456093994307285e+00
1.924983824789876286e+00
1.923266257912971344e+00
1.921305865924933354e+00
1.918591184735775279e+00
1.917770237503563679e+00
1.915899629551385930e+00
1.914075695718622683e+00
1.911362053689598550e+00
1.908449209453793705e+00
1.906222412998848537e+00
1.904087948198934566e+00
1.901147110928486761e+00
1.899521127967893852e+00
1.898452939385225413e+00
1.897303333870079989e+00
1.895739740905120874e+00
1.895080487203830488e+00
1.892332029355435763e+00
1.889770287797892134e+00
1.887137696108316387e+00
1.885785745015276627e+00
1.883351525620471811e+00
1.881252258132106725e+00
1.878831756518964058e+00
1.876726158677936684e+00
1.874468132514515606e+00
1.871817465775415856e+00
1.869112864919960870e+00
1.867666038984645560e+00
1.864996132367329196e+00
1.862516371043324792e+00
1.860070443477271240e+00
1.859515644462116590e+00
1.862071410707811348e+00
1.859621681749500155e+00
1.860560558695365074e+00
1.860332012640764088e+00
1.859422906489291982e+00
1.857227785007455889e+00
1.854797768847370465e+00
1.852726361495073526e+00
1.851648556042287952e+00
1.849868996383277064e+00
1.850721383167213796e+00
1.848716259633760517e+00
1.846452238502563459e+00
1.845746201397545860e+00
1.844328475622857955e+00
1.842084584839811079e+00
1.839903680349324722e+00
1.837320910310070499e+00
1.835972200533204646e+00
1.833663247807740371e+00
1.832846308515668987e+00
1.832772253151958797e+00
1.832971650864660740e+00
1.830731328143942349e+00
1.828505858072237089e+00
1.826351423356784354e+00
1.824725142894591201e+00
1.822874703176189826e+00
1.821221759487599234e+00
1.818848716075937233e+00
1.816850277193228669e+00
1.815074287365166850e+00
1.812963425627428515e+00
1.810742435145920259e+00
1.808669785078089509e+00
1.806781338140649007e+00
1.804426073879825898e+00
1.803107413774368561e+00
1.801706328615528596e+00
1.799949894543810158e+00
1.797646520648451540e+00
1.796648565710785794e+00
1.794550798651318502e+00
1.792184109926942437e+00
1.789817671755871142e+00
1.787552262580098583e+00
1.785312748074628697e+00
1.784445199492669110e+00
1.784739085464682962e+00
1.782955596338697823e+00
1.781180782849252076e+00
1.778813059743649116e+00
1.777809986494558681e+00
1.777498997192072050e+00
1.775610776208764063e+00
1.773371729603082425e+00
1.771861325720638591e+00
1.770300851261394248e+00
1.768922571282208311e+00
1.768035468362979090e+00
1.766479977153139869e+00
1.766306527510664637e+00
1.764322481455252944e+00
1.762585042273603797e+00
1.760924184943060133e+00
1.758976074991286165e+00
1.756656769698847542e+00
1.756063909325243699e+00
1.753982833644214034e+00
1.751839541212245832e+00
1.749756260403552366e+00
1.748524535329611274e+00
1.747442384110765579e+00
1.745313258221057540e+00
1.743285168878614622e+00
1.741264852196653390e+00
1.740392169707374315e+00
1.739039199833710025e+00
1.737287016752568025e+00
1.735218643083558110e+00
1.733489124475360521e+00
1.731475888379924832e+00
1.729533130300032528e+00
1.727394309743388590e+00
1.727569835354320738e+00
1.725298581401861986e+00
1.723528938379393916e+00
1.721439625375175586e+00
1.719631622377616020e+00
1.717854377383608799e+00
1.715977608067640769e+00
1.714056828050989134e+00
1.712411128282531392e+00
1.711420595375742648e+00
1.710685958322911260e+00
1.708760106222406927e+00
1.706812160368807785e+00
1.705551092353770448e+00
1.703503810202907198e+00
1.701374635586700990e+00
1.699407916064080482e+00
1.697806429272805673e+00
1.696775269508929762e+00
1.694754837216966070e+00
1.696989783556331899e+00
1.695712156227747514e+00
1.695698831718012611e+00
1.694163163801798877e+00
1.693504232250085728e+00
1.693731772889395026e+00
1.692678563020186155e+00
1.690931883151389536e+00
1.689417442553767357e+00
1.687609087926525087e+00
1.686553420076366772e+00
1.686632913254237920e+00
1.685446066315539726e+00
