1.724487194974709681e+01
1.660998167206027887e+01
1.582938225109040076e+01
1.591574460511453637e+01
1.581307413428104169e+01
1.557002533230034302e+01
1.535647529381966869e+01
1.514206875838066324e+01
1.508845356566182438e+01
1.497622151987464001e+01
1.490342224505083557e+01
1.475048451694889273e+01
1.465625795829272526e+01
1.455073787700412957e+01
1.443940196936441467e+01
1.427301936242273861e+01
1.419984569039073818e+01
1.425262455252304505e+01
1.419056362979780950e+01
1.404947663320137252e+01
1.396407843830197137e+01
1.388582021948853473e+01
1.375655477813435645e+01
1.367314098454557048e+01
1.359636410679607366e+01
1.360451002839473489e+01
1.348342851769933581e+01
1.341795520736391367e+01
1.333918236793392964e+01
1.333010370521219556e+01
1.325618694879280213e+01
1.318342353623140539e+01
1.313768758572668460e+01
1.307661444757201075e+01
1.299576947324614729e+01
1.292603004545927803e+01
1.279627864256003456e+01
1.275535878931485101e+01
1.269522295752423702e+01
1.268006562083054511e+01
1.259210626651120535e+01
1.253344329192123574e+01
1.250872096425649005e+01
1.249975870873168660e+01
1.246988492147927019e+01
1.243671519983226581e+01
1.238475444179984386e+01
1.237127363274733050e+01
1.234129070777060200e+01
1.230207370987034743e+01
1.227636594667447945e+01
1.225347517170707512e+01
1.220781362754413557e+01
1.216343783101462428e+01
1.213867837315117981e+01
1.210590597893068932e+01
1.207779763587812738e+01
1.202118770085049526e+01
1.198224690945415460e+01
1.193844511837653855e+01
1.192443652032173240e+01
1.189530058209966512e+01
1.184149764315950470e+01
1.181525786117672894e+01
1.175043168356909362e+01
1.171083133060401060e+01
1.166808984767591006e+01
1.161765193229950732e+01
1.155014917526263929e+01
1.154433996190491918e+01
1.152926972713140685e+01
1.152314645501574653e+01
1.151089418995847424e+01
1.146819421946708850e+01
1.145225224759661486e+01
1.142436146818130638e+01
1.139296971525847191e+01
1.134688597084108785e+01
1.135016807462842792e+01
1.131100776030639032e+01
1.126354657144233684e+01
1.121868291259097994e+01
1.122225922583437097e+01
1.119118487208120349e+01
1.118553879497527248e+01
1.117653401905036148e+01
1.115301826434689580e+01
1.110318082918975513e+01
1.106676438219252923e+01
1.105234736446533539e+01
1.104288171077985936e+01
1.102130077054615320e+01
1.099601502745306014e+01
1.096799619473646459e+01
1.092916842054830262e+01
1.091130413659375442e+01
1.088801262978269868e+01
1.086685953932341597e+01
1.084609349269034695e+01
1.082358737655887637e+01
1.081192062475602533e+01
1.076184364345644440e+01
1.072705991156103877e+01
1.070650846770004883e+01
1.071544162819088619e+01
1.068912108367502967e+01
1.066887247546351070e+01
1.064237805599538156e+01
1.061465718711577821e+01
1.059634042739524595e+01
1.056406084299748827e+01
1.055169392789790628e+01
1.051879174545994289e+01
1.049741624339670132e+01
1.047414208234436828e+01
1.046237067331557746e+01
1.045543445344028299e+01
1.043543025083724274e+01
1.041158902606149539e+01
1.038942065120987124e+01
1.035745431615706380e+01
1.034965277662760386e+01
1.031952275329707369e+01
1.030017156090406161e+01
1.027748251155706782e+01
1.025304675978068580e+01
1.023553963416325807e+01
1.023082492836339341e+01
1.021977627795805432e+01
1.019669279198817691e+01
1.019204238015264075e+01
1.016817862866192002e+01
1.014599640062116315e+01
1.012987663874823951e+01
1.009861555405709943e+01
1.007810734261166452e+01
1.006027950046741637e+01
1.003797063189596095e+01
1.005099631256248749e+01
1.004439901935321089e+01
1.002523195753449059e+01
1.000814134824373625e+01
9.995310130323861841e+00
9.985346274816906842e+00
9.967414306550487879e+00
9.954944649487632802e+00
9.929943722394430239e+00
9.904093086703131377e+00
9.888836429770275771e+00
9.883139659305323121e+00
9.881032992617384991e+00
9.865374271018966468e+00
9.838682970180926191e+00
9.817501298799504283e+00
9.806153337251268809e+00
9.783096689466303175e+00
9.772239650080392082e+00
9.762784693424153559e+00
9.730466174677737001e+00
9.709865968865473818e+00
9.704823544233946109e+00
9.695085553471260553e+00
9.674574417553474248e+00
9.654835571118752569e+00
9.640882475338047541e+00
9.639482546493361781e+00
9.618874617303863062e+00
9.601259997606673480e+00
9.577516685292348342e+00
9.570971290751510097e+00
9.563178406930724407e+00
9.545024346741014298e+00
9.535524999898626675e+00
9.530090043203783168e+00
9.516103326296621034e+00
9.500147121123271532e+00
9.486985589394516083e+00
9.489192300796725377e+00
9.468347819126645248e+00
9.447166265614114877e+00
9.430533634822342748e+00
9.413290480637170887e+00
9.399899713929231737e+00
9.379675995402685373e+00
9.362581057179285793e+00
9.362882782281577221e+00
9.344472483866100632e+00
9.328037504180148431e+00
9.315481178838169285e+00
9.308060642389570205e+00
9.287093623800442899e+00
9.282417635778287490e+00
9.269323537813287217e+00
9.256222134874658281e+00
9.258764242301326775e+00
9.252882943786177705e+00
9.230994782008149713e+00
9.225834272400348368e+00
9.215433471742167981e+00
9.210323975944183061e+00
9.203428597358890073e+00
9.190781248275627036e+00
9.191686299181831998e+00
9.180667436947622662e+00
9.163462001387550515e+00
9.160107857294386591e+00
9.146264221472273803e+00
9.131870610393786336e+00
9.111498092741893373e+00
9.108240683731873233e+00
9.093565076162013483e+00
9.075523449579790736e+00
9.076775290558686038e+00
9.073153817556969258e+00
9.053280173562711752e+00
9.034565257128473803e+00
9.016711736065632365e+00
9.003351935504795733e+00
8.989523726557955285e+00
8.992715239228180835e+00
8.999288378525337251e+00
9.004062166990452809e+00
8.991153942076872241e+00
8.983627144028874412e+00
8.966992738097012250e+00
8.949751979276109992e+00
8.948627243300139256e+00
8.927100118172575094e+00
8.914459589269865702e+00
8.898695917202047667e+00
8.885482845231763349e+00
8.878010492284362343e+00
8.875396979584072810e+00
8.862418637702313973e+00
8.842630124117825119e+00
8.828430375703698374e+00
8.830116840895017916e+00
8.824321008194797145e+00
8.804156767304105458e+00
8.786001909646801167e+00
8.788573268092312318e+00
8.770096465829954724e+00
8.754029581560871520e+00
8.743256227143758608e+00
8.733367738574617789e+00
8.720883736371575878e+00
8.704406004704599908e+00
8.694573639382827679e+00
8.678544097348733999e+00
8.665114305161958796e+00
8.648057089623565119e+00
8.643833581059462645e+00
8.628822153231151759e+00
8.622453455690383350e+00
8.606640175827726225e+00
8.599314656734662776e+00
8.587954773691741650e+00
8.569097039151383655e+00
8.561868372878825184e+00
8.556902585692618857e+00
8.550596235528141520e+00
8.542190404820315663e+00
8.536776530013886699e+00
8.524187872892511564e+00
8.516587932262718041e+00
8.503125559242937115e+00
8.494203113539052552e+00
8.486926740149835169e+00
8.475550594214707800e+00
8.458702073606223948e+00
8.451602070330389793e+00
8.435699136067462689e+00
8.432872922829197648e+00
8.417901481884777937e+00
8.407999649926841457e+00
8.407946958558705219e+00
8.399333762316469887e+00
8.386001692014620090e+00
8.371559240339109920e+00
8.361276875417761545e+00
8.347317060827927904e+00
8.337013334264517184e+00
8.323664204410574641e+00
8.325108233786686185e+00
8.313891051938087529e+00
8.300648652875938893e+00
8.289280403835885380e+00
8.276164979694717871e+00
8.261766586372649712e+00
8.249900706997031818e+00
8.240307786166074067e+00
8.225156694517270495e+00
8.215629161097053768e+00
8.203179264284928607e+00
8.194259576055710426e+00
8.182754757059523598e+00
8.169329161586558641e+00
8.154879936176939736e+00
8.145741538076277877e+00
8.131740168935783331e+00
8.118451435592344723e+00
8.113901239588214409e+00
8.105000944965011556e+00
8.091193206319498898e+00
8.088904928049723608e+00
8.083770001354075418e+00
8.080892242715245644e+00
8.067031880627867579e+00
8.061801101438751616e+00
8.049591474405026759e+00
8.035143694554280458e+00
8.024544232880714389e+00
8.008521431558492054e+00
8.014450762684852236e+00
8.005820299931365014e+00
7.995946713463831124e+00
7.982529804437193732e+00
7.972084585331840501e+00
7.960451416025440707e+00
7.948021167150961297e+00
7.935160565018920309e+00
7.930543862650885956e+00
7.917668121361254308e+00
7.906840628549606009e+00
7.896140044529997404e+00
7.890630323340151797e+00
7.885774447139787924e+00
7.876821251398960833e+00
7.870747594605231434e+00
7.860610298042900013e+00
7.850246850783352492e+00
7.838346501397595034e+00
7.837591491200732285e+00
7.829086247815246757e+00
7.820182176779200134e+00
7.811047908957189811e+00
7.803658075568046470e+00
7.803310787838711349e+00
7.792443344551509554e+00
7.781884664772545257e+00
7.771152931119086560e+00
7.758212549777709910e+00
7.756134731138064176e+00
7.742589614156130118e+00
7.729430561853205539e+00
7.730338197151084501e+00
7.723903416931588772e+00
7.730281591306012778e+00
7.724623582422433188e+00
7.715662713538518069e+00
7.712092132774886366e+00
7.705236746787264224e+00
7.697864783271045397e+00
7.694917890937086113e+00
7.685075118081220680e+00
7.679395866482874311e+00
7.671540511174636201e+00
7.661752421339367736e+00
7.658203043624330242e+00
7.648168774918524981e+00
7.640509742467492593e+00
7.632069366331294624e+00
7.624199601331816289e+00
7.614851488418535652e+00
7.613708413314706824e+00
7.606880868529923845e+00
7.599012134788564410e+00
7.589973581201306274e+00
7.584341673088688118e+00
7.576415530029986023e+00
7.567884934529307550e+00
7.569150231577268961e+00
7.561976044625120963e+00
7.552298352744760024e+00
7.544271059201505203e+00
7.535320199148093145e+00
7.523592582274567064e+00
7.510880833432443282e+00
7.501492256550534421e+00
7.493050401248765979e+00
7.484438632011218395e+00
7.472675317191979083e+00
7.469756800750145587e+00
7.463690631055720281e+00
7.458666141802787308e+00
7.450614362527749002e+00
7.440450610865442904e+00
7.432532439268259239e+00
7.422862692172950361e+00
7.414959538665310212e+00
7.407351799178952589e+00
7.401412840774302282e+00
7.393716430220155900e+00
7.384626963103730901e+00
7.374034752911597046e+00
7.372925220825448100e+00
7.368852948829042404e+00
7.364882036349202465e+00
7.360524188451163852e+00
7.352542910446894453e+00
7.342773420296135001e+00
7.336929800019458270e+00
7.328985201855144460e+00
7.339064772334586984e+00
7.330833543754596171e+00
7.319358445525534940e+00
7.311518552412810124e+00
7.304508209978793687e+00
7.294074235456150745e+00
7.287011136109996734e+00
7.279284633655187520e+00
7.270438890393394082e+00
7.263133152867014886e+00
7.257220156453668025e+00
7.246796776174347698e+00
7.237714003812079966e+00
7.227060465897217512e+00
7.219000492432111393e+00
7.211339125542781225e+00
7.207948170002985933e+00
7.195840810614705596e+00
7.195161875249020511e+00
7.184828470474891482e+00
7.181126714779046516e+00
7.179035080057942331e+00
7.176641330186069645e+00
7.169232404952705195e+00
7.165200316269475955e+00
7.155478017832498594e+00
7.154400281151875873e+00
7.151733952411668760e+00
7.142608293202118652e+00
7.136856044604687810e+00
7.128277955183082604e+00
7.119980632270771714e+00
7.112910181666194376e+00
7.104383295726642622e+00
7.097494651766077745e+00
7.092363493402675800e+00
7.086279242616859264e+00
7.076964860401517399e+00
7.073374904181853218e+00
7.071518448191500106e+00
7.063470702725830108e+00
7.057530897085752208e+00
7.053617553002110796e+00
7.053974509699872719e+00
7.049587821735533666e+00
7.047716090685589130e+00
7.041745681058332096e+00
7.033918906953535277e+00
7.030837913978695397e+00
7.021541513618633878e+00
7.013702251551960032e+00
7.007514633833254791e+00
6.998859251034332374e+00
6.994515371542929572e+00
6.988604401837165803e+00
6.981558929010412307e+00
6.973333311888125330e+00
6.963966119130334143e+00
6.958952157526863580e+00
6.952839811887994159e+00
6.945012373423565144e+00
6.938832196449553180e+00
6.930924847825928659e+00
6.925367159615570145e+00
6.919449677144221766e+00
6.911305322370908222e+00
6.907965040415981584e+00
6.901532429068305774e+00
6.893674951822201358e+00
6.885289124333769273e+00
6.881407206652339070e+00
6.880326644333832675e+00
6.876221548015367446e+00
6.868358620442188034e+00
6.868680935168457680e+00
6.862079014165711754e+00
6.854145733644046778e+00
6.847645816671085406e+00
6.839287290455326129e+00
6.838411219547134934e+00
6.832990986022028146e+00
6.829914845180994121e+00
6.828062147973849250e+00
6.823097033611298379e+00
6.823125062603062396e+00
6.820051446221400582e+00
6.813972062231175464e+00
6.806023411765498743e+00
6.798715223551332620e+00
6.797171913151416334e+00
6.798262069017773968e+00
6.793315617654681837e+00
6.784403928630345249e+00
6.776908265206185611e+00
6.773376171884394559e+00
6.767139387077937940e+00
6.759738724517136532e+00
6.754361120278261410e+00
6.748726963854208449e+00
6.740890380011067329e+00
6.735581474904942745e+00
6.729112086635689494e+00
6.720546445028959148e+00
6.712457532305492691e+00
6.707975696734351345e+00
6.700018055846072684e+00
6.693084661023567250e+00
6.687116592246974633e+00
6.679086393044636694e+00
6.673655068619829933e+00
6.667170749804343544e+00
6.660923612447159137e+00
6.661122451043041792e+00
6.653874479603158143e+00
6.657021669233857075e+00
6.649273076076699596e+00
6.651598082049884120e+00
6.643651151982982839e+00
6.637497318720111394e+00
6.631750920830429941e+00
6.626497758497495560e+00
6.621158669393292229e+00
6.615260060910124196e+00
6.617967147217646229e+00
6.616911390815992000e+00
6.611376283788398922e+00
6.614824344023800151e+00
6.608468705345371674e+00
6.601736463743194783e+00
6.596064452123186150e+00
6.588965293205848894e+00
6.583950407392993753e+00
6.583478607567145424e+00
6.578716582278816283e+00
6.575496202262483436e+00
6.569981226869133550e+00
6.566086748472889312e+00
6.560403252639058991e+00
6.554430501441752099e+00
6.548192398516732737e+00
6.542178975784764816e+00
6.536519999220775645e+00
6.530136386434009843e+00
6.522332791463673729e+00
6.514883908340446617e+00
6.509593497869189171e+00
6.504172061384422499e+00
6.500124318807982249e+00
6.493629617911290453e+00
6.486288739240684720e+00
6.487744335373987425e+00
6.484005088490731872e+00
6.480316808060207379e+00
6.474905404646936091e+00
6.468496123645117279e+00
6.467866420850125309e+00
6.463052758194101521e+00
6.456285282629594668e+00
6.450830504143477917e+00
6.444340063443503297e+00
6.438306338610735757e+00
6.431388488005737258e+00
6.425467006577921580e+00
6.420021325046823435e+00
6.414424533001483297e+00
6.407834090801017624e+00
6.402852434543176763e+00
6.395567996171780401e+00
6.389347783693132499e+00
6.382653755472603052e+00
6.375981633685912087e+00
6.370347864923937564e+00
6.370231352997983265e+00
6.365975902646384021e+00
6.362814010904581430e+00
6.356781182083722115e+00
6.351068588333331988e+00
6.345396845095056193e+00
6.338817979152313598e+00
6.337238374889961889e+00
6.333802333102000581e+00
6.326925907871189914e+00
6.323928703809174046e+00
6.322668183666234398e+00
6.316658076914637654e+00
6.310271219580087632e+00
6.308190588243278718e+00
6.303284610970292690e+00
6.298020253758526366e+00
6.293428040339875906e+00
6.288191525935504345e+00
6.281543428919829530e+00
6.276363948878964649e+00
6.275786266832855453e+00
6.276621081799540924e+00
6.273097662909149719e+00
6.270466977782060525e+00
6.266213887219235446e+00
6.261977546352370361e+00
6.264352233707872308e+00
6.258721879515706910e+00
6.254013078403136028e+00
6.248991625022218166e+00
6.244778147746575137e+00
6.238118684442095052e+00
6.234569588272147911e+00
6.230588125248241127e+00
6.226096744502028990e+00
6.220321656703050373e+00
6.219346052291713001e+00
6.216065093143378739e+00
6.213549321632774181e+00
6.208484480386132986e+00
6.204018310911078693e+00
6.198885736766222898e+00
6.196859687261548011e+00
6.191873683317836274e+00
6.185497648824455297e+00
6.179185546974996335e+00
6.173393356175784774e+00
6.167285589947167246e+00
6.161869369960104592e+00
6.156105144488227765e+00
6.157453806270352992e+00
6.153609055582439424e+00
6.148541611404963803e+00
6.142825402898527187e+00
6.137840395927193882e+00
6.135879616936476211e+00
6.131245270880184783e+00
6.127157910418278952e+00
6.122450020506448709e+00
6.120169487411824427e+00
6.114370782196105303e+00
6.113720748614109191e+00
6.108442085308460001e+00
6.103181123385105877e+00
6.099619203185152827e+00
6.096400274571931455e+00
6.102977756793181108e+00
6.099646738261307100e+00
6.095849930799795757e+00
6.090490145189077609e+00
6.086094598047490756e+00
6.081841615945257296e+00
6.076303575770528376e+00
6.071669661958845943e+00
6.067148801080104015e+00
6.065666734949102690e+00
6.061539413833015644e+00
6.055519814332963158e+00
6.052274383814678416e+00
6.047734174532325646e+00
6.044837930779630497e+00
6.044005892274261882e+00
6.039942276958981893e+00
6.036020759612003239e+00
6.032476255098086604e+00
6.028446745971124621e+00
6.022696235666238351e+00
6.016623868623096172e+00
6.013240589664259339e+00
6.007388737970266845e+00
6.005894525145560436e+00
6.006160151759511123e+00
6.001446369699429795e+00
5.997976868753577939e+00
5.996852459463053009e+00
5.991751999339245849e+00
5.995299248898243505e+00
5.990156145278136890e+00
5.988523553407374855e+00
5.982830460292109187e+00
5.977752643367892027e+00
5.973830863572922922e+00
5.970710829522269947e+00
5.966789674762623008e+00
5.961781203311572241e+00
5.957540961688160941e+00
5.951833996134746840e+00
5.950413402706034915e+00
5.947307604317581209e+00
5.943195021270036627e+00
5.938712691197592264e+00
5.935043732442211173e+00
5.929851823244727704e+00
5.924673107713092968e+00
5.920502180364769274e+00
5.915975271832871307e+00
5.916557462974879833e+00
5.911646671580728984e+00
5.907870208668859036e+00
5.907722997885479721e+00
5.902253844557645124e+00
5.897524037704374500e+00
5.892918942416415007e+00
5.888697385752315938e+00
