3.650089535396610785e+01
3.595955798866000919e+01
3.558525834186731629e+01
3.443173061849175554e+01
3.446465263213390529e+01
3.433163046199245372e+01
3.406366226114608509e+01
3.412410659366012311e+01
3.379063151606580107e+01
3.355337528812223269e+01
3.343677487833994633e+01
3.331683165234127841e+01
3.304748697518781597e+01
3.292003376826180272e+01
3.279086566307479700e+01
3.276569894222664203e+01
3.276497210045150865e+01
3.266436697759409213e+01
3.254729939022629992e+01
3.248898886453972068e+01
3.234274251889491580e+01
3.227863890713793893e+01
3.213900102533889225e+01
3.201745616966672259e+01
3.190947608007067160e+01
3.190656851375054970e+01
3.178951822127305959e+01
3.175149086360982764e+01
3.183876277893455864e+01
3.166398661779212631e+01
3.143756301833592204e+01
3.142850022559341383e+01
3.137274531722503923e+01
3.127596841959282514e+01
3.127447925817019225e+01
3.111436991377805583e+01
3.099245553366132455e+01
3.099069622573360050e+01
3.109274564137919583e+01
3.092448244189084861e+01
3.088481071343475648e+01
3.081820417977529303e+01
3.061961899021314437e+01
3.050797227733849226e+01
3.052466138907023208e+01
3.042247320480981543e+01
3.031079651794632923e+01
3.019281329507987621e+01
3.025536625065577923e+01
3.030162249333092817e+01
3.029383189637221463e+01
3.012612247897558149e+01
3.002699497155100516e+01
2.983539243852548850e+01
2.968101499723800529e+01
2.968807618858866348e+01
2.955215400584268792e+01
2.950834122762364586e+01
2.942032592447621298e+01
2.931547411296069328e+01
2.918302528204402080e+01
2.926066427677437431e+01
2.922703374801633203e+01
2.904948694513520380e+01
2.893413722482716111e+01
2.877444477219763286e+01
2.875975150270201652e+01
2.866152382452324687e+01
2.864804131532353537e+01
2.859237943623565670e+01
2.862737627998651391e+01
2.861729363441877538e+01
2.848532843070928067e+01
2.843257613411486773e+01
2.838765624534800480e+01
2.828034442522499603e+01
2.824617540552011619e+01
2.822033613029294230e+01
2.814221233703962000e+01
2.809714218658722018e+01
2.803602108063513754e+01
2.801270025455396961e+01
2.798564036873305483e+01
2.796340247359167464e+01
2.785365239487062894e+01
2.780570306435294725e+01
2.775477064877206956e+01
2.769119091601001159e+01
2.769225153878375778e+01
2.753799660876336475e+01
2.749228854987077497e+01
2.741764304592744850e+01
2.741855202263898761e+01
2.736858345414427873e+01
2.728132046648184073e+01
2.718596619663214042e+01
2.707689968254407731e+01
2.696765383679301209e+01
2.685168583064541892e+01
2.675823114892574495e+01
2.663768361293458753e+01
2.661403694832043243e+01
2.658797422034720270e+01
2.652064767069536799e+01
2.650807787779815072e+01
2.650581773625569681e+01
2.645979210293901929e+01
2.640947004611948046e+01
2.636135749290483687e+01
2.629586306297835208e+01
2.625663364148047663e+01
2.618613039028285172e+01
2.611466103060370259e+01
2.607951317324042506e+01
2.601436644669635356e+01
2.598160559398911218e+01
2.596518408425615476e+01
2.603004787184480406e+01
2.597871356634759366e+01
2.591834456290278155e+01
2.587165165834664649e+01
2.581651052794743606e+01
2.577289379013087256e+01
2.578659632429687676e+01
2.571138280532677101e+01
2.573358538886907709e+01
2.567420275273470409e+01
2.564054470961507093e+01
2.558828575887207180e+01
2.552745276951086950e+01
2.548501733853798967e+01
2.544643232988753923e+01
2.536886718359826531e+01
2.538218005092965157e+01
2.535191681776242589e+01
2.526642995934264846e+01
2.519658575486572616e+01
2.512405322691846266e+01
2.506152958025279887e+01
2.502750137680920872e+01
2.502018562888169129e+01
2.499291957134922981e+01
2.499041827329937959e+01
2.492698539513715872e+01
2.483203235246916663e+01
2.480766994897071598e+01
2.472636892976189671e+01
2.465949428348696770e+01
2.461261362515556073e+01
2.455024332890674899e+01
2.447480795715774349e+01
2.441843107909943811e+01
2.434809811797130408e+01
2.430304205256404160e+01
2.424348753084133534e+01
2.418046345116001561e+01
2.420267383924129234e+01
2.414594929418700531e+01
2.408630609636682962e+01
2.407018907135683605e+01
2.401858296076966326e+01
2.396377429506448919e+01
2.391286952696944113e+01
2.390341384990786366e+01
2.388409474467663784e+01
2.383808641850589538e+01
2.382054294354020740e+01
2.377895444997549390e+01
2.376930990024558099e+01
2.370553379003811756e+01
2.367073003776645734e+01
2.364861992414085989e+01
2.358727388029294048e+01
2.357202953209403162e+01
2.352327011958741565e+01
2.348929441386237826e+01
2.344698010421033274e+01
2.342309710843365878e+01
2.337383679854115215e+01
2.331830662130757759e+01
2.326737146993217920e+01
2.325807674845032480e+01
2.322395221876121951e+01
2.319432420310605281e+01
2.314993261014697268e+01
2.309990415301783884e+01
2.306996774813422135e+01
2.308356210429719724e+01
2.302627001161067355e+01
2.299129168463780815e+01
2.294692843270522076e+01
2.289154983574988123e+01
2.286290165673413100e+01
2.281217289585378438e+01
2.275854897971347057e+01
2.271012768546396998e+01
2.266478560963098943e+01
2.266623427055531437e+01
2.260138463464930680e+01
2.257029884990767599e+01
2.253331186619588067e+01
2.250791588255929554e+01
2.248778950213211303e+01
2.247520536910307598e+01
2.245467074185202350e+01
2.243159946323043741e+01
2.241551568738012179e+01
2.239714482984471289e+01
2.236931397383701636e+01
2.236375449290459372e+01
2.235478400773408936e+01
2.232565210045577686e+01
2.228614962077825012e+01
2.223836955546369865e+01
2.220965890755221750e+01
2.216311968049014780e+01
2.215638862294763456e+01
2.211445528729968757e+01
2.212552978658668934e+01
2.208230286287327360e+01
2.205724451393324159e+01
2.204760636144284902e+01
2.204160497115559281e+01
2.201310091327479768e+01
2.197255236903833264e+01
2.194966022040992115e+01
2.193676733568046089e+01
2.191074384268055297e+01
2.191645713614802915e+01
2.188057468853236998e+01
2.186634325118733813e+01
2.182578546406276487e+01
2.180108474325341561e+01
2.176498296766254370e+01
2.172548493674227643e+01
2.169338451185342009e+01
2.167467129431997463e+01
2.163590022766248566e+01
2.163338085175310965e+01
2.160300143783089410e+01
2.156149813738607435e+01
2.152724457993818774e+01
2.149521966299989728e+01
2.147825110973498752e+01
2.145115307222473078e+01
2.142194980042369323e+01
2.139105753369226903e+01
2.136359754358727514e+01
2.133237897902262503e+01
2.132150862785584167e+01
2.128388147398801422e+01
2.128533760502159211e+01
2.124821204091605509e+01
2.121006297105432736e+01
2.119280402503823524e+01
2.116311139215717674e+01
2.112916777729921236e+01
2.108587064787822030e+01
2.109007865676917959e+01
2.106075585426546937e+01
2.102711320917735094e+01
2.099627972056064706e+01
2.095623245553069225e+01
2.092821306496319878e+01
2.091717329474347054e+01
2.087700768627130898e+01
2.084277927282702336e+01
2.080693741755602133e+01
2.077297030972566105e+01
2.076781791509463204e+01
2.073787207772406305e+01
2.070963693852680976e+01
2.073125973181271320e+01
2.069401568352403586e+01
2.073059815925425298e+01
2.070112922908457520e+01
2.069101773279679080e+01
2.067060245133816210e+01
2.064707367027989804e+01
2.064009012691069600e+01
2.062555598669291967e+01
2.061716983540597070e+01
2.061660762370109623e+01
2.060718830400153223e+01
2.057845614679695245e+01
2.055301412524240590e+01
2.057611990606624985e+01
2.054948628499710139e+01
2.053306437752111080e+01
2.050060655408578469e+01
2.049545474871292683e+01
2.046519692153742298e+01
2.043642276213744324e+01
2.040835732324138263e+01
2.038100583356655093e+01
2.037239630965419579e+01
2.033658805729595542e+01
2.031392288910313582e+01
2.028744993956611964e+01
2.026348352814691012e+01
2.023192149197480205e+01
2.023520743316408854e+01
2.022129285549216249e+01
2.020300104209328040e+01
2.023158009059346796e+01
2.020572396197103160e+01
2.019934186311355617e+01
2.018058523507339785e+01
2.016094117932741980e+01
2.014494271375940926e+01
2.013964211441010121e+01
2.012546807482653577e+01
2.010610969530006642e+01
2.008190745990817305e+01
2.005865489472340712e+01
2.003646609750667551e+01
2.001228478750979889e+01
1.999029989776273553e+01
1.997067218703659464e+01
1.995152624164519395e+01
1.993960686261469917e+01
1.991269770619894786e+01
1.987927125764702296e+01
1.985307882719652994e+01
1.989902286684538879e+01
1.989318441524875780e+01
1.986717588765865727e+01
1.984543737208225878e+01
1.983236698056627745e+01
1.982324907673327985e+01
1.984120060678678854e+01
1.983911326611063330e+01
1.982719643141145127e+01
1.981652110429917357e+01
1.979775174559318174e+01
1.978612627230874565e+01
1.976845562139001800e+01
1.973955202492918204e+01
1.972447407247897644e+01
1.971386940521187014e+01
1.969470695319454734e+01
1.967582659215979035e+01
1.965163633366202234e+01
1.963688652762154518e+01
1.961092752557398811e+01
1.958153466707615920e+01
1.957847920677452791e+01
1.955094963716832268e+01
1.952999895597791280e+01
1.950837730726767205e+01
1.949274469866186976e+01
1.947684367227535063e+01
1.947572138305240230e+01
1.945569981056344133e+01
1.942913755208072502e+01
1.940091685886421047e+01
1.940085567328700833e+01
1.937264179514271945e+01
1.937476994164819644e+01
1.935301389190013310e+01
1.932848636663209874e+01
1.931801050659224472e+01
1.929136838912083007e+01
1.928888826308241988e+01
1.926648039448204841e+01
1.925265594170094730e+01
1.922552574297396433e+01
1.920285730742403985e+01
1.918727289104859679e+01
1.917363091574024736e+01
1.915650255482201914e+01
1.915835487635367684e+01
1.913386857332516300e+01
1.911383333426554287e+01
1.909649178207487097e+01
1.908766092642230205e+01
1.906880160573191674e+01
1.904364683666184632e+01
1.901915190857614490e+01
1.899479982604400874e+01
1.897623963923665613e+01
1.896274216356474795e+01
1.893443771646271401e+01
1.890899220879786569e+01
1.888438603956463524e+01
1.885785180480871048e+01
1.883277258809089716e+01
1.882475986406662471e+01
1.880658976700506813e+01
1.879766339762239369e+01
1.877904336285418552e+01
1.876196167209238297e+01
1.873583965266801954e+01
1.871492778289792014e+01
1.869140338695317283e+01
1.866579818593775641e+01
1.866535163791749952e+01
1.864149115945900448e+01
1.862595789834007221e+01
1.860406977051025024e+01
1.858897289944447451e+01
1.856527570709581454e+01
1.854251700227399624e+01
1.852064133490427267e+01
1.849734598295123789e+01
1.847525558444362304e+01
1.846615014149260148e+01
1.846697826372034967e+01
1.844639735980419459e+01
1.844052222253238682e+01
1.841813529693562046e+01
1.840283663047699747e+01
1.838028820835975452e+01
1.836005643262272358e+01
1.834065650757402821e+01
1.831624627558754170e+01
1.829186227932512665e+01
1.826823093473857185e+01
1.824228231870881700e+01
1.821962726867068127e+01
1.819489258618826710e+01
1.816766812330392611e+01
1.814266936320962742e+01
1.812563737724070378e+01
1.810497102129751568e+01
1.808207159676416609e+01
1.806405282092971376e+01
1.804131876404889567e+01
1.806234973816772182e+01
1.804598356104658663e+01
1.802125855369547835e+01
1.799591912821999884e+01
1.799081594192330513e+01
1.797734060298807179e+01
1.796469526485755352e+01
1.794298066528765290e+01
1.792499192928438845e+01
1.791040952850028845e+01
1.789072804007516382e+01
1.786970667885468700e+01
1.784942925567860783e+01
1.784368808707180065e+01
1.782392987355715164e+01
1.779898851225091150e+01
1.779774765360916433e+01
1.778636596507024947e+01
1.776921852209180841e+01
1.775396722707251840e+01
1.773656771062687199e+01
1.771655603103125287e+01
1.770475087721399277e+01
1.768532905273969646e+01
1.766689215286157122e+01
1.765231763642964324e+01
1.763934227235808549e+01
1.761795776325386953e+01
1.760024538569325259e+01
1.758595599659925313e+01
1.757328282293403277e+01
1.757292422632624351e+01
1.755691932611598460e+01
1.754893777766726259e+01
1.752795971840821565e+01
1.751282188528684003e+01
1.749644307470197901e+01
1.748428002439001716e+01
1.747006014739710622e+01
1.745379792013145703e+01
1.743424514941453651e+01
1.741656564475825064e+01
1.742607447326418679e+01
1.740557748397226590e+01
1.738388448994738411e+01
1.736519491666057391e+01
1.736315389175497970e+01
1.734803031517585126e+01
1.733088129320517723e+01
1.731498617738964541e+01
1.730806913245282885e+01
1.729511488921626494e+01
1.728252651824227826e+01
1.727773588583522368e+01
1.725520887171363071e+01
1.724158544975062668e+01
1.723747935810124687e+01
1.722212676321417035e+01
1.720677822737835427e+01
1.718905501022029725e+01
1.717596212998511618e+01
1.716225816145508176e+01
1.714313045603304175e+01
1.712809316418722716e+01
1.712442259786074317e+01
1.712042486092268945e+01
1.710964296727805944e+01
1.709365619857395657e+01
1.707594695071993485e+01
1.705679247240493268e+01
1.704376028695891421e+01
1.702692191436607771e+01
1.701476551413226090e+01
1.700589160718763893e+01
1.699233649985169237e+01
1.698189042580948893e+01
1.696729762774552341e+01
1.695165290919651113e+01
1.694200710371094942e+01
1.693190450341205278e+01
1.691614555672433440e+01
1.690057270516742349e+01
1.688517541165579772e+01
1.686496659348588523e+01
1.684804444435953386e+01
1.682963891516762089e+01
1.681191675478914860e+01
1.679550825965889871e+01
1.677836012588772263e+01
1.676114223749297949e+01
1.674734912075462034e+01
1.672623007075014812e+01
1.670764620358950836e+01
1.669267595747541932e+01
1.667550415731094660e+01
1.665660750510476973e+01
1.663933662697924731e+01
1.665986406433180989e+01
1.664452039216611112e+01
1.664053374994935908e+01
1.663951831908799051e+01
1.662559091466120975e+01
1.662449291401454943e+01
1.661591927006677949e+01
1.662300259414378090e+01
1.662036418859876719e+01
1.661154818482799911e+01
1.660187527722938938e+01
1.659468822942424993e+01
1.658403649218226761e+01
1.658018823380557194e+01
1.656859829510417015e+01
1.656032326556591627e+01
1.655324748707826643e+01
1.654100219533958693e+01
1.654133635512611278e+01
1.653648530947092610e+01
1.653130673913235427e+01
1.651542820185595062e+01
1.650776169660710480e+01
1.649528121415977466e+01
1.648573644318800291e+01
1.647716083927466002e+01
1.646418273461253889e+01
1.645035319249104688e+01
1.643472210346129359e+01
1.641748193944940581e+01
1.640709209982999539e+01
1.639515295377060866e+01
1.639868078051091516e+01
1.638071363588672114e+01
1.637432723802943357e+01
1.636299677694197285e+01
1.634442746999362583e+01
1.632765673557156560e+01
1.631666621814840212e+01
1.630059182946976293e+01
1.628996163892751525e+01
1.627965058918228891e+01
1.626945708639568977e+01
1.626134014349183943e+01
1.624553556847044788e+01
1.623076328531680801e+01
1.621618062633958601e+01
1.621452029573562825e+01
1.620046477855247247e+01
1.619913613998017254e+01
1.618521763211374420e+01
1.617537945903934471e+01
1.616774331402947595e+01
1.615155533405751953e+01
1.614012559875238750e+01
1.612271836859526175e+01
1.612133258369964040e+01
1.612003166179023239e+01
1.610526837762621355e+01
1.609109359806501516e+01
1.607517157063923463e+01
1.606312952820621121e+01
1.605237051467231169e+01
1.603918159765238016e+01
1.603516407064456217e+01
1.601832195849628704e+01
1.600347992608138981e+01
1.599509968453555864e+01
1.598036675186955868e+01
1.597611585838750869e+01
1.596809243782092835e+01
1.595590012415363113e+01
1.596358202518183766e+01
1.595614198121938010e+01
1.595390701413098000e+01
1.594684538078525016e+01
1.594018834419406616e+01
1.593800443406250622e+01
1.593094298483503124e+01
1.592502761466743522e+01
1.592052027192281471e+01
1.592001705598093508e+01
1.591654121453033177e+01
1.590896669378410344e+01
1.590419378661233019e+01
1.589430052932633863e+01
1.588760100504195627e+01
1.588282644651351916e+01
1.586959245791721962e+01
1.585556111454420325e+01
1.585018226462330837e+01
1.584261462328533199e+01
1.583154827456598035e+01
1.582032730065628989e+01
1.580544825805943887e+01
1.580206568589116500e+01
1.578913217225413845e+01
1.578797339155564394e+01
1.578085869067845515e+01
1.577293858495438705e+01
1.575827144506746791e+01
1.574349531173540662e+01
1.573258065986204990e+01
1.572259582569680347e+01
1.571524781493686440e+01
1.570897973800430947e+01
1.569595602006084256e+01
1.568788748674708522e+01
1.567407512886600607e+01
1.566743850426632889e+01
1.565623913196161787e+01
1.564499288419090028e+01
1.563780611244705021e+01
1.563341569358822269e+01
1.561939608510593303e+01
1.560725590636906546e+01
1.559448752218923495e+01
1.558129161752755287e+01
1.556598126066568177e+01
1.555481244564845333e+01
1.554133602487799592e+01
1.552862586328475736e+01
1.552384221739074199e+01
1.551092551666089037e+01
1.549596583147185314e+01
1.548325978630573019e+01
1.547782068364334940e+01
1.546387364220142580e+01
1.544953949168263918e+01
1.543522325042722443e+01
1.542206041295930952e+01
1.540922218592979043e+01
1.539967294278987886e+01
1.538850389977922539e+01
1.546234966309197745e+01
1.545256824442701671e+01
1.544117689406298410e+01
1.544346807217121409e+01
1.544092319471331898e+01
1.544304240361077518e+01
1.544709615185916540e+01
1.544761510793340342e+01
1.544590640804866410e+01
1.544317398762198401e+01
1.544427493652600170e+01
1.544559153352204994e+01
1.543941392483409558e+01
1.543933283542488510e+01
1.543480863521128832e+01
1.543250303861389661e+01
1.542610457888922504e+01
1.541697547204714880e+01
1.541094206566704194e+01
1.540809353854606378e+01
1.539859203630039275e+01
1.539883563126947763e+01
1.539201688312076222e+01
1.538653168733440424e+01
1.538528422585991073e+01
1.538644968510404709e+01
1.537831856823570575e+01
1.537304921940084412e+01
1.536332692596350746e+01
1.536241363083258804e+01
1.535726198683715005e+01
1.535030216681620452e+01
1.534110299622220808e+01
1.533605378306230449e+01
1.533028971852647793e+01
1.532170034228047761e+01
1.531414639889020179e+01
1.530366702344518437e+01
1.529546321556710176e+01
1.528702646799921183e+01
1.528172738142069065e+01
