2.081072328189860698e+01
2.040139779571908463e+01
2.027204861622984566e+01
1.979590309521207203e+01
1.965158255074857863e+01
1.938929668721777233e+01
1.935407746364517578e+01
1.934765102701880224e+01
1.917820002992941397e+01
1.914788761428854258e+01
1.912463779922086715e+01
1.901168630350758448e+01
1.899477250964007524e+01
1.884064005727747215e+01
1.876260372532169995e+01
1.871702924172259941e+01
1.866456452625675411e+01
1.858391911744622149e+01
1.844491150182731687e+01
1.833562705995121789e+01
1.830225837665992472e+01
1.830980312071187655e+01
1.824543161295802918e+01
1.820281855444640584e+01
1.816007894815861334e+01
1.806336006052197618e+01
1.795175070508235748e+01
1.782522400171843557e+01
1.781802052466684572e+01
1.776643854955230495e+01
1.780951642768714294e+01
1.780733187250377370e+01
1.772662620599462713e+01
1.772794510579252147e+01
1.765993845983615174e+01
1.762477953300573930e+01
1.751513407865189365e+01
1.745965265642894337e+01
1.746433108281421553e+01
1.747586412086300101e+01
1.735066491212174000e+01
1.724612418314464790e+01
1.718330175370741486e+01
1.708393470915843437e+01
1.704654114940946030e+01
1.706597140794985279e+01
1.696172559185062312e+01
1.701132913321298545e+01
1.697379770910447760e+01
1.687188080561724846e+01
1.687803930301383204e+01
1.682936150657804930e+01
1.676781650027757919e+01
1.675340056589405435e+01
1.664205328849269350e+01
1.656596944014202677e+01
1.653882693153227734e+01
1.647357108638293965e+01
1.643059638316811188e+01
1.637623319763242336e+01
1.630835698774497544e+01
1.635350387128372418e+01
1.629451872405238078e+01
1.622436758895184639e+01
1.616086228695700200e+01
1.611748516562960631e+01
1.607938196495711125e+01
1.604300527691404099e+01
1.597766454970350303e+01
1.595157851062835697e+01
1.590662391594004710e+01
1.584169462810503326e+01
1.578124829708592536e+01
1.573813652510136052e+01
1.566186356564440807e+01
1.559861822353499505e+01
1.555044961810857096e+01
1.550801890719463927e+01
1.543688586967717846e+01
1.538850815356316737e+01
1.533751981947089860e+01
1.528993975767380320e+01
1.523270751867091199e+01
1.516816511146066127e+01
1.512420842554364775e+01
1.507728310061720123e+01
1.501853648426637200e+01
1.495691368743401917e+01
1.488638090880710330e+01
1.486801829056488522e+01
1.480093931334249291e+01
1.477301066754095693e+01
1.474679084766286508e+01
1.470648251763418024e+01
1.468425377488610195e+01
1.461234932275296039e+01
1.456785000110538775e+01
1.451548622861525217e+01
1.445361248374689644e+01
1.439675345913067339e+01
1.435498945130528625e+01
1.436297520805909045e+01
1.430462929194573718e+01
1.426731662769308784e+01
1.422989572458723018e+01
1.420748103281764330e+01
1.417075332348746564e+01
1.410860861373103070e+01
1.407836096070701970e+01
1.407324159434717892e+01
1.406395317106085940e+01
1.400527096892989931e+01
1.395305051807580377e+01
1.390739024853127503e+01
1.386263694101207733e+01
1.381885601674156305e+01
1.377549177038813255e+01
1.378509511909671836e+01
1.373875417285184142e+01
1.370235784175018345e+01
1.364504110581231799e+01
1.362952784874904211e+01
1.360711930765910616e+01
1.356360863189230415e+01
1.354839963331872710e+01
1.354422212739222076e+01
1.350823215890305562e+01
1.346507019884991863e+01
1.344325143909574649e+01
1.340751945940126078e+01
1.336864271562711259e+01
1.335956942454991925e+01
1.333964956349790931e+01
1.330991484527411650e+01
1.328951267651552648e+01
1.324953057400325740e+01
1.325782014082332338e+01
1.324467625100239943e+01
1.322560209875488724e+01
1.319986444000359249e+01
1.316294012450130602e+01
1.315210263753244924e+01
1.313426903197526308e+01
1.310243161073203844e+01
1.306256640178541062e+01
1.303229717253779718e+01
1.302011764843429376e+01
1.301688067675060090e+01
1.298952692593569402e+01
1.294579776017945960e+01
1.291565618910935598e+01
1.294095936184918294e+01
1.293156775978556006e+01
1.289178161205898654e+01
1.286624912061793324e+01
1.283344764788720305e+01
1.279972822414564781e+01
1.276488073989355776e+01
1.276694224934411181e+01
1.278161634373265443e+01
1.274814340054927086e+01
1.271543529520278426e+01
1.268892089785745725e+01
1.266420549644113080e+01
1.263211139995774701e+01
1.262491436323626282e+01
1.261545413811471938e+01
1.259982058308855102e+01
1.256504517507153373e+01
1.254276249066174387e+01
1.251106906616430514e+01
1.247206225284880965e+01
1.245649754517786434e+01
1.247280433535751598e+01
1.246481972829012008e+01
1.243233225701725431e+01
1.240591520130099745e+01
1.239408216733534296e+01
1.236848030807808385e+01
1.234568703878007589e+01
1.231429818320778047e+01
1.228613320991890134e+01
1.226621599092888282e+01
1.223259332242193054e+01
1.220267336319068541e+01
1.220653169229435520e+01
1.218414501869475330e+01
1.217426972684855002e+01
1.214239406409302724e+01
1.211304703817073403e+01
1.209333499802289502e+01
1.206464470452846527e+01
1.203983146604160126e+01
1.201163023439873001e+01
1.198902043430056175e+01
1.199056290153447968e+01
1.196014242543338746e+01
1.193877464713876257e+01
1.194626882165904291e+01
1.191683007635576530e+01
1.188923756049148395e+01
1.186171618130886252e+01
1.183489252275873049e+01
1.180908513921013281e+01
1.178156682142260969e+01
1.176940441689917272e+01
1.173743288344303437e+01
1.170668655443377659e+01
1.168138787854349836e+01
1.165397356666472994e+01
1.166019115286234431e+01
1.164161496299132814e+01
1.161937155004257782e+01
1.160099838917725634e+01
1.157342169870736726e+01
1.155531366830451567e+01
1.152870697600338268e+01
1.150665955118407879e+01
1.148742966663347609e+01
1.146503245876749588e+01
1.145440609980081526e+01
1.144551437558605045e+01
1.144532338918072512e+01
1.142517971034515689e+01
1.140394232120017115e+01
1.140411773838057208e+01
1.139942556064473678e+01
1.137044653410028694e+01
1.134679703193550182e+01
1.132364032361945583e+01
1.130037663439759221e+01
1.130789090051806767e+01
1.129506182987092089e+01
1.127188741806527617e+01
1.125339177666225510e+01
1.123580561569062120e+01
1.122277269655028142e+01
1.120410148071552570e+01
1.120201111638495206e+01
1.118770392634335309e+01
1.117135611092399650e+01
1.117129580186017890e+01
1.114365750426818025e+01
1.112257275656802413e+01
1.109861729538302733e+01
1.107254539827341766e+01
1.104568180065544247e+01
1.102167043767480159e+01
1.101396841507251878e+01
1.099666263523746146e+01
1.097946341843605822e+01
1.096940165432903491e+01
1.095760012670565686e+01
1.094624635973751658e+01
1.092928077146900101e+01
1.090836667422375506e+01
1.089528949098729171e+01
1.088956044149494495e+01
1.086900822971489333e+01
1.085271928251815332e+01
1.082978267582016940e+01
1.081929128418024710e+01
1.080049107522290974e+01
1.078437568614184627e+01
1.078958020758885894e+01
1.078218329742396087e+01
1.078849487973418775e+01
1.076782731144692562e+01
1.075921960162087032e+01
1.075611764352198030e+01
1.074742778285930100e+01
1.072707358499224384e+01
1.072408153138111153e+01
1.070978751202360435e+01
1.069510549877281669e+01
1.069917010406419600e+01
1.068168363605791527e+01
1.065894236874697043e+01
1.064433907536721868e+01
1.065733669687043594e+01
1.063471874343773749e+01
1.061837917083382798e+01
1.060118791573471420e+01
1.058134515316701396e+01
1.056822495096470149e+01
1.054752342901818452e+01
1.052773868005510671e+01
1.050705076953598471e+01
1.049419954767051522e+01
1.047987818030475005e+01
1.046512939963855082e+01
1.045211839960101763e+01
1.043598189037053814e+01
1.041800550059305053e+01
1.039991822893286511e+01
1.039441153844840038e+01
1.037342880105744669e+01
1.035811290949608576e+01
1.034545344927724209e+01
1.032514457911710259e+01
1.031471083110585063e+01
1.029912622334002492e+01
1.028807835862338749e+01
1.028056601143652671e+01
1.026964693485382973e+01
1.025120595730047413e+01
1.024060231281177735e+01
1.023227365740250328e+01
1.022122278552627961e+01
1.020311672531516223e+01
1.018360049707205306e+01
1.016574639219190423e+01
1.014813306790498793e+01
1.013357143873911070e+01
1.013393768693060082e+01
1.011671504284895562e+01
1.010366166054071080e+01
1.010788714944962585e+01
1.009246364392859974e+01
1.008266208762877092e+01
1.006832966628175008e+01
1.005232342646655930e+01
1.003460365428293066e+01
1.001802009035037067e+01
1.000326779992815496e+01
9.986363874103602711e+00
9.970400380430479714e+00
9.957783073079232494e+00
9.947570331073476879e+00
9.931693156266652167e+00
9.914959249460768120e+00
9.898686085216883868e+00
9.888517211593191192e+00
9.875645011291352304e+00
9.859037406729759923e+00
9.845944476427227698e+00
9.832765547634567227e+00
9.821184134726941295e+00
9.806054413686009497e+00
9.791508633702347808e+00
9.789465325146382568e+00
9.774682926069209188e+00
9.758402860228819975e+00
9.741898168310958894e+00
9.729419580559451219e+00
9.734815516040521644e+00
9.723200490472150292e+00
9.710581802318422717e+00
9.696469893241848936e+00
9.685138839806976208e+00
9.680415333711019699e+00
9.675471753040387313e+00
9.659761528855726809e+00
9.660886204594811844e+00
9.646752937702737896e+00
9.636082537129958325e+00
9.625137799864292631e+00
9.627341556662642574e+00
9.620057899758377218e+00
9.606846547674997794e+00
9.595627500899020390e+00
9.580812703176388112e+00
9.575136954629542174e+00
9.564466856289675079e+00
9.549657904620037385e+00
9.534454483551765946e+00
9.521832155197559544e+00
9.508215405374347284e+00
9.495968694346263561e+00
9.486503517446919886e+00
9.478665346780111634e+00
9.461792286545525954e+00
9.447206532772280951e+00
9.438229651463725389e+00
9.426861086463182104e+00
9.415945615541790659e+00
9.403842602839048936e+00
9.395299559808524492e+00
9.380801797945560239e+00
9.367322155300445985e+00
9.355159258784683018e+00
9.341527297140347130e+00
9.344085890137314721e+00
9.330133583135447495e+00
9.316120285701485315e+00
9.311477744513769750e+00
9.298402927922813532e+00
9.284427920867543094e+00
9.272330709446404029e+00
9.261989656774307633e+00
9.249269871206054816e+00
9.237885886499627830e+00
9.225734298992781746e+00
9.213260715511944809e+00
9.204482114071751653e+00
9.201127798529931567e+00
9.201180108769538180e+00
9.189885498258181684e+00
9.178465354386995401e+00
9.172712192391649921e+00
9.163937646573401707e+00
9.154367799660525051e+00
9.148650053256707437e+00
9.135490930768186857e+00
9.122858559216240337e+00
9.114578054113374961e+00
9.105430798092685407e+00
9.094109128603706793e+00
9.089758401568063917e+00
9.076762857065311607e+00
9.068382533748733820e+00
9.054034574586362183e+00
9.044494450728137735e+00
9.032908990884234157e+00
9.021341109051498108e+00
9.008238887012758767e+00
8.997117536020841300e+00
8.985410172832953180e+00
8.975811545720279838e+00
8.966133964067438455e+00
8.960273285297660095e+00
8.948655035184769346e+00
8.939290885987496438e+00
8.928061331673374568e+00
8.918476310864429379e+00
8.910015516730169338e+00
8.897789245719797790e+00
8.885242219043812284e+00
8.875304077651071211e+00
8.863139410406757790e+00
8.863268014742677892e+00
8.853823443605191912e+00
8.842124919915566039e+00
8.839828841580652963e+00
8.827611675868348939e+00
8.817737347660049352e+00
8.821215101189375574e+00
8.810764348145134761e+00
8.802938044118851835e+00
8.793347098396029793e+00
8.786088486031250255e+00
8.775085415722177373e+00
8.762395895197149898e+00
8.755104792024935634e+00
8.745522844079905767e+00
8.736258102382072011e+00
8.724934392665545602e+00
8.731093340024962401e+00
8.721840496613364024e+00
8.715552918113887770e+00
8.717833126346119954e+00
8.712956549791336158e+00
8.701430186333006134e+00
8.690231217572147671e+00
8.678209033407926043e+00
8.668171966015185248e+00
8.658345058723833532e+00
8.649012085185725951e+00
8.637973895771779098e+00
8.630317825011015742e+00
8.626288526775921284e+00
8.616354110354098594e+00
8.605278316571679298e+00
8.598974408398962765e+00
8.591460511239189302e+00
8.581308546195840492e+00
8.570771978515166367e+00
8.561816016779092209e+00
8.554570237004677224e+00
8.544974663039287321e+00
8.533902259665019585e+00
8.524188475415057198e+00
8.516189561767097516e+00
8.519494174502089123e+00
8.513167977437056777e+00
8.512335695225093701e+00
8.503185804241162771e+00
8.492579049311666850e+00
8.484189418336043786e+00
8.474604131418745467e+00
8.469220267880869457e+00
8.462294795259477809e+00
8.454891491426201000e+00
8.450111647992137875e+00
8.442488221453189112e+00
8.436459461248013270e+00
8.438617502349845978e+00
8.437258775772779273e+00
8.426810464698483827e+00
8.417080530663490379e+00
8.409113991721978820e+00
8.400790307654954603e+00
8.390680512667211488e+00
8.384913857648463420e+00
8.375974384926157867e+00
8.368282403298316297e+00
8.357370179792518172e+00
8.347779678231647793e+00
8.342974650525764702e+00
8.332621642946280716e+00
8.324887651511085451e+00
8.317152400292199488e+00
8.311916355558993885e+00
8.307184835525278643e+00
8.297328487633178540e+00
8.289195689337484296e+00
8.280537903031879310e+00
8.270613495936798287e+00
8.261948294112359648e+00
8.253658259693612109e+00
8.246828887487961168e+00
8.240026327774508275e+00
8.231506917652266608e+00
8.224905673733942990e+00
8.215975541518931280e+00
8.206497333905938163e+00
8.196103506612756107e+00
8.187716315910032350e+00
8.178201514334920930e+00
8.169266370967688928e+00
8.159014528978135061e+00
8.152258584561691279e+00
8.142501309096733308e+00
8.147510844633183424e+00
8.153908844467846251e+00
8.146807079091813009e+00
8.146141808794098438e+00
8.138864928687967293e+00
8.135465733711912506e+00
8.135511473300729435e+00
8.125987095939443350e+00
8.116741367738290691e+00
8.109505963394546768e+00
8.101756368322591939e+00
8.092786193145188989e+00
8.092788465492406047e+00
8.083004760258461374e+00
8.074635420015491505e+00
8.066145405294069093e+00
8.066871138111840978e+00
8.057876030685751090e+00
8.051934311727274363e+00
8.044503810230752450e+00
8.035317875399547560e+00
8.027676498678765427e+00
8.021402592877548088e+00
8.012771611354295942e+00
8.006472205985897261e+00
8.007331115781244790e+00
8.000154090532447526e+00
7.995001797695238999e+00
7.986629782591800009e+00
7.987157319076002793e+00
7.980741394892206131e+00
7.975114715741389304e+00
7.970845611183804635e+00
7.962499802940937954e+00
7.962102823417652075e+00
7.955123778801909573e+00
7.960432033289688292e+00
7.953850134092673052e+00
7.959256905076155242e+00
7.952747524383658728e+00
7.944744731929787029e+00
7.946518780625335232e+00
7.940985318635927825e+00
7.935397611292988707e+00
7.928429005890017756e+00
7.920874679468869139e+00
7.912398211307712259e+00
7.906976467869363923e+00
7.899328389040711329e+00
7.891120231917891914e+00
7.882501188646856782e+00
7.874396802748586666e+00
7.869242901521803724e+00
7.861216704437747893e+00
7.852728311282645812e+00
7.844138133304920935e+00
7.840375614353860101e+00
7.832466531094476991e+00
7.823949461538347805e+00
7.816343370200200091e+00
7.810380940141801176e+00
7.802643401168967152e+00
7.802395907984541523e+00
7.794933128297043545e+00
7.788914144758846803e+00
7.782711895897972632e+00
7.776742004301175015e+00
7.770010502597888724e+00
7.760468378130813250e+00
7.752005224668174321e+00
7.744531852441999931e+00
7.736763372454496412e+00
7.731016826425302746e+00
7.722861065754734078e+00
7.716118109853161044e+00
7.708456838451524185e+00
7.700525767279978950e+00
7.693900527278596080e+00
7.685680092818145681e+00
7.691003902235511447e+00
7.690721020540331132e+00
7.685113790632870590e+00
7.679525471166303241e+00
7.675212834114353733e+00
7.668689383653129354e+00
7.661284281185040790e+00
7.661233963549486603e+00
7.654114972819019869e+00
7.647226158920606309e+00
7.639978258484117823e+00
7.632357256994236394e+00
7.625489185657218449e+00
7.623366102761702123e+00
7.615801147332084575e+00
7.618772197787680334e+00
7.610511949222841466e+00
7.606530648141423434e+00
7.600545049838918210e+00
7.593407586354969929e+00
7.586676905981923902e+00
7.578756633548033861e+00
7.572588208019654488e+00
7.566520325725201168e+00
7.560868382989274217e+00
7.554797238940287762e+00
7.546797352638355605e+00
7.539865748711419791e+00
7.532465237773262601e+00
7.534272250475172683e+00
7.526095098655600779e+00
7.520285057996410671e+00
7.514686551598455111e+00
7.508474310719928546e+00
7.502331213136013588e+00
7.498005055850744505e+00
7.491929045699150080e+00
7.490992751530462179e+00
7.484155649336338811e+00
7.478078893812795336e+00
7.471637657020294476e+00
7.466334982229012596e+00
7.467032756401340343e+00
7.461455414977864464e+00
7.454326349523799244e+00
7.448516383741516478e+00
7.441019252199033929e+00
7.434360731308013115e+00
7.426746985041176252e+00
7.422501657367204686e+00
7.417287525702379369e+00
7.415503342484043081e+00
7.408724440291133639e+00
7.402276013402403265e+00
7.394686371736829855e+00
7.389167082547152710e+00
7.381923146675216429e+00
7.375624011566824123e+00
7.371381156986717365e+00
7.366200465339872494e+00
7.360083070722343912e+00
7.353958640651301337e+00
7.348876713379610237e+00
7.344763394267623369e+00
7.341546613712906399e+00
7.337604875113350467e+00
7.331757375583987546e+00
7.326682419333771179e+00
7.325782488673928228e+00
7.325919949566922718e+00
7.321850753267508338e+00
7.321535073191800080e+00
7.316731014294015623e+00
7.311150898655779606e+00
7.304356787925470940e+00
7.304991255490658197e+00
7.300537446555828147e+00
7.295942668557530375e+00
7.290136601471719047e+00
7.283915240343068476e+00
7.279387032382643063e+00
7.275167750838878788e+00
7.268413043162482268e+00
7.263950129171047543e+00
7.262244667400374887e+00
7.258145728872388069e+00
7.251523371467269996e+00
7.245803315391256660e+00
7.239176323188684314e+00
7.232726978092570036e+00
7.229001092308843468e+00
7.223876517821958387e+00
7.219263295472805986e+00
7.212698857139290709e+00
7.206326908928876840e+00
7.201145028424336125e+00
7.198479949689609469e+00
7.193591619311105134e+00
