5.000000000000000000e-01
9.508560006146077326e-01
9.868305233877058269e-01
9.939493905382310590e-01
9.955549370824401390e-01
9.962794783372544982e-01
9.966986581549304169e-01
9.973300805512913536e-01
9.937365971319276348e-01
9.979169438924088142e-01
9.982457010078695792e-01
9.976777107604177797e-01
9.978481194310239166e-01
9.978009222013969337e-01
9.985876489952467683e-01
9.981893136542920875e-01
9.979698813256393519e-01
9.972182335538093412e-01
9.988882559203101641e-01
9.990627813025912962e-01
9.988796456149052760e-01
9.976964099085193771e-01
9.985725157312015376e-01
9.990689853610310589e-01
9.990675937965213249e-01
9.988816169979606308e-01
9.968457001381417770e-01
9.983730581514511648e-01
9.990286879720994273e-01
9.988004424015504146e-01
9.992745890173672096e-01
9.955653158344095477e-01
9.987870775840699267e-01
9.991165304817858361e-01
9.991763967466382734e-01
9.990326597291379063e-01
9.985570345760295119e-01
9.992172739541159698e-01
9.974802825455774125e-01
9.992596007079583842e-01
