7.699310753731724688e+00
7.215658911456320546e+00
6.709533751069318264e+00
6.253598630396350444e+00
5.685517846425624633e+00
5.546496089648252692e+00
5.424287298403012159e+00
5.257080000332249092e+00
5.224117191362013024e+00
5.204293954451604698e+00
5.179152536956255659e+00
5.123174263895316827e+00
5.015403914877943237e+00
4.941662224983595308e+00
4.950272572361173573e+00
4.894152798148629024e+00
4.838731896272565614e+00
4.826723393069300094e+00
4.753671935469287568e+00
4.677607407496380709e+00
4.620250240209559323e+00
4.580251713897292909e+00
4.514448859592297580e+00
4.481073842406358310e+00
4.422349489873158568e+00
4.393079550630037744e+00
4.355360284247009162e+00
4.310881246133944522e+00
4.255440320060000836e+00
4.224164445302974968e+00
4.212248464657808888e+00
4.157782334786372047e+00
4.114980053356282141e+00
4.089308996222878356e+00
4.067303042363451304e+00
4.038354029789404720e+00
4.018429783995908444e+00
4.032519521211864522e+00
4.027216199806729513e+00
3.999877316656324844e+00
3.988324578930500408e+00
3.988179154258528758e+00
3.980383169293433721e+00
3.950508050437810059e+00
3.921635664816127687e+00
3.894786781320402902e+00
3.878202679874733771e+00
3.853255338583196909e+00
3.829711981127354115e+00
3.825200022893406437e+00
3.812439983873464833e+00
3.801183909742618106e+00
3.790987448795696935e+00
3.790823972209421022e+00
3.761374619271398601e+00
3.752268872815778256e+00
3.728044823477141723e+00
3.716078521111737309e+00
3.699803817911543558e+00
3.673425699024061686e+00
3.661304595692892683e+00
3.646763941894150651e+00
3.635296044071096411e+00
3.622439296412297338e+00
3.616844556519233311e+00
3.621892677665027094e+00
3.609722679911071097e+00
3.604135955028261673e+00
3.584956987712471843e+00
3.569303808353929242e+00
3.542566411087697986e+00
3.527388416170729624e+00
3.507948549058897747e+00
3.488470915687807761e+00
3.483780223491133476e+00
3.467676577356213485e+00
3.461056460573158411e+00
3.445045171025661990e+00
3.430682873742573857e+00
3.412428547343310914e+00
3.413234978413649312e+00
3.406766083774765530e+00
3.390641770268633337e+00
3.375576123436029974e+00
3.364334384757594165e+00
3.364269421170738461e+00
3.347205822971762501e+00
3.332872392153777064e+00
3.327583361562338471e+00
3.320933257325451304e+00
3.304986311039960434e+00
3.290220737023405562e+00
3.282091222931689867e+00
3.270237703869172119e+00
3.255466821322862359e+00
3.238345072074090059e+00
3.231352532046498194e+00
3.220292185263735174e+00
3.208012098781884980e+00
3.206273436828360968e+00
3.198137783270488477e+00
3.186969703189941772e+00
3.175991123639989144e+00
3.173945814048221070e+00
3.156420582985033363e+00
3.151700997800420456e+00
3.156231819228170199e+00
3.139136630450094945e+00
3.127311930582218569e+00
3.130475141803246597e+00
3.130831104566285994e+00
3.125122150296745449e+00
3.110118416664963359e+00
3.099162723933895691e+00
3.086655229826858804e+00
3.077494276272993545e+00
3.062722594542166110e+00
3.057024473669793352e+00
3.044439015207533128e+00
3.050417187470453761e+00
3.039726591440205627e+00
3.030388207992170013e+00
3.018236985500526437e+00
3.008650619373230306e+00
3.010241383066093679e+00
3.003818074786280601e+00
3.005686081572764845e+00
2.996288194076707434e+00
2.991977449397777100e+00
2.997099067409472184e+00
2.993207270396658792e+00
2.982632456088745609e+00
2.970340940290869813e+00
2.961672998419798919e+00
2.951471391921248077e+00
2.947694353699338965e+00
2.941415659561438023e+00
2.945498337594654181e+00
2.935877483592010506e+00
2.932602257599600026e+00
2.929964321283450968e+00
2.922123700861139373e+00
2.912620934337195600e+00
2.906726527393719728e+00
2.906435753102759811e+00
2.897126295406144525e+00
2.887521730608906267e+00
2.878775531919837594e+00
2.876672925202140796e+00
2.870782763260833370e+00
2.862199983152400318e+00
2.860001664803287991e+00
2.853085574806857316e+00
2.843926253293133755e+00
2.841276192173721515e+00
2.830271156707969471e+00
2.821294902913518143e+00
2.819784008264234476e+00
2.814568089640838711e+00
2.807619862307615843e+00
2.804578631314423198e+00
2.799160654305466345e+00
2.790793644462968182e+00
2.783030562979846412e+00
2.774812555367570877e+00
2.766829728238972663e+00
2.762300859082525761e+00
2.757331849888142283e+00
2.752195127281216624e+00
2.742525930401209511e+00
2.737230344688192485e+00
2.731134046665027792e+00
2.723444492696639241e+00
2.717530733782404173e+00
2.710282280959634971e+00
2.707657643321180085e+00
2.705771204063254221e+00
2.704270327768746096e+00
2.699885444557371450e+00
2.691387868347959067e+00
2.685432960710567585e+00
2.677692068458891850e+00
2.668154633864017189e+00
2.675368111638270818e+00
2.669311418037228822e+00
2.667424808829529592e+00
2.665039519412204960e+00
2.663699597139451036e+00
2.657702601005042631e+00
2.648357061718852101e+00
2.642026103498102962e+00
2.633709192648205022e+00
2.635976398839445789e+00
2.629724470818749715e+00
2.620477242552420094e+00
2.611891741513959531e+00
2.603217758490011580e+00
2.596597223029185830e+00
2.591236512900141786e+00
2.585971866262225749e+00
2.584395939570371059e+00
2.578783189872268622e+00
2.574340004981436891e+00
2.568875243469582514e+00
2.562044594119705643e+00
2.565113184627258569e+00
2.558163966138040646e+00
2.549409094248150875e+00
2.542207050077958108e+00
2.539387667545522476e+00
2.534600144352356477e+00
2.529344737105349683e+00
2.521798438160206768e+00
2.516142351973961411e+00
2.510056539571056344e+00
2.501927674535391333e+00
2.495043807542387526e+00
2.486337211265854830e+00
2.479904895192942327e+00
2.471054472615283437e+00
2.463257426563891794e+00
2.463582498476280858e+00
2.461727357076115119e+00
2.460252834812265199e+00
2.454457884164471082e+00
2.451321944964464539e+00
2.457346227804630523e+00
2.451543868720682084e+00
2.446902873702186731e+00
2.440902061815812818e+00
2.440130863571915221e+00
2.433796656661472824e+00
2.426528033278118279e+00
2.423224332082725585e+00
2.427684774576866822e+00
2.429600555854926736e+00
2.428868374573843525e+00
2.424816433993616904e+00
2.419295232976490073e+00
2.417252897779935683e+00
2.414594468923465964e+00
2.409854926275052822e+00
2.405749834969968859e+00
2.402659782023932600e+00
2.400590931201665779e+00
2.395363565483218160e+00
2.391754847475166645e+00
2.385131689699799828e+00
2.377668297976271550e+00
2.372051601371007123e+00
2.367114391880953406e+00
2.362647076100338861e+00
2.358036491996474027e+00
2.354359691905893115e+00
2.348108490270797155e+00
2.341941897566284680e+00
2.338981897557192990e+00
2.334073238487857527e+00
2.328404954687362416e+00
2.322937225648625148e+00
2.324408120625103713e+00
2.320014401128186243e+00
2.317078583271618086e+00
2.312792078964846620e+00
2.308554841456627926e+00
2.302858930605219179e+00
2.297529642182687848e+00
2.294014428593352140e+00
2.288853740912537571e+00
2.285785994284393219e+00
2.280991693239667661e+00
2.277260236899570245e+00
2.273088347534441223e+00
2.271374561945604498e+00
2.268863934350618283e+00
2.266244974145056545e+00
2.262016533962694531e+00
2.257426434968806017e+00
2.254126302039445751e+00
2.252653706847945525e+00
2.247710924528731447e+00
2.243527707820804906e+00
2.239204715491315500e+00
2.237236158674313025e+00
2.236533337340020466e+00
2.238630986202613471e+00
2.235983601324778469e+00
2.232096244183285894e+00
2.228912263526405368e+00
2.224791304056125352e+00
2.221569444277613936e+00
2.217634735031253079e+00
2.216303610674109859e+00
2.213867920490793395e+00
2.211483288736384445e+00
2.210370877521564914e+00
2.208160050672581587e+00
2.205702223403581907e+00
2.201970818521335360e+00
2.196988408909365642e+00
2.192429071859295586e+00
2.187450534140334302e+00
2.183286229288575075e+00
2.181984696669582835e+00
2.178227718900660470e+00
2.173751821772618609e+00
2.170757858505598659e+00
2.169516745874630281e+00
2.164152638485434821e+00
2.159643240138506393e+00
2.156858846821073428e+00
2.153167337696034078e+00
2.150611268677840027e+00
2.146224984145376879e+00
2.145027751700718355e+00
2.141364596053412228e+00
2.136905208755583985e+00
2.133775474739175504e+00
2.128585750604689242e+00
2.124705990188680005e+00
2.123091596700319883e+00
2.119650317168428000e+00
2.119712623680109154e+00
2.115579721815943337e+00
2.111529444125469279e+00
2.107021046533976261e+00
2.103437190835605541e+00
2.101578991502421001e+00
2.098295483023732366e+00
2.096479256397590696e+00
2.094329768037502593e+00
2.091020918416471197e+00
2.087191043586703376e+00
2.084481624668360844e+00
2.080747511646352077e+00
2.076671439989481005e+00
2.071990334134960143e+00
2.071385527150528816e+00
2.069271871967097720e+00
2.066586222760936398e+00
2.065326376425232091e+00
2.060744690533382162e+00
2.056884307894404351e+00
2.053532268326604626e+00
2.050893422958561807e+00
2.047888696040648160e+00
2.045922852368824874e+00
2.042014968962717170e+00
2.039602903143949320e+00
2.036435575739412585e+00
2.033650385073768607e+00
2.030834552316548081e+00
2.027013409089953200e+00
2.022825674315825495e+00
2.019512432730211859e+00
2.017517858958107979e+00
2.013445302712782325e+00
2.010236942989750641e+00
2.006461435800501292e+00
2.003178005623628799e+00
2.000453957440912145e+00
1.996937187984084261e+00
1.993579486806773327e+00
1.989595048323441917e+00
1.985829893652641731e+00
1.982157899597449369e+00
1.978766258979544501e+00
1.976951957572333107e+00
1.973283960846585305e+00
1.969483290099261819e+00
1.967855504673013733e+00
1.966859699883713564e+00
1.965841813647344560e+00
1.962309075071778208e+00
1.959723402019293736e+00
1.956811467966120599e+00
1.954570420365618233e+00
1.952336344232577181e+00
1.948809697372278826e+00
1.945589121045549819e+00
1.941621412477682496e+00
1.938705405488307054e+00
1.935994833742515020e+00
1.932858494280471851e+00
1.929596218511907546e+00
1.928401803162667960e+00
1.926817366864405745e+00
1.923139702979747456e+00
1.919983935887511262e+00
1.916396641233200970e+00
1.915598482244382783e+00
1.911868459265367859e+00
1.910101811812568329e+00
1.907435693797487897e+00
1.904268950019836648e+00
1.903082982680337265e+00
1.902477981286737618e+00
1.900030529739339835e+00
1.899567872013333769e+00
1.897817168074914962e+00
1.897204068107693820e+00
1.894203579856465591e+00
1.893459492563440483e+00
1.889568814194547919e+00
1.886228760321448039e+00
1.890075298613039356e+00
1.886975394328508360e+00
1.884978514408057526e+00
1.886253384612756046e+00
1.883649353311177777e+00
1.882543601713501547e+00
1.881113029872681697e+00
1.880146333717771734e+00
1.878029515226305568e+00
1.875117202943880290e+00
1.871679881154276304e+00
1.869837553028906196e+00
1.866899995910774379e+00
1.864688170844839510e+00
1.862011634364588941e+00
1.860830276623202106e+00
1.857903813887475941e+00
1.855450611257164040e+00
1.852902871005581709e+00
1.850933262285595404e+00
1.848841739949628193e+00
1.852013662082322210e+00
1.848982603181237527e+00
1.847437245667346239e+00
1.844579317025493381e+00
1.841879753495207828e+00
1.840411411043253231e+00
1.839776414143395877e+00
1.837087442708780660e+00
1.833805752506475706e+00
1.832203228382302207e+00
1.828792279114289876e+00
1.826577981490592695e+00
1.824223828501051470e+00
1.822683131888203079e+00
1.826833746637363198e+00
1.823935269866113984e+00
1.821914768392769002e+00
1.819256724233211830e+00
1.820320527013368883e+00
1.818622173949673071e+00
1.815444615709292053e+00
1.813115909624918531e+00
1.812779775685127381e+00
1.811303431786529083e+00
1.809239507056675134e+00
1.806713970105817024e+00
1.803724755911077615e+00
1.802264516509204162e+00
1.800923985600829225e+00
1.799764558089371747e+00
1.797303132681612237e+00
1.795407524007655020e+00
1.793331868981991262e+00
1.790295552721096639e+00
1.788287931713725021e+00
1.788047418440882552e+00
1.785026101043057700e+00
1.784982863091176153e+00
1.782203000607386345e+00
1.782547745947521634e+00
1.779997338421714259e+00
1.777294850193370745e+00
1.775352819713216901e+00
1.772846848575878820e+00
1.770204886286828039e+00
1.769932756540268937e+00
1.767731248613396700e+00
1.764752319208235498e+00
1.762526648783228511e+00
1.763913206204998474e+00
1.761712577514364719e+00
1.760061642750720079e+00
1.762000532061424707e+00
1.760633947672332944e+00
1.758054129435056678e+00
1.757118917303935213e+00
1.754571235619682534e+00
1.753175633940592615e+00
1.752621588605715486e+00
1.751117862619917309e+00
1.748575334936992354e+00
1.748300990222839912e+00
1.746971820954068777e+00
1.745165988215668706e+00
1.742847208974158013e+00
1.741553935966256850e+00
1.739921785802356569e+00
1.737247769301801359e+00
1.734943081162036327e+00
1.733293056978610913e+00
1.731402001344962915e+00
1.728600864506900869e+00
1.726022395059500392e+00
1.724240826928653103e+00
1.722923697248958108e+00
1.721685841963376484e+00
1.722012012656428670e+00
1.719477580025041474e+00
1.716734666723784608e+00
1.715557870519183181e+00
1.713755604696038048e+00
1.711197345590383057e+00
1.709128213127887319e+00
1.706836362613755709e+00
1.704452540967807961e+00
1.704311832471149923e+00
1.703084437332879952e+00
1.701616402636566994e+00
1.699198848749859048e+00
1.696785320439493372e+00
1.694518599831023931e+00
1.692732745405285177e+00
1.690045232978208523e+00
1.687506677409707168e+00
1.685310045071684470e+00
1.682520187663872901e+00
1.681191464618105869e+00
1.680245608294751447e+00
1.677818767804593936e+00
1.675227224019164352e+00
1.672620389449366529e+00
1.673162724874331042e+00
1.673846862009659819e+00
1.675231509984239420e+00
1.673628854538365962e+00
1.671403403757099726e+00
1.669045149861886124e+00
1.669348143089587566e+00
1.668759690311578225e+00
1.666338659676769973e+00
1.664629951354750448e+00
1.662967570500405889e+00
1.661139389954369605e+00
1.660495856409982762e+00
1.658451184113341803e+00
1.657924247024923803e+00
1.655853230391667319e+00
1.653513332413149017e+00
1.651756158973187061e+00
1.649488353731288548e+00
1.649045896407006939e+00
1.647569733184000240e+00
1.646123626629610204e+00
1.645610419672505653e+00
1.643830779269712217e+00
1.643454079500715981e+00
1.641794651670192229e+00
1.641421141180236409e+00
1.639846542582257038e+00
1.638452031808561582e+00
1.637566339915449865e+00
1.635261859634997483e+00
1.633200578885275034e+00
1.633706703697438645e+00
1.632623859251311371e+00
1.630915877662068914e+00
1.629549283791139835e+00
1.627383709109074816e+00
1.625347055949685426e+00
1.623382774491674896e+00
1.621246260851764598e+00
1.619281471974801434e+00
1.616937940190660061e+00
1.614794323214620686e+00
1.613304913688559994e+00
1.612173736173082794e+00
1.610252731415164895e+00
1.608656401920950829e+00
1.606865803715599617e+00
1.604848083439046835e+00
1.603090223801876490e+00
1.602470724389011281e+00
1.600243187181947802e+00
1.598373673869771139e+00
1.599349984159181393e+00
1.600120819420901341e+00
1.598007878326355158e+00
1.596513265032201145e+00
1.594541531896687125e+00
1.592928803652888359e+00
1.593148703483455941e+00
1.592710112310226522e+00
1.592399724440069608e+00
1.590443519551093088e+00
1.588681833710246405e+00
1.587898171136868708e+00
1.586699763846842304e+00
1.584451643838981960e+00
1.582184410782202733e+00
1.580274822086282116e+00
1.578351037090351516e+00
1.576331199937791361e+00
1.574967160714265901e+00
1.573297302182561364e+00
1.571477424387790256e+00
1.570712950387338491e+00
1.570644161253267335e+00
1.568671823941948595e+00
1.567338670915981780e+00
1.565502201660863735e+00
1.563497963076004194e+00
1.565146358634991630e+00
1.563466480512953449e+00
1.561783032993611542e+00
1.560053207967882827e+00
1.558258713372974835e+00
1.556352236444696890e+00
1.554748331208086531e+00
1.552976254267146361e+00
1.551547738637284235e+00
1.549840162725280690e+00
1.547740876830033585e+00
1.546454938586484529e+00
1.544924603327007206e+00
1.543198715608006477e+00
1.542110310002972051e+00
1.540096269648793870e+00
1.538216223639725433e+00
1.536327707996624881e+00
1.535162414717802237e+00
1.533323135079522004e+00
1.531647668575909504e+00
1.531187169791287772e+00
1.529562358940609323e+00
1.527736169873395555e+00
1.526037933928890311e+00
1.524285537259633783e+00
1.522606744914903221e+00
1.523143927895693750e+00
1.521376948337923585e+00
1.519504769096716723e+00
1.521845564259522554e+00
1.519881852439074699e+00
1.518261875049631948e+00
1.516466696181491214e+00
1.518147642311919787e+00
1.516747865795878614e+00
1.515365927463744766e+00
1.514437625903928497e+00
1.512846955602261900e+00
1.512147234282062103e+00
1.510283117412758225e+00
1.508406926334789011e+00
1.506511174256329744e+00
1.504813889051690445e+00
1.503435352723416107e+00
1.501822664381253114e+00
1.499889981672476003e+00
1.498552378719384404e+00
1.496959179339982793e+00
1.495834098809209589e+00
1.494616652921209266e+00
1.492740443130559536e+00
1.492719418540101151e+00
1.493017424683431349e+00
1.491833074238181567e+00
1.490281954941236053e+00
1.489576796095361644e+00
1.488200749592792471e+00
1.487665741766465377e+00
1.486226561797331147e+00
1.485027306504832723e+00
1.483600461636918943e+00
1.482544499195832977e+00
1.481822813379233938e+00
1.480046419646448008e+00
1.480835165435024026e+00
1.479227272161252937e+00
1.478083647766110564e+00
1.476294342271305959e+00
1.474974639202184079e+00
1.473523176802214563e+00
1.472322990919650021e+00
1.471943854548959374e+00
1.470356455469318036e+00
1.468624694632221006e+00
1.467029310754215166e+00
1.466372626714744554e+00
1.464893526631147136e+00
1.463319716463736153e+00
1.461900303183203409e+00
1.460884072207577766e+00
1.461021807364519809e+00
1.460161719071594977e+00
1.458547802492438317e+00
1.457394339622045232e+00
1.455700697805978994e+00
1.455728787228233401e+00
1.455772646732577558e+00
1.454201589269155104e+00
1.452819431932044880e+00
1.452241888084599752e+00
1.452100736840671980e+00
1.450521650444032362e+00
