1.454048124937928144e+01
1.429831893882944094e+01
1.459761330992656525e+01
1.420618069018254381e+01
1.392019149236515574e+01
1.361708084637480809e+01
1.340765461676447146e+01
1.334652361916762153e+01
1.332709689039621814e+01
1.314162591941384761e+01
1.301153367199012401e+01
1.298839271253990546e+01
1.299538767501180203e+01
1.285879188784548788e+01
1.280169149320392563e+01
1.279062600474267875e+01
1.273947366992792851e+01
1.267437041204187587e+01
1.259248846476266870e+01
1.251404096576410652e+01
1.250721895124808292e+01
1.241788696988150242e+01
1.232677023119842374e+01
1.225509391837294970e+01
1.230275908317261013e+01
1.230427007431301512e+01
1.224007058679768711e+01
1.212914174943437828e+01
1.204494813758149618e+01
1.201000088941519017e+01
1.192662519853782932e+01
1.189234857392168188e+01
1.187748533187854072e+01
1.185095617915484034e+01
1.177424122177169252e+01
1.169679568789744728e+01
1.171671834264128620e+01
1.169855769190989569e+01
1.164060479587101149e+01
1.161410918537086445e+01
1.155163215702167356e+01
1.152862378298295809e+01
1.149510204909192268e+01
1.142396533464915720e+01
1.137699330872706582e+01
1.130092602689597570e+01
1.127058493059276856e+01
1.121442595559302546e+01
1.122474792825248180e+01
1.116325975890644528e+01
1.115192392159624468e+01
1.109697549221950119e+01
1.104644901003715063e+01
1.098543086470402486e+01
1.098599775782042975e+01
1.095530530470918329e+01
1.096050348388282991e+01
1.095966106871555112e+01
1.090082559842248600e+01
1.085881149169255266e+01
1.085073790305191288e+01
1.081311836803795501e+01
1.079162544508881005e+01
1.074982794303000944e+01
1.070710911287120659e+01
1.066487506775160909e+01
1.065072983563284481e+01
1.063578133716810470e+01
1.061637515549705668e+01
1.059939215787601441e+01
1.056254564302311394e+01
1.054219684587182471e+01
1.049148339158803367e+01
1.046217708590658546e+01
1.045793286571466041e+01
1.047859977007704479e+01
1.047476158372582944e+01
1.045727726575745109e+01
1.043481585895915842e+01
1.041612788267693723e+01
1.038992349480350974e+01
1.038488482853724371e+01
1.039408772653038504e+01
1.035885324470407909e+01
1.031417613360956587e+01
1.028478851800112714e+01
1.025034511256844283e+01
1.022983310774655052e+01
1.019627169563028701e+01
1.015276338493074881e+01
1.013895131604012256e+01
1.009882159709995086e+01
1.005587303132642774e+01
1.005508459292930823e+01
1.003645650085957897e+01
1.005019661487898830e+01
1.003945747150268630e+01
1.002021891041696122e+01
1.000002092529205910e+01
9.995958671310484434e+00
9.962314076390610396e+00
9.949432797746172952e+00
9.914659517542638412e+00
9.881835423839236299e+00
9.870782205723786618e+00
9.863344607031507394e+00
9.853163114384921428e+00
9.836506654768848890e+00
9.826431473497313718e+00
9.823914905441673895e+00
9.791012589291822721e+00
9.766115388847612877e+00
9.732437572394028180e+00
9.703460684617283505e+00
9.672399074224651727e+00
9.641755038147753254e+00
9.606705102740871638e+00
9.574227057615670944e+00
9.540981028052240021e+00
9.512871036401788771e+00
9.488932848428474287e+00
9.477934361418903109e+00
9.491233384040292265e+00
9.468455015762835103e+00
9.446283595305049019e+00
9.412769204196290929e+00
9.389155078070414717e+00
9.370100096254438071e+00
9.339635282401628658e+00
9.327658810845274928e+00
9.307385364446195908e+00
9.285671583199107459e+00
9.250851619547795224e+00
9.218907034916723475e+00
9.185008551796428833e+00
9.168315164956034380e+00
9.144569124960744588e+00
9.113200188574298366e+00
9.098127212490460636e+00
9.085399642427020694e+00
9.062319631685740617e+00
9.037164875567189171e+00
9.023377931564654730e+00
9.001366451001297619e+00
8.973458283552373516e+00
8.948474609932675961e+00
8.929500257868491886e+00
8.923775504347347010e+00
8.902248462259905182e+00
8.891007612693258011e+00
8.867922943000664304e+00
8.850782757738116402e+00
8.824839804160871992e+00
8.802347293443009590e+00
8.784442781012472778e+00
8.761447302923164315e+00
8.740275667023388095e+00
8.736137668622822261e+00
8.724027854828028339e+00
8.701179583999289591e+00
8.687974233936666124e+00
8.684818500205174985e+00
8.675566450352555137e+00
8.657958420849887204e+00
8.644834197067943649e+00
8.634605988100437557e+00
8.618827201546810812e+00
8.608224117787557361e+00
8.591113676518705944e+00
8.577906711274486895e+00
8.564886005089579868e+00
8.541039124575801722e+00
8.530275129281827518e+00
8.515222614056497719e+00
8.486445611314456627e+00
8.464389673272776804e+00
8.441182499405437412e+00
8.428584571039257511e+00
8.408722611365679001e+00
8.389259475294899460e+00
8.376797315375187125e+00
8.356553420392652143e+00
8.345942850158825976e+00
8.321012244951438319e+00
8.306322406260150615e+00
8.294534026497277779e+00
8.294183613623886231e+00
8.305188476885977167e+00
8.288320920998346608e+00
8.269472564904377876e+00
8.250580841720667635e+00
8.229481096156838760e+00
8.214123239721988767e+00
8.227696756361444486e+00
8.208323158720084223e+00
8.207304326336428701e+00
8.194640336783139745e+00
8.179820868982892179e+00
8.163491601022537125e+00
8.144530225389358336e+00
8.146356011847791123e+00
8.132492120012702941e+00
8.137328423768213526e+00
8.118380836143781920e+00
8.108316191557362274e+00
8.093850190091307795e+00
8.076172741130125843e+00
8.069013391864846341e+00
8.067311866466024384e+00
8.057925421608828742e+00
8.040666040545412230e+00
8.033254507359416152e+00
8.020488276207613509e+00
8.004559486271313418e+00
7.989710602276280937e+00
7.973898613653959799e+00
7.959231765794152480e+00
7.942300890625333842e+00
7.943908300370985387e+00
7.932787398887319874e+00
7.916778438986817434e+00
7.905986091621933554e+00
7.889883828600035898e+00
7.871957572720711838e+00
7.860834168690317370e+00
7.841283487863533352e+00
7.829657477683888978e+00
7.824163729941449041e+00
7.814530433778293705e+00
7.797822319855002959e+00
7.798011044292211480e+00
7.789013723051867899e+00
7.771155615119626603e+00
7.764006377231519096e+00
7.750575592555238202e+00
7.746956944462815464e+00
7.731358073141413989e+00
7.722026458795457238e+00
7.718296453487947240e+00
7.707714986101477983e+00
7.695147963350018827e+00
7.682623874758029103e+00
7.668264625478967034e+00
7.654352989744443114e+00
7.639755144134855236e+00
7.623096810661559530e+00
7.616151348782229213e+00
7.623307964679881366e+00
7.607427902093247596e+00
7.595882235797433601e+00
7.581272298118750363e+00
7.571928763095227666e+00
7.561960373302747840e+00
7.560459745892186056e+00
7.545139117091586911e+00
7.536473190776781017e+00
7.523141097085620288e+00
7.510801136346605844e+00
7.500761591289701435e+00
7.493768414717036030e+00
7.493560688276502013e+00
7.478995253119872011e+00
7.469166127389005538e+00
7.458269587019205282e+00
7.445210621317965405e+00
7.434692870061518022e+00
7.421004624268559446e+00
7.413623113046694968e+00
7.402289692412021616e+00
7.387149295339670907e+00
7.372369419533436385e+00
7.361063877566053293e+00
7.347597590825609259e+00
7.337791952312317179e+00
7.326590857129016143e+00
7.315560624188022665e+00
7.326967395807723271e+00
7.318457309608937145e+00
7.306635557973061523e+00
7.297843795045206861e+00
7.292693456614180114e+00
7.290434761263982821e+00
7.281108339601703783e+00
7.281276247480006347e+00
7.271943304531524710e+00
7.261745059042763017e+00
7.251130170786823648e+00
7.244767912363478501e+00
7.232277531837365991e+00
7.222472753402896295e+00
7.216636907061861450e+00
7.207577722600753134e+00
7.202347330504220935e+00
7.190412479551381963e+00
7.179921311322009281e+00
7.168561942877269111e+00
7.164271153220902910e+00
7.157311432106316040e+00
7.147956053972549739e+00
7.142550509255176650e+00
7.131473286135728173e+00
7.118954848049140693e+00
7.106165451378642750e+00
7.094824805168873816e+00
7.082518196728632809e+00
7.083561669169460728e+00
7.070325084870737520e+00
7.068462417378245100e+00
7.056051782418353291e+00
7.045778298311386578e+00
7.033669182294838507e+00
7.022391026016346238e+00
7.013643439364380505e+00
7.001365969721336846e+00
6.992565031614397242e+00
6.983102983108657291e+00
6.974114392184899813e+00
6.962884749786062422e+00
6.959518907142808963e+00
6.955377246753986498e+00
6.945434357109268930e+00
6.938859923268542396e+00
6.940351109737613378e+00
6.929980790727666040e+00
6.925603585529275463e+00
6.917031836614635054e+00
6.907066198638432297e+00
6.899720787698694124e+00
6.899564746283122219e+00
6.889494336186205992e+00
6.880441757990064744e+00
6.872475249381269968e+00
6.864852918032363860e+00
6.855362228442487549e+00
6.845909857625127160e+00
6.834810733488556167e+00
6.822517731287637055e+00
6.835747392715006754e+00
6.834186386418120485e+00
6.824822669045832235e+00
6.818508378239140910e+00
6.810873922912364264e+00
6.807603713397427647e+00
6.797962334464992651e+00
6.793358325895273886e+00
6.786525670451214687e+00
6.775593840316589400e+00
6.766696275552713580e+00
6.759774263413232731e+00
6.755228822082351314e+00
6.744800080203763315e+00
6.733611547026763233e+00
6.727028564438396252e+00
6.719142775857792849e+00
6.726096852638477230e+00
6.725555847875584803e+00
6.714079767526106579e+00
6.706965947819140794e+00
6.698545636225789579e+00
6.690627009536751935e+00
6.680346755329558128e+00
6.675554381474353427e+00
6.669353123281540618e+00
6.659076419802032021e+00
6.650435422632970273e+00
6.645668660690121854e+00
6.645384497080783603e+00
6.654854638758184393e+00
6.647605675053458008e+00
6.642770123774936586e+00
6.636920800930268705e+00
6.626943214199605414e+00
6.618640429819836690e+00
6.607836017561727004e+00
6.598196969261262979e+00
6.588768252321401953e+00
6.579093041263477382e+00
6.571691922563943855e+00
6.565558458152099597e+00
6.557174567035522372e+00
6.547426410890371251e+00
6.542871854357013461e+00
6.533034040919481811e+00
6.528204947484953280e+00
6.524461891351749365e+00
6.522063942560473393e+00
6.517683428449819516e+00
6.509661454569931394e+00
6.505877975361400445e+00
6.498834067659995384e+00
6.490797410732875861e+00
6.483488422597420531e+00
6.478763104520400162e+00
6.474460807038909138e+00
6.468675666738598729e+00
6.461605260722116384e+00
6.455410653730679904e+00
6.450522413092415697e+00
6.440134432835558087e+00
6.439820960236623648e+00
6.441106807375013510e+00
6.433219775725296685e+00
6.431187592633377470e+00
6.422965312120020087e+00
6.415489183155949959e+00
6.407569735085633766e+00
6.400341733990886794e+00
6.391478487516110363e+00
6.384943414950765117e+00
6.376157518254393253e+00
6.367492058466457827e+00
6.359856060657667065e+00
6.350803640371548653e+00
6.351084847285848767e+00
6.346227637656211229e+00
6.339451245638320742e+00
6.330703760104269051e+00
6.323570839396809085e+00
6.316725111547087934e+00
6.315919310686999744e+00
6.315095563812156421e+00
6.306812166292645294e+00
6.301873216242528386e+00
6.294689934082787985e+00
6.287473242498798243e+00
6.279012265584586139e+00
6.270978663789997576e+00
6.263722416233854062e+00
6.257718894026164769e+00
6.250836110621454722e+00
6.241371049509789160e+00
6.240953261904153671e+00
6.234946285527738219e+00
6.234301768105313890e+00
6.227281002337956117e+00
6.224622755618405279e+00
6.214869755099464932e+00
6.206945445624280744e+00
6.202355400748674086e+00
6.196652916271782274e+00
6.190326083632718301e+00
6.184783126206092163e+00
6.183867471297936902e+00
6.179458860273723708e+00
6.172317636877875380e+00
6.164547827163644911e+00
6.158913252532184579e+00
6.152863508234240442e+00
6.144304561917806495e+00
6.136519139759435859e+00
6.136470060525621051e+00
6.128610411870189623e+00
6.120630135394749871e+00
6.114956879034768811e+00
6.114393587689566090e+00
6.109695151810072389e+00
6.102426195980098278e+00
6.095736143879359581e+00
6.088288153201285802e+00
6.081943487728214137e+00
6.075832397636322213e+00
6.068938310457625995e+00
6.062243480477997437e+00
6.057106497055930738e+00
6.050113542113610521e+00
6.043110302757479957e+00
6.037903850175716514e+00
6.031939515887549064e+00
6.023978316700071112e+00
6.018399934135896245e+00
6.012024159895580588e+00
6.006470151929223178e+00
6.001762530279549424e+00
6.003863236692028593e+00
5.997548069088382228e+00
5.991394060845577130e+00
5.986113777838641958e+00
5.981715771553369088e+00
5.982507399730651265e+00
5.974634870499118122e+00
5.968159901291469005e+00
5.961984752839166291e+00
5.954674849516435664e+00
5.948017287021976962e+00
5.948406538251576059e+00
5.942316337184391450e+00
5.940232889279018380e+00
5.939994463067215236e+00
5.936261133315059446e+00
5.938632939407733069e+00
5.933700174238152769e+00
5.927163460020214103e+00
5.919980659798634193e+00
5.915858507604507821e+00
5.911002715288824483e+00
5.903336069555441767e+00
5.897648542531659821e+00
5.891250431115936159e+00
5.886906828607662234e+00
5.884272714415423877e+00
5.877609454454176152e+00
5.870792472020211150e+00
5.863671753442022627e+00
5.858724958614416778e+00
5.852848421359243325e+00
5.845866159127549366e+00
5.838897194029208926e+00
5.831599988156292547e+00
5.826803201451536296e+00
5.823956640810007634e+00
5.819740720470607087e+00
5.813814346887905771e+00
5.807402211769201905e+00
5.802480159135038562e+00
5.796294776563504669e+00
5.790621666798647205e+00
5.784251529816758719e+00
5.778537159245852095e+00
5.773702129691149487e+00
5.769390301096139595e+00
5.764338533018595889e+00
5.757297196350596558e+00
5.751480224273306519e+00
5.754256666273581899e+00
5.749372260479173491e+00
5.742452746040008549e+00
5.735434759351834444e+00
5.728963171774275054e+00
5.723275828254021036e+00
5.721308954009949765e+00
5.716336424713421849e+00
5.711296222942067402e+00
5.705271718269107950e+00
5.699518543075792643e+00
5.694360290166135208e+00
5.688396104785852891e+00
5.682367087184853283e+00
5.676994970413569597e+00
5.670926335481560443e+00
5.666349637149655116e+00
5.660162512528887468e+00
5.654984135865714912e+00
5.651463177579516106e+00
5.646001914800748089e+00
5.640790264736620152e+00
5.636078622194804488e+00
5.635036958505210691e+00
5.631689651367570271e+00
5.628447202649542014e+00
5.622830212570551822e+00
5.617181295524134477e+00
5.611122757492301716e+00
5.606490584354186346e+00
5.601954433832446512e+00
5.597375132001157993e+00
5.592711127880498623e+00
5.585595115822389545e+00
5.580297122203025317e+00
5.575640808161910655e+00
5.570739467958253144e+00
5.565238586377318164e+00
5.564110659657829139e+00
5.558738306556492148e+00
5.553394377051559694e+00
5.547526272467097286e+00
5.541630901171991752e+00
5.535954872987646880e+00
5.532648286235295032e+00
5.530924554589439879e+00
5.526470468759153931e+00
5.521873866447427837e+00
5.514984609881707023e+00
5.509269066059220066e+00
5.503430947170002696e+00
5.497824290254251345e+00
5.492722726577168757e+00
5.486595981498049390e+00
5.480924892551994887e+00
5.481837887207163362e+00
5.477884995938330448e+00
5.474683556800603590e+00
5.468902775859083576e+00
5.465930854696043006e+00
5.465123390954838456e+00
5.463678907703838128e+00
5.459622557668954101e+00
5.454040389343332684e+00
5.449794895252030535e+00
5.446295657253340750e+00
5.441113294475287354e+00
5.439230171003852199e+00
5.434830523724170526e+00
5.430041724105102219e+00
5.424742824229251248e+00
5.419161898891980300e+00
5.414322631296228927e+00
5.409354525681883352e+00
5.406646476715676997e+00
5.400509788172352721e+00
5.394814144587160243e+00
5.389022272733587471e+00
5.385046380122397558e+00
5.378928743313951877e+00
5.374792007255354775e+00
5.370300566116647190e+00
5.365626261287513188e+00
5.364661581742676155e+00
5.368948280681531848e+00
5.368604476843436224e+00
5.366213509218846767e+00
5.361248605237575404e+00
5.358416772907552250e+00
5.356108633364662808e+00
5.352312739488435334e+00
5.350741262961600242e+00
5.345608898556442057e+00
5.340349693209650361e+00
5.336146235929547288e+00
5.330841959550943088e+00
5.326336823039254043e+00
5.321047994358667488e+00
5.315943814719409133e+00
5.310817535616337182e+00
5.305072775794884343e+00
5.300487887509699014e+00
5.296395389603105741e+00
5.292781292872802190e+00
5.287864280986830146e+00
5.283882961272171386e+00
5.279470271421308425e+00
5.276046455843063754e+00
5.271103114329487305e+00
5.266791661603755337e+00
5.262523807288229882e+00
5.257104940510768820e+00
5.252847696428261770e+00
5.254713037015768862e+00
5.249219622140183006e+00
5.247536897976395665e+00
5.244258280522381632e+00
5.240149803877077517e+00
5.237390916316055467e+00
5.232705912418001759e+00
5.227702153386855066e+00
5.223031347812634451e+00
5.220286912510037070e+00
5.215621035661274441e+00
5.212246952448192694e+00
5.209011611229780847e+00
5.204142014385288562e+00
5.200119633957068999e+00
5.196145147468178571e+00
5.190915094352482662e+00
5.185600407451929961e+00
5.180334694834482612e+00
5.175175184623732605e+00
5.170191635701539390e+00
5.166668991155795254e+00
5.163755199435700050e+00
5.158889947361745776e+00
5.158367749739655395e+00
5.154693134659050102e+00
5.151301375849364206e+00
5.150293544997381900e+00
5.146210246969689095e+00
5.142022666207521020e+00
5.137459481140634665e+00
5.133913054073561355e+00
5.131637919459275388e+00
5.127700893149010675e+00
5.122822019181484166e+00
5.118878766544789016e+00
5.114253428381716482e+00
5.109434972408754660e+00
5.107024784872559842e+00
5.104446591605999117e+00
5.100353651992830528e+00
5.095088752758286432e+00
5.092111609457647070e+00
5.087570968554020467e+00
5.083398288777320140e+00
5.083758540641127865e+00
5.081653913879582873e+00
5.078281468845509572e+00
5.073652476585846394e+00
5.069079383424706542e+00
5.071178058862128246e+00
5.066705110309805526e+00
5.062378332234821698e+00
5.059418011145429439e+00
5.055388163731075579e+00
5.054741006599648756e+00
5.049547076812833879e+00
5.045009653851898257e+00
5.040844174206385198e+00
5.037531968247650482e+00
5.035997463988306500e+00
5.031123748643205218e+00
5.025832874715665533e+00
5.022507777977963883e+00
