8.482300944573877288e+00
9.192211686245036262e+00
9.283826084062045680e+00
8.757158446683559916e+00
8.706501038764745459e+00
8.494649284453174687e+00
8.322475045615060907e+00
8.254667972216951810e+00
8.071228024111890775e+00
7.980308433104432275e+00
7.807517673570760763e+00
7.713789685051947842e+00
7.647872084130468373e+00
7.618972942968936124e+00
7.589478691538480426e+00
7.472409359941799778e+00
7.422193192736936673e+00
7.388138064849103515e+00
7.337693611807912575e+00
7.277599939690836628e+00
7.268238098175856976e+00
7.205234078443230494e+00
7.100097822225590605e+00
7.132972261889507060e+00
7.085969296971788900e+00
7.072026186927713454e+00
7.022521670467022581e+00
6.960523302673667700e+00
6.920233248513606661e+00
6.880891722996676840e+00
6.810240694164230391e+00
6.762287364986645066e+00
6.749078735454848932e+00
6.717277842575908764e+00
6.658009246232619027e+00
6.626973995604043211e+00
6.592272983759921878e+00
6.581598515655053383e+00
6.544738164296607152e+00
6.503941409541125651e+00
6.469605225404422733e+00
6.434858573448190455e+00
6.399100996449474721e+00
6.345932013184915732e+00
6.319234879089274060e+00
6.293687910762129967e+00
6.252236353359771570e+00
6.208463889099168576e+00
6.157632500231794204e+00
6.116778921172837613e+00
6.110400802793701125e+00
6.090877830864906528e+00
6.033398477166820761e+00
6.015152922956318093e+00
5.984222516266111569e+00
5.969726233877794108e+00
5.931737796664035223e+00
5.888199454818194845e+00
5.842427590089975808e+00
5.814680418039789522e+00
5.801552730478278797e+00
5.770239713165333129e+00
5.737132090050940825e+00
5.716313305400687383e+00
5.679233996316852995e+00
5.649155487149063681e+00
5.624261447003507719e+00
5.594959207147935487e+00
5.581921830985624666e+00
5.567135806307452306e+00
5.534228337546490906e+00
5.503346093892310442e+00
5.481524375451517272e+00
5.459658135237885013e+00
5.437948132303226600e+00
5.410606018320142319e+00
5.388479422130393104e+00
5.391490824938741433e+00
5.365428437470225909e+00
5.337534720639120600e+00
5.301164976825930353e+00
5.272061212794453056e+00
5.249046595643902968e+00
5.233576839825755833e+00
5.251545195464141003e+00
5.242041328249571031e+00
5.233095169134131197e+00
5.212333966613420522e+00
5.189176158681600093e+00
5.164204754085646165e+00
5.147350383068617141e+00
5.130112663758702674e+00
5.100120118745107511e+00
5.076381035267624853e+00
5.050727880627809974e+00
5.028408078047289287e+00
4.999881497533325003e+00
4.974848995072979285e+00
4.954384600454779353e+00
4.960058273903241499e+00
4.942315160998939305e+00
4.917369667355830032e+00
4.893250877453222181e+00
4.877519224049829738e+00
4.850908277063637364e+00
4.824183326552191176e+00
4.808535162258379181e+00
4.792644362691728332e+00
4.789797563401736014e+00
4.764627442531859991e+00
4.757022671091252874e+00
4.737838118562986089e+00
4.720650020851258510e+00
4.704504686016646176e+00
4.687186798559495493e+00
4.672605307688218801e+00
4.652961630809666183e+00
4.645081682978125848e+00
4.627009766128741042e+00
4.601168914816133437e+00
4.589673526085867650e+00
4.569033604675657223e+00
4.556291635636213755e+00
4.546066223368674386e+00
4.541916517814828858e+00
4.527841893661715744e+00
4.536180975825485184e+00
4.513676093560811786e+00
4.497862631979963055e+00
4.503576875505023835e+00
4.496373050585367181e+00
4.489015352979108364e+00
4.469628815774035147e+00
4.468945789706349814e+00
4.454495912243631395e+00
4.442199508971405919e+00
4.433869452553944157e+00
4.424200766800655771e+00
4.417946650021130850e+00
4.403999689891970881e+00
4.388699847557286482e+00
4.373916179170428187e+00
4.356300842041363808e+00
4.340419203133793147e+00
4.327743453412828956e+00
4.325957974510956205e+00
4.321578216792484994e+00
4.304620353829787582e+00
4.295666963417449580e+00
4.281930857140761937e+00
4.273463367529974910e+00
4.257217791164387144e+00
4.249268086006828149e+00
4.240706111836681558e+00
4.226027702350261706e+00
4.215458892821643211e+00
4.203078195395931083e+00
4.187440202886628882e+00
4.183107502614377360e+00
4.169896790537842790e+00
4.165392619235102067e+00
4.152280952178265316e+00
4.149922120681998727e+00
4.132591687723977003e+00
4.124627539338380444e+00
4.111182274518978552e+00
4.103799273465689623e+00
4.092277167800901339e+00
4.076206662169413519e+00
4.076993224087465784e+00
4.074684863240332966e+00
4.057703963983311013e+00
4.048370492934228793e+00
4.036972906317686238e+00
4.024864740734545698e+00
4.015796563694395083e+00
4.004039140045550837e+00
3.998443756403193383e+00
3.993098623436092787e+00
3.985724147283575824e+00
3.977839282989156011e+00
3.969660942991165342e+00
3.959195641955004064e+00
3.949566262922360238e+00
3.936222307459989800e+00
3.922760063520145390e+00
3.909860022266130386e+00
3.904653824891841207e+00
3.893161145030378023e+00
3.881750810110035310e+00
3.875908890258035644e+00
3.862656938709890131e+00
3.852991771020972234e+00
3.838668747278819904e+00
3.835190463023680607e+00
3.832069329420103809e+00
3.820353748159502683e+00
3.812315177122766130e+00
3.799564747825051381e+00
3.798167385103478288e+00
3.789484736573347945e+00
3.784221452220161375e+00
3.779903027402839566e+00
3.775028211644567477e+00
3.763960848613144172e+00
3.757617996281593431e+00
3.751185870058158400e+00
3.749737012830545169e+00
3.740845794727972518e+00
3.738720553442283823e+00
3.729433848451971567e+00
3.719903122228751524e+00
3.716923452393621652e+00
3.706636023402088753e+00
3.698429614685529110e+00
3.694835074842204747e+00
3.685163649452604773e+00
3.674882871599526979e+00
3.664994580113418277e+00
3.667982280889235280e+00
3.663293430889488889e+00
3.652351858029027731e+00
3.641136166560119847e+00
3.634916407480709655e+00
3.625262577667536235e+00
3.621119220862083932e+00
3.609083799022952288e+00
3.600766022465847982e+00
3.590070484207802615e+00
3.579128568466711791e+00
3.571514158841630149e+00
3.564156847312135667e+00
3.554912079324031637e+00
3.558296428296430225e+00
3.553416062710267553e+00
3.550476283769356645e+00
3.541685561562094797e+00
3.534932087513109167e+00
3.528747865109893578e+00
3.525400082267029500e+00
3.523112131481474840e+00
3.521378378231266648e+00
3.511262012273563382e+00
3.505155349041695345e+00
3.504328562291664895e+00
3.498957755662621683e+00
3.492187212098891269e+00
3.482241086528443219e+00
3.473719257243477188e+00
3.464020992127993637e+00
3.456225356894666589e+00
3.445888158593724881e+00
3.438911769079910474e+00
3.431567693475867653e+00
3.421061462736865177e+00
3.416804823307603378e+00
3.408080070867802291e+00
3.400090355712189094e+00
3.394092381658567081e+00
3.390010498057907107e+00
3.381241726938815084e+00
3.376111623788227156e+00
3.368011186488125919e+00
3.367774920159567476e+00
3.366958012202263983e+00
3.359191308127820630e+00
3.351608474591965425e+00
3.342512416750448967e+00
3.334509265302122216e+00
3.330578537214854862e+00
3.322103482923163931e+00
3.314132280076298454e+00
3.307664282967899272e+00
3.298263117362122188e+00
3.291070170123984617e+00
3.284164965869444064e+00
3.275144609232675030e+00
3.268055618748193947e+00
3.262620415516102934e+00
3.256956515225753357e+00
3.250134767714122574e+00
3.251712626099935388e+00
3.246481400083618407e+00
3.240001954091825009e+00
3.231859464009536165e+00
3.225343800512567416e+00
3.222903851546874421e+00
3.218762568321961393e+00
3.212217908725000903e+00
3.208340038338725275e+00
3.207479900910232384e+00
3.201085366950621403e+00
3.201164462656448162e+00
3.199899379121201370e+00
3.192858099924676729e+00
3.189220558598310440e+00
3.188333104645814764e+00
3.183238969339346358e+00
3.179424597400485553e+00
3.182944483076081355e+00
3.175604046588579088e+00
3.174082162640448068e+00
3.168977418294785853e+00
3.161920034015897052e+00
3.154818725605136542e+00
3.148381900084849860e+00
3.142374451490721921e+00
3.136120874679870774e+00
3.131359999160803209e+00
3.125477632828673968e+00
3.125026974841628391e+00
3.120477713136239561e+00
3.119139063449572369e+00
3.113734109453736743e+00
3.108507860304933423e+00
3.101646027209413958e+00
3.097939516355288525e+00
3.090522813583071127e+00
3.085090676523096764e+00
3.081208939707466232e+00
3.080677426636626581e+00
3.075358492262006749e+00
3.073975620029717692e+00
3.071028412166636468e+00
3.070427184975097923e+00
3.064748826002963611e+00
3.061669513563337830e+00
3.056094267282853050e+00
3.049985646759644453e+00
3.043926048035609178e+00
3.037148031483758892e+00
3.030986397735800253e+00
3.025131442032335194e+00
3.019041154754763756e+00
3.018736548750340365e+00
3.012825424139115249e+00
3.009427765703368785e+00
3.003303280992010826e+00
2.997979338229591839e+00
2.992476416310313692e+00
2.986602775794755082e+00
2.988248944664360085e+00
2.987011988822086739e+00
2.981356442663461781e+00
2.981227891865145363e+00
2.976277130487892997e+00
2.971937763867030124e+00
2.968993292545984097e+00
2.963690681285560569e+00
2.961604631533750087e+00
2.957600090865822207e+00
2.955861655508625674e+00
2.949369975725904425e+00
2.943139363647127471e+00
2.946438347118313761e+00
2.939789303202317239e+00
2.933233563111618647e+00
2.934216382539474921e+00
2.929095197151095675e+00
2.924635719317000060e+00
2.919815923271933400e+00
2.914990179577246820e+00
2.911026605351468621e+00
2.908242260583319361e+00
2.903579182898668787e+00
2.899345409163527343e+00
2.896457625059163377e+00
2.892120662776644480e+00
2.889973591294599853e+00
2.883483376396071218e+00
2.877796753908619998e+00
2.871589057855766125e+00
2.865645631524714965e+00
2.861565343344292245e+00
2.856319331017423746e+00
2.851182985162961980e+00
2.846011186664902937e+00
2.839860953390065834e+00
2.834982254975116689e+00
2.837402657005125839e+00
2.832889535057351527e+00
2.831893297618518268e+00
2.826767883161582340e+00
2.825282879023382154e+00
2.820999527810044150e+00
2.817269642154959453e+00
2.812584809194629276e+00
2.807613949209807114e+00
2.806818197693936590e+00
2.801120518357103961e+00
2.802060049404893505e+00
2.796530083661412203e+00
2.792098371622209640e+00
2.789574392483261001e+00
2.784597420869091344e+00
2.780992173431085845e+00
2.776291878235128685e+00
2.772690649440852528e+00
2.767020723016347272e+00
2.764716909670140499e+00
2.762903687079864223e+00
2.758183513861522940e+00
2.753490442147933592e+00
2.749960588167145392e+00
2.745402479397873741e+00
2.740847471668685031e+00
2.735877380117902824e+00
2.731866804468623844e+00
2.727166868215928908e+00
2.724333938728069615e+00
2.719498115368034430e+00
2.718586199447087459e+00
2.723685038954276383e+00
2.721007834731016484e+00
2.716481930100425490e+00
2.712742368024587680e+00
2.709525840054549217e+00
2.707133498201941268e+00
2.703273828167956694e+00
2.700952180634133448e+00
2.700644116701671038e+00
2.697450141203848517e+00
2.692453293532278025e+00
2.690101433801002973e+00
2.688131300984095251e+00
2.683357139236857591e+00
2.679925641494518285e+00
2.675034882254498925e+00
2.670782873687150172e+00
2.670936784522225160e+00
2.667162063952981388e+00
2.662603468111062632e+00
2.658569915171881348e+00
2.654759583926202371e+00
2.649755962966181766e+00
2.646186605233262767e+00
2.643928141873938209e+00
2.639967181951690556e+00
2.636028944182461142e+00
2.631628860263764302e+00
2.627164175897181764e+00
2.625870210126631132e+00
2.621572014657991279e+00
2.617125372248060522e+00
2.612914142412439134e+00
2.608616905314529166e+00
2.608793270777610473e+00
2.604242237783253255e+00
2.603788489927921557e+00
2.600854598446383115e+00
2.599905847084290844e+00
2.596703523492793320e+00
2.592435019133533469e+00
2.587788789046534976e+00
2.585884420660895966e+00
2.582064913867475386e+00
2.582120469466143486e+00
2.579594887611387222e+00
2.575729940431254139e+00
2.571435083424677526e+00
2.566953899280180806e+00
2.564999430979864936e+00
2.561278623224907403e+00
2.557746795384339578e+00
2.554542486628358589e+00
2.550441672283236816e+00
2.549865562200035463e+00
2.546493364764215173e+00
2.542709106640975936e+00
2.538471346640684523e+00
2.535476160821238611e+00
2.532103056147513520e+00
2.531877285166832081e+00
2.528680971171707093e+00
2.525688968157775438e+00
2.521757204790145313e+00
2.517739948271252359e+00
2.516949023615033365e+00
2.512635937264223518e+00
2.510550603941193781e+00
2.508966830009615290e+00
2.511615775223396518e+00
2.508084890724031180e+00
2.505874524740614007e+00
2.502440659442674242e+00
2.498814832684071785e+00
2.497099129559906761e+00
2.493096067215672562e+00
2.490705523610945438e+00
2.490424775717964945e+00
2.487950020053863120e+00
2.484866935709071356e+00
2.480654744094655140e+00
2.478230166956621794e+00
2.473942607183857056e+00
2.470885564537255163e+00
2.467998957621781120e+00
2.464914946163992315e+00
2.461950824480751532e+00
2.458147684904494312e+00
2.457815094415108259e+00
2.455108046722458859e+00
2.451083394513370539e+00
2.447377693055925452e+00
2.443996686334884760e+00
2.444051508524868854e+00
2.440378168447141949e+00
2.436927659419368286e+00
2.435472111315115207e+00
2.432606134181695801e+00
2.429680375945725057e+00
2.426185725056019038e+00
2.422867401599684278e+00
2.419036418883881989e+00
2.415249551672706829e+00
2.415394089165234792e+00
2.411741588942883929e+00
2.407672778142407211e+00
2.404322797038254578e+00
2.401411495239930360e+00
2.397880255448628706e+00
2.395360063407719231e+00
2.393460781711119090e+00
2.389728270874826421e+00
2.386185246190714704e+00
2.382966460937367525e+00
2.380908083851442925e+00
2.377387608054132961e+00
2.374163697623052016e+00
2.374789342156054417e+00
2.373057344943755087e+00
2.373722473413694356e+00
2.370377801218348957e+00
2.367879402249734255e+00
2.364140749076046433e+00
2.361026343127051064e+00
2.358809856407386274e+00
2.355789650538155033e+00
2.352493105255598405e+00
2.352122016944906413e+00
2.349783975835707306e+00
2.346599782051750349e+00
2.342811331384554219e+00
2.340990049189110689e+00
2.338092947507627972e+00
2.335142275245867260e+00
2.332791126332747211e+00
2.329655668164996918e+00
2.325898284510790504e+00
2.322872469508248994e+00
2.320038395313455126e+00
2.316633619768737162e+00
2.313295325192500140e+00
2.311204482573847141e+00
2.308600905317378604e+00
2.305708244225348036e+00
2.303264351595882609e+00
2.300465566633218994e+00
2.299134467542258253e+00
2.296011718146549363e+00
2.293414204057614203e+00
2.290116510900581215e+00
2.287695079451387059e+00
2.287913417828904450e+00
2.287029253268815676e+00
2.284205804451156396e+00
2.280753217178796088e+00
2.277990278268337665e+00
2.274946816834368502e+00
2.271878098511705524e+00
2.269114495069364690e+00
2.268018491065219688e+00
2.268228341130347214e+00
2.270186627738120855e+00
2.268853906285265953e+00
2.265761011898186794e+00
2.267816633994168996e+00
2.266279650137069890e+00
2.263762961746098590e+00
2.261033583806356884e+00
2.258791224880980941e+00
2.256084712366534184e+00
2.255974429044708351e+00
2.253163859309712080e+00
2.250110237469530539e+00
2.248103785910501529e+00
2.247240238153505043e+00
2.244707592547967145e+00
2.242610890228969200e+00
2.242929187455950490e+00
2.239889926293250344e+00
2.236724570391009248e+00
2.234524215881310116e+00
2.232831641561519920e+00
2.230172219363289354e+00
2.227939530098052234e+00
2.228861504311613562e+00
2.226435456600056817e+00
2.224751172181590242e+00
2.221850897842380324e+00
2.220779156686206957e+00
2.219028572395728816e+00
2.217798867129674001e+00
2.215320500180709917e+00
2.214424737339469651e+00
2.213470301386216477e+00
2.213833004875957133e+00
2.210987309310969096e+00
2.208113566006691730e+00
2.205340009527359424e+00
2.204856510832675198e+00
2.202612460344095524e+00
2.199657117118463567e+00
2.197425115080735125e+00
2.194487382093661676e+00
2.192581310246189297e+00
2.189704405544119048e+00
2.187389151731453651e+00
2.186571478013950909e+00
2.183404529592036347e+00
2.180708361608613810e+00
2.177673100000258266e+00
2.175956992657501754e+00
2.173019889418734696e+00
2.171458734184259942e+00
2.168709962030964888e+00
2.166469940767529412e+00
2.164487596636244682e+00
2.161836134678480015e+00
2.160073222230934675e+00
2.157085728797371704e+00
2.154206764510310901e+00
2.151613554452704413e+00
2.149038149196009329e+00
2.146686601330931587e+00
2.145011462389760926e+00
2.143040878653335923e+00
2.141223510651787176e+00
2.138373601433284144e+00
2.135653708705494758e+00
2.135175734194593833e+00
2.132498292187374744e+00
2.130293481054196469e+00
2.128028078142912172e+00
2.125421470851740491e+00
2.123739414987540375e+00
2.122621979294806671e+00
2.120775776308423843e+00
2.119441096628792209e+00
2.116615870686879841e+00
2.116368784134241121e+00
2.115516768450953045e+00
2.112965978838596381e+00
2.112838357152652335e+00
2.111773068272033704e+00
2.112123280172354178e+00
2.110115235333324346e+00
2.107534456115025545e+00
2.106710244658187570e+00
2.104258200181619465e+00
2.102589646627238462e+00
2.104886815763209906e+00
2.104828260250400263e+00
2.102559166192513374e+00
2.100261300722228164e+00
2.099535581572507859e+00
2.096943902571498430e+00
2.094866748943355894e+00
2.093701285350871633e+00
2.091340616952100273e+00
2.089251309776958720e+00
2.086834714706206739e+00
2.085171416686814716e+00
2.082743092358352310e+00
2.083450231012304865e+00
2.081457789568408323e+00
2.079233501631985614e+00
2.077159387516039235e+00
2.075158683414584093e+00
2.072988538027567440e+00
2.072293886647228689e+00
2.071017451155675371e+00
2.068369086758203412e+00
2.067151152540920300e+00
2.065547626255489710e+00
2.063167441975929162e+00
2.061457516564945358e+00
2.059102607504815552e+00
2.056430250885454836e+00
2.053905339000349439e+00
2.051570530255151681e+00
2.049401187370304189e+00
2.047281690031358625e+00
2.045048822803585242e+00
2.044814766797706351e+00
2.043287431240237595e+00
2.044515577450318755e+00
2.044155250244374944e+00
2.041857715134694828e+00
2.039588957642864298e+00
