7.241891572082885808e+00
6.775518463393038537e+00
6.697944825749973852e+00
6.238345101500761380e+00
5.785235941700499041e+00
6.053340655060736708e+00
6.026642514217953384e+00
5.845360190122799615e+00
5.763399099525661207e+00
5.769197377935418203e+00
5.795168289056387145e+00
5.769015093363883295e+00
5.634424708571892815e+00
5.568777326817341944e+00
5.457169473477036625e+00
5.384668867561661187e+00
5.324452068846943220e+00
5.220786556531289868e+00
5.159539604309816063e+00
5.105852673754107229e+00
5.033179387687307660e+00
5.030403461515686736e+00
4.973550079728009443e+00
4.934661962291767345e+00
4.889636792293520884e+00
4.842711297749636046e+00
4.790034712641109138e+00
4.756274651697141920e+00
4.705379742356625705e+00
4.656400161448930319e+00
4.618611402974002189e+00
4.575499264973963420e+00
4.556842347516828262e+00
4.559545780665996695e+00
4.517590783338948590e+00
4.501952849285077107e+00
4.474232119193096047e+00
4.435332379364601785e+00
4.436469054707861126e+00
4.411334023237537316e+00
4.412376788765343782e+00
4.376380655027688249e+00
4.353497936286434111e+00
4.324547441335615972e+00
4.322541795629117445e+00
4.295758556262186723e+00
4.283212558416548355e+00
4.252389178553866778e+00
4.243656398066086410e+00
4.234764552415537509e+00
4.212579055867405664e+00
4.187990024036336578e+00
4.158633546934853875e+00
4.155062938094814307e+00
4.153234702205731210e+00
4.155204817783448412e+00
4.131614792682873905e+00
4.113160418587351153e+00
4.107427602816174250e+00
4.101871386824544885e+00
4.084400211098455635e+00
4.061734908826876378e+00
4.046886805646590979e+00
4.037334444243493081e+00
4.019678378004858388e+00
4.004789018824172153e+00
3.993322913901126370e+00
3.968896070738438198e+00
3.953489146326742532e+00
3.940993342056363424e+00
3.935610547075607535e+00
3.927947305630547614e+00
3.915723521666545803e+00
3.902882446285270479e+00
3.896130571695860745e+00
3.882539499109041170e+00
3.869216083967357722e+00
3.860992598541792109e+00
3.852358277045156321e+00
3.842259753513289855e+00
3.825265796426019271e+00
3.802186216584396039e+00
3.797286793417695705e+00
3.782902144657485533e+00
3.766499196714304887e+00
3.745875859362045812e+00
3.729389263250378228e+00
3.709862405378279160e+00
3.685685603796074794e+00
3.672608726155187409e+00
3.664696848045201794e+00
3.647820210323189816e+00
3.632585919684296449e+00
3.621025452155385516e+00
3.601126944945372443e+00
3.582923207899247231e+00
3.572500296499382166e+00
3.555437940438864963e+00
3.553869423186176491e+00
3.537786916260739378e+00
3.524165082204463673e+00
3.508371041247311251e+00
3.507961765471825366e+00
3.494177872631068382e+00
3.480398418154282858e+00
3.472954214593545696e+00
3.472622362941776508e+00
3.457833278098106256e+00
3.451570508083081190e+00
3.440894329769794702e+00
3.441003382779575848e+00
3.429022456991426271e+00
3.419213991977494427e+00
3.416071100809052297e+00
3.414009813994416387e+00
3.407703895604492494e+00
3.401870662501202958e+00
3.390635990527656407e+00
3.374142982445330841e+00
3.367146129955966405e+00
3.358292100506020894e+00
3.346481449367366245e+00
3.332207900805879586e+00
3.325853092067835970e+00
3.320951378798476128e+00
3.316786226680250582e+00
3.307428127511623295e+00
3.297711828910978582e+00
3.287706157493877068e+00
3.281852543800438227e+00
3.273135550436113927e+00
3.258360778926682411e+00
3.248805827256427303e+00
3.236240185912584444e+00
3.224272315072018280e+00
3.210384453630950929e+00
3.199128138130039822e+00
3.201392812968778756e+00
3.189899745538902653e+00
3.179220915299187489e+00
3.173371654169815148e+00
3.174363920947543605e+00
3.170367227774878671e+00
3.162216725474097601e+00
3.153481631246228378e+00
3.143018549877514278e+00
3.141198380534232726e+00
3.134677081808457277e+00
3.125201578615905085e+00
3.117077664486648914e+00
3.106666442904972847e+00
3.096693074638252163e+00
3.085585422063109817e+00
3.080673235836977497e+00
3.076100383000347271e+00
3.065019725778648230e+00
3.060543390596847768e+00
3.049218984362787044e+00
3.040445662426109141e+00
3.034605868171821985e+00
3.029368589564459757e+00
3.024858001877526625e+00
3.017489804130012221e+00
3.006732502306893373e+00
2.998613940866866834e+00
2.999883802115761444e+00
2.988185789377523438e+00
2.978487140513821796e+00
2.970921589246470429e+00
2.964086966697534464e+00
2.958896977696261033e+00
2.948045724030597725e+00
2.936395974166156719e+00
2.933800209687157601e+00
2.926427401939188044e+00
2.918075694068128279e+00
2.912336689233713471e+00
2.914930808351881897e+00
2.902743723854586566e+00
2.900326873225204771e+00
2.891957987968604815e+00
2.889843475457860578e+00
2.879241107729705096e+00
2.870090850953761930e+00
2.860945576740752561e+00
2.853055921129044492e+00
2.855693342457743089e+00
2.846497845020626194e+00
2.839374602823015348e+00
2.829672011308699719e+00
2.821017725345333460e+00
2.813683463661508899e+00
2.810408441928946566e+00
2.808635200847457103e+00
2.802558686426249501e+00
2.793198296551600901e+00
2.786892512542753053e+00
2.780102339462914074e+00
2.774400424661168874e+00
2.769232247884795051e+00
2.760729531868466591e+00
2.754056278874100538e+00
2.745003009848350661e+00
2.740666105642092898e+00
2.732802423788705859e+00
2.723605071830244029e+00
2.719847103582704761e+00
2.715990575474132918e+00
2.709707663987912962e+00
2.709964547180106820e+00
2.704880050679225878e+00
2.701350296329872780e+00
2.693662410499767734e+00
2.688656596754853023e+00
2.683922776730493620e+00
2.678188836609179280e+00
2.674791115903742966e+00
2.678719752039520952e+00
2.672091827285258070e+00
2.666090478931924856e+00
2.665455785219426943e+00
2.664064188809987410e+00
2.659278246108387478e+00
2.656029291432205230e+00
2.658676065673481581e+00
2.650680821667922515e+00
2.645975808561899623e+00
2.642027752319806133e+00
2.634896389417593632e+00
2.631044580595881754e+00
2.625528766858115759e+00
2.619285173649315457e+00
2.617149745175266773e+00
2.613971339060958687e+00
2.610669153539572740e+00
2.607879798034643759e+00
2.600536793235060262e+00
2.592643930029546073e+00
2.591776327324810225e+00
2.589526889790736863e+00
2.583790341677822955e+00
2.584569265265561633e+00
2.585284445139617748e+00
2.579045204024396742e+00
2.577338385513501251e+00
2.572954613053149320e+00
2.566988570606070663e+00
2.565700148777850575e+00
2.566782908837388355e+00
2.562010141296215071e+00
2.559498208279654907e+00
2.555158208820099919e+00
2.551203102325713346e+00
2.544359630515709458e+00
2.538318305563376676e+00
2.536018908712584619e+00
2.531132225007875824e+00
2.524161916874395395e+00
2.519492865442715335e+00
2.517990029816590258e+00
2.520625100428768750e+00
2.518586624439759003e+00
2.515312477292299231e+00
2.509598354589530622e+00
2.504784525809420348e+00
2.507838162847389363e+00
2.504390047940544317e+00
2.498220701350708950e+00
2.496288052628620413e+00
2.490664740207723771e+00
2.488544230992466577e+00
2.486056481105587412e+00
2.482189498053358090e+00
2.476836750810333054e+00
2.474588648363640342e+00
2.473154113410835464e+00
2.470281589282850021e+00
2.463754246049069785e+00
2.459235064633647383e+00
2.454447322856090352e+00
2.451398390553635398e+00
2.448762917875755285e+00
2.443612052593255424e+00
2.442451280320403040e+00
2.437148434791253759e+00
2.432887756916477517e+00
2.427432114109083994e+00
2.422309286761843428e+00
2.423336108734710947e+00
2.421593883550261950e+00
2.416110893861826980e+00
2.411103187519049840e+00
2.407512803010515956e+00
2.402312969668347620e+00
2.403699577061892079e+00
2.406298684430793422e+00
2.401379011132393604e+00
2.399280242114841144e+00
2.399589642301323433e+00
2.398143213641785287e+00
2.393679252521670797e+00
2.392773440049007050e+00
2.388511807830318467e+00
2.384653302092100802e+00
2.379566816116738703e+00
2.377284018046794678e+00
2.375445590259426254e+00
2.372580167083046199e+00
2.369019371431068777e+00
2.364572533902927987e+00
2.361700589482193635e+00
2.357838509103415081e+00
2.354738774440807259e+00
2.351796380498469397e+00
2.347979978444894478e+00
2.344530474929491071e+00
2.340615958731921076e+00
2.337358153844451003e+00
2.335297690196632470e+00
2.332514413576908030e+00
2.332746610542745458e+00
2.328229346010835421e+00
2.323830596817708205e+00
2.318735178655922269e+00
2.317481076320790478e+00
2.313184146387252671e+00
2.312868422539639202e+00
2.308086690666344865e+00
2.309484379734435766e+00
2.308659990604216006e+00
2.305175162511193587e+00
2.301232566265744683e+00
2.297574594607630694e+00
2.296171692355983840e+00
2.292081275113635019e+00
2.287855420078340529e+00
2.283111735224805816e+00
2.278956884386433401e+00
2.274859324230930291e+00
2.270320033179187735e+00
2.265726570346751068e+00
2.260951295464247668e+00
2.257585198897214873e+00
2.255545901127085973e+00
2.252112966778526015e+00
2.248076710496286879e+00
2.243878865858706551e+00
2.239756781911637962e+00
2.235056422223737904e+00
2.231191493468527742e+00
2.226479477086074077e+00
2.222398169041612359e+00
2.218255982933508452e+00
2.217592124449778268e+00
2.215177330362355423e+00
2.212595793269016564e+00
2.209286127808178790e+00
2.204581870810552680e+00
2.200618374816748712e+00
2.196386374872629776e+00
2.191754737541777409e+00
2.188118322057670095e+00
2.186583597941899271e+00
2.183149978376790479e+00
2.180428429146357594e+00
2.176180098977925415e+00
2.172211580549360033e+00
2.169651255840715276e+00
2.166186718848381432e+00
2.162402648555412643e+00
2.159003644060859095e+00
2.154573664267467770e+00
2.151234059001637444e+00
2.147817658012949771e+00
2.146259463811979185e+00
2.143173100847770574e+00
2.140380822973343200e+00
2.136287951681042685e+00
2.132667903953644473e+00
2.131401867703689224e+00
2.128477166162273004e+00
2.124644330995392405e+00
2.123245175523318817e+00
2.119986354658909722e+00
2.115666126735411101e+00
2.111448434020061882e+00
2.108019808247824312e+00
2.104135349967561019e+00
2.101868711980601656e+00
2.097866868642745519e+00
2.093853568159208312e+00
2.090034084401471315e+00
2.086893639757694707e+00
2.082756504184150703e+00
2.078933208410066236e+00
2.074949905005714079e+00
2.071023645065269925e+00
2.066898719025518805e+00
2.062900151650118197e+00
2.059179423083333127e+00
2.058315298967818840e+00
2.058355387140862192e+00
2.054831158089569509e+00
2.053229325456783716e+00
2.049428990716481991e+00
2.046133587896080019e+00
2.043344977859943068e+00
2.039317925961170896e+00
2.036649760395181197e+00
2.036771523277035367e+00
2.033310036570878943e+00
2.029851505316481841e+00
2.027689920249665434e+00
2.023844126135634802e+00
2.021026706546447116e+00
2.018002323352913852e+00
2.015371460532167980e+00
2.013148379903427099e+00
2.010953628800649984e+00
2.007296251864630676e+00
2.003434146767212987e+00
1.999973895879848307e+00
1.996328602796217710e+00
1.993712529063321748e+00
1.993608988760205536e+00
1.992512766487089637e+00
1.989233389053059131e+00
1.985585347276930035e+00
1.988603635030945505e+00
1.986547701350454664e+00
1.984599525486887117e+00
1.983165829195488783e+00
1.981899075751236694e+00
1.978928951980779338e+00
1.976400545953574506e+00
1.974102155362050359e+00
1.970576530522802461e+00
1.968505924628368486e+00
1.967851568237786397e+00
1.965769302602346613e+00
1.966835889273637727e+00
1.963719034836808985e+00
1.960496056412764698e+00
1.957556961346104130e+00
1.956172155379688471e+00
1.952951808522568555e+00
1.950110594045040502e+00
1.947724411310592485e+00
1.945439963300742425e+00
1.942942561283068859e+00
1.942389032201820021e+00
1.939685506896820399e+00
1.936767845042306035e+00
1.933450169915844175e+00
1.930081797434963331e+00
1.926734629162913048e+00
1.930030529730117683e+00
1.930262299738999765e+00
1.927304766741830155e+00
1.923902730157874608e+00
1.922444550841452715e+00
1.919884817399337473e+00
1.918171859303559934e+00
1.919437645305625217e+00
1.916410522862681320e+00
1.913245476460547545e+00
1.913165449545581875e+00
1.910060713190789405e+00
1.908927958805832992e+00
1.908940038786365756e+00
1.907649162847083302e+00
1.904958672822361532e+00
1.901599204982395763e+00
1.899561375611644731e+00
1.897864454503100040e+00
1.895000867233630704e+00
1.892315160868177637e+00
1.892163039464699548e+00
1.890772412275357306e+00
1.890444538667626739e+00
1.890715786605798199e+00
1.887791089507599107e+00
1.885020707524383443e+00
1.882355077531500331e+00
1.882052250682505923e+00
1.879737206895973678e+00
1.883094047485332156e+00
1.880451465877042150e+00
1.877509572547675365e+00
1.875939542604483812e+00
1.873351705352649166e+00
1.873753888768729725e+00
1.872378814136754110e+00
1.873382605743130869e+00
1.872408925989918149e+00
1.870478874557405247e+00
1.867372561874635295e+00
1.865296916200853472e+00
1.862867057653253111e+00
1.860832783888244357e+00
1.858314150588102232e+00
1.855818004066990046e+00
1.854265551361841347e+00
1.852111654934391227e+00
1.850072137573362863e+00
1.847299650501178503e+00
1.844536109504918420e+00
1.842561982767320972e+00
1.839753160345368954e+00
1.838209042356490741e+00
1.835359645438321641e+00
1.832655537610846430e+00
1.831543638148484865e+00
1.828845526436850832e+00
1.827438870049394204e+00
1.826765091422931198e+00
1.825952263049232194e+00
1.823966781340076615e+00
1.822776150386863359e+00
1.823447187676451309e+00
1.821959410680746849e+00
1.819162672586028595e+00
1.816791884019532732e+00
1.815722594211118812e+00
1.813611229663298685e+00
1.812011061894601927e+00
1.809762655160471301e+00
1.807197186459051697e+00
1.804762325973952031e+00
1.802564107399156290e+00
1.801224587476247585e+00
1.801513596783059112e+00
1.800358558725761338e+00
1.798576313666930604e+00
1.796006663944435422e+00
1.793532873690674156e+00
1.791860327891407811e+00
1.790432537609923935e+00
1.789873422353354115e+00
1.791510387403960181e+00
1.790224299068075675e+00
1.788875435590208562e+00
1.786125052293910276e+00
1.783925105255741439e+00
1.783644721177406689e+00
1.781192686976725170e+00
1.778833001105584177e+00
1.776310274744099527e+00
1.774231991332724023e+00
1.772791250555385556e+00
1.770391829987297605e+00
1.770657343610703593e+00
1.768491085683648656e+00
1.766652131806186965e+00
1.764158499841077754e+00
1.763543211068127725e+00
1.762229692562241157e+00
1.760129624434661366e+00
1.759013435873070907e+00
1.757890298306146626e+00
1.756805548971356767e+00
1.754708713657132657e+00
1.753597449182173973e+00
1.752268670132318462e+00
1.752413804564130650e+00
1.750679760500846616e+00
1.748411620301839386e+00
1.746291919955700989e+00
1.744585423594624540e+00
1.743618325575078565e+00
1.742385079215502897e+00
1.741813415458145498e+00
1.739914342168769723e+00
1.738166786710567013e+00
1.736783646635430278e+00
1.734441429877640273e+00
1.732673961839123589e+00
1.731361795794848835e+00
1.728895091325076461e+00
1.726775844494743639e+00
1.726918912921187932e+00
1.726611798584228197e+00
1.724203403436082249e+00
1.721733161797879275e+00
1.719593186486150005e+00
1.717129613227737162e+00
1.715663971056479387e+00
1.713886219025485325e+00
1.711960590307799457e+00
1.709663026059387914e+00
1.708433900013349049e+00
1.707497426731998891e+00
1.705929499123320703e+00
1.705367986125938984e+00
1.702914356549122044e+00
1.700631307507192380e+00
1.699286107804300228e+00
1.697634581660053987e+00
1.696461646264466161e+00
1.696635522115588879e+00
1.694557859730777993e+00
1.692560067982323613e+00
1.690869490504239847e+00
1.688967563334978328e+00
1.687572576174822148e+00
1.688608947957089823e+00
1.686428386681725344e+00
1.687171811695353574e+00
1.687769285256203844e+00
1.686388150846726219e+00
1.685244107761880272e+00
1.683662396040285003e+00
1.682829813211616621e+00
1.680752356810714332e+00
1.679877107340371323e+00
1.681556713703637795e+00
1.682963731178161781e+00
1.681751051698926469e+00
1.679949431014325478e+00
1.678150816084001740e+00
1.676969893379445020e+00
1.675534569546403674e+00
1.674582249393959721e+00
1.673320640406724680e+00
1.671303022119812187e+00
1.669280988730580839e+00
1.667680811560849685e+00
1.665935044129788656e+00
1.664292466930592518e+00
1.662402589769595762e+00
1.660612606524794588e+00
1.658680077203972258e+00
1.656950522285253635e+00
1.655503048109126407e+00
1.653918055803554221e+00
1.652899591902234233e+00
1.651942215233453748e+00
1.650963420667423964e+00
1.648932040314182279e+00
1.647427853557532851e+00
1.645348115209517514e+00
1.644055695419859298e+00
1.642318540900038926e+00
1.640889282541603267e+00
1.639227768983499312e+00
1.638551733323235116e+00
1.636406608009792540e+00
1.635056348520606218e+00
1.633017574619245238e+00
1.632581186748703228e+00
1.630477798545354684e+00
1.629928438772825228e+00
1.629267344879023582e+00
1.627943033753012525e+00
1.625969144370499331e+00
1.624330752254134147e+00
1.622330677573097013e+00
1.624982681868062828e+00
1.623033610194764664e+00
1.621795217640800368e+00
1.620570753784603912e+00
1.619566654265592875e+00
1.618814405553960389e+00
1.618077192102383988e+00
1.616263089389281093e+00
1.614552943182422373e+00
1.613878009722357065e+00
1.612758642045520885e+00
1.611179190758312618e+00
1.609150736156873540e+00
1.607443010330756872e+00
1.605675786365667879e+00
1.603776508840541348e+00
1.602379648329885109e+00
1.603326305026481657e+00
1.602878888944707425e+00
1.602359120424434957e+00
1.601563674683871952e+00
1.600883869865345144e+00
1.599438264062272630e+00
1.598096913581132261e+00
1.596190290147561086e+00
1.594364147264055731e+00
1.592695833868973398e+00
1.592693496137825404e+00
1.591469088228483209e+00
1.590019807197864843e+00
1.588963585890704744e+00
1.588239803888487511e+00
1.586610788558467711e+00
1.586119158857028921e+00
1.585413590006184092e+00
1.583575128755392081e+00
1.581908704332841253e+00
1.581409378970980883e+00
1.580355853935499155e+00
1.579197919356551072e+00
1.578200444136935054e+00
1.576663050133675581e+00
1.575199019263265887e+00
