7.220144153308191370e+00
7.021188586673997811e+00
6.840070595719732083e+00
6.948973013776214458e+00
6.794525183738592489e+00
6.588390088602217531e+00
6.498964097636140025e+00
6.443320136838347700e+00
6.492738754203350560e+00
6.271182100236846857e+00
6.218654225922954026e+00
6.206801560225883918e+00
6.104737500608671041e+00
6.081995796222099848e+00
6.057190531074729378e+00
6.064928533339784877e+00
5.942104472300390405e+00
5.839112012676879182e+00
5.767429444864148991e+00
5.770260049554305049e+00
5.712426921463224616e+00
5.714120852441992859e+00
5.653037701551129501e+00
5.630531175122086118e+00
5.641928551491482757e+00
5.592352113475229203e+00
5.593481993563905519e+00
5.534380980156416996e+00
5.544520994117639212e+00
5.532520229543307799e+00
5.479194304438947505e+00
5.430415081263985755e+00
5.386812248912409729e+00
5.391005702049536552e+00
5.367003372922632742e+00
5.344049382833199857e+00
5.297109373522191689e+00
5.287940767128094244e+00
5.262795281848165807e+00
5.217693991821745314e+00
5.195854712448923607e+00
5.163168916853813073e+00
5.129452130567425883e+00
5.107820633217817985e+00
5.092165288159143266e+00
5.056619495952005217e+00
5.046595687915274908e+00
5.031768127179550021e+00
5.028435704473361412e+00
5.025761015375131535e+00
5.015692377429521898e+00
4.992901476312962217e+00
4.977851581416071092e+00
4.951273669711524050e+00
4.926346056781591543e+00
4.914640255002904468e+00
4.911171506029457845e+00
4.921069144448050103e+00
4.916626249377661573e+00
4.914530765318798622e+00
4.909505337307720652e+00
4.883038894456008805e+00
4.882565041925809979e+00
4.861312515911453858e+00
4.837282505436566460e+00
4.821203881575109484e+00
4.802455377387556013e+00
4.785522212555600952e+00
4.777334321343406742e+00
4.759835141138132997e+00
4.737463730059475076e+00
4.727251646209434277e+00
4.729548464343471537e+00
4.718179269863709280e+00
4.693518719538247730e+00
4.675927821467918299e+00
4.642243220631764977e+00
4.628964832428522413e+00
4.626373833689575221e+00
4.616879091596977958e+00
4.606854710514240558e+00
4.575846230577622187e+00
4.565333207148093209e+00
4.560302454567454866e+00
4.553195660890121843e+00
4.525224756065854059e+00
4.504452725828214987e+00
4.487875586365858815e+00
4.465015943474273996e+00
4.456320388674944510e+00
4.427962006136933582e+00
4.406270139924036044e+00
4.390574770755543810e+00
4.387341613915279659e+00
4.380246889868102400e+00
4.361714825159409337e+00
4.344238498650628166e+00
4.350500570435846370e+00
4.331502834561696602e+00
4.310473123011843377e+00
4.284531588558048831e+00
4.283930416446175116e+00
4.266611813503027761e+00
4.264627864224276088e+00
4.252951748103654062e+00
4.232016208838432547e+00
4.217003564190188847e+00
4.215620934193464286e+00
4.205838659558668091e+00
4.215841721986499202e+00
4.194336215981952165e+00
4.180815180013320642e+00
4.164808314655813248e+00
4.166194453731363545e+00
4.146128379089626392e+00
4.138940452722465579e+00
4.122266448267795091e+00
4.103424443239190644e+00
4.095667915519855207e+00
4.083577240020844101e+00
4.068165270405444289e+00
4.058999840138527659e+00
4.042970056741964413e+00
4.027054366749657888e+00
4.013375352677105212e+00
4.000010892489885173e+00
3.999558993321859823e+00
3.986444405116806866e+00
3.975217951720495524e+00
3.969426981449147185e+00
3.964058786343983343e+00
3.944535774423511221e+00
3.933215998991840490e+00
3.913975557556940377e+00
3.902970629020802829e+00
3.890300170339714647e+00
3.892058930564807007e+00
3.878635061380004689e+00
3.862455716981929577e+00
3.844432244457742343e+00
3.829219151148035571e+00
3.823305068145602892e+00
3.818509270107609321e+00
3.804382390353253207e+00
3.801045080577131419e+00
3.795945387152584338e+00
3.779377875026771694e+00
3.770963054952641169e+00
3.761771378554729317e+00
3.753788494261814712e+00
3.740104769033675058e+00
3.728974875694658131e+00
3.717856062504294457e+00
3.708234152197152689e+00
3.707087502776486687e+00
3.717537616229942721e+00
3.709783806507180870e+00
3.694049382315861330e+00
3.689418062420819044e+00
3.676010744436909228e+00
3.685621659054875821e+00
3.671743001637268300e+00
3.669197926651800667e+00
3.658925556209336794e+00
3.646605554623062684e+00
3.639415705953993552e+00
3.626282514202453733e+00
3.617722095481494371e+00
3.624027929618490962e+00
3.627217672804585291e+00
3.618956617189764025e+00
3.606740645229418174e+00
3.595851894134427518e+00
3.588224870329575822e+00
3.579856448949452652e+00
3.572941785418377592e+00
3.561576386671839067e+00
3.552535757187576415e+00
3.539955365394595876e+00
3.530228432579769038e+00
3.524615854271850424e+00
3.512748874352595418e+00
3.508234140834685100e+00
3.502917025343265323e+00
3.488654853684854729e+00
3.477767420891655359e+00
3.468132629159950131e+00
3.458488368267586210e+00
3.450286930013697351e+00
3.439850102937629828e+00
3.428778242202625837e+00
3.420996204029720822e+00
3.410423300950266245e+00
3.402847940471791066e+00
3.395322733317253761e+00
3.383774209794736088e+00
3.373837157348125171e+00
3.367378663158777652e+00
3.358486702942929281e+00
3.350737422780811769e+00
3.340372915624616024e+00
3.331033834743605482e+00
3.323732885740620091e+00
3.321818683943683403e+00
3.318473871787630092e+00
3.310266250958496137e+00
3.299649684576577258e+00
3.288654397157297460e+00
3.283998237908314355e+00
3.273043833801737801e+00
3.264573694440525919e+00
3.254319376556221943e+00
3.250223721139720023e+00
3.242662178580760557e+00
3.235838574358345987e+00
3.228316622993144591e+00
3.219034297303174696e+00
3.209373007851584525e+00
3.203419625901139156e+00
3.195871437613631461e+00
3.189879928329131697e+00
3.180425118874230961e+00
3.179139555149862240e+00
3.172374857093712919e+00
3.164529569882324367e+00
3.156825125886481676e+00
3.148249847189594330e+00
3.140654281880897347e+00
3.134239975441407200e+00
3.126181569332859844e+00
3.130356813132880944e+00
3.121230136649301823e+00
3.112216375100374854e+00
3.111616410698602841e+00
3.101891289799298068e+00
3.094597996437424392e+00
3.090729258131348800e+00
3.083688319996729987e+00
3.077377473613280401e+00
3.069682059871310820e+00
3.062690837051764703e+00
3.053709981069606449e+00
3.049726530020997917e+00
3.044127742587044771e+00
3.042586443559682330e+00
3.032438239195358598e+00
3.025202899498462106e+00
3.015689577017319323e+00
3.009083248457737003e+00
2.999743182068403069e+00
2.992991588533649772e+00
2.985124493779194754e+00
2.976547999133392963e+00
2.966632206178359876e+00
2.957964261671223838e+00
2.957156084331015844e+00
2.961715192054216406e+00
2.954535935911659639e+00
2.948538209482934658e+00
2.941529671013574543e+00
2.935637302818531857e+00
2.939567662224819689e+00
2.933546255896377630e+00
2.927202935672806650e+00
2.922324150262548770e+00
2.921436761248910496e+00
2.915913028399268025e+00
2.908523212184304985e+00
2.902933301744409000e+00
2.895954689629871570e+00
2.887751598616564053e+00
2.882348152587001611e+00
2.873835960697410652e+00
2.866372901171814647e+00
2.862577188345128310e+00
2.854164040882856135e+00
2.851019452741442528e+00
2.844755587207594250e+00
2.836800718816961719e+00
2.829308927485465031e+00
2.826323290718421699e+00
2.823245693531023282e+00
2.819399936053863520e+00
2.813545668512250408e+00
2.817414753049515497e+00
2.812182730310312184e+00
2.806835505883236603e+00
2.802082584133303023e+00
2.795732419899190635e+00
2.789107733738179107e+00
2.782658082276586953e+00
2.778673692702702258e+00
2.773518182429071999e+00
2.773582491231375347e+00
2.765969140813657745e+00
2.762892172304452387e+00
2.756277976092803783e+00
2.750070620727540938e+00
2.749824031759274146e+00
2.747790663083349738e+00
2.747377090307731251e+00
2.743712557523297679e+00
2.738177485073306716e+00
2.734177718427398318e+00
2.729779935923237755e+00
2.723419302107667139e+00
2.716323875654785169e+00
2.711539655169802998e+00
2.704830687910027009e+00
2.698384564864181101e+00
2.698008020597546963e+00
2.691336235724918424e+00
2.692845318544903055e+00
2.685998724568213536e+00
2.679454191121402040e+00
2.673278537004490474e+00
2.666882985417394103e+00
2.660710717904977596e+00
2.659102243535441445e+00
2.653085759177708614e+00
2.652516943532350346e+00
2.647547514306891614e+00
2.644144892940240688e+00
2.639172495349366265e+00
2.632803800481081868e+00
2.628534336363110846e+00
2.623430479394062154e+00
2.619229554880698085e+00
2.613198523063791079e+00
2.606921260354713610e+00
2.606124281733892989e+00
2.600284549074991514e+00
2.595855083437769828e+00
2.592368733747852261e+00
2.586040332069305947e+00
2.581196407920842262e+00
2.576346166345163002e+00
2.571399552889909401e+00
2.565944712289661922e+00
2.562709933960483522e+00
2.556829195171431479e+00
2.551735447173905325e+00
2.546467168342505083e+00
2.542325842165995997e+00
2.536583757690022534e+00
2.531148287551087783e+00
2.526071922780224188e+00
2.522938170645008249e+00
2.517374270009552273e+00
2.511995415443533997e+00
2.507475593033098527e+00
2.501966393279776213e+00
2.496256804433230503e+00
2.492065672212164351e+00
2.486172451183997101e+00
2.480861729025101159e+00
2.475163099932604194e+00
2.470708061026069213e+00
2.474003191252267086e+00
2.468627023380074448e+00
2.464457497592960067e+00
2.460067482579914699e+00
2.456110231074645434e+00
2.453849956719368119e+00
2.453692942266008536e+00
2.447831833320826878e+00
2.443180328216491670e+00
2.441583085071635129e+00
2.436540298320296394e+00
2.431604342279118480e+00
2.427342271432564758e+00
2.423364344706508522e+00
2.420201773411553514e+00
2.416341030643998078e+00
2.412744442619058738e+00
2.414058693711906844e+00
2.412036589429788158e+00
2.409446324526430594e+00
2.410105814308725503e+00
2.405488695511627473e+00
2.402322889953944607e+00
2.400915004115146800e+00
2.396925212067892108e+00
2.395925069533933804e+00
2.396087744808595765e+00
2.391497182259056054e+00
2.390180664612072459e+00
2.389859282937580431e+00
2.385920052730496899e+00
2.381333651867948653e+00
2.377222180889220660e+00
2.372659246195028437e+00
2.368466210573829223e+00
2.367472090047056721e+00
2.363547528337083037e+00
2.359226683498487187e+00
2.355050489301920180e+00
2.360291058987456836e+00
2.357040221701657945e+00
2.352194495248609130e+00
2.349452040625192861e+00
2.346722578052924835e+00
2.344232913009137054e+00
2.341160982918505162e+00
2.337195175871477737e+00
2.332823940812165819e+00
2.328524489138420250e+00
2.324169012185629324e+00
2.320710837643533253e+00
2.316155615368685972e+00
2.312325895524685926e+00
2.309490800309744962e+00
2.306238643221812268e+00
2.305041261811030306e+00
2.300916564715630219e+00
2.297236846444145719e+00
2.292930253493436155e+00
2.293219960672725044e+00
2.289405344776204387e+00
2.285793744026316521e+00
2.282287150333494719e+00
2.278148438843773160e+00
2.275104035053352902e+00
2.271829068344773273e+00
2.267383019851815895e+00
2.264234236246247089e+00
2.263351265587576933e+00
2.259514776350756815e+00
2.255313589761676951e+00
2.253073767142231620e+00
2.253146314681109708e+00
2.250051752550702222e+00
2.247362522203697921e+00
2.243067497549975364e+00
2.239013493421693646e+00
2.235887015085356477e+00
2.232128158688670094e+00
2.227720646668998050e+00
2.226927775679016452e+00
2.223470467297086195e+00
2.219596938301552136e+00
2.217128955899948739e+00
2.213795144927763747e+00
2.209750802701828665e+00
2.206638949502294889e+00
2.203685247276713444e+00
2.199908768334193354e+00
2.196362443946954013e+00
2.192305827014032538e+00
2.188374746031909623e+00
2.184491216130781233e+00
2.180675652256399477e+00
2.176392123276644774e+00
2.172345822122768944e+00
2.169382820843175352e+00
2.165517604102188187e+00
2.163626388253703681e+00
2.162176275767945022e+00
2.158401062066991560e+00
2.155691971424043896e+00
2.152914091806866548e+00
2.149440081452318463e+00
2.146888947892254595e+00
2.145489839341347960e+00
2.142365626617879215e+00
2.139222292008576609e+00
2.135305023703221394e+00
2.131841842757758343e+00
2.128535127430528195e+00
2.125059605523475614e+00
2.121374873710843101e+00
2.119271159178226949e+00
2.115889358443145518e+00
2.112099621572521624e+00
2.117675958318712137e+00
2.114721554425964101e+00
2.110978132870856339e+00
2.107878445197513440e+00
2.106125098661782324e+00
2.104035824037260305e+00
2.100783744506339534e+00
2.097966636118665740e+00
2.094556807927586028e+00
2.093275293031861217e+00
2.089765616803787029e+00
2.086484841604682394e+00
2.084037671873108177e+00
2.080285512087943989e+00
2.077863912833554316e+00
2.076366797543581111e+00
2.073457403460269077e+00
2.071053317951320860e+00
2.071126213279658845e+00
2.071993716965267129e+00
2.069082219688303859e+00
2.066119937079661462e+00
2.062972096592287752e+00
2.061620333853984910e+00
2.058797596045304878e+00
2.056446804491534053e+00
2.053973566279843510e+00
2.050928312595954317e+00
2.049101221380726923e+00
2.045732779128641265e+00
2.045855381076977064e+00
2.042765025890618702e+00
2.039957165305436249e+00
2.036881021789954449e+00
2.035755678204187902e+00
2.034343839812465582e+00
2.033068577676024002e+00
2.034794156520534969e+00
2.032184697460789113e+00
2.029700683848826070e+00
2.027348312058728563e+00
2.024427347765397567e+00
2.021628993128966378e+00
2.018590573821984702e+00
2.015406179882587967e+00
2.015294452683347615e+00
2.012750328181595716e+00
2.009953906618828334e+00
2.007436235036776928e+00
2.004181402487542396e+00
2.001848676919176562e+00
1.998998965235238678e+00
1.996643570850607174e+00
1.998426453530702362e+00
1.996239112742908661e+00
1.994132065274892396e+00
1.991809099439238118e+00
1.989092689221537036e+00
1.987743527458970316e+00
1.985665021506421546e+00
1.982594584916410829e+00
1.980439350461344006e+00
1.977376617110041312e+00
1.974802137041372863e+00
1.971817206899395103e+00
1.969476342036292849e+00
1.966436419514738132e+00
1.963885657118706884e+00
1.963700066663444987e+00
1.964662749055054336e+00
1.961738981375293900e+00
1.959149652027772914e+00
1.956342223812437275e+00
1.955820741120111173e+00
1.953138932168113406e+00
1.951674021475136245e+00
1.951501118279263425e+00
1.948857502732481928e+00
1.946254481747375698e+00
1.943460405539563229e+00
1.942942326778191786e+00
1.940771762045869542e+00
1.938574576634317648e+00
1.935701241583643206e+00
1.934868475484794681e+00
1.931891629352370243e+00
1.929512738210727107e+00
1.927300104697161398e+00
1.924352108891422608e+00
1.921325171410496635e+00
1.919094701584029394e+00
1.916870599851075330e+00
1.914282557498985460e+00
1.911347579657399987e+00
1.908570874485821411e+00
1.906167407100958666e+00
1.903867309139887887e+00
1.901155470895355304e+00
1.899072965474332353e+00
1.896167340312633343e+00
1.893358815513884963e+00
1.890735116691232509e+00
1.888090727172496486e+00
1.885406613732765191e+00
1.886332343801056632e+00
1.883577101854765790e+00
1.881132931865139746e+00
1.878880618058530683e+00
1.876502917452092634e+00
1.875674247101713821e+00
1.873011881271957391e+00
1.870450551536580130e+00
1.868430183408692047e+00
1.866193485375900796e+00
1.866432016278045891e+00
1.863956077826970370e+00
1.861401826073179500e+00
1.859577958865114677e+00
1.857380908651868223e+00
1.854970103278939408e+00
1.852741423424067557e+00
1.850501309702491159e+00
1.847930607170729767e+00
1.845378694867501279e+00
1.842668759902923226e+00
1.844629617606988292e+00
1.843232248384980787e+00
1.840966173544925644e+00
1.838254293064027101e+00
1.835847342585746889e+00
1.833491186126030126e+00
1.831234671865214159e+00
1.830042633026270904e+00
1.827528659268296662e+00
1.824996412111257404e+00
1.822653165121195684e+00
1.820670552698805400e+00
1.819010994247136193e+00
1.816912843549187695e+00
1.817306450622797165e+00
1.815260117018027586e+00
1.812735560882787533e+00
1.811201421200165917e+00
1.808761834740413965e+00
1.806372468324095149e+00
1.804642970500794918e+00
1.802616172314075671e+00
1.800548081746501827e+00
1.798112257048082085e+00
1.795665013925304310e+00
1.793905600814471812e+00
1.792394039951825890e+00
1.790725214375482599e+00
1.788408155287645407e+00
1.786034952308861889e+00
1.784211328598579449e+00
1.785950699116563012e+00
1.784135539696748651e+00
1.781977931047598940e+00
1.779813019084261372e+00
1.777992737060762218e+00
1.777957221054480730e+00
1.775892846481962772e+00
1.773747056961536561e+00
1.772422344998986654e+00
1.770398441829826197e+00
1.768404858621267062e+00
1.766570324855669671e+00
1.764372395063286136e+00
1.764657841055216281e+00
1.762420485472363074e+00
1.759974154152871506e+00
1.757930336572325336e+00
1.758321636884746297e+00
1.758459678493843326e+00
1.757485237359866392e+00
1.755638059544817775e+00
1.753675544571569933e+00
1.751598150863530767e+00
1.750087584127963725e+00
1.747897693016152720e+00
1.746276243155664210e+00
1.744466551180168690e+00
1.742182243685306942e+00
1.741342977585503160e+00
1.739366401423869668e+00
1.737418917940830587e+00
1.737055758005971562e+00
1.735934561669973952e+00
1.735819146466195617e+00
1.735746234840617630e+00
1.735186232996493105e+00
1.733764982925469544e+00
1.731827423978875125e+00
1.730443899828212118e+00
1.729674394819966876e+00
1.728516156414737770e+00
1.726259493816317603e+00
1.724496648976204360e+00
1.722256496352708721e+00
1.720700944000056243e+00
1.719023748422560782e+00
1.716864332227413525e+00
1.717794702613927305e+00
1.716910052151315869e+00
1.715143974413705141e+00
1.713138859365024746e+00
1.712057477941504757e+00
1.709938778303157436e+00
1.708889302847067970e+00
1.707514901157075160e+00
1.706137484709936203e+00
1.704879326789063176e+00
1.702957462307465475e+00
1.701935698232663219e+00
1.700348437496716159e+00
1.699585770331988099e+00
1.698075588359341470e+00
1.696180028136950346e+00
1.694018549566319365e+00
1.691971305903341216e+00
1.689902574698046944e+00
1.688704387084471348e+00
1.686956605994728298e+00
1.685153469164774709e+00
1.685402017635418082e+00
