5.000000000000000000e-01
9.142034380340672284e-01
9.873224414419506934e-01
9.851720394102664313e-01
9.869377318368216523e-01
9.946689163626244445e-01
9.880840041109132388e-01
9.921120615303441470e-01
9.966553457095602697e-01
9.963986020574860936e-01
9.959095251141154570e-01
9.807283390662893119e-01
9.953194437800693128e-01
9.079966254560634109e-01
9.934406577461584176e-01
9.852806394238922127e-01
9.964077631905096100e-01
9.929698160960526154e-01
9.966831769997578361e-01
9.971011102075605370e-01
9.976164239401277278e-01
9.958350764128366395e-01
9.969539522606403192e-01
9.920115209945047363e-01
9.969208446216754060e-01
9.979308305465802720e-01
9.981285196797661241e-01
9.982743150531039333e-01
9.982071140836473733e-01
9.983677238208303883e-01
9.572411653772953111e-01
9.952393128570413694e-01
9.969032761197381687e-01
9.975711401117021149e-01
9.975525569273094861e-01
9.978242598978653843e-01
9.979063042220935875e-01
9.978002554100694477e-01
9.957318107298321896e-01
9.986119144013878568e-01
