2.370190724613873101e+01
2.403463326639636577e+01
2.355215236937780787e+01
2.340326564072668347e+01
2.305424554680184812e+01
2.304701637014308346e+01
2.294355928917051202e+01
2.293028127443653474e+01
2.285499061461798576e+01
2.264084061508838630e+01
2.256651869204976180e+01
2.241595320565488691e+01
2.217776601493489608e+01
2.205346419100429500e+01
2.193768384073610278e+01
2.171578574326858657e+01
2.169495762864149668e+01
2.154944432806214039e+01
2.150914224150336196e+01
2.157935369549933924e+01
2.139392263006456574e+01
2.127835395021855547e+01
2.113502714595684395e+01
2.105740378226316167e+01
2.107579764065075523e+01
2.088104322838938032e+01
2.094343579317623494e+01
2.082610423387632892e+01
2.082968856328999507e+01
2.071322368869728336e+01
2.066360865180620010e+01
2.061723744270232928e+01
2.058885531508861177e+01
2.051455475566065800e+01
2.052944734943327987e+01
2.046838970318077244e+01
2.041527300742823314e+01
2.039267050009075177e+01
2.030201295392903305e+01
2.019984654667490886e+01
2.018561831926832184e+01
2.008255105395351947e+01
2.002614410627177222e+01
1.993623432654642258e+01
1.985290252302923975e+01
1.985556791982062563e+01
1.979939050072322360e+01
1.970577139714241355e+01
1.962608383763923925e+01
1.963205263290773672e+01
1.966161028449933568e+01
1.967333002527672292e+01
1.959135783567887401e+01
1.950303921038857524e+01
1.949698247563844689e+01
1.939962195105433196e+01
1.933146870045568377e+01
1.927409159810223827e+01
1.918865189221341083e+01
1.916988873525080450e+01
1.910770791917691369e+01
1.914005801240619675e+01
1.904814170220834058e+01
1.900056103032643762e+01
1.900298436117614287e+01
1.899523170461684529e+01
1.893952196316708125e+01
1.892819066448344145e+01
1.888577106099866043e+01
1.880370770415337489e+01
1.875206438420839561e+01
1.872936613024371866e+01
1.869578334818923082e+01
1.865794409176044510e+01
1.865457537622953055e+01
1.858361862058856673e+01
1.850002760969475091e+01
1.845725761502928464e+01
1.845261936029957894e+01
1.839027180459206079e+01
1.832756929523707967e+01
1.829053690448544955e+01
1.825680594274159674e+01
1.820806187919215802e+01
1.817132435076579000e+01
1.816186915301266680e+01
1.808706319937318696e+01
1.806462343314651164e+01
1.798939367761538932e+01
1.795697587287499886e+01
1.793306297477633393e+01
1.790537181375198728e+01
1.788285564465821764e+01
1.782270698960956068e+01
1.776495608284077576e+01
1.770521069317296181e+01
1.767539180597710313e+01
1.762453187155820444e+01
1.760288545458948306e+01
1.760591313357814158e+01
1.755912010833852577e+01
1.749681850904166680e+01
1.743522408965183956e+01
1.743556614443335917e+01
1.739960525406880620e+01
1.735939828618073832e+01
1.729819573643841579e+01
1.727574469343617736e+01
1.724390715476231506e+01
1.724211352432132216e+01
1.719161065934165222e+01
1.716305703142814565e+01
1.710536313146376131e+01
1.706009983090889293e+01
1.700576728891620704e+01
1.697459924428045497e+01
1.691719437570810314e+01
1.686052442337519608e+01
1.682426329291673639e+01
1.678522373581155236e+01
1.674116429850347743e+01
1.668160780740675975e+01
1.661811821021612801e+01
1.657461917791827943e+01
1.653350942721526806e+01
1.651127266453169185e+01
1.646677107796797657e+01
1.643617643032214914e+01
1.642509865278226755e+01
1.636079660102085498e+01
1.629447161511997422e+01
1.623980867676642958e+01
1.624346740244845932e+01
1.618941741420993807e+01
1.621141523928124073e+01
1.615295180661963670e+01
1.609168580419579442e+01
1.605755425668732528e+01
1.601714444661935843e+01
1.596745427906301984e+01
1.596842929147396362e+01
1.593871367863405197e+01
1.590251578238534336e+01
1.585209646604396916e+01
1.581707502881979011e+01
1.577553492923248690e+01
1.577071754796974012e+01
1.577245656908107918e+01
1.576236792918746765e+01
1.571998053951287666e+01
1.568444331478328735e+01
1.566507642376660847e+01
1.562609173993310385e+01
1.562249508680052479e+01
1.557551269623650469e+01
1.557922840403030484e+01
1.553199303578370838e+01
1.549238047393534146e+01
1.543632067021220422e+01
1.547059735249913537e+01
1.543838270717905026e+01
1.541274805927724678e+01
1.538338141376846302e+01
1.534161326642218270e+01
1.528917692208472090e+01
1.526100969756388714e+01
1.522667176661625099e+01
1.517684296416563861e+01
1.514953603345357358e+01
1.513369161740916091e+01
1.511017329964925793e+01
1.509878506896907879e+01
1.510000119049595213e+01
1.507431789949947287e+01
1.502673220866298642e+01
1.499197098887924007e+01
1.497681700476303490e+01
1.493863231126490909e+01
1.489995443910219031e+01
1.487305038379481026e+01
1.483660621017616421e+01
1.480889053830252422e+01
1.477744891172930686e+01
1.473319493176262363e+01
1.469710658060679265e+01
1.469499866499621277e+01
1.465591734773008348e+01
1.465067326537976555e+01
1.462490470185922753e+01
1.458527042199584756e+01
1.458270411419942292e+01
1.455643986372333032e+01
1.452830804231257567e+01
1.450816394326886538e+01
1.447953843221119996e+01
1.445244791874699430e+01
1.442555957354830909e+01
1.440211003955893787e+01
1.438422222995499311e+01
1.437026249093819175e+01
1.433741978425623032e+01
1.430274121422232625e+01
1.426661647156443102e+01
1.422623738682016814e+01
1.419816493298117877e+01
1.418011064125945886e+01
1.417833474390129744e+01
1.414609698573441499e+01
1.411465738887280708e+01
1.408777171678988793e+01
1.406092258732412503e+01
1.403034419954304823e+01
1.399526364242938747e+01
1.395697782421570210e+01
1.392270187222362132e+01
1.389215780164823499e+01
1.386425854052750140e+01
1.388015172165794020e+01
1.387901115701335186e+01
1.386934090338076331e+01
1.384220975013131039e+01
1.381834921860149024e+01
1.380045473293853675e+01
1.380744370174027225e+01
1.378333291769729385e+01
1.375172444211606226e+01
1.372645766724920691e+01
1.370368913517006959e+01
1.368319228973433788e+01
1.366401154283790831e+01
1.363918626618335495e+01
1.361707582264287275e+01
1.358585283943360800e+01
1.355902654111628358e+01
1.353285887608703497e+01
1.351236428950643109e+01
1.348590984012711225e+01
1.347764255240348419e+01
1.344906293740067760e+01
1.342489695800039584e+01
1.339570323248007888e+01
1.337046955327789455e+01
1.334878197474614581e+01
1.331952947824368572e+01
1.329984990118711252e+01
1.328071911389237592e+01
1.325760633265323207e+01
1.323948501448952264e+01
1.320965014252164416e+01
1.319165548404859400e+01
1.316546142939521324e+01
1.314131778151377716e+01
1.311316558403569488e+01
1.308819239353933739e+01
1.306083178997602801e+01
1.304058481370085509e+01
1.300871603955415523e+01
1.297996221669044559e+01
1.295203918515182373e+01
1.292887189825020577e+01
1.293300131350822468e+01
1.291125327845754356e+01
1.288224577579889818e+01
1.284962215629393611e+01
1.282717423104446297e+01
1.281536025113420685e+01
1.279422834637325046e+01
1.277680488599836650e+01
1.275360589915587717e+01
1.272661058103424203e+01
1.273569056196531157e+01
1.273728074059566495e+01
1.271925990319763855e+01
1.269148368104077207e+01
1.267407894226300336e+01
1.266073416682487718e+01
1.264637847273471571e+01
1.262391431498994265e+01
1.259560540660540617e+01
1.259262821296376877e+01
1.256721350161292072e+01
1.257959395228975374e+01
1.256588666080762806e+01
1.254254053870136154e+01
1.252927655340481827e+01
1.250886636555194720e+01
1.249238986250105654e+01
1.247022170325018209e+01
1.245253860803282286e+01
1.242499507152329663e+01
1.239803606311276596e+01
1.238168905712613288e+01
1.236993542774932564e+01
1.235261527744832399e+01
1.232645491171212093e+01
1.230232020475213695e+01
1.228937125691727061e+01
1.227292644392078991e+01
1.225775811992572528e+01
1.224255614973479922e+01
1.222580360025175317e+01
1.220270380860468507e+01
1.218818961821684965e+01
1.217757358926012046e+01
1.215901092362360458e+01
1.217017005417734232e+01
1.214822483820100985e+01
1.213618867580748528e+01
1.211347178641040756e+01
1.210136871857464058e+01
1.208466883833214922e+01
1.206413516439570444e+01
1.204674706990069488e+01
1.204514599315495538e+01
1.205292309917870597e+01
1.203292914337104413e+01
1.202946077729921370e+01
1.200713516263390623e+01
1.199365978497780993e+01
1.197709549691819753e+01
1.196521910480203843e+01
1.194807819704804963e+01
1.194794198964728160e+01
1.193908503999945658e+01
1.194544587765180488e+01
1.193152236123091292e+01
1.191603131876538590e+01
1.189694112486555433e+01
1.187839723676830239e+01
1.186310978381568759e+01
1.186387647294822756e+01
1.186991011645326921e+01
1.186022386522645533e+01
1.185263940719761067e+01
1.183236551492773359e+01
1.181559643705472240e+01
1.180925738446651962e+01
1.179430250748093734e+01
1.178315462203133634e+01
1.177191440836860714e+01
1.176567928020518217e+01
1.174728013921175318e+01
1.173069865521599908e+01
1.171109067568811923e+01
1.169518158906886285e+01
1.168224980326560924e+01
1.166871950003263514e+01
1.165189300835963593e+01
1.164205534865520697e+01
1.162277377511482790e+01
1.161966988872250006e+01
1.160397148818494450e+01
1.158767899474822016e+01
1.157045698911916176e+01
1.155220467042845911e+01
1.154239157989297659e+01
1.153060332644268016e+01
1.151920246328712949e+01
1.149973190368591247e+01
1.147962538688886092e+01
1.146114117649069364e+01
1.146169825781641016e+01
1.144464088744803831e+01
1.142555859322082235e+01
1.140632549585300026e+01
1.139468266743935310e+01
1.137809995746697567e+01
1.136504461295102431e+01
1.134524764757674831e+01
1.132723663781242962e+01
1.131715024076605580e+01
1.129870655659082068e+01
1.128156459367368569e+01
1.126675474645502284e+01
1.124905355597730328e+01
1.123065335693831912e+01
1.121510399377949518e+01
1.120800252391529916e+01
1.120612992000549113e+01
1.119253290904498854e+01
1.117477086930894714e+01
1.116314335070671504e+01
1.116779461857339406e+01
1.115745287295091082e+01
1.115722290676675676e+01
1.114270797077469233e+01
1.112824365148493655e+01
1.111588963031717547e+01
1.109893997389704801e+01
1.110207430130213702e+01
1.110227295372083667e+01
1.109217867859052653e+01
1.107975033869418979e+01
1.106837658855069328e+01
1.107697541939205443e+01
1.106444698817806405e+01
1.105332554281442725e+01
1.104307985624973298e+01
1.102884098633889209e+01
1.102010920826294615e+01
1.100536913405005812e+01
1.099610075400242160e+01
1.098635866891449986e+01
1.097305552439659593e+01
1.096322509940649503e+01
1.095126015535384312e+01
1.093732350983623292e+01
1.092733189211430478e+01
1.091401481547039864e+01
1.089769938965649132e+01
1.088540791003562980e+01
1.087678215793278014e+01
1.086241120756968037e+01
1.084851003689256466e+01
1.083295499545639196e+01
1.083617022262460772e+01
1.082056871295898226e+01
1.080963727098523819e+01
1.079945600152380614e+01
1.078701832031955377e+01
1.077412770832504663e+01
1.075668417264386711e+01
1.074478967423492648e+01
1.073068171395129689e+01
1.071858173819878779e+01
1.070876166945141783e+01
1.070154053477773992e+01
1.069139224474875149e+01
1.067860033446507728e+01
1.066785267963653538e+01
1.065905619195746112e+01
1.064598111616217579e+01
1.063284359145912639e+01
1.062159834876348974e+01
1.060774088699155904e+01
1.061258822167749827e+01
1.062024705507997702e+01
1.060814177567466032e+01
1.060136455522797760e+01
1.058976312003678899e+01
1.058092631241891546e+01
1.057514695901951995e+01
1.057008640509598685e+01
1.056226026232424786e+01
1.055068305820083019e+01
1.053966161008227154e+01
1.053188759450106993e+01
1.052013810796909432e+01
1.051943781178564308e+01
1.052105690966377516e+01
1.051230302557438101e+01
1.050013349225748804e+01
1.050174974336309397e+01
1.050220305243981223e+01
1.049070218450772529e+01
1.048225139065137590e+01
1.047036375764787586e+01
1.045729609670788562e+01
1.044767691476852178e+01
1.043324485858459028e+01
1.042580456411911349e+01
1.042995320665206904e+01
1.041793481297713342e+01
1.040569785252619361e+01
1.039926040820325071e+01
1.038738667164049367e+01
1.037463984460658217e+01
1.036303589803097225e+01
1.034832755036263841e+01
1.033901247807760981e+01
1.032740503691470657e+01
1.031484076814851569e+01
1.030448598412328565e+01
1.029534133200780133e+01
1.028324685685439732e+01
1.027222293649120211e+01
1.026225202763121302e+01
1.025104790270429689e+01
1.023905277265591529e+01
1.024579922816304034e+01
1.023719089822693817e+01
1.022628914762108110e+01
1.021760187246329821e+01
1.020879512695181646e+01
1.019888003065643822e+01
1.018669204722648658e+01
1.018657071857190211e+01
1.017500423487046746e+01
1.016482636197083878e+01
1.015993765807377791e+01
1.015017301344219725e+01
1.013867917098543536e+01
1.012592697813033560e+01
1.011852447204262795e+01
1.011625091526626896e+01
1.010421282163151169e+01
1.009705286902736354e+01
1.008751860239639164e+01
1.009013650847545129e+01
1.007848327493572249e+01
1.006935781550271081e+01
1.006096018907579293e+01
1.005252676107090970e+01
1.004503728352623249e+01
1.003619949098699138e+01
1.002265626126698628e+01
1.001150889697787427e+01
1.000145127190038252e+01
9.991339390747800309e+00
9.981116093957433932e+00
9.967622478934799801e+00
9.964009392500200235e+00
9.958882852942426922e+00
9.947394204343396495e+00
9.945478815344696244e+00
9.943951038316454216e+00
9.933554304547289604e+00
9.925685836339738444e+00
9.914379371198174695e+00
9.903196399387191207e+00
9.894464802688165861e+00
9.884080048160985399e+00
9.871900791801831332e+00
9.872494792607550806e+00
9.862894996036816408e+00
9.852162556506360858e+00
9.842577790988249475e+00
9.836780885099875249e+00
9.834107025566385829e+00
9.823482677689492348e+00
9.813190300432081514e+00
9.802358776914187999e+00
9.806299551683489213e+00
9.796594847217658497e+00
9.786753294236968159e+00
9.776317747319016149e+00
9.771935424531676517e+00
9.762048634353551080e+00
9.753779534803284079e+00
9.743152792036312349e+00
9.733962726592189085e+00
9.736769447045070081e+00
9.731383438135054575e+00
9.732352970655554714e+00
9.737218543622404354e+00
9.730823441251713390e+00
9.721161598027473261e+00
9.718129776981237811e+00
9.708418162989698175e+00
9.700393809826666214e+00
9.689415272514297683e+00
9.678607614569035178e+00
9.673037764995221721e+00
9.662986841963821405e+00
9.652445525210486821e+00
9.642365130685545793e+00
9.631826341744655906e+00
9.625450344262223012e+00
9.630557442274172431e+00
9.619674377864965820e+00
9.613195617810227134e+00
9.603256147145325272e+00
9.593785031733228053e+00
9.583064514788514288e+00
9.573216579066793130e+00
9.563061620114506667e+00
9.555130585530847043e+00
9.547995352377975919e+00
9.549322991701640007e+00
9.541085288539971287e+00
9.530595221544485796e+00
9.522003022028904695e+00
9.514663464557271411e+00
9.507567457252596554e+00
9.499163449055419761e+00
9.499945462902262605e+00
9.493996330698990960e+00
9.486695226485920784e+00
9.486034560564851503e+00
9.476144186122525070e+00
9.467921010697208928e+00
9.459795003544719805e+00
9.455556396991378065e+00
9.446459975481753091e+00
9.437587175733865408e+00
9.429874848971445900e+00
9.421932772193917671e+00
9.412692547028498780e+00
9.404467437179704348e+00
9.407601179772244748e+00
9.398599786541488754e+00
9.388918575843232972e+00
9.380055051796324150e+00
9.371802027999329709e+00
9.361852690851245384e+00
9.355306504356214248e+00
9.346410578233673050e+00
9.340781418346367104e+00
9.331276538721059666e+00
9.323477689967557325e+00
9.313487597378383498e+00
9.318539121584800355e+00
9.312110562887061960e+00
9.304006376304647219e+00
9.305887309682681519e+00
9.296956224164967253e+00
9.289362903684049044e+00
9.281235606889916667e+00
9.272217496111647250e+00
9.262941533024614316e+00
9.257094186755281839e+00
9.248835367498486448e+00
9.240310957932333480e+00
9.230557991120939221e+00
9.223684917878452794e+00
9.215325881768427152e+00
9.217198899061362027e+00
9.208022870662365023e+00
9.201341500345833424e+00
9.191748376756754269e+00
9.183216562604535227e+00
9.174398738664732988e+00
9.165889998156229623e+00
9.158516878478465628e+00
9.150109344849775894e+00
9.140131856127865717e+00
9.132983248142112487e+00
9.124604608038245246e+00
9.117153961535299445e+00
9.108578927284600724e+00
9.100866310823741756e+00
9.092507961161294006e+00
9.092955359671343274e+00
9.084403947657808231e+00
9.075617873177868944e+00
9.067268169302327152e+00
9.064229076054948209e+00
9.055816167494150193e+00
9.046504120762678625e+00
9.046193942055015924e+00
9.040971490102574393e+00
9.035592748607054858e+00
9.027187276904092172e+00
9.020243328326648324e+00
9.011188301872087081e+00
9.003411609911367464e+00
8.995617048137726002e+00
9.000303743744332508e+00
8.991911654042111124e+00
8.983280802533347043e+00
8.975432458044158679e+00
8.969454810023295366e+00
8.959957822725110432e+00
8.953045305019024624e+00
8.948191224276667910e+00
8.940846808572374016e+00
8.933763317247761293e+00
8.925214066033674953e+00
8.919624162847012983e+00
8.916640982677533245e+00
8.908359741688967048e+00
8.902009853391383842e+00
8.893872924342669961e+00
8.886514052330772628e+00
8.878902561255799242e+00
8.871740381062091174e+00
8.864114957737353251e+00
8.858236637149174086e+00
8.850308213344511898e+00
8.844163531589645189e+00
8.835413813050609022e+00
8.827622205124868060e+00
8.820839212635060989e+00
8.812925901446497789e+00
8.808266936072394415e+00
8.800367058234295214e+00
8.792916240216760215e+00
8.786078594992385860e+00
8.779023628427685466e+00
8.783015169989088378e+00
8.775493974776349404e+00
8.769655257325611686e+00
8.761294805869550117e+00
8.753149411653060596e+00
8.745823483431797385e+00
8.748317889371994838e+00
8.747831216214796868e+00
8.741562824662626241e+00
8.733404024490772244e+00
8.726057328449078554e+00
8.719313146809353654e+00
8.714747175312345107e+00
8.720000802868707268e+00
8.711859763994647565e+00
8.710510965375654280e+00
8.703499514582027530e+00
8.695106763714832709e+00
8.687146840608642506e+00
8.681347191541910036e+00
8.676075739109395002e+00
