2.274375020032000094e+01
2.281033920047106633e+01
2.276315235176922869e+01
2.246525996031345329e+01
2.255190895972286214e+01
2.241125341921963354e+01
2.204698574699106928e+01
2.212225607719864229e+01
2.195180625150332077e+01
2.191831757980690654e+01
2.173598965651424209e+01
2.172113803970150414e+01
2.165694596351891832e+01
2.140450989437849927e+01
2.115416163372623259e+01
2.120622301968431600e+01
2.119324167688282756e+01
2.106260272833441860e+01
2.098135132158148863e+01
2.075343501677682667e+01
2.062466790131160366e+01
2.044783293662680990e+01
2.026252933752105889e+01
2.027057539242645134e+01
2.008950401609649816e+01
2.001268591492529580e+01
1.990724750042828362e+01
1.990275558220966445e+01
1.975884622930350787e+01
1.969723897203184393e+01
1.958184888858666284e+01
1.958701396030118858e+01
1.949956253293849784e+01
1.950130120054257432e+01
1.940914267330085252e+01
1.933594003283916862e+01
1.927079311848540399e+01
1.927364457799718878e+01
1.915891373788092622e+01
1.915166324895035643e+01
1.902013365309736770e+01
1.897275575234479561e+01
1.890209900796257259e+01
1.886828048133914137e+01
1.877807307190794006e+01
1.867206522923118328e+01
1.864669828746266944e+01
1.861340904864033874e+01
1.859196387334916523e+01
1.853274219404666567e+01
1.852070878062357551e+01
1.840092213068128402e+01
1.829879363365334299e+01
1.820993972849908360e+01
1.817854851903729951e+01
1.821875218188681345e+01
1.825185871987536501e+01
1.821423433565595928e+01
1.818666060165412901e+01
1.815690306537289800e+01
1.808892706972700282e+01
1.800055546020085373e+01
1.796933852632010442e+01
1.786426309289372227e+01
1.785892542635909663e+01
1.794372967180808232e+01
1.790028244283963943e+01
1.782680417842320253e+01
1.775891361658397827e+01
1.770430047450138389e+01
1.768908963478518714e+01
1.767756684675907763e+01
1.766628684791604087e+01
1.762148608178670983e+01
1.754031318921479254e+01
1.749819428615561634e+01
1.743163185202508103e+01
1.739982221033631404e+01
1.736755827963602883e+01
1.732323942421528074e+01
1.732494308642019121e+01
1.731517043245357712e+01
1.725772553490147843e+01
1.718540463025091114e+01
1.711715026591396693e+01
1.707372693776473582e+01
1.705164836059572053e+01
1.697934503805861794e+01
1.697618716277267836e+01
1.692463457779482638e+01
1.684954890885214596e+01
1.683169822459272069e+01
1.679590816322012969e+01
1.674682605398540147e+01
1.670149384870906317e+01
1.664729482648161252e+01
1.662766296059413307e+01
1.660751464633226249e+01
1.655805436720809709e+01
1.649218604557005818e+01
1.647587656034293602e+01
1.644016980950876672e+01
1.636822591099543800e+01
1.632119955783099030e+01
1.629571076323707146e+01
1.625253493353964984e+01
1.621774955034875276e+01
1.620014839679765473e+01
1.613586258207593715e+01
1.609865493265816383e+01
1.606294180263943971e+01
1.604764568227032129e+01
1.601492731719039853e+01
1.596912555674215461e+01
1.593982649139990748e+01
1.590720237174852691e+01
1.586101646573949964e+01
1.580664104469253850e+01
1.576775763345141712e+01
1.571320459862151253e+01
1.570233928573148852e+01
1.570795492637602386e+01
1.566641898132546196e+01
1.566789309092960281e+01
1.563058625996215945e+01
1.558976065632483987e+01
1.556110213751288995e+01
1.550482027092164472e+01
1.545780093139275380e+01
1.541361765054195310e+01
1.537849787550970504e+01
1.538713455797316598e+01
1.535036638788043106e+01
1.535519429437248817e+01
1.535745761430786871e+01
1.536644828726938350e+01
1.533324712843277382e+01
1.533256641760892514e+01
1.532986441475625838e+01
1.532344362325936160e+01
1.528757067838083650e+01
1.524860786365215404e+01
1.522069326940000344e+01
1.520478818070973226e+01
1.517792968344962290e+01
1.515197132013766890e+01
1.511964465487054810e+01
1.507586822086011580e+01
1.505979116966545561e+01
1.503669823474031197e+01
1.501414277631177008e+01
1.497909758522084545e+01
1.497371093126949404e+01
1.494224220232142031e+01
1.491528028715736554e+01
1.490582103697424188e+01
1.486871199063047122e+01
1.483980412165230334e+01
1.481433663300031611e+01
1.478372146834578515e+01
1.476649325714982197e+01
1.473688127670241954e+01
1.470179042032411409e+01
1.467743475120919072e+01
1.464923066026528176e+01
1.461077791802185466e+01
1.458076719251335618e+01
1.459178853268428355e+01
1.457237673051724691e+01
1.454534157670392425e+01
1.450723726860498886e+01
1.450987151104334494e+01
1.447379197483922830e+01
1.446318744561682657e+01
1.444834528717932898e+01
1.442986086647301924e+01
1.438787737428720703e+01
1.437168291231680506e+01
1.433529645380686368e+01
1.433531643266361755e+01
1.432367209663638263e+01
1.430127662981913339e+01
1.426172492453931007e+01
1.423597675071445856e+01
1.420573525398682158e+01
1.418130699675849549e+01
1.415731983520297099e+01
1.412286976174536868e+01
1.409600229054426102e+01
1.405657538867625433e+01
1.405932740583982898e+01
1.406634272778698502e+01
1.405369979670341074e+01
1.402927860451326403e+01
1.400462691023135875e+01
1.397195810150831541e+01
1.398081682214484189e+01
1.395039889091869156e+01
1.392461159124214198e+01
1.389837021627188207e+01
1.386885510985935888e+01
1.390490607563089220e+01
1.388513670440804937e+01
1.385785101975248246e+01
1.385562908069111288e+01
1.383403399436365433e+01
1.381112584415014055e+01
1.379681009303425654e+01
1.377409777737327801e+01
1.374643304148930056e+01
1.372294501097157493e+01
1.370403007397752049e+01
1.369091218354720674e+01
1.365884499962510290e+01
1.363709655756309047e+01
1.360676266211311258e+01
1.358878212115001460e+01
1.355692092155351247e+01
1.352175397777128119e+01
1.350828486689998975e+01
1.348271965781226811e+01
1.347375676171254888e+01
1.344960330175116248e+01
1.343011009664396482e+01
1.340516328708283744e+01
1.338096295739297048e+01
1.335079557841445741e+01
1.332218237588902987e+01
1.330074312478139298e+01
1.328009173318582015e+01
1.325641921313467542e+01
1.323633760316611152e+01
1.321767336637857682e+01
1.320202898072681208e+01
1.317625912738137473e+01
1.314918831647393560e+01
1.312792096991726787e+01
1.311495530671656162e+01
1.308857409913485270e+01
1.306361145514198796e+01
1.303616874863926078e+01
1.303569640479647695e+01
1.301271864803604750e+01
1.298237930301046994e+01
1.296033602904349991e+01
1.293539837265468684e+01
1.292348117075781389e+01
1.290867326186269537e+01
1.288061661174441497e+01
1.285365497431717863e+01
1.282239729200962763e+01
1.279666581301669304e+01
1.277480279137582642e+01
1.275813787109952457e+01
1.276450237530382914e+01
1.273830756077332538e+01
1.271099033145442192e+01
1.268904693668853056e+01
1.267662558110463245e+01
1.265799887374387822e+01
1.263085089027165964e+01
1.260883096465394004e+01
1.259975939873716300e+01
1.257436017335710865e+01
1.254869467198123800e+01
1.252799663156065435e+01
1.250786004769626913e+01
1.248178076872706654e+01
1.246932974189293120e+01
1.244768249195002774e+01
1.242694852733174038e+01
1.240656436973566734e+01
1.238378765669058090e+01
1.237006561076762878e+01
1.234879606054418488e+01
1.232894231594888801e+01
1.230521432870513898e+01
1.228260685245876793e+01
1.227414331168511197e+01
1.225656043285042252e+01
1.223065946567613871e+01
1.221039055255897487e+01
1.218898502832736064e+01
1.218595464727473576e+01
1.217217859867897722e+01
1.215288442048031747e+01
1.213458049776174441e+01
1.212083858544761128e+01
1.210223744998331163e+01
1.208884735611996319e+01
1.206721102949208735e+01
1.204969114994747059e+01
1.205254556215553841e+01
1.205613479532316923e+01
1.205918247964812551e+01
1.204218734440712169e+01
1.202374891838112170e+01
1.201888004532422727e+01
1.200532749899600127e+01
1.201687865461439308e+01
1.199864707062896763e+01
1.198810210413375543e+01
1.197577283923310532e+01
1.195798196757896115e+01
1.194626474032064323e+01
1.192847859309432756e+01
1.191353439268674030e+01
1.189387934692932802e+01
1.187367436971215895e+01
1.185656956435778753e+01
1.183509159171344471e+01
1.181379898132639994e+01
1.179454487473033453e+01
1.177183975602493682e+01
1.175271275189801301e+01
1.173297383747723011e+01
1.171833911021537311e+01
1.170108856630800886e+01
1.169492536492318990e+01
1.167496194365618400e+01
1.166813845814873929e+01
1.165261525456129554e+01
1.163092272830159857e+01
1.161386034881707907e+01
1.159882032727866630e+01
1.161269103380983658e+01
1.161145512603506447e+01
1.161186866340070090e+01
1.159454354667941089e+01
1.158673750583786699e+01
1.157279125599461800e+01
1.155798228324282562e+01
1.154716648220121833e+01
1.153289899172695065e+01
1.151603107197846754e+01
1.153231805094255691e+01
1.153296378307477354e+01
1.151563495384841218e+01
1.150487181276618287e+01
1.150528285228716641e+01
1.148956344105616267e+01
1.147784063584069081e+01
1.148243222247085527e+01
1.148356044821675326e+01
1.147210484948920595e+01
1.146173786078083978e+01
1.144917062711872546e+01
1.143086507290690967e+01
1.142670479980437825e+01
1.142347393677572143e+01
1.142133453764549955e+01
1.141181191711343068e+01
1.140386123704269217e+01
1.138730558481268318e+01
1.137168753238989005e+01
1.136165420208369348e+01
1.134778602193916619e+01
1.133152943258911449e+01
1.131811833816031410e+01
1.130061715468550787e+01
1.128281996722794034e+01
1.128371656842805137e+01
1.127095856997481427e+01
1.127528773872993106e+01
1.126274574890942404e+01
1.124704789919100101e+01
1.123020218235527246e+01
1.121711303804100623e+01
1.120006822367945709e+01
1.118758552027396114e+01
1.118689579117567057e+01
1.117393168145565774e+01
1.117455220366661628e+01
1.117347066605089445e+01
1.115976016175645036e+01
1.116191426809269771e+01
1.115013211336165000e+01
1.114080480559699282e+01
1.112382460467279977e+01
1.111531411660864421e+01
1.110521184012318585e+01
1.109099486183206373e+01
1.108010238601104014e+01
1.106558368301818973e+01
1.105199091586512239e+01
1.103591208436274052e+01
1.101822001460174860e+01
1.100416567363381404e+01
1.099143059957677870e+01
1.097454196314349772e+01
1.096035046230852927e+01
1.094323152944980393e+01
1.093169857723449390e+01
1.091950379107549196e+01
1.090633947325763486e+01
1.089693662265903917e+01
1.088352958869779030e+01
1.086661827413406733e+01
1.085379285356821732e+01
1.084338937180804230e+01
1.082815250523713502e+01
1.081177659695605975e+01
1.081290682162955896e+01
1.080047732808389682e+01
1.078832732913888925e+01
1.077285869809949226e+01
1.075691655220333587e+01
1.074603469174050829e+01
1.073679283801192419e+01
1.072757984851301316e+01
1.072027536350033472e+01
1.070434322147991502e+01
1.069343853140176748e+01
1.067774526440235228e+01
1.066530279735761688e+01
1.065169442587641591e+01
1.063754094250914584e+01
1.062315005923358058e+01
1.060780530862942683e+01
1.061160687797682201e+01
1.059723882871657707e+01
1.058216338574106530e+01
1.058108301583436628e+01
1.058225852428584091e+01
1.056797319790048562e+01
1.055405085099048001e+01
1.054089722932551432e+01
1.052662087736491614e+01
1.051539331050500259e+01
1.050897043316565771e+01
1.049688793679646004e+01
1.048541259438489348e+01
1.047375541061821558e+01
1.046693834729127914e+01
1.045434225247936411e+01
1.043920575598339262e+01
1.042924683486686810e+01
1.041680238025988992e+01
1.040737309830332613e+01
1.039608851128846823e+01
1.039096194943815199e+01
1.037803917818716926e+01
1.036616183892391163e+01
1.035746509876065780e+01
1.034614124410219915e+01
1.034666191571501237e+01
1.033571641897196614e+01
1.032047289620980024e+01
1.030515194047527494e+01
1.029232565870185745e+01
1.028073968535849581e+01
1.026759223205072225e+01
1.025456025105111912e+01
1.024330392680148094e+01
1.023142623232249449e+01
1.021895803742429898e+01
1.022002766856646971e+01
1.020824271106860337e+01
1.019601706125182616e+01
1.018263476553084956e+01
1.017026604495628028e+01
1.015849352402727490e+01
1.014489642852596596e+01
1.013142957049207560e+01
1.011936531402038497e+01
1.010694987335609696e+01
1.009319817990115453e+01
1.008619973366993960e+01
1.007176053913768321e+01
1.007234025975329672e+01
1.006011035814622900e+01
1.004974732657844783e+01
1.005084793458393122e+01
1.004386898218110247e+01
1.003220590040386995e+01
1.002195917482013954e+01
1.001163826430127735e+01
1.000168948879838204e+01
9.991119269806327807e+00
9.979416728313356799e+00
9.970637849721958546e+00
9.963998323252296174e+00
9.967043509697861126e+00
9.954354998675082555e+00
9.942276330807789719e+00
9.940405276756305142e+00
9.931757659786512704e+00
9.924104804139220803e+00
9.914225210754079143e+00
9.908438610077578090e+00
9.897552759549242296e+00
9.891637067126209715e+00
9.881385512596052578e+00
9.871238572118055998e+00
9.865638668604017170e+00
9.854238413641535743e+00
9.857819583745811798e+00
9.855884267161826529e+00
9.863576617685485104e+00
9.853819774709101864e+00
9.843124892774536505e+00
9.841374145319162992e+00
9.831544653514981746e+00
9.821326867999328414e+00
9.815130630139005774e+00
9.807388114914632027e+00
9.798008473044685473e+00
9.790926780563889764e+00
9.780942781165204991e+00
9.770480400147762978e+00
9.770195096010473534e+00
9.764922991634593430e+00
9.755129147668531786e+00
9.755821531862451934e+00
9.743119865592239748e+00
9.734184054072303027e+00
9.723691944435703505e+00
9.723804201911200096e+00
9.713784471588096991e+00
9.705208044304541204e+00
9.696666484179660372e+00
9.697100840732016280e+00
9.687199225086301269e+00
9.680035829261550262e+00
9.670549498440223601e+00
9.658784798436752084e+00
9.646971684037033867e+00
9.636792589894120908e+00
9.629911595445335593e+00
9.622779333695591575e+00
9.626574087129137425e+00
9.620124153920155408e+00
9.607393632299411124e+00
9.595817473615458226e+00
9.587973851645550383e+00
9.579233185727819233e+00
9.570387716898949293e+00
9.564354364813665299e+00
9.554984576458062762e+00
9.544204096808199367e+00
9.532065307507624041e+00
9.525757536066732811e+00
9.517113206043299911e+00
9.506524111287905754e+00
9.496145732514976956e+00
9.485749184322063599e+00
9.475536414986159173e+00
9.472190669389593864e+00
9.471841616686695886e+00
9.463736594859058826e+00
9.455221897047305646e+00
9.448011051694484408e+00
9.444670945873573586e+00
9.437346811909266719e+00
9.427503366793949624e+00
9.417752950065573003e+00
9.408261870264228222e+00
9.398990036786505797e+00
9.392399382423882059e+00
9.382069079406123890e+00
9.371901293486525120e+00
9.363942054593239916e+00
9.356794158881371004e+00
9.346435556733771577e+00
9.345843517618250829e+00
9.337144308902075807e+00
9.327000451027878114e+00
9.319234007730056391e+00
9.310899361101535376e+00
9.302476932598963799e+00
9.292759110853380022e+00
9.288171417430751475e+00
9.281287976838221709e+00
9.273149526113124708e+00
9.269948784938526032e+00
9.262941701606379752e+00
9.264511529653033151e+00
9.260632640905962276e+00
9.251319106296351791e+00
9.243868368547140335e+00
9.236135704576168948e+00
9.228504330037466730e+00
9.219842442009955619e+00
9.209488635450968630e+00
9.199889125205503504e+00
9.190866776052594389e+00
9.181197700139179574e+00
9.174491557934581820e+00
9.174470253643976392e+00
9.165293865413234542e+00
9.158060096716948095e+00
9.149308455072826973e+00
9.144675009102970265e+00
9.140621100151905765e+00
9.132354006393342161e+00
9.123609271317485891e+00
9.117123069589762707e+00
9.118208026813716671e+00
9.113001234494642944e+00
9.103570838690712819e+00
9.096380577434111103e+00
9.086639260462737511e+00
9.076643422894006719e+00
9.069537385380035843e+00
9.061547621936878016e+00
9.053111591951346071e+00
9.047559900311417991e+00
9.038361641314908823e+00
9.029525589489059811e+00
9.019835369145503989e+00
9.012016651125243527e+00
9.002968570952241123e+00
8.995426949217842250e+00
8.988061120654990077e+00
8.979375687247506121e+00
8.972473829450720473e+00
8.967441129001327837e+00
8.959384890082489505e+00
8.950735805790060340e+00
8.942862592861988702e+00
8.935734174348180403e+00
8.929656219526417971e+00
8.920518106810110481e+00
8.913173425718447618e+00
8.905378123255307088e+00
8.896956142404535584e+00
8.889718517751211024e+00
8.883471740670978889e+00
8.879605000162875683e+00
8.878967436632395405e+00
8.874673483931941220e+00
8.882330857004797409e+00
8.874787148320489649e+00
8.865868118935317455e+00
8.859975532401504594e+00
8.853827905975082402e+00
8.847330187186472017e+00
8.838682634830034246e+00
8.838243831539310591e+00
8.829670026674666161e+00
8.822218780788549708e+00
8.816121173115407217e+00
8.809202435387538443e+00
8.800314900126597450e+00
8.791794837826614639e+00
8.783654276896129431e+00
8.780334787315386080e+00
8.774844698744784566e+00
8.770605165135682668e+00
8.762736819952635869e+00
8.755878644048019410e+00
8.747513018590927558e+00
8.748673227855029211e+00
8.741359733669142429e+00
8.734848908348832097e+00
8.728259918132259543e+00
8.721859717029664338e+00
8.715911177340917249e+00
8.711860313612591611e+00
8.702818391041628132e+00
8.694167368460211875e+00
8.687530505521197099e+00
8.692649360272264758e+00
8.690473069952826535e+00
8.685248221243279332e+00
8.677923592247957174e+00
8.675664604599134577e+00
8.669170673316910936e+00
8.665935754529991542e+00
8.661542319751660557e+00
8.655556242573114289e+00
8.653149286351208502e+00
8.646040400230861067e+00
8.641522379094832118e+00
8.632325902164897258e+00
8.625257127835673998e+00
8.619348066595152957e+00
8.612270438368017977e+00
8.612114388891063399e+00
8.603926725805399300e+00
8.596484342176450966e+00
8.589562886617805759e+00
8.584089581369129363e+00
8.575889504800633389e+00
8.568234815665171311e+00
8.564129443645322581e+00
8.557967192827964809e+00
8.552781107530313065e+00
8.546510923528696679e+00
8.540843418258379671e+00
8.533925491844570388e+00
8.527569534935221185e+00
8.519419408451192055e+00
8.520346835933546359e+00
8.514152098600632712e+00
8.506397384731126721e+00
8.498457560436548874e+00
8.493033856742995269e+00
8.485658495873527940e+00
8.479002712720260959e+00
