3.922478260428399199e-01
9.550032107451973395e-01
9.847221002187366290e-01
9.884302137646023834e-01
9.914841470361849263e-01
9.938518650588297199e-01
9.951921446183417119e-01
9.952504163821932481e-01
9.937232902963019088e-01
9.950305491896311860e-01
9.970792220574572484e-01
9.957193446310974583e-01
9.981128065971750507e-01
9.914135251373085156e-01
9.960188499009234864e-01
9.956059611144693067e-01
9.969438924088707132e-01
9.975233340726021858e-01
9.960651774027318162e-01
9.961210719105455524e-01
9.971613243635406576e-01
9.980525054684138420e-01
9.967615104852939334e-01
9.966791472608645952e-01
9.942499684723667963e-01
9.973896279159436551e-01
9.978510765056075593e-01
9.963197467352592485e-01
9.974775573984121513e-01
9.974625400980765555e-01
9.987690162363690449e-01
9.981239391132546990e-01
9.964485244342782266e-01
9.978847059812632203e-01
9.967489574137773367e-01
9.984651623274498622e-01
9.968242468519478150e-01
9.966318920493832945e-01
9.973927589360909174e-01
9.981193585467429408e-01
