2.017436346930191249e+01
1.880564979471968812e+01
1.840709222125531497e+01
1.834729976179516342e+01
1.794297974905132165e+01
1.820598548271044592e+01
1.800746322898757512e+01
1.775240821729673257e+01
1.770437507383968168e+01
1.754672429653621890e+01
1.737974643710422740e+01
1.738665664891254536e+01
1.715115435661986609e+01
1.696728449759862656e+01
1.678840937260283539e+01
1.664229314334930976e+01
1.642081931693905972e+01
1.630686507857569723e+01
1.613055156699396164e+01
1.598985610786430200e+01
1.595239426083489498e+01
1.584161036451157756e+01
1.576786271869788081e+01
1.572811193385821049e+01
1.558519760561882705e+01
1.552129865904029593e+01
1.545845822069063402e+01
1.543163209491989285e+01
1.536679787772126815e+01
1.526556714797447611e+01
1.525052166779912000e+01
1.518757135011581028e+01
1.517390321749097026e+01
1.508481295193744742e+01
1.502772322630973534e+01
1.497972795929375600e+01
1.491987097467828782e+01
1.486345004494408073e+01
1.480314540020619241e+01
1.473433289708309779e+01
1.468354800635900048e+01
1.461854192042018674e+01
1.461902147213248959e+01
1.461886033160542375e+01
1.457256605355498813e+01
1.453938650821384115e+01
1.444591757441295243e+01
1.442517941438925178e+01
1.436779272997370782e+01
1.431723146668537971e+01
1.429657083400122453e+01
1.428427402795508705e+01
1.422791700663701242e+01
1.417821639216979079e+01
1.419085777542611027e+01
1.417319969368270272e+01
1.411232993003236302e+01
1.406545869498055623e+01
1.403819744427404359e+01
1.398910666063521369e+01
1.396333469490218704e+01
1.390986692502010769e+01
1.386124418891019516e+01
1.381866518132874333e+01
1.378191759862151500e+01
1.374802684475411851e+01
1.370735142654547900e+01
1.363946164324213228e+01
1.365718220594201782e+01
1.364321341655224273e+01
1.358110254790321747e+01
1.358080827782334943e+01
1.356342070242097186e+01
1.352255489100010521e+01
1.346833078269221495e+01
1.342538100492723707e+01
1.340519034241155083e+01
1.335819130284847489e+01
1.330288704000379951e+01
1.330421813703868850e+01
1.324246678699927315e+01
1.321233053869723051e+01
1.316009617025919454e+01
1.314612549818757614e+01
1.308596500398272156e+01
1.305669628843569541e+01
1.301984588514688213e+01
1.296155167359810534e+01
1.292125595662765214e+01
1.288229457763117836e+01
1.284901313204914786e+01
1.280037609597339099e+01
1.275411361598224325e+01
1.273652376202306868e+01
1.269851502286878642e+01
1.267641284763743492e+01
1.262531647624574482e+01
1.261358865819657282e+01
1.260074014022701228e+01
1.261663825892176582e+01
1.257404677836958307e+01
1.251149009229919429e+01
1.251735641349602268e+01
1.251077129309676472e+01
1.247712707051905312e+01
1.246573845958893223e+01
1.243426596223001290e+01
1.238268739214972136e+01
1.233931697684698925e+01
1.231268353303433472e+01
1.231748295483478017e+01
1.232022209164126103e+01
1.229797207303210449e+01
1.229149862824911033e+01
1.226100945917389140e+01
1.223844587732545719e+01
1.222486234489762147e+01
1.219387590863433779e+01
1.217476785544448781e+01
1.213379940273427415e+01
1.209084043775712303e+01
1.206078363767883133e+01
1.203208744920376816e+01
1.199985557860596508e+01
1.197632404730155287e+01
1.194753671337331724e+01
1.192244878060788693e+01
1.192248949021043636e+01
1.189825611972071684e+01
1.186410131381725996e+01
1.186181405102466435e+01
1.183539652113686991e+01
1.180976837598084650e+01
1.177204920734469873e+01
1.174675706249937868e+01
1.171378324215466193e+01
1.169237665697712458e+01
1.169430970646346424e+01
1.166295194511097399e+01
1.162059244936889257e+01
1.161683652212365736e+01
1.160846754779394985e+01
1.159210196513530633e+01
1.157761998656191516e+01
1.154476138351710368e+01
1.153071274239215604e+01
1.149274358833052645e+01
1.149312646511555869e+01
1.146034815850355137e+01
1.143812919034418840e+01
1.143715062445529540e+01
1.143800761277942613e+01
1.141176914134833176e+01
1.140488424996291528e+01
1.136976873589449610e+01
1.136205705270252331e+01
1.132796871254699056e+01
1.134304276652446397e+01
1.135005186721575043e+01
1.132482741874950882e+01
1.129659413681718405e+01
1.126924738480024857e+01
1.124222859480069125e+01
1.122253124047131401e+01
1.121432369637184046e+01
1.119196176269354126e+01
1.117778795618198018e+01
1.115445062046721425e+01
1.114353200877762617e+01
1.112005681245580391e+01
1.109174403045819624e+01
1.106257986889802147e+01
1.104656375372215393e+01
1.101806950578822253e+01
1.099937216210672908e+01
1.100556705781727196e+01
1.100173290997748055e+01
1.099110156100653057e+01
1.096437225572221230e+01
1.095124276028735011e+01
1.094419222360844302e+01
1.092471769689621297e+01
1.092608394459986521e+01
1.090180234197427644e+01
1.087821286161363865e+01
1.086006886552460315e+01
1.083921035105731256e+01
1.081383721909556961e+01
1.079684906954481605e+01
1.077626823490702712e+01
1.074836845033380861e+01
1.074903575422514557e+01
1.073278598581582699e+01
1.071536014342047416e+01
1.070449448218377420e+01
1.069163189478278397e+01
1.067662185770920757e+01
1.065084789937051646e+01
1.062970908976984141e+01
1.060638920879448044e+01
1.058177108117325105e+01
1.056254025722811996e+01
1.055639809179541544e+01
1.054912049069033664e+01
1.055299941742980252e+01
1.052715694981521466e+01
1.050367790652812339e+01
1.048693722872284440e+01
1.047280087530849357e+01
1.045202902889662688e+01
1.042541798141213505e+01
1.040592001326709770e+01
1.039440473123777053e+01
1.040118139869877645e+01
1.037507064268035073e+01
1.037638412944229316e+01
1.035954850581834208e+01
1.033949960847929894e+01
1.033122342265404292e+01
1.031278842474721280e+01
1.029977818587787475e+01
1.027965156487194776e+01
1.026825184864719454e+01
1.025628442166827980e+01
1.023908675178828176e+01
1.021813865165568913e+01
1.020011192590115456e+01
1.017610904043995212e+01
1.015432880200440735e+01
1.014224774223080772e+01
1.012121441356850582e+01
1.009897261436259974e+01
1.010623323776541937e+01
1.009169157653182047e+01
1.007405063341088969e+01
1.004810368774711016e+01
1.002751876738254744e+01
1.001555510402889126e+01
1.001522325701333749e+01
1.000280498770181659e+01
9.986212927827887498e+00
9.974701282984927531e+00
9.967155089816566615e+00
9.943104459332429812e+00
9.936544044606236525e+00
9.925866820959640791e+00
9.925340110813843708e+00
9.920564785854226741e+00
9.903305635399863860e+00
9.889333323842212309e+00
9.871409868918329167e+00
9.857645633498512083e+00
9.848152784029313267e+00
9.831976535649390669e+00
9.810865374939204742e+00
9.812421723438832899e+00
9.801431337500504881e+00
9.787472689398718728e+00
9.774673162353188616e+00
9.770396157094781486e+00
9.770243005240404344e+00
9.757351725967390976e+00
9.752761856742653279e+00
9.737730730493170839e+00
9.729633176922277471e+00
9.729580533813619425e+00
9.712698611843432417e+00
9.697453239103095868e+00
9.697289637481432578e+00
9.683443570741959050e+00
9.668552067631438263e+00
9.678075442461061328e+00
9.661134379607375422e+00
9.646827897664502771e+00
9.630405893224279978e+00
9.614525758879032935e+00
9.596786752861486747e+00
9.586475461735838977e+00
9.573298557630234740e+00
9.566388450726186932e+00
9.566989507006381288e+00
9.555439648613448966e+00
9.539200768466532310e+00
9.522553699322690690e+00
9.508848886404161149e+00
9.510443848985808302e+00
9.501653016525782647e+00
9.493587042808087517e+00
9.483567041456378632e+00
9.475892277126973795e+00
9.467496687474177719e+00
9.461156135786696453e+00
9.456129457886556011e+00
9.443196560219295321e+00
9.433960080793966085e+00
9.417993088386856115e+00
9.411302597582608342e+00
9.407455946111364042e+00
9.399591121543528160e+00
9.382609766503481552e+00
9.372043769523640933e+00
9.359590089565035242e+00
9.342181390064796531e+00
9.327718812122668623e+00
9.335091996044649676e+00
9.317669421971082500e+00
9.307496550446503036e+00
9.294472845904483194e+00
9.279586134326159197e+00
9.270876898093710849e+00
9.255175745718428715e+00
9.243153978253833003e+00
9.227324051683657657e+00
9.209989555232054315e+00
9.193738238950365016e+00
9.179423690352145115e+00
9.163284733021034967e+00
9.148596545331601604e+00
9.147459198975203876e+00
9.132176178318180959e+00
9.136559538467519559e+00
9.120922727482986048e+00
9.105538255972694728e+00
9.091521781877519359e+00
9.075849150211135807e+00
9.061883578494972724e+00
9.050295198714815470e+00
9.046968318120230279e+00
9.030767100817460147e+00
9.024100217940548063e+00
9.023932971621118071e+00
9.010573600859917320e+00
8.993663149018097158e+00
8.979654550487712328e+00
8.969993012623374895e+00
8.954214899557985774e+00
8.954647841292597832e+00
8.940903391935627553e+00
8.932152289753988228e+00
8.918275556741198429e+00
8.905031583324777955e+00
8.896953298604032057e+00
8.882244927339129958e+00
8.873178719204938503e+00
8.871660186592254860e+00
8.875771671603784441e+00
8.866318500317468931e+00
8.854801522382418355e+00
8.857818026005427114e+00
8.849906430202841179e+00
8.841374807657629731e+00
8.833429572904940130e+00
8.819154762847215778e+00
8.804922574778574429e+00
8.793128913436202510e+00
8.786124949839170029e+00
8.780053108115707161e+00
8.774188360100579231e+00
8.766622523239941955e+00
8.752664499221078032e+00
8.739684410786166424e+00
8.727092932750595722e+00
8.718334595928686426e+00
8.705255362622173365e+00
8.704804221191860591e+00
8.707163245514538019e+00
8.696735491898250459e+00
8.685342158900198228e+00
8.675315818042085070e+00
8.666660205399503880e+00
8.654789221004591582e+00
8.653918555727550199e+00
8.646577147972243083e+00
8.645009209664369365e+00
8.635188095366611805e+00
8.621632522274861543e+00
8.616431563765631907e+00
8.604583225188834561e+00
8.594526219666510869e+00
8.579353598366632028e+00
8.568922553322300573e+00
8.560458726831907228e+00
8.548226179691722493e+00
8.550363108434019921e+00
8.547122109831521541e+00
8.540610374907203095e+00
8.529895425892716432e+00
8.526647660379500948e+00
8.517372956664912564e+00
8.506622744401651559e+00
8.494917987683088256e+00
8.494253142662259393e+00
8.486981642101428136e+00
8.475905043998835708e+00
8.464080332893979985e+00
8.455814211662159963e+00
8.443725632755910482e+00
8.441574339758249224e+00
8.431093900858979140e+00
8.422242563995741449e+00
8.408645023738598567e+00
8.403339110830334135e+00
8.393288050611072748e+00
8.384395408366904334e+00
8.374783159053579951e+00
8.365052626611662490e+00
8.352658439077861985e+00
8.343988951182870650e+00
8.339027166847888140e+00
8.325982437677190262e+00
8.313214875199452791e+00
8.305183150945397941e+00
8.300286006351528911e+00
8.292775584988806514e+00
8.284274022721890063e+00
8.273756378224867092e+00
8.268518796457678732e+00
8.260839760050370018e+00
8.248946860548432625e+00
8.247365481539084442e+00
8.239145996468957733e+00
8.230049745867344058e+00
8.218720821286940037e+00
8.210805024341134128e+00
8.200589438486996841e+00
8.190577274066301428e+00
8.190068480599647316e+00
8.182982060584686579e+00
8.175822924003977477e+00
8.167984346734909806e+00
8.158162859478863993e+00
8.153370543277755900e+00
8.149660899987186014e+00
8.138586349078574145e+00
8.128491429960988057e+00
8.120451425430671222e+00
8.109780838720967111e+00
8.099588059029942499e+00
8.092894493371494136e+00
8.085017961976163292e+00
8.077467316119305352e+00
8.066220446449120729e+00
8.058783557381216767e+00
8.048176212032998933e+00
8.040224085552942768e+00
8.030551920956234824e+00
8.020837670839537026e+00
8.010641724589234514e+00
8.001362574154310181e+00
7.994066168633742642e+00
7.984596170681603766e+00
7.976981998102102622e+00
7.973362294536888939e+00
7.964474665180885538e+00
7.955323160635733082e+00
7.950544798164141724e+00
7.939274886852402346e+00
7.933520485938640121e+00
7.937896831514961171e+00
7.939453715358131269e+00
7.931190799687874105e+00
7.922647129782492748e+00
7.917411211001159188e+00
7.913177636283059257e+00
7.908869828404836433e+00
7.908402878845112838e+00
7.902025158333930932e+00
7.894244416772451700e+00
7.889966643018513359e+00
7.885346522411492032e+00
7.875841989175292213e+00
7.869400831315480183e+00
7.861754852344796873e+00
7.851323290427530743e+00
7.843409602534235248e+00
7.838193618318088696e+00
7.829352024260255227e+00
7.820663083115547920e+00
7.811888842084233175e+00
7.811706596060232322e+00
7.802295161109968014e+00
7.795033116569962672e+00
7.787508117465705482e+00
7.779511910429502741e+00
7.770469155115463877e+00
7.768584901186754266e+00
7.766227875930415969e+00
7.756165515404479294e+00
7.749809603097999045e+00
7.744975445904201727e+00
7.735669685955905095e+00
7.735996763733974824e+00
7.727005110127049825e+00
7.726657456525585665e+00
7.718496844375544619e+00
7.712484542437787916e+00
7.704662226481017839e+00
7.703505398134857352e+00
7.693273800623764203e+00
7.684581486690238883e+00
7.676797733245648736e+00
7.667961078510117545e+00
7.658622907915804134e+00
7.654747412655900973e+00
7.647939721561634485e+00
7.643739800334988566e+00
7.636486574982933817e+00
7.629047934560648336e+00
7.621156011193863655e+00
7.615014796533586150e+00
7.609828984234453308e+00
7.608136211637710034e+00
7.601839311745925087e+00
7.595416281100547451e+00
7.589380330686791964e+00
7.581658948193068959e+00
7.573806635563474110e+00
7.565340002428409427e+00
7.559909880595983012e+00
7.555229535185310930e+00
7.548288779346767896e+00
7.549008173048105341e+00
7.539706902120523857e+00
7.533146355700559127e+00
7.524039585357360949e+00
7.515864890277785371e+00
7.507528529955632024e+00
7.503099923953052475e+00
7.506678173855191538e+00
7.497976364754416423e+00
7.492351508745229260e+00
7.489435812938706860e+00
7.483156482234613271e+00
7.484189883283177913e+00
7.477428563062394673e+00
7.473913144136177245e+00
7.467576672918866620e+00
7.462206991620031538e+00
7.454645221430760138e+00
7.446133354219453437e+00
7.437119747067065134e+00
7.429651943741864883e+00
7.424173801503407333e+00
7.417998454716813406e+00
7.409661922376638898e+00
7.403786546762450627e+00
7.399683746815964192e+00
7.392091324550354337e+00
7.385291287010669947e+00
7.379441804420664219e+00
7.374067750596773330e+00
7.370428467829237995e+00
7.364711858101848030e+00
7.363941601140354898e+00
7.356799200026418184e+00
7.353899203040085375e+00
7.348347492230089095e+00
7.343366698637054490e+00
7.355602715627539645e+00
7.347511071150471196e+00
7.341607175832224996e+00
7.335295141440172806e+00
7.339922121031807301e+00
7.332401367531754310e+00
7.329003351054208082e+00
7.321036909860279884e+00
7.315613136309786491e+00
7.307863011180008250e+00
7.300335230340131432e+00
7.293710140655041307e+00
7.293083069810378127e+00
7.285877933595484635e+00
7.281740016979060037e+00
7.275746929626447645e+00
7.278656813448482588e+00
7.271624321142676983e+00
7.264639694797208946e+00
7.257520002219126631e+00
7.250926977685810293e+00
7.243616819150382469e+00
7.237071783165370142e+00
7.230045507253644921e+00
7.223891915237664385e+00
7.226787163319470686e+00
7.218640098152119933e+00
7.213270635134850117e+00
7.209049539399896567e+00
7.204657400277932666e+00
7.201222702956813215e+00
7.198312883531517770e+00
7.190883249198362748e+00
7.186258194218870798e+00
7.186729799740485092e+00
7.182765701231197397e+00
7.189968399196518867e+00
7.184133832281332843e+00
7.178493677406055262e+00
7.177200815004683321e+00
7.170653391545652511e+00
7.164865923360967948e+00
7.159847962660406573e+00
7.152788066412161250e+00
7.145497067358327570e+00
7.140331819448951123e+00
7.134276432860636064e+00
7.130467749931592714e+00
7.125162129996233773e+00
7.124644229593636524e+00
7.117337709178018557e+00
7.110263515538124857e+00
7.103455960920269874e+00
7.101543381536180810e+00
7.093623632046283767e+00
7.087732970666736243e+00
7.080682094511527858e+00
7.076203141539352259e+00
7.071163599950193834e+00
7.065058952048921093e+00
7.058882081421484322e+00
7.056145802376183163e+00
7.051345711751164202e+00
7.045192695698121454e+00
7.038404493585063371e+00
7.030527559224752032e+00
7.025018698265202310e+00
7.019412114150940241e+00
7.012847867887696651e+00
7.006652477801426748e+00
7.002870718750322077e+00
6.997712039636805770e+00
6.995554184711529899e+00
6.988720521218081849e+00
6.982732060682993236e+00
6.975587745088585478e+00
6.969515794042569823e+00
6.981174920603147704e+00
6.974448725161025209e+00
6.969454863301272951e+00
6.963438034996136672e+00
6.960191185055501606e+00
6.954561655358510563e+00
6.947788117219824144e+00
6.941672298592052037e+00
6.936489967788147304e+00
6.929606806825622023e+00
6.931091640684493349e+00
6.924212974056466408e+00
6.917027101670667477e+00
6.910203713792081537e+00
6.905908305421847970e+00
6.900605897294067148e+00
6.894226703627922781e+00
6.890434219315284992e+00
6.885054510289164043e+00
6.879875758422268284e+00
6.873603697604235840e+00
6.867387361994151007e+00
6.861089007500973835e+00
6.854651727587614651e+00
6.850550244757858565e+00
6.847096959536667526e+00
6.841304729673924889e+00
6.835599569370757855e+00
6.831571239593460021e+00
6.826723111742058592e+00
6.821350060466632392e+00
6.817370184626785345e+00
6.813779299681655743e+00
6.812104320739236663e+00
6.811653385744653733e+00
6.805468636707343144e+00
6.798883994445423795e+00
6.798477107688961851e+00
6.794832855069615540e+00
6.794736005349481189e+00
6.792785181086771651e+00
6.787438421907967090e+00
6.782043280879267222e+00
6.775443776852141831e+00
6.768342143943171685e+00
6.763854380931936916e+00
6.759460616783043996e+00
6.756242764913098497e+00
6.752771048074194482e+00
6.747808405925036723e+00
6.741812026422311810e+00
6.736151922299703720e+00
6.730390680625464306e+00
6.725492687129403180e+00
6.721297231775038128e+00
6.720898632389250338e+00
6.716841278774174917e+00
6.710912459041730393e+00
6.705676178071525051e+00
6.703903331856363224e+00
6.698531629619867367e+00
6.693631568867274062e+00
6.689439570616236175e+00
6.685212043770407675e+00
6.679193852374077700e+00
