1.004061557338223309e+01
8.584314670477068532e+00
7.306604203375485440e+00
6.439412666213969239e+00
6.122187963249151821e+00
5.958518014929106599e+00
5.691834939321743114e+00
5.518905102181655309e+00
5.365818184426821347e+00
5.286418782387259263e+00
5.213675025726702827e+00
5.158460995792925274e+00
5.132612063455707307e+00
5.006083547420709046e+00
4.932305705347379110e+00
4.942708885041743549e+00
4.869272304824433739e+00
4.860791101443331819e+00
4.833358373910263239e+00
4.797309566547125925e+00
4.720148524230523002e+00
4.708589173085977464e+00
4.677228906946177212e+00
4.656427807324805990e+00
4.618053088062224809e+00
4.565003792870705901e+00
4.514654322313119472e+00
4.476250531824663703e+00
4.444228440824169901e+00
4.458369421064455551e+00
4.434651489443385941e+00
4.397400023932592106e+00
4.364163099993125350e+00
4.324950074423092872e+00
4.300145072007540037e+00
4.278131398001038477e+00
4.237427350492449563e+00
4.228584889711579642e+00
4.201968736746151123e+00
4.203444732248317273e+00
4.192854507959797417e+00
4.192999172700788257e+00
4.174337711948286511e+00
4.147272794044654987e+00
4.131986226716536592e+00
4.110891207012802973e+00
4.091109535020098775e+00
4.103707648757338511e+00
4.082964419172113502e+00
4.053439944718539856e+00
4.026713848456953571e+00
4.014156737323850699e+00
4.007396088322582095e+00
4.010078225757867543e+00
3.987976756521063315e+00
3.965900647843429105e+00
3.942269700449910985e+00
3.930440662328868573e+00
3.904726979418710275e+00
3.872933854338559190e+00
3.865605228234782142e+00
3.842843244484371645e+00
3.832668773733979517e+00
3.819202471872093163e+00
3.797410784206920464e+00
3.767156883190808436e+00
3.757751807852243608e+00
3.736221317914648843e+00
3.711413079939953175e+00
3.691775202761507835e+00
3.670232038116956197e+00
3.663945638263598426e+00
3.645669249163677961e+00
3.620326793986887282e+00
3.599781185268144501e+00
3.582702093967632617e+00
3.574178098907114354e+00
3.552326488168026764e+00
3.542608448302381419e+00
3.522386217057388080e+00
3.511709877569284100e+00
3.514630073318699477e+00
3.494430245995520767e+00
3.486406388078697294e+00
3.469700821367175170e+00
3.455417160398957854e+00
3.447803541527941107e+00
3.442842871331164734e+00
3.430431126625851590e+00
3.421688541253594895e+00
3.408652828921140188e+00
3.392633806998397450e+00
3.377377214464391209e+00
3.361556437778772555e+00
3.339516158710247318e+00
3.333590595333545625e+00
3.325934361600035416e+00
3.313258328634868022e+00
3.298606738902024826e+00
3.295996176502306696e+00
3.285003514815759029e+00
3.273647550645475857e+00
3.262521807774697358e+00
3.248581370384830525e+00
3.237798144160933145e+00
3.221592317664353722e+00
3.209569485942701306e+00
3.202085755922161603e+00
3.195321297294682061e+00
3.184206448795292577e+00
3.168837971044373258e+00
3.165347758605784989e+00
3.148448243617230968e+00
3.144170544822379121e+00
3.130026841388600989e+00
3.120310542463935466e+00
3.112909373299468374e+00
3.104682879929735240e+00
3.093222446583014040e+00
3.091295099029458981e+00
3.084949231692029503e+00
3.074127211193593112e+00
3.065250442813016729e+00
3.054451166381926708e+00
3.045233414940252459e+00
3.033679526975195717e+00
3.019420327927925474e+00
3.011447691379848024e+00
3.009574642313346704e+00
3.011765672428702523e+00
3.009158624650452918e+00
2.996794159907116839e+00
2.984840226087110526e+00
2.971638773201061845e+00
2.965967923329683398e+00
2.953277918886663578e+00
2.946454460360985461e+00
2.942608574666664811e+00
2.933517329185416855e+00
2.925961516180240363e+00
2.916170436285704159e+00
2.909429984056532081e+00
2.905029744652088741e+00
2.897089295137549758e+00
2.890048473329609013e+00
2.879048929933463175e+00
2.871798414088570173e+00
2.864141753811219271e+00
2.857979415971453108e+00
2.857580511129648837e+00
2.849327072363291080e+00
2.849232902511457777e+00
2.840686253720746013e+00
2.834706067683452790e+00
2.828577401369159805e+00
2.825393332894695853e+00
2.817426097417766506e+00
2.808682164973299145e+00
2.806501754707898755e+00
2.796679618813019630e+00
2.793813457872711847e+00
2.786643194577460569e+00
2.783115707212117318e+00
2.772954904122818753e+00
2.766837302050308089e+00
2.767255609895241442e+00
2.758099972515374532e+00
2.754250044645998763e+00
2.744973940990194095e+00
2.743591262497039995e+00
2.735607025692312622e+00
2.734745249169448389e+00
2.731640327292403470e+00
2.730402593057307037e+00
2.724921534421138603e+00
2.716295577793319094e+00
2.711444719272489312e+00
2.707043274872072303e+00
2.706707295314466855e+00
2.698195640394384753e+00
2.689123909064111917e+00
2.683640257069434210e+00
2.675388780232840436e+00
2.674700914455161893e+00
2.667025893858823604e+00
2.661047497613344692e+00
2.652708868319156199e+00
2.645333434358121405e+00
2.644833705231273147e+00
2.643932384961237059e+00
2.645032393160196005e+00
2.636535901225641965e+00
2.634939744155699870e+00
2.630898885518488051e+00
2.623342082163073297e+00
2.618169536072682657e+00
2.615722267993769279e+00
2.612501765692484934e+00
2.607177827944030746e+00
2.601702019997425452e+00
2.594916486724021532e+00
2.587303227183982646e+00
2.580933043247508607e+00
2.578264086705920555e+00
2.573399877506929112e+00
2.567110873949556726e+00
2.559687309288606105e+00
2.554968099723601949e+00
2.552752308923228242e+00
2.548009437333748739e+00
2.541788263219168176e+00
2.542850680354794335e+00
2.537658520564743281e+00
2.537345615576462432e+00
2.531733935944111558e+00
2.526669336985333914e+00
2.525857893835066204e+00
2.520290002505111815e+00
2.516257498280618954e+00
2.513722942526527504e+00
2.510706783459396796e+00
2.505522280298838389e+00
2.503047277871714105e+00
2.498622263480326122e+00
2.494364388491375095e+00
2.487104579288952344e+00
2.482846243782127704e+00
2.480974016947392169e+00
2.475340310562617052e+00
2.468486700532319222e+00
2.470486308079160143e+00
2.468950097544368116e+00
2.463642602730771181e+00
2.457684261877131515e+00
2.453719266032665658e+00
2.447448443189237377e+00
2.440739377983553116e+00
2.436650359585441183e+00
2.433205421411368530e+00
2.427286514912872839e+00
2.424243192449579087e+00
2.420966945419281924e+00
2.417497339669224754e+00
2.411095220874414746e+00
2.407798366124316747e+00
2.408102217175436266e+00
2.402903001220878743e+00
2.398836852268018127e+00
2.398598701627638885e+00
2.392303133664637205e+00
2.388368481332396875e+00
2.384638757247838470e+00
2.379103413020231539e+00
2.372101839297669379e+00
2.365577910364518033e+00
2.360147765021839650e+00
2.354952219761694554e+00
2.354968425796043707e+00
2.348510356384954090e+00
2.345594471664218972e+00
2.340797404754266342e+00
2.339154858270437121e+00
2.337512194523876818e+00
2.331420238336711304e+00
2.327234942537289353e+00
2.323770102469987275e+00
2.319230762709701743e+00
2.315004917969351705e+00
2.313292617448277522e+00
2.307042521080396202e+00
2.302095951125886053e+00
2.301675900868977553e+00
2.298041285049187810e+00
2.294388758340962120e+00
2.288269835616725256e+00
2.285403766258926606e+00
2.279743864928362118e+00
2.277282614988371368e+00
2.275672584766091688e+00
2.272232988978743595e+00
2.268675996246311222e+00
2.268627436023779698e+00
2.263800556248623419e+00
2.258485420046014269e+00
2.257873200561984373e+00
2.252252641247567411e+00
2.246880864372248876e+00
2.242178941537254389e+00
2.239324690364839832e+00
2.236505625125590146e+00
2.231980846470259738e+00
2.226814870071538000e+00
2.223884725745430835e+00
2.222605801081991128e+00
2.224993175398129353e+00
2.228734843958334100e+00
2.225722019044278799e+00
2.220747991107092645e+00
2.217448342610234491e+00
2.213933773572846597e+00
2.209606473764166523e+00
2.206803225887461917e+00
2.203993357289999011e+00
2.199381209377888613e+00
2.196218168830329276e+00
2.192020685717921857e+00
2.193053122319905235e+00
2.190382809154306276e+00
2.187114409713855512e+00
2.183084152797428068e+00
2.183142703344486790e+00
2.180117428745686148e+00
2.175319468350652485e+00
2.171205970263098806e+00
2.166436016977914658e+00
2.162511051617116209e+00
2.161981827158868441e+00
2.160504564460384636e+00
2.155898240630184315e+00
2.153245700295444376e+00
2.151703288327971197e+00
2.150554566548116497e+00
2.147857978267308177e+00
2.145723931579554655e+00
2.142063683971748400e+00
2.138655989393813961e+00
2.135023500105064365e+00
2.130823053933593059e+00
2.128134705748071731e+00
2.124607922900580537e+00
2.120813012258051522e+00
2.116806358473958927e+00
2.113737482178381200e+00
2.109844799757341960e+00
2.105781014990848465e+00
2.101670480947666508e+00
2.098975118284177821e+00
2.097842239446339629e+00
2.093260110534421070e+00
2.090668861810398571e+00
2.087895303082873966e+00
2.083833506045060346e+00
2.083705491638356389e+00
2.083004909877290256e+00
2.082316613267672256e+00
2.077983040543840421e+00
2.076431267871824637e+00
2.072629062399636179e+00
2.068880669802732442e+00
2.067460779474592059e+00
2.064290935365698409e+00
2.060409132997470305e+00
2.057317132591709008e+00
2.053429413281505855e+00
2.052052979916036524e+00
2.047849035493991998e+00
2.047266053301907363e+00
2.046213523763678044e+00
2.042199823506997358e+00
2.040640067155643056e+00
2.036088739524551272e+00
2.038329278052822158e+00
2.036993827837596083e+00
2.034193292534455022e+00
2.031092065872216690e+00
2.027935001769054058e+00
2.026516033794774518e+00
2.023393714824995193e+00
2.022131161853782277e+00
2.020772219217163101e+00
2.018167590525941524e+00
2.015833711234872094e+00
2.015351216407259560e+00
2.013497557296232809e+00
2.010170694073528441e+00
2.007330953365157100e+00
2.003430984150628813e+00
1.998925028803418380e+00
1.997095974641281080e+00
1.993697088175556464e+00
1.990541008593853300e+00
1.986830858562666835e+00
1.986215206921071008e+00
1.985078631643222735e+00
1.981833089307061035e+00
1.978024432175265801e+00
1.976758676064192422e+00
1.973586399379980927e+00
1.972046877398093256e+00
1.968602687591936906e+00
1.965119397126769529e+00
1.961481417637790603e+00
1.958786307320495190e+00
1.957422195626481676e+00
1.954502422999031541e+00
1.954794844748251492e+00
1.952953518456006732e+00
1.954492170616737745e+00
1.951139985690351963e+00
1.948240824048540043e+00
1.944596328181021683e+00
1.942299420140592314e+00
1.940089337443910322e+00
1.941515237706788133e+00
1.939164331883132641e+00
1.936178265626545603e+00
1.936187664724370094e+00
1.932563495392568775e+00
1.931383280572573691e+00
1.929190691181555062e+00
1.926040542670178324e+00
1.924344184817752046e+00
1.921146542626725351e+00
1.919618614800987277e+00
1.917242586920458125e+00
1.914908747073062356e+00
1.912337007879811868e+00
1.909007897772727169e+00
1.905821052784385961e+00
1.902898837715692126e+00
1.899579223354159074e+00
1.898084152377486289e+00
1.894599069020555637e+00
1.891891569814518448e+00
1.888723694185646895e+00
1.890764269232326544e+00
1.888252351187886813e+00
1.884554767672533604e+00
1.881390369146540786e+00
1.879350952103511219e+00
1.876811257220803331e+00
1.874962436123116083e+00
1.874098282842713514e+00
1.872784739750041894e+00
1.870665743639143397e+00
1.868693563359390186e+00
1.866636944664056275e+00
1.864261040719082052e+00
1.864026299104855067e+00
1.860858055272252454e+00
1.857615864317329057e+00
1.854887289808875073e+00
1.853675143840939343e+00
1.852338049859603153e+00
1.849245475031290775e+00
1.848155965098485787e+00
1.845674189942061671e+00
1.842656107514982766e+00
1.839981695290187513e+00
1.840250132263851368e+00
1.837402906221805354e+00
1.834528579376261126e+00
1.832299033731062954e+00
1.829326097559171638e+00
1.826818888675349362e+00
1.824596358924482242e+00
1.822008380411094697e+00
1.820582493784149936e+00
1.819321612027305690e+00
1.816978305449694631e+00
1.815622340248180144e+00
1.812885040802305614e+00
1.810179625436200812e+00
1.808027150993141596e+00
1.805254513729584342e+00
1.803918135034596970e+00
1.801247182454394968e+00
1.798360343901363789e+00
1.795477842607634100e+00
1.792714308937974010e+00
1.789712857329678997e+00
1.787247594337666223e+00
1.783963829049409089e+00
1.782046439620979861e+00
1.779225138577697596e+00
1.777167078222247731e+00
1.774371115196630599e+00
1.772754518664377166e+00
1.770708127604501358e+00
1.768736482846193558e+00
1.765814537639364801e+00
1.763634746494720629e+00
1.761474686100576781e+00
1.758773373520295724e+00
1.757767249050606884e+00
1.755421571842813888e+00
1.752646265031996275e+00
1.749716121777291189e+00
1.748501860850795842e+00
1.747293998695550687e+00
1.744952294037626750e+00
1.743445064522776144e+00
1.740699288901214725e+00
1.741324302088194775e+00
1.740729356774672887e+00
1.738430932093105730e+00
1.737483010198023647e+00
1.735880659310932383e+00
1.733326138740445721e+00
1.731205277925349728e+00
1.729207299103965978e+00
1.726914912638360278e+00
1.724661095846159231e+00
1.722850317657545371e+00
1.722882872576392721e+00
1.721416192075494234e+00
1.721099546912961520e+00
1.719557083032587252e+00
1.718758938495133393e+00
1.716527269022792623e+00
1.714447533335054397e+00
1.712253150525838707e+00
1.710002061595712330e+00
1.707785850264567529e+00
1.706318730720059129e+00
1.704614179520236750e+00
1.702582145925016555e+00
1.700456328939676354e+00
1.698534539014602718e+00
1.696891629503714638e+00
1.694654794164292211e+00
1.692019486703472131e+00
1.689334276472101770e+00
1.688493578782952920e+00
1.686702601339890473e+00
1.684886424575238406e+00
1.682268731197883893e+00
1.679837417250068743e+00
1.677691330896142752e+00
1.675710115365861341e+00
1.674821318014095617e+00
1.672964940841128012e+00
1.670670786687549647e+00
1.667901961539175693e+00
1.666056446531682278e+00
1.664522290135461935e+00
1.661915400991757830e+00
1.659620183475437827e+00
1.657878350657322253e+00
1.655596674656372835e+00
1.653043034320005988e+00
1.651326119622468669e+00
1.649378518832109064e+00
1.646859052706226345e+00
1.646913086815388727e+00
1.644567444669869705e+00
1.643516457320677526e+00
1.641125110758235417e+00
1.640886910814879140e+00
1.639118263447397972e+00
1.638060790544284551e+00
1.637226679126965401e+00
1.634896031194378763e+00
1.632603794111396889e+00
1.631039265786871750e+00
1.629104320238308867e+00
1.627897528195410448e+00
1.626872759781209377e+00
1.624457747901725035e+00
1.622311749901519384e+00
1.620919349050013114e+00
1.619174766868457072e+00
1.616981540425665775e+00
1.618685411405978547e+00
1.616966375504614861e+00
1.618522080545955921e+00
1.616006883262853355e+00
1.616573149466733916e+00
1.614763678169894412e+00
1.612920937266188570e+00
1.611238710494639514e+00
1.609037530267655614e+00
1.607243930045325619e+00
1.606893512372630672e+00
1.605229954532635173e+00
1.604385825305290725e+00
1.603756719576867162e+00
1.603068493965356556e+00
1.603262757797518701e+00
1.604043591890914833e+00
1.602677568715507705e+00
1.600603142485293562e+00
1.599125110515170922e+00
1.597850470256760635e+00
1.596017942197375472e+00
1.595696727923239688e+00
1.594658589288546757e+00
1.592591125884234238e+00
1.590909444310292464e+00
1.591854715896130701e+00
1.592075435185469567e+00
1.589899284627818821e+00
1.589871406425605427e+00
1.588774932454249500e+00
1.586568962739383748e+00
1.587135619993729652e+00
1.585069856898431606e+00
1.583149381307122683e+00
1.581544582039501545e+00
1.579435632723935612e+00
1.577740970018854938e+00
1.576235280183400977e+00
1.574539739973185526e+00
1.574299298882685383e+00
1.572236142917573298e+00
1.572025425478295491e+00
1.571528370532725427e+00
1.570253277153288440e+00
1.568266357425042834e+00
1.566795819218556485e+00
1.565168282380261067e+00
1.563223232712910304e+00
1.562685892677833532e+00
1.561681404298125742e+00
1.559704175904411905e+00
1.558022611037584770e+00
1.558593752083138551e+00
1.557439135167571598e+00
1.558991684784039933e+00
1.557645740136350598e+00
1.556966830935450963e+00
1.554938710687254089e+00
1.553146323618512126e+00
1.551543403721329151e+00
1.549803662310468066e+00
1.548263374965313410e+00
1.546646333357685643e+00
1.545481887134612320e+00
1.544118097474517448e+00
1.542485522999259118e+00
1.542279322535570207e+00
1.541251524695800734e+00
1.540720576694612154e+00
1.539295946048677477e+00
1.541743712602005489e+00
1.541519695792836764e+00
1.540239506691259752e+00
1.538406055677273176e+00
1.536953978297225687e+00
1.535460349995129370e+00
1.536273791278263356e+00
1.535434287249679119e+00
1.534702275834398888e+00
1.533495741970506421e+00
1.532329902038169323e+00
1.532419095569148348e+00
1.531963476709829575e+00
1.530280142854452574e+00
1.529547910941972511e+00
1.527667432086862398e+00
1.526159432811144301e+00
1.525885730322803502e+00
1.525237421959968698e+00
1.524485883949217468e+00
1.522861117520298624e+00
1.521535288080888337e+00
1.519711179284454650e+00
1.518964048122478649e+00
1.517237682199466420e+00
1.517091967655733509e+00
1.515457137338467319e+00
1.514234940661741913e+00
1.512499671993037254e+00
1.511431892519105480e+00
1.509730453905971048e+00
1.507928266195390554e+00
1.506127628237792893e+00
1.504347147491602810e+00
1.506546257557488611e+00
1.504928288965694527e+00
1.503016170443162824e+00
1.501312245642802745e+00
1.499751046124341514e+00
1.498087035063666139e+00
1.499967515277978114e+00
1.499280053145907399e+00
1.498378551950535487e+00
1.497096380075348510e+00
1.495640447495295788e+00
1.494443715488703361e+00
1.494481901899753717e+00
1.492746782537211603e+00
1.492016093075931638e+00
1.490609726818475256e+00
1.489300421810281883e+00
1.488632545862840661e+00
1.487125668019394276e+00
1.486019733635961737e+00
1.485836637284022599e+00
1.484611944356391433e+00
1.484199028743965476e+00
1.482697618110050852e+00
1.483420878815570054e+00
1.482490156379022039e+00
1.480819526227994842e+00
1.479329818420380693e+00
1.478342728640335002e+00
1.476603594118032658e+00
1.477866259326199305e+00
1.476800139053791261e+00
