5.000000000000000000e-01
8.944880419672663896e-01
9.865729969805949739e-01
9.860821515906595947e-01
9.892043584960088509e-01
9.907750579456160445e-01
9.859378637455409322e-01
9.902527573995719701e-01
9.916736027460202330e-01
9.922986471383784535e-01
8.253393460516530444e-01
9.894250374345350263e-01
9.937886938282664007e-01
9.926063858315539168e-01
9.826612221705213202e-01
9.914753627852159745e-01
9.949137447435826287e-01
9.918598694538545146e-01
9.770361415395052429e-01
9.720660239378087208e-01
9.947368421052630305e-01
9.944917238150318139e-01
9.941816658476733126e-01
9.960439560439562356e-01
9.964068064899089805e-01
9.943904005241558375e-01
9.956264866909902977e-01
9.924342377053104736e-01
9.963409101121806222e-01
9.971779361648769324e-01
9.943463343146762279e-01
9.814177723081561888e-01
9.966169907127567784e-01
9.975334808971532130e-01
9.981035584913698910e-01
9.946457236207928432e-01
9.966945994251098506e-01
9.975071571351745714e-01
9.979164220557175113e-01
9.981410147694281809e-01
