4.320557129583424683e+01
4.403003651783516403e+01
4.392570994013789232e+01
4.349116455298893413e+01
4.327302270914508853e+01
4.282802114116877590e+01
4.243636348380172763e+01
4.234251513958641766e+01
4.188821176332089635e+01
4.147946197093922649e+01
4.147291332025404387e+01
4.173198512302655416e+01
4.204303030939891528e+01
4.189214408988750904e+01
4.172234128058858715e+01
4.150681349404153053e+01
4.152941295579709902e+01
4.131419703435221891e+01
4.098981475041833988e+01
4.086509219580604935e+01
4.059050024954100166e+01
4.032737210319238130e+01
4.010530326775881349e+01
4.003671341204484690e+01
3.967982748808709914e+01
3.944917837791432902e+01
3.923994926316414933e+01
3.921875626593044473e+01
3.895254489080389249e+01
3.885051205848162681e+01
3.882860238516031615e+01
3.873226564161179653e+01
3.851596188215612671e+01
3.819697246778637378e+01
3.816537422051371919e+01
3.808973270604345629e+01
3.782422282330386309e+01
3.773316610155837481e+01
3.747345599707337271e+01
3.726877328898173403e+01
3.692595199803503192e+01
3.672178078447962690e+01
3.671571933532307241e+01
3.658982576671146347e+01
3.646433388261910835e+01
3.638945512653822334e+01
3.631589911461277609e+01
3.625618971821728564e+01
3.609561589642629542e+01
3.608545546984790775e+01
3.594432585885147091e+01
3.596686973261095233e+01
3.596003179224979363e+01
3.577556366472189353e+01
3.558626623498360431e+01
3.570400391462230516e+01
3.577957910214279735e+01
3.570465776318448547e+01
3.558965878071672506e+01
3.559112423345345633e+01
3.545439104269663488e+01
3.546208593739775949e+01
3.539816268377811070e+01
3.536321432522088770e+01
3.530984514038188848e+01
3.529731933141953704e+01
3.519026131607692776e+01
3.507770219839533610e+01
3.485050339081276860e+01
3.474116072271330324e+01
3.460892675001780106e+01
3.444090477703062447e+01
3.432050030105284577e+01
3.430681430266383813e+01
3.417270009905836048e+01
3.408425095759834278e+01
3.400760205921309165e+01
3.401970332739271896e+01
3.400905406421014021e+01
3.387513147511875644e+01
3.367372527575658125e+01
3.350477101781903855e+01
3.354000399675837940e+01
3.360488454462046803e+01
3.354169260041584266e+01
3.342740269194072766e+01
3.332315281163562304e+01
3.315546008073701501e+01
3.300052389398013730e+01
3.288757614949380326e+01
3.279966991803513565e+01
3.269297360976082700e+01
3.262574748950647319e+01
3.258807405762640030e+01
3.242801274796542543e+01
3.241682359512532940e+01
3.229977268544190849e+01
3.220657442775966928e+01
3.213654509664688419e+01
3.200648085498546891e+01
3.187146559236704846e+01
3.185863347672608370e+01
3.183398881263218527e+01
3.172397607237646611e+01
3.172099670607480348e+01
3.166953803014259705e+01
3.165735168843011493e+01
3.164317929868177615e+01
3.160279141745655451e+01
3.151329054307286270e+01
3.146944194672004258e+01
3.145208956641236497e+01
3.135879183143562798e+01
3.130271407243960269e+01
3.128386801729217837e+01
3.120378566227021011e+01
3.115272828981211006e+01
3.116384636291678234e+01
3.117206681100239152e+01
3.110642426377958003e+01
3.107085993460911766e+01
3.112334764604369042e+01
3.102366326670659191e+01
3.099783080286691472e+01
3.097461711737425816e+01
3.100504313319850169e+01
3.094393784828806204e+01
3.085880018197089925e+01
3.082311481735473535e+01
3.073387136828878496e+01
3.068025128430880599e+01
3.063874347479691806e+01
3.060885109165911899e+01
3.055242506498212052e+01
3.049434049072662489e+01
3.045271703510335826e+01
3.038457581153298293e+01
3.028592640807927694e+01
3.031300704323687611e+01
3.022028996216155505e+01
3.012864244788140766e+01
3.008475938590750687e+01
2.998659008717678986e+01
2.994407658590504795e+01
2.989328711501238800e+01
2.986072722458611040e+01
2.979462773905965634e+01
2.974572199653434978e+01
2.966837424186768857e+01
2.961003806275377670e+01
2.962388349488818662e+01
2.958704258783634344e+01
2.948440308029183754e+01
2.940467533548242329e+01
2.937161170485966366e+01
2.931402456251418087e+01
2.923024569772756820e+01
2.921940470959940583e+01
2.917012508019285022e+01
2.910164336623762438e+01
2.904770172635101844e+01
2.896174103098588049e+01
2.899205135817359391e+01
2.897068358106578501e+01
2.891593610200777675e+01
2.885264503044738049e+01
2.881481968013455486e+01
2.876801868818718688e+01
2.871005984662569688e+01
2.867071677244860339e+01
2.860343160488244507e+01
2.854516308506531885e+01
2.859172832376399143e+01
2.859293717104078070e+01
2.854085037811551473e+01
2.846467212505957178e+01
2.846520367869127810e+01
2.840501883718905418e+01
2.833932051830102594e+01
2.827540863674963134e+01
2.822432240149602833e+01
2.816472220053432807e+01
2.810891234965608376e+01
2.803502632603025546e+01
2.799008206152658929e+01
2.793069953938325511e+01
2.786456051417146185e+01
2.782163351635145077e+01
2.775465491408201046e+01
2.772994757607297700e+01
2.774235323905158523e+01
2.774227336609020966e+01
2.774162984457558423e+01
2.772860497451477713e+01
2.771281495457957433e+01
2.768164530275330648e+01
2.768819729730259738e+01
2.768824165801160220e+01
2.764118433397635144e+01
2.759985622287814877e+01
2.756689412462655042e+01
2.757095340305126285e+01
2.755199619983113024e+01
2.752667766523876125e+01
2.750355037031087591e+01
2.744134496928669620e+01
2.737457161240421044e+01
2.732399328198757971e+01
2.731462012283339647e+01
2.725523993816286961e+01
2.719289721820951300e+01
2.714332223226999830e+01
2.709984614809088299e+01
2.706865349635029361e+01
2.705630763474442801e+01
2.698451101653477835e+01
2.694987213665362091e+01
2.694572341170857044e+01
2.696256605718650334e+01
2.694279495315804240e+01
2.689633573374262809e+01
2.683587528501365327e+01
2.676870930814656901e+01
2.670975451213977792e+01
2.672107428259069550e+01
2.665661382899422094e+01
2.663144875911882892e+01
2.657657020989627483e+01
2.652715518580942344e+01
2.653020545648742257e+01
2.648410141555557473e+01
2.643226821465450627e+01
2.639909805246881191e+01
2.634904302923045094e+01
2.630724096232568954e+01
2.626343487703962154e+01
2.624778244158998319e+01
2.619287163648136740e+01
2.615382923946328120e+01
2.611569470209924404e+01
2.609248843978481602e+01
2.603138612239505179e+01
2.602841599753521606e+01
2.599423501497978606e+01
2.594610963312382168e+01
2.590270894488585185e+01
2.585717650167803683e+01
2.583570251017660269e+01
2.580864007347418365e+01
2.578694136699064643e+01
2.574793733261991235e+01
2.570727003584020665e+01
2.567547418174902418e+01
2.562068808244983842e+01
2.559141620940214423e+01
2.554658522778564134e+01
2.552001442168587886e+01
2.547969319974951574e+01
2.544179622317136591e+01
2.540881230120717760e+01
2.537219295158038790e+01
2.534808110571536943e+01
2.533590620886831957e+01
2.529575016108496044e+01
2.525981267660743512e+01
2.521645836919979189e+01
2.517477499592067858e+01
2.514445174492432500e+01
2.511109048046693104e+01
2.506129866034513753e+01
2.501555317872055184e+01
2.499379222513647036e+01
2.496252742607566688e+01
2.493164253840552647e+01
2.490619983689233408e+01
2.486580751053820748e+01
2.484013286085818706e+01
2.480599648029001258e+01
2.476823940805557811e+01
2.473531759688620113e+01
2.469938768301420851e+01
2.464858454198804338e+01
2.461013411936214368e+01
2.456905922759552041e+01
2.457655528592208327e+01
2.454229940789451803e+01
2.451395667624188235e+01
2.453547880341554688e+01
2.448688063560152983e+01
2.444481720136314706e+01
2.440168489499343707e+01
2.435685216562471922e+01
2.431135260901216100e+01
2.426879670961717395e+01
2.424811173913326456e+01
2.420388770952241231e+01
2.417975021224669518e+01
2.413020788468454114e+01
2.411673357188751865e+01
2.408956182930661782e+01
2.406504133089337216e+01
2.409394285538996527e+01
2.405272792044505792e+01
2.401798012038406682e+01
2.403338902950768485e+01
2.400852431180101476e+01
2.397806396553313135e+01
2.395296871423529694e+01
2.393236655680212266e+01
2.390468116270200483e+01
2.389149610135877211e+01
2.385340857037148155e+01
2.383531720360812045e+01
2.382066285555155005e+01
2.379976427956521690e+01
2.376718012686200865e+01
2.373674333509437062e+01
2.371236780968608926e+01
2.368386956247696773e+01
2.365588413493276576e+01
2.362340083724964401e+01
2.361910775964711107e+01
2.361169865225082987e+01
2.358568120489957920e+01
2.354749693498307295e+01
2.354131152228956836e+01
2.351766376865323593e+01
2.348044244372080414e+01
2.346803188414416041e+01
2.343749551215024596e+01
2.339793920921734482e+01
2.336444426496875337e+01
2.332576283418951846e+01
2.328943093837276734e+01
2.328306922386775923e+01
2.326683181996600780e+01
2.324239209863863920e+01
2.362971088321528512e+01
2.359731758708331739e+01
2.358748984713728802e+01
2.359535452528270483e+01
2.361494011925919168e+01
2.362297215300839071e+01
2.362985512105606034e+01
2.362032367563273283e+01
2.362407198992970692e+01
2.361389552331483799e+01
2.361243264188293978e+01
2.360318299864673008e+01
2.358871306822413061e+01
2.356839524894798288e+01
2.357017265621183100e+01
2.356527394400931286e+01
2.357424197684031952e+01
2.358831682898784621e+01
2.357459330070970793e+01
2.356723681850785823e+01
2.357659622775283026e+01
2.357780731566851884e+01
2.358285692767925923e+01
2.356979429272975679e+01
2.356332801022634627e+01
2.355167742010130993e+01
2.354967364765508009e+01
2.354248925573714502e+01
2.353691561338234095e+01
2.352499323756930139e+01
2.351413583949524622e+01
2.349697427389302717e+01
2.347409999326918495e+01
2.345575260967955700e+01
2.344349186467761470e+01
2.342652738298921022e+01
2.342007925071247953e+01
2.339480597288732611e+01
2.339303472798778216e+01
2.337677673312287752e+01
2.336108686587823513e+01
2.334632402115130034e+01
2.332398137976215580e+01
2.330516346747072376e+01
2.328555865150831394e+01
2.326508513985453774e+01
2.324144061504611614e+01
2.324344986191763951e+01
2.324407584061388121e+01
2.322834134360674696e+01
2.320607331448435318e+01
2.318769336482767329e+01
2.316421327168510658e+01
2.315135535290663427e+01
2.313474143474509859e+01
2.311104998443174452e+01
2.308442388561269709e+01
2.306283714672554197e+01
2.304209722815942740e+01
2.301727258522694797e+01
2.299438198163305458e+01
2.299196447342356109e+01
2.300981403582408547e+01
2.299267746855354488e+01
2.296750202199773483e+01
2.294936740008763820e+01
2.292318115137749857e+01
2.290281319996662290e+01
2.290516388094000533e+01
2.289445508430110365e+01
2.287338413427235295e+01
2.286560263836498308e+01
2.284704125125529117e+01
2.284106800702005557e+01
2.282336680358427117e+01
2.280779120739235211e+01
2.280710049212670043e+01
2.279353222620012787e+01
2.277082209943595004e+01
2.275121891726223211e+01
2.272673628110050004e+01
2.270751165397336635e+01
2.268789816327241482e+01
2.267255498730392915e+01
2.266338979303051815e+01
2.265102103744445117e+01
2.262721778595747679e+01
2.260021744225470286e+01
2.258367379207524905e+01
2.255984179338667417e+01
2.253592444894156799e+01
2.251530543858875788e+01
2.248650909876267434e+01
2.247352981065442989e+01
2.244892703025357505e+01
2.243022834591800674e+01
2.240252655832211559e+01
2.237677018469673129e+01
2.235076519708664833e+01
2.232664109541072861e+01
2.230258174813409155e+01
2.228027735627106054e+01
2.225473198415788190e+01
2.225048613351423654e+01
2.223769771333186540e+01
2.221193479745812382e+01
2.218551602091526220e+01
2.217952588432722294e+01
2.216626895343986448e+01
2.214643907708984116e+01
2.211944952886126359e+01
2.209996101550925829e+01
2.207773287158855879e+01
2.206739239903732752e+01
2.204288121038606363e+01
2.203600617612864809e+01
2.200712869224952328e+01
2.198856707189036541e+01
2.196488514640364542e+01
2.194466716201567280e+01
2.193834568283345021e+01
2.195448579665470490e+01
2.192929339674422806e+01
2.191935023889096357e+01
2.189623458866404349e+01
2.188332972902626494e+01
2.187211016970513455e+01
2.186332262812680582e+01
2.184680695415380214e+01
2.183421060528052848e+01
2.181872936744190028e+01
2.181214568368374529e+01
2.178587343979076607e+01
2.176380802605310905e+01
2.174723181609413558e+01
2.172538901484284324e+01
2.171559013070669053e+01
2.170998767396950768e+01
2.169324595409838352e+01
2.169170570380822483e+01
2.167809636162198217e+01
2.165698192005230638e+01
2.163764584079752140e+01
2.162139853584693938e+01
2.161041484477148700e+01
2.159794549981966227e+01
2.157955995552377004e+01
2.157254335781516374e+01
2.157548783958424110e+01
2.156419140691864555e+01
2.153974019564020992e+01
2.152129531776450477e+01
2.150180830119257536e+01
2.148855654782964564e+01
2.146978214055191359e+01
2.145886872157214142e+01
2.143901346939590624e+01
2.142577603666181574e+01
2.142252311118926400e+01
2.140184106459257762e+01
2.139252470234145065e+01
2.137113988731987035e+01
2.135453202040977772e+01
2.133595507776040989e+01
2.134712608428811720e+01
2.133959877082020284e+01
2.131683653274570389e+01
2.129814249505799140e+01
2.128564962329127042e+01
2.126942915304988801e+01
2.125979043858868778e+01
2.126506207679247851e+01
2.126166109208821453e+01
2.125445075874755929e+01
2.123770539876489494e+01
2.121857827441432320e+01
2.119987493693225744e+01
2.118562433019777203e+01
2.116727934940817235e+01
2.114352993240630951e+01
2.112221756014010055e+01
2.111701104105246785e+01
2.109942907922767219e+01
2.109122756220264350e+01
2.107805014826017498e+01
2.105781405301704723e+01
2.103948586995689851e+01
2.102169659229024390e+01
2.101420143755432335e+01
2.099499486063835008e+01
2.097448648775968749e+01
2.095085843564854500e+01
2.093553778317097880e+01
2.091247952860576476e+01
2.089178507312076860e+01
2.087369720954177410e+01
2.085604766069046079e+01
2.083956188983546554e+01
2.082068944972343161e+01
2.080007347780128768e+01
2.077890253403230503e+01
2.076583061096091143e+01
2.074318632563470644e+01
2.072256294147346978e+01
2.069988278118426450e+01
2.069321109335781017e+01
2.069166657269972376e+01
2.067964472510985274e+01
2.066097690073526039e+01
2.064728919139095353e+01
2.062683103193366563e+01
2.060332647816046503e+01
2.058485628527083833e+01
2.056645313208494841e+01
2.054324789070008350e+01
2.053177018714842816e+01
2.051949405827381057e+01
2.050588203984663238e+01
2.049608669961372343e+01
2.048470197480483179e+01
2.046615317221230512e+01
2.044473468190338750e+01
2.042530333773884976e+01
2.040295743850066401e+01
2.038275722412750568e+01
2.036650207642968624e+01
2.035186546678087893e+01
2.033137889231979756e+01
2.031778806319139719e+01
2.037028881239499256e+01
2.035067509746555103e+01
2.033838598610856963e+01
2.033891027727966971e+01
2.033130725621553836e+01
2.032393055135537807e+01
2.032293207223575138e+01
2.031574662611544824e+01
2.031039294505388781e+01
2.031121786912447291e+01
2.029824568560102094e+01
2.029443185377941816e+01
2.028638501549180617e+01
2.028451539015614102e+01
2.026912100941887118e+01
2.025261366722969925e+01
2.024738846469663045e+01
2.023251261111360222e+01
2.021978809678204669e+01
2.020319892859039967e+01
2.018953990194294335e+01
2.017192953062739136e+01
2.016809850883096900e+01
2.015350812447147533e+01
2.014224128351587595e+01
2.012648742479055031e+01
2.012338139667181025e+01
2.010528750321811486e+01
2.009198448630488443e+01
2.008210245829212326e+01
2.007295428969807460e+01
2.005634131097133022e+01
2.003581562775731228e+01
2.002222846780178145e+01
2.000706501064637877e+01
1.999312876161933872e+01
1.998613462418867925e+01
1.997147038604920510e+01
1.996388375611656585e+01
1.994700077733094901e+01
1.992930325233555777e+01
1.991218264960047080e+01
1.990109112474176101e+01
1.988059711585638212e+01
1.986610147603245480e+01
1.985154747577863077e+01
1.984301124703140573e+01
1.982942052517577380e+01
1.981742566816522455e+01
1.980076080923990745e+01
1.979113430542875562e+01
1.977918837378619799e+01
1.976950657019993685e+01
1.975619103424211787e+01
1.976010465024270957e+01
1.974538171069913872e+01
1.972875219815465897e+01
1.972693155507736407e+01
1.970938661848274620e+01
1.969728308276310003e+01
1.967940208118116985e+01
1.966677831387580255e+01
1.965145216299747233e+01
1.965186215085055110e+01
1.964397360126230652e+01
1.964421698008631623e+01
1.963631779244843756e+01
1.962358546638063572e+01
1.960816075566995309e+01
1.960411705351210188e+01
1.960038651933802001e+01
1.958983884866512071e+01
1.957509036311414974e+01
1.956556193559104528e+01
1.955314845762268305e+01
1.953642455745401563e+01
1.952291103706944142e+01
1.951497602106211815e+01
1.950211627882011101e+01
1.948726514194546056e+01
1.947379526516623827e+01
1.946411319341187252e+01
1.945079045546835772e+01
1.943507977925782271e+01
1.942946817093518774e+01
1.941947635986566212e+01
1.940050497375266048e+01
1.938319332211506207e+01
1.937010095047039471e+01
1.936088192197599156e+01
1.934319121890040449e+01
1.932548143904947935e+01
1.931010932188381091e+01
1.930832325215092382e+01
1.929945572492861317e+01
1.928554144408130711e+01
1.928442985495808415e+01
1.926860222526517319e+01
1.926749313246818573e+01
1.926388126504486920e+01
1.924878396248605483e+01
1.924201233241163678e+01
1.922909160081400870e+01
1.921511904877258203e+01
1.920125351173306072e+01
1.919970624274649751e+01
1.918749751142514270e+01
1.917046598556188997e+01
1.916150904094955720e+01
1.915595283377399483e+01
1.915103398874295237e+01
1.914679569155367744e+01
1.914621794910505059e+01
1.913097192917615175e+01
1.911551896241274662e+01
1.910922474282959627e+01
1.909304842953260462e+01
1.907867029569352013e+01
1.906331193160207249e+01
1.906220416506224069e+01
1.904834183640409506e+01
1.903223128513102935e+01
1.901751387326737586e+01
1.900285785086781232e+01
1.899397921537496003e+01
1.897763150869698023e+01
1.896073225041112309e+01
1.894797512908703041e+01
1.893452534756746886e+01
1.892398262435574452e+01
1.891047693994953249e+01
1.889723177657749886e+01
1.888374350549361580e+01
1.886922268788516632e+01
1.885492126495628895e+01
1.884525680855311336e+01
1.883555615379166071e+01
1.882342663590344856e+01
1.881077849129039592e+01
1.879633322382451155e+01
1.878061403692630194e+01
1.876295210170284378e+01
1.875126323393858030e+01
1.873524909367463209e+01
1.872002090366737903e+01
1.870525345417023644e+01
1.868984035392174192e+01
1.868922059091485366e+01
1.867505321482752478e+01
1.866554831300457096e+01
1.865926299524794629e+01
1.865701025734416874e+01
1.864549284184686329e+01
1.863606531836729019e+01
1.862885621703687988e+01
1.862270995818158070e+01
1.862026652655812597e+01
1.861086640250945123e+01
1.859371690932647425e+01
1.858354421306671611e+01
1.856931442938049415e+01
1.855613310868447385e+01
1.854308597514260271e+01
1.853074789547831358e+01
1.852942222766878544e+01
1.851794040929796736e+01
1.850434709398222211e+01
1.849283800643340925e+01
1.847917232964674383e+01
1.846633804931586198e+01
1.845162188776212631e+01
1.844064191383469975e+01
1.842505639516914329e+01
1.841273606825008713e+01
1.839823845414837322e+01
1.839142833280509848e+01
1.839449180749029722e+01
1.838149015648256679e+01
1.836928058111436002e+01
1.835816172665315094e+01
1.834382831609007880e+01
1.833138770928004035e+01
1.832002242929939584e+01
1.831058480601789640e+01
1.829562992964100587e+01
1.828187903317552454e+01
1.827991966667278589e+01
1.826573816871543343e+01
1.825836199589755537e+01
1.824407149910489423e+01
1.823107427742918318e+01
1.821691253332367921e+01
1.820662611306275025e+01
1.819372841887130576e+01
1.818900015557969496e+01
1.817941026922549952e+01
1.816675601144223862e+01
1.816595585518212275e+01
1.815381476075137002e+01
1.814044398038521777e+01
1.812884929523626099e+01
1.811838268556018861e+01
1.810439561790937901e+01
1.809440484302644947e+01
1.808125998679897606e+01
1.807622357103424804e+01
1.806158347666539044e+01
1.805355281586696137e+01
1.804265512783200975e+01
1.803058900761948635e+01
1.802988119692899716e+01
1.801915830475559943e+01
1.800718221400288144e+01
1.799333308264489517e+01
1.797992956976901979e+01
1.796904563391212051e+01
1.795413439945973977e+01
1.793915110480542907e+01
1.793025497974862859e+01
1.792093286989053169e+01
1.790605317574272703e+01
1.789287921360520528e+01
1.787870143429248415e+01
1.786501118405119115e+01
1.785204051051792362e+01
1.785907959164148906e+01
1.784699232696598514e+01
1.783206565631095941e+01
1.782139207932118907e+01
1.781615318354070610e+01
1.780481427466695266e+01
1.779517080020891129e+01
1.778405926607206311e+01
1.777223996573310671e+01
1.776385758598458864e+01
1.775521721493814198e+01
1.774379710048315673e+01
1.773278914986084942e+01
1.772115448916235891e+01
1.771349583593111632e+01
1.770107316940807962e+01
1.768732232701373519e+01
1.767308315579191458e+01
1.766363204853488256e+01
1.765090549417216437e+01
1.764007161238550125e+01
1.763028474380006827e+01
1.761723478458515402e+01
1.760583635872568564e+01
1.759356212663429631e+01
1.758354455816570194e+01
1.756959559679824068e+01
1.757029245507787607e+01
1.755763312201684201e+01
1.755226243900555616e+01
1.755327827042295041e+01
1.754199227329402788e+01
1.753343540106291343e+01
1.752185081825701829e+01
1.751250083109235689e+01
1.750302722117137577e+01
1.749018108401884675e+01
1.748889448266248436e+01
1.748047307507397363e+01
1.746864472090427611e+01
1.745962892889502882e+01
1.745260441689260844e+01
1.744676418278123364e+01
1.743487919448676493e+01
1.742488741577684763e+01
1.741981816830610441e+01
1.740713075465292548e+01
1.739999900520216869e+01
1.738998351343413162e+01
1.737693997615547659e+01
1.736435117731472744e+01
1.735319400319638561e+01
1.734336255801702364e+01
1.733143816628131262e+01
1.731880659282983004e+01
1.732045060538274583e+01
1.730617567847470184e+01
1.729767886422317957e+01
1.729137946682021010e+01
1.728088948787315715e+01
1.727438673838005556e+01
1.726134777764449169e+01
1.725205966785838285e+01
1.725175514353803408e+01
1.724159460704829172e+01
1.723359916358130661e+01
1.722350822525248404e+01
1.721922913060936366e+01
1.720869810266862743e+01
1.720054351507031498e+01
1.719086558796415787e+01
1.718046942389334575e+01
1.716863271940883706e+01
1.715955055511328098e+01
1.714681635213792177e+01
1.713576985401872577e+01
1.712383701348927900e+01
1.711485127083242475e+01
1.710405531213229580e+01
1.709351209583146769e+01
1.708135206414072371e+01
1.706985630801131393e+01
1.705973456007739486e+01
1.704782273932257297e+01
1.703714873194965662e+01
1.703578028921911880e+01
1.702666486776799104e+01
1.701452135426255552e+01
1.700429760039215310e+01
1.699402792121507488e+01
1.698893930633666827e+01
1.697553886653886224e+01
1.696308819910190735e+01
1.695046508269545171e+01
1.693800096463082738e+01
1.692477937274056998e+01
1.692014593680807977e+01
1.690866323071231392e+01
1.689775975017222009e+01
1.689468358000717529e+01
1.688194529641608099e+01
1.687583688684698657e+01
1.686422982458073250e+01
1.685245707041544350e+01
1.684315501416074312e+01
1.683209110633169558e+01
1.681957185694844270e+01
1.680859074521535135e+01
1.679641320591935383e+01
1.679660569094957623e+01
1.678712510269260250e+01
1.677542446523807484e+01
1.677205742589161019e+01
1.676346574379161325e+01
1.675173696521771305e+01
1.674006487199028825e+01
1.672800433923414332e+01
1.671829593526351587e+01
1.670859421149471302e+01
1.669673432601959462e+01
1.668909662532376714e+01
1.667760549730646957e+01
1.666740267545891996e+01
1.665612525925465093e+01
1.664852355261033168e+01
1.664016033767957481e+01
1.662982624960523736e+01
1.662798531489276499e+01
1.661820902163158920e+01
1.660586456577843251e+01
1.659591167344882834e+01
1.658579560123192564e+01
1.658324882876685891e+01
1.657304307010411648e+01
1.656247685421053006e+01
1.655878660367529420e+01
1.655761057995628249e+01
1.654914552157011443e+01
1.654062108540081155e+01
1.652942664415245488e+01
1.651943408368297028e+01
1.651239176702599210e+01
1.650530706235853629e+01
