1.443315890982355576e+01
1.792902758761188764e+01
1.837645618991564334e+01
1.755623175707896166e+01
1.740780269988814766e+01
1.708471599437121213e+01
1.702956324030054702e+01
1.688390010907065530e+01
1.667420424602403273e+01
1.648721025289994913e+01
1.629434495456429133e+01
1.620362540926767991e+01
1.607548217248384859e+01
1.583121627089442107e+01
1.564391132619066660e+01
1.552846532979006433e+01
1.550609854531288079e+01
1.535306207641133192e+01
1.526215690249030033e+01
1.517954239504707914e+01
1.510716882171909603e+01
1.500829634596779805e+01
1.493389678003643262e+01
1.483797426997087321e+01
1.479314455552105123e+01
1.468433791207124450e+01
1.464361877820525670e+01
1.460009329755028951e+01
1.452670390058661454e+01
1.442429690469691650e+01
1.437269012427470827e+01
1.432927410498944276e+01
1.424752456714571558e+01
1.418458183044038279e+01
1.412288743726800710e+01
1.408913896437854696e+01
1.405511494432126618e+01
1.401158201164989414e+01
1.394784804090774522e+01
1.385683090147166396e+01
1.382553009054004534e+01
1.374657416974794089e+01
1.370305164427852596e+01
1.363487577905140391e+01
1.355226666098244159e+01
1.351173933703741703e+01
1.344655522178560325e+01
1.339068826533822865e+01
1.335003873506164496e+01
1.337312983469295347e+01
1.330501749752879270e+01
1.329286953138869976e+01
1.323588977395325017e+01
1.320283427512093333e+01
1.311499632720946629e+01
1.308734012169134076e+01
1.304078106645806656e+01
1.301829133585796683e+01
1.296779011097526357e+01
1.290444073341729236e+01
1.288087910850383899e+01
1.285376867539808643e+01
1.281734123572545592e+01
1.278640204289069793e+01
1.275845857786712756e+01
1.274744066251548169e+01
1.274009835894881171e+01
1.271079165640265529e+01
1.265402679007389075e+01
1.264904070895393495e+01
1.260258374864873510e+01
1.259072623795942825e+01
1.258190563172269805e+01
1.256162349565375536e+01
1.252813838176137828e+01
1.247900051112658915e+01
1.243874001443995958e+01
1.242876473914329516e+01
1.241527814076733627e+01
1.236417326905341163e+01
1.234301996475280738e+01
1.234605449785665954e+01
1.232379868340061968e+01
1.231850736724595841e+01
1.232186297366682659e+01
1.230245284726900046e+01
1.231297510057297373e+01
1.228457504120610011e+01
1.225359911440671112e+01
1.223627133236268705e+01
1.220739368102021416e+01
1.216777185908856929e+01
1.212797160418451092e+01
1.207748060758219566e+01
1.205635599566360128e+01
1.201181856037752915e+01
1.200338523472231600e+01
1.195864828029331228e+01
1.193821166220733332e+01
1.188784065040214344e+01
1.185913530690457307e+01
1.183704521411726773e+01
1.180203624883635349e+01
1.178579036103839961e+01
1.176392782571799778e+01
1.175148472443550673e+01
1.172600083777921220e+01
1.171057418777099812e+01
1.169283075977456043e+01
1.166155945851481412e+01
1.165050301434194324e+01
1.161930370124282597e+01
1.158674747351999024e+01
1.156617241219496961e+01
1.152578422909778411e+01
1.148604979853789665e+01
1.145040104038710460e+01
1.142406190269860566e+01
1.138298575105711130e+01
1.136593266513803080e+01
1.133362420196722375e+01
1.130833391259793608e+01
1.128878546598915378e+01
1.127563436065836733e+01
1.125940582139043222e+01
1.122778361499146627e+01
1.121899530338735573e+01
1.118251299884335026e+01
1.115276609507118799e+01
1.112951456050000409e+01
1.110193472645735469e+01
1.108053214567250500e+01
1.107175663802206245e+01
1.105548006077301082e+01
1.105419477477332535e+01
1.105938921078059067e+01
1.104331728885126829e+01
1.101173200203829339e+01
1.099276343971076919e+01
1.097561844150141397e+01
1.095227588619122727e+01
1.092339454891485317e+01
1.091563676471528055e+01
1.091104061194731045e+01
1.090368859167178783e+01
1.089749710110666747e+01
1.086825986964280411e+01
1.086125107671815648e+01
1.083694740255058342e+01
1.081361032857962634e+01
1.079500775065350027e+01
1.077803336725723327e+01
1.074710473932045574e+01
1.072007416429397431e+01
1.068900275722727145e+01
1.065868009428700347e+01
1.064818556734630839e+01
1.061528894876793494e+01
1.061147524572809786e+01
1.060551180060839371e+01
1.057222600496763576e+01
1.055850300204531855e+01
1.053345075898180738e+01
1.051178082943334680e+01
1.051258647487435915e+01
1.049317109973300433e+01
1.046936967077439462e+01
1.045293472178904892e+01
1.044268630786477203e+01
1.041289755158450880e+01
1.041601864520656129e+01
1.039724189438376456e+01
1.039019167636149810e+01
1.038064981507767470e+01
1.036740769620553948e+01
1.035021450018250100e+01
1.034732471362472239e+01
1.032091272343778954e+01
1.029653098442937775e+01
1.026848676761006018e+01
1.026633842151497156e+01
1.024468199216369513e+01
1.022143475263191803e+01
1.019079822270043678e+01
1.017551514292093273e+01
1.015988577579565444e+01
1.014659082027367631e+01
1.012246768459833923e+01
1.009346105830084994e+01
1.009034324863043075e+01
1.007118240685383270e+01
1.005941501122280002e+01
1.003583419159811640e+01
1.000898601810915522e+01
1.001215609389558914e+01
1.000694883854722583e+01
9.995393791688785612e+00
9.977040462720999869e+00
9.957013181691518611e+00
9.935642888432195008e+00
9.921147404585317631e+00
9.902769780608242201e+00
9.889554119857393744e+00
9.861479735921029999e+00
9.850702345015251993e+00
9.841275179236843584e+00
9.820768230462570969e+00
9.805638958078009892e+00
9.782313758535901016e+00
9.758165795528405795e+00
9.745134193423943714e+00
9.724868004458020465e+00
9.718730959750322640e+00
9.693862116815033403e+00
9.671289896013727017e+00
9.658603810939384360e+00
9.643241501182613362e+00
9.626614753058797547e+00
9.605740186215065535e+00
9.589077244076694484e+00
9.570357715810621002e+00
9.548925949426473991e+00
9.534834174234385173e+00
9.526474462774723762e+00
9.523321073071059573e+00
9.512725899342566294e+00
9.492477989658652859e+00
9.510983995272901836e+00
9.491315958120205565e+00
9.484084357039780144e+00
9.472440637332404378e+00
9.461267622644506048e+00
9.446421772380256598e+00
9.428125707765225627e+00
9.423878781803180615e+00
9.409475681255001334e+00
9.400163238352060802e+00
9.390600667728488560e+00
9.376247889718738904e+00
9.359544755163430096e+00
9.346222088040766707e+00
9.328318776016354619e+00
9.317858725242810891e+00
9.307161772314858084e+00
9.291136426570970386e+00
9.279856248558026266e+00
9.267121239793452148e+00
9.256027570692598516e+00
9.237025080221611617e+00
9.226134849597970700e+00
9.221766138170098159e+00
9.202628439576127306e+00
9.200825016866447825e+00
9.184916924044781439e+00
9.169470289263953688e+00
9.166864761366918302e+00
9.157333242926393169e+00
9.148585770558328889e+00
9.137884368381216760e+00
9.136677152769149046e+00
9.121163665874139070e+00
9.108945578554452638e+00
9.094928112210160620e+00
9.075336804546065395e+00
9.065813144828322123e+00
9.049174885073414387e+00
9.034034034032606186e+00
9.016477322285362916e+00
9.001997393764760602e+00
8.998522767217963292e+00
8.983318234774007038e+00
8.975266672827986625e+00
8.971770561666879473e+00
8.966524131660287722e+00
8.948936605731732996e+00
8.942672489341269682e+00
8.927943341259226173e+00
8.915187648334214288e+00
8.899382800773294022e+00
8.890784630137858358e+00
8.892682162403252377e+00
8.881041200449498518e+00
8.867067074746820765e+00
8.857935107078715120e+00
8.845849235670000255e+00
8.829247734594508401e+00
8.810119546941283630e+00
8.811522912501470017e+00
8.815259885461690814e+00
8.811056954875382985e+00
8.802539428416434220e+00
8.802120417200697489e+00
8.783915462530075047e+00
8.771963281708035964e+00
8.758674301362356474e+00
8.746393420656335849e+00
8.738203074973240447e+00
8.733435127749507032e+00
8.717198001246311279e+00
8.703573785341511382e+00
8.688784069571875435e+00
8.679092693600022557e+00
8.664410605343974225e+00
8.651003312578717797e+00
8.636181581460387946e+00
8.620731166183642102e+00
8.607383201832483621e+00
8.597052788171078319e+00
8.587306687957585893e+00
8.585857148671351524e+00
8.572990917148558765e+00
8.559552669066057717e+00
8.548303998509394930e+00
8.535227452210568444e+00
8.522222596235648595e+00
8.506400415078637423e+00
8.497096165602279427e+00
8.492182446076203206e+00
8.483577032047277200e+00
8.469861458070210958e+00
8.455752221974748295e+00
8.442591087176094078e+00
8.433424125683719907e+00
8.423993750724719121e+00
8.410730493943644248e+00
8.397528022858343988e+00
8.398483875041621971e+00
8.385765786948759626e+00
8.375095813998129302e+00
8.373870865602308200e+00
8.365772170674627972e+00
8.354386987641369444e+00
8.350798269136358698e+00
8.336687192987669803e+00
8.323433665752087762e+00
8.313210338011511880e+00
8.304816004989728384e+00
8.293094852921578664e+00
8.279853563282175699e+00
8.266898230315943508e+00
8.255920511154986485e+00
8.245618741076944147e+00
8.231403819810877209e+00
8.228445944301853388e+00
8.221401166091501622e+00
8.207948885652152526e+00
8.199181419798183157e+00
8.188007325460713304e+00
8.176400462459522345e+00
8.165066531974375152e+00
8.158708817058879958e+00
8.147220735390909852e+00
8.140978877727361507e+00
8.131642127453412527e+00
8.120526601098442043e+00
8.108285314824078327e+00
8.108630866967523332e+00
8.097083923667669936e+00
8.089572499274222395e+00
8.081468033402940065e+00
8.068687129186731255e+00
8.059502262988139876e+00
8.049950610894869740e+00
8.039298061960231223e+00
8.028528897040587253e+00
8.019455836796426595e+00
8.020153904457256289e+00
8.009194207543993471e+00
7.996801459906984100e+00
7.983732816671432531e+00
7.978356327147976934e+00
7.965289364562639030e+00
7.955812969790975409e+00
7.955818605167089608e+00
7.947807873042644466e+00
7.936787541546491020e+00
7.934518548460319565e+00
7.929517179573071672e+00
7.918802188091328631e+00
7.905832316406900873e+00
7.894692314383251031e+00
7.884335073342182199e+00
7.875252251886713850e+00
7.866430850588668200e+00
7.851485944385581561e+00
7.846756493003009147e+00
7.837635796404260446e+00
7.830836802952920728e+00
7.826702364102486875e+00
7.817293821291602107e+00
7.812248718591472851e+00
7.800798494202679123e+00
7.791617793558526905e+00
7.786023507700078561e+00
7.783696504920943227e+00
7.777706880749434504e+00
7.773651508692199563e+00
7.766557350941709181e+00
7.762513283850998924e+00
7.752068903771629493e+00
7.739656020364379607e+00
7.730876166251824166e+00
7.728476875980122784e+00
7.722468414329722641e+00
7.713550492846462880e+00
7.701966738503847054e+00
7.694948336041247394e+00
7.691639195793717576e+00
7.687395858725654563e+00
7.679035890256832531e+00
7.669295222472964468e+00
7.659100156076672050e+00
7.648084937829913166e+00
7.649675204996835731e+00
7.644623496895201598e+00
7.640846356976062737e+00
7.635345378839772046e+00
7.625889151717657910e+00
7.622262482097229785e+00
7.612828677820946410e+00
7.604127380549507542e+00
7.598025291194766773e+00
7.588646559940751324e+00
7.582593934927502666e+00
7.574800372046325059e+00
7.568354455145618331e+00
7.559409857250528830e+00
7.550229707614550811e+00
7.544530537576409124e+00
7.535743132859376026e+00
7.531034245944581151e+00
7.520965829250327417e+00
7.514649086995803806e+00
7.515685266712632817e+00
7.507165298583748481e+00
7.505345430202386758e+00
7.496171467422140466e+00
7.490574586258133216e+00
7.489933448187047205e+00
7.483967606639895465e+00
7.475403651961575413e+00
7.472979145847726379e+00
7.465251310222536851e+00
7.456702369322529833e+00
7.449200337957711859e+00
7.441561743896786929e+00
7.433893219568570743e+00
7.423422646232548772e+00
7.417263447093063178e+00
7.407583317520901822e+00
7.399967214640351010e+00
7.390325152529676700e+00
7.382326516133192129e+00
7.378380674660672156e+00
7.377619143572636595e+00
7.370533109804985550e+00
7.366074521133506359e+00
7.358976434646852915e+00
7.351265572400130566e+00
7.343666823816913158e+00
7.334315679660028842e+00
7.323942950253137241e+00
7.323603942221007301e+00
7.318856800885535030e+00
7.315090867017866927e+00
7.314563501561428538e+00
7.310345834623004357e+00
7.300794719412092348e+00
7.290645663491468476e+00
7.286475153225181245e+00
7.281537363032922983e+00
7.271557479830847548e+00
7.263406538608029095e+00
7.254178063371400143e+00
7.244986056361642390e+00
7.238924205166902937e+00
7.234617718764073224e+00
7.225954624529845383e+00
7.215951611773386176e+00
7.218638245732778458e+00
7.214300880969594765e+00
7.206181207069871419e+00
7.196986370819481671e+00
7.199225522841778968e+00
7.196478396574709890e+00
7.190958483591753492e+00
7.190385614246383561e+00
7.186317972341881521e+00
7.184920475317784216e+00
7.177871703600772868e+00
7.169745771874477924e+00
7.161758685271384373e+00
7.156562977167523876e+00
7.150572902905969919e+00
7.149254223223837634e+00
7.141119449295064037e+00
7.132740236985126714e+00
7.124893219470244787e+00
7.117230256764709218e+00
7.109199058737883270e+00
7.100509602744351945e+00
7.097964295094469911e+00
7.089384214955758878e+00
7.082960066859748771e+00
7.075873664520480943e+00
7.067721796277040447e+00
7.059915252890958115e+00
7.050939130513569353e+00
7.047561572869345703e+00
7.040222680183047643e+00
7.033037331282611326e+00
7.024939565988388424e+00
7.017663993706118042e+00
7.011028522672305030e+00
7.003300706546586873e+00
6.997718194224879618e+00
6.989557660355826485e+00
6.982934543748544165e+00
6.976816485481387886e+00
6.967742542460273469e+00
6.959531781465232214e+00
6.954880674333701052e+00
6.946653787086320975e+00
6.938002709394490708e+00
6.936136945385347197e+00
6.928957211596577181e+00
6.924166275708502738e+00
6.924673204524983916e+00
6.917101258260007768e+00
6.909276643869288748e+00
6.902439812074117498e+00
6.904721061010442362e+00
6.899198160813805991e+00
6.892740605927063946e+00
6.889105073670577006e+00
6.881571774250091700e+00
6.874116736700049302e+00
6.866974493787483702e+00
6.862007388020460397e+00
6.855418331341705418e+00
6.848008913361751659e+00
6.841138558047256346e+00
6.835921819630968344e+00
6.835579715151017588e+00
6.830240738103451115e+00
6.822656912195457224e+00
6.815705035156766733e+00
6.808134583691363595e+00
6.801433940839555881e+00
6.800494977689222509e+00
6.795950046199556560e+00
6.789640096212889553e+00
6.784000045832160097e+00
6.777261027472747834e+00
6.771583022145823527e+00
6.766613980531639427e+00
6.758440854449801805e+00
6.750825318013302656e+00
6.743456662653576572e+00
6.737569421023498428e+00
6.729942580485755776e+00
6.729194098235314669e+00
6.721799168824021287e+00
6.715358514015544067e+00
6.713871878712528662e+00
6.708924460269245493e+00
6.702863933507763328e+00
6.699759454880703125e+00
6.693613325154873728e+00
6.688971343196344677e+00
6.682323096452210898e+00
6.682966173111104524e+00
6.676777006868028330e+00
6.672674563974393180e+00
6.672722426342470925e+00
6.668418142871999521e+00
6.661533624493199746e+00
6.654182534838814611e+00
6.648795707325550808e+00
6.642079189639821912e+00
6.637323813857062937e+00
6.629561993167733647e+00
6.623731781894957926e+00
6.625988107325456511e+00
6.620446201618183757e+00
6.614606342332510103e+00
6.610035465517696274e+00
6.604111081109452108e+00
6.597555764823051838e+00
6.594723421636386362e+00
6.589153096710981927e+00
6.582852153740705425e+00
6.578989030694965656e+00
6.572162088492135013e+00
6.564884773858562284e+00
6.557590926117698338e+00
6.551909989826897096e+00
6.545251678723934319e+00
6.540476259130811876e+00
6.537024105182359435e+00
6.533502886863586490e+00
6.530005816453869905e+00
6.522614549892893798e+00
6.517808958991486712e+00
6.512656218034949873e+00
6.509812061489995472e+00
6.504676757957535749e+00
6.498221212650147294e+00
6.491381623888843322e+00
6.484669039280604785e+00
6.477380773506338230e+00
6.475094425182132518e+00
6.472443438826499751e+00
6.465930139581127278e+00
6.459662189267665333e+00
6.452832007120069768e+00
6.448921720253306233e+00
6.442617326753484974e+00
6.436544596472721480e+00
6.431332893162300834e+00
6.426506850109522162e+00
6.420289165819423438e+00
6.419459349692105299e+00
6.413683991171834187e+00
6.407321797827681742e+00
6.400083374738348319e+00
6.393780746711985152e+00
6.387576099763629500e+00
6.381124957376417051e+00
6.375748176438152726e+00
6.370308467338094971e+00
6.367825879601609174e+00
6.369523819986682156e+00
6.363005200489847191e+00
6.359927994728514555e+00
6.355703252873700748e+00
6.352682502553649968e+00
6.351168835300030402e+00
6.348027480823861701e+00
6.343586606281112594e+00
6.338841862962894425e+00
6.334331583043810276e+00
6.329184238189229816e+00
6.325290031484462894e+00
6.320183895367871507e+00
6.315540967107159176e+00
6.311012008903864157e+00
6.304988775980156390e+00
6.298554096439058725e+00
6.292850675026925522e+00
6.287069275916458366e+00
6.281400937029931519e+00
6.276271868206262816e+00
6.271066074370884813e+00
6.265337176797429741e+00
6.260563771147917400e+00
6.255467408453688982e+00
6.250722275120713434e+00
6.245636528823017564e+00
6.240509008257586032e+00
6.235207184046858586e+00
6.229569284051580169e+00
6.224659674194494841e+00
6.220128613757671232e+00
6.214408417573310750e+00
6.213400822926700151e+00
6.209082916202602220e+00
6.203301730385752499e+00
6.199542981874472503e+00
6.195070565026696841e+00
6.189243994922265735e+00
6.183366522105528951e+00
6.179668308572046520e+00
6.178611403408028835e+00
6.174597571217319114e+00
6.169978205081237732e+00
6.164600287533887446e+00
6.160189948971796170e+00
6.154870568890992821e+00
6.149936929053014367e+00
6.146223040946899197e+00
6.140681613085007484e+00
6.135074944690291687e+00
6.131853603440636569e+00
6.129240117497531060e+00
6.124945692873098757e+00
6.119577159282931333e+00
6.116882836359201825e+00
6.113346452250072005e+00
6.110910699931703327e+00
6.106542045999698409e+00
6.103426643030259058e+00
6.098170687075088026e+00
6.097612884107235232e+00
6.092954046056996198e+00
6.090911575761770891e+00
6.086083635822708615e+00
6.081457676308973603e+00
6.081275770735380171e+00
6.076229847532868433e+00
