4.718099522817388092e+00
5.132900377395221092e+00
4.950263931302479214e+00
5.029085471968587129e+00
4.914787271098474797e+00
4.751698834861460163e+00
4.663713642271477333e+00
4.628716476410178693e+00
4.534918415093440736e+00
4.561153875777709032e+00
4.552306195119640186e+00
4.468172595329052754e+00
4.424875298300158910e+00
4.445925722390621893e+00
4.435266458063725992e+00
4.390408413926965459e+00
4.333365643348503937e+00
4.285871578277278715e+00
4.217466551960945331e+00
4.165598518776589820e+00
4.126683601201811769e+00
4.124334724074887326e+00
4.118084038917011469e+00
4.112037115843854451e+00
4.092544604395477847e+00
4.064448962974410051e+00
4.049984062143021646e+00
4.035015309718931853e+00
4.049257858309935010e+00
4.024141222671779872e+00
3.976550610729300939e+00
3.961996735008729065e+00
3.969583305770577386e+00
3.948357552338001675e+00
3.933250174450010572e+00
3.926335876141746173e+00
3.927576548891495101e+00
3.913755057255641212e+00
3.899608599717772073e+00
3.884725191024387847e+00
3.894327147419628155e+00
3.866850833112101871e+00
3.865509612751736324e+00
3.837823888639086523e+00
3.812164908136577157e+00
3.793490656463743615e+00
3.755202658854650544e+00
3.745510356722019374e+00
3.741251715239853670e+00
3.727614046691358762e+00
3.714086518207016407e+00
3.717048696760572479e+00
3.701961874369794625e+00
3.679448374075096062e+00
3.654672734976247561e+00
3.631676586442271315e+00
3.627234417789390264e+00
3.614676670172249473e+00
3.590534648884865287e+00
3.583177053645157262e+00
3.575119608654391712e+00
3.574060562764732829e+00
3.574323090617579357e+00
3.563651444550075986e+00
3.553807221476348754e+00
3.534163328966032580e+00
3.510826648669547190e+00
3.507316935793019397e+00
3.490826850298622386e+00
3.497655726765724893e+00
3.483801170780799872e+00
3.476215101213546266e+00
3.464332073053012273e+00
3.457605686194137551e+00
3.432700482703089140e+00
3.413434105732375823e+00
3.402994518836588878e+00
3.382290809779088914e+00
3.378692862736417890e+00
3.357474164782775716e+00
3.337497034482520775e+00
3.317275063535918278e+00
3.314751289742778440e+00
3.322601092780586018e+00
3.309655712462459487e+00
3.302998894879615399e+00
3.290222967777794771e+00
3.296703957824498765e+00
3.290142141598273451e+00
3.270961787107639296e+00
3.259957899676200199e+00
3.243594805621827337e+00
3.233725234643465729e+00
3.213039149408604800e+00
3.201442505081436796e+00
3.191984129629148015e+00
3.192102055570838370e+00
3.193610536624289509e+00
3.183001437759519270e+00
3.165286063808389283e+00
3.161925859268319705e+00
3.148174177797991025e+00
3.142232670062852673e+00
3.128969181425297119e+00
3.121584621762662604e+00
3.117252374968730422e+00
3.108924691209767666e+00
3.091852631632030057e+00
3.087902979454433705e+00
3.080252485051471645e+00
3.071161579676226161e+00
3.061946399235905059e+00
3.053442813020606383e+00
3.046776506789405037e+00
3.045584281124507520e+00
3.035319771441592263e+00
3.021151532797814010e+00
3.010897481518037377e+00
3.001771467299887419e+00
3.001273228514866442e+00
3.003459269682065003e+00
2.996609751060323124e+00
2.995597886351314187e+00
2.983597236025641308e+00
2.975003570111991458e+00
2.971460611853797840e+00
2.961732478901591747e+00
2.961474067825736523e+00
2.953437402343309426e+00
2.940751608518878957e+00
2.931193877569826078e+00
2.919939286711607185e+00
2.909393875249555617e+00
2.902110932550379552e+00
2.889180481577621418e+00
2.882496953214011892e+00
2.868053231096006517e+00
2.860218435411570503e+00
2.854184229173247545e+00
2.844630007470586364e+00
2.838479488147580110e+00
2.835799614453763606e+00
2.833720843559921931e+00
2.827458428410497326e+00
2.818716869323015128e+00
2.814148522204983571e+00
2.807790615571069903e+00
2.804544129022006338e+00
2.801551429171634577e+00
2.793250152978577816e+00
2.783776541804164228e+00
2.777869580962997187e+00
2.768903466782470790e+00
2.759287777256353102e+00
2.748338661937859140e+00
2.739531471963820408e+00
2.731374575902992152e+00
2.721337138493612251e+00
2.713086662050764541e+00
2.707245188976583172e+00
2.696381513155345022e+00
2.689469491708555537e+00
2.685893915095947104e+00
2.681363994225665071e+00
2.670791430417494450e+00
2.661299245054461249e+00
2.651905051797856405e+00
2.640676025580604325e+00
2.647646681871182572e+00
2.638785851292041684e+00
2.633350691407118749e+00
2.630092147910290112e+00
2.625441817210814488e+00
2.620186931232954652e+00
2.612961882038947081e+00
2.613453170217611810e+00
2.615872497879671243e+00
2.612773338527477396e+00
2.605345710051952590e+00
2.597735120823932764e+00
2.589863695063913340e+00
2.582288970043497223e+00
2.578437701295471562e+00
2.569993626433897393e+00
2.564212387138542493e+00
2.560387911146284168e+00
2.555479315652903427e+00
2.555284502624662668e+00
2.551532008790833306e+00
2.545450551649333093e+00
2.537478175629682031e+00
2.528995821119677689e+00
2.524784576696698757e+00
2.515843528662818240e+00
2.509342371519221793e+00
2.503229458101992044e+00
2.495422035621048362e+00
2.490910702556731859e+00
2.483129219741393001e+00
2.475915860826229054e+00
2.469339087958394519e+00
2.472059597416678578e+00
2.463333598994256857e+00
2.461827092222837354e+00
2.455050430234575920e+00
2.453299105266868452e+00
2.447134656659980756e+00
2.442429942221446382e+00
2.437252775147001671e+00
2.433969276070757193e+00
2.429653482884657212e+00
2.424227820146660939e+00
2.417423988894736198e+00
2.416574458716712392e+00
2.413384656116195792e+00
2.411213133030606137e+00
2.403923302225310810e+00
2.399360120750585246e+00
2.393994014461236386e+00
2.390390126842100393e+00
2.384363184681540293e+00
2.377690206706069009e+00
2.372483815008946006e+00
2.366144164843231756e+00
2.363229306268718855e+00
2.356117415090681622e+00
2.350702393033761162e+00
2.344656728262543233e+00
2.338416370495196794e+00
2.337239194169369316e+00
2.335594976654432386e+00
2.330257622795551153e+00
2.323495156421693686e+00
2.318340010382077043e+00
2.314677535884475557e+00
2.308699065040544340e+00
2.307015064406864990e+00
2.305428688662547465e+00
2.299845263886689750e+00
2.296940727479563904e+00
2.291082219215066829e+00
2.286636172343750495e+00
2.279379143592382473e+00
2.272679621224677593e+00
2.267639415514098200e+00
2.261642078205967632e+00
2.264047611215270095e+00
2.259689460876220135e+00
2.254203307909875331e+00
2.253233484517985108e+00
2.248567165584095751e+00
2.243076835665362534e+00
2.238818273047228136e+00
2.232684697788196893e+00
2.226731118311878532e+00
2.221461214351442504e+00
2.216753712657837827e+00
2.211549815373237138e+00
2.205328734634905974e+00
2.200213318150125108e+00
2.194777778871252139e+00
2.192201381726885501e+00
2.190561160258895690e+00
2.186241497812036805e+00
2.183203203674047632e+00
2.179495053336075738e+00
2.175768110519123777e+00
2.171993811286125009e+00
2.166513137248214260e+00
2.161454408572245356e+00
2.159248395240925600e+00
2.155651660622384558e+00
2.154227112098100250e+00
2.150059086008057285e+00
2.147357353409268477e+00
2.145306240514720741e+00
2.140543734138897314e+00
2.134252095101881075e+00
2.132925409562212771e+00
2.127927555393333225e+00
2.125768778533779102e+00
2.124301345460778201e+00
2.119965864677793466e+00
2.115308234320159908e+00
2.111492972232263732e+00
2.105941349123233053e+00
2.108086577057679989e+00
2.106600699915401886e+00
2.104093786632310614e+00
2.098902603476938911e+00
2.095836765397168122e+00
2.092983915424266872e+00
2.089383426317423353e+00
2.085030314085566605e+00
2.083169743749795799e+00
2.078982320307714460e+00
2.075804193606891612e+00
2.073834724868106161e+00
2.075064159660561902e+00
2.071452557016081553e+00
2.067197092541694037e+00
2.063666553256028990e+00
2.059094557528531322e+00
2.053716467046720506e+00
2.048510407279907408e+00
2.044467915334146735e+00
2.039957336392941745e+00
2.037012997451532303e+00
2.032146464423083554e+00
2.030679592843647185e+00
2.026941048068743090e+00
2.023728204316200596e+00
2.019132715967711711e+00
2.014143834114148213e+00
2.011313413461933486e+00
2.007861412461762196e+00
2.003052935793650402e+00
1.999850913631963323e+00
1.995068628224988982e+00
1.990923931853242568e+00
1.986740926264346063e+00
1.982018064397691903e+00
1.977291119463395974e+00
1.974783814877481225e+00
1.969527757745861196e+00
1.964993856356882951e+00
1.964635832035233065e+00
1.961474913174023005e+00
1.957193296459248444e+00
1.953229461976481174e+00
1.949346445121723725e+00
1.945368200872589659e+00
1.940951323811805684e+00
1.937060870418864544e+00
1.934140856772378791e+00
1.929953828250533077e+00
1.925545229232989097e+00
1.921524587609718893e+00
1.920805937837366306e+00
1.916368720179272511e+00
1.914933955683041145e+00
1.912381644234862677e+00
1.909249861857771569e+00
1.906458184805709166e+00
1.902603099382359941e+00
1.898620940771272192e+00
1.895252013462636276e+00
1.894290808711151630e+00
1.893283799005900159e+00
1.890496390708186203e+00
1.886934887716278597e+00
1.883149705573083477e+00
1.879145106963660661e+00
1.875677871921703543e+00
1.871984995501726701e+00
1.869573674522243323e+00
1.867575266197256667e+00
1.864463015788621947e+00
1.861170311353742557e+00
1.857243683074519147e+00
1.854221062545475585e+00
1.850918027396764476e+00
1.847843804052175853e+00
1.850145280688839433e+00
1.846387965186038427e+00
1.842389806568599298e+00
1.839817516469319347e+00
1.837694623538766336e+00
1.835847601657651040e+00
1.832228867692887286e+00
1.830117624725235093e+00
1.826912682674844524e+00
1.824586879097816583e+00
1.820885006803182105e+00
1.817474555510743217e+00
1.814618612228156902e+00
1.810890177969305626e+00
1.807010781737923066e+00
1.805898700968796122e+00
1.805033056948610382e+00
1.801306805135765687e+00
1.797799628289840967e+00
1.794892355841154696e+00
1.791806151420607396e+00
1.789169841827961793e+00
1.786769403806262924e+00
1.783155858151187267e+00
1.780521469166448822e+00
1.778240205586019806e+00
1.775770349500870537e+00
1.774376642530917980e+00
1.772588887647492450e+00
1.769062110349512329e+00
1.765867828433759446e+00
1.762902898939510798e+00
1.759495584083616615e+00
1.756349174961550075e+00
1.753844064706340022e+00
1.750659904416793422e+00
1.750582468242410261e+00
1.753177301691375423e+00
1.750339839427477173e+00
1.746910939078651026e+00
1.746088483528141833e+00
1.744852098187682943e+00
1.742175752893728502e+00
1.741754451920831448e+00
1.741164954788648300e+00
1.740924986459175150e+00
1.738222023083099810e+00
1.735648526857076712e+00
1.733462130064568729e+00
1.730856669159750671e+00
1.728154329629024710e+00
1.725759051435236113e+00
1.725372991118166777e+00
1.725758268174175436e+00
1.724145812816051393e+00
1.721725684589702876e+00
1.719042914855523518e+00
1.716883913044183307e+00
1.714298877605952232e+00
1.711507189178825383e+00
1.708545558104666906e+00
1.706513185379741282e+00
1.704982051418148625e+00
1.702195732853428511e+00
1.699139621226399832e+00
1.696925172931399217e+00
1.693877729523866060e+00
1.691695934830373060e+00
1.689145887722699690e+00
1.686431889488900326e+00
1.684337910407528893e+00
1.685607990958363445e+00
1.682449493376751537e+00
1.680001422884747297e+00
1.677937100718443597e+00
1.677070759891227558e+00
1.674860770355206308e+00
1.671915747544757025e+00
1.669339098863474424e+00
1.667459840746188471e+00
1.665391642006936790e+00
1.663094828347890575e+00
1.660481067270611177e+00
1.657262127551722752e+00
1.654627633405502785e+00
1.652229778943492322e+00
1.654501448549478004e+00
1.651580130778006916e+00
1.649326211473874482e+00
1.646692780891092722e+00
1.644317058212201976e+00
1.642396183876158711e+00
1.639987830333786700e+00
1.637552910267803030e+00
1.638329754527771964e+00
1.636604970416634997e+00
1.634419095741850514e+00
1.632290009965347677e+00
1.630519207289937267e+00
1.627708490017003351e+00
1.625117001278841400e+00
1.622857246396480546e+00
1.621946636850145396e+00
1.619487279397422430e+00
1.617994079252156547e+00
1.615369384963014854e+00
1.613171139452198144e+00
1.612848180791204733e+00
1.610582552691357749e+00
1.607965266200586552e+00
1.605164321268669481e+00
1.602563793910976031e+00
1.600486229095767321e+00
1.597964468378031411e+00
1.595711350462650779e+00
1.593099884749341388e+00
1.591403036924996739e+00
1.589092568001996053e+00
1.587058427913904834e+00
1.585406629051641536e+00
1.582849104058167367e+00
1.581743975652969647e+00
1.579544754584595756e+00
1.578944916567720069e+00
1.578139968066556875e+00
1.576938453937556606e+00
1.574793547827511464e+00
1.572580201651969878e+00
1.570143327517087739e+00
1.567839741577042423e+00
1.565332572604625216e+00
1.562650693021424342e+00
1.560541746864559931e+00
1.558096122195451905e+00
1.555542780560173144e+00
1.553262804856827328e+00
1.550693546402513778e+00
1.548262942293838540e+00
1.545859620150267455e+00
1.545315813395397475e+00
1.542945622874853262e+00
1.541142766363230221e+00
1.538597638706947990e+00
1.536182541067645291e+00
1.534116038602750809e+00
1.532218735954179678e+00
1.531536817502908931e+00
1.529864547781420558e+00
1.528014498605564597e+00
1.526332988584804706e+00
1.525221288922680385e+00
1.523481119350367452e+00
1.521571098854497928e+00
1.519362927044315192e+00
1.517177233645958134e+00
1.514899758764224780e+00
1.512355982686027778e+00
1.514708565339816015e+00
1.515288804672139999e+00
1.513378207126064190e+00
1.511611359374130048e+00
1.510114821612850600e+00
1.508943944234637069e+00
1.506823287251593424e+00
1.505167232038969294e+00
1.503422373151928726e+00
1.502261372524843042e+00
1.501284332327418758e+00
1.499956058956890326e+00
1.499310266408834247e+00
1.497466581917953121e+00
1.495502607146454110e+00
1.493419039668794746e+00
1.492445959309993242e+00
1.490289103043298757e+00
1.488146632580710005e+00
1.486107701829928684e+00
1.484242151022535205e+00
1.482406340410423962e+00
1.481442526887422284e+00
1.479293066977616755e+00
1.477126939890315072e+00
1.474857812575478322e+00
1.473363226539084581e+00
1.471405113095593853e+00
1.469484322409159605e+00
1.470040797599103666e+00
1.468219121360676560e+00
1.467585176056686702e+00
1.465808098298847728e+00
1.464789048778114333e+00
1.463000068001438336e+00
1.461903326171650086e+00
1.460288234020493014e+00
1.458566136951976677e+00
1.458103955842409816e+00
1.456525099526466249e+00
1.454602025019622991e+00
1.453791868763193440e+00
1.453153289383416702e+00
1.452515175822226112e+00
1.450965635670604659e+00
1.448821150182954653e+00
1.446831832934204254e+00
1.445539390355118803e+00
1.443579110751751271e+00
1.442188021336173076e+00
1.440139057103858145e+00
1.438096871907321717e+00
1.436015745747019512e+00
1.436647214491955982e+00
1.434732338273852159e+00
1.432713880759612923e+00
1.430957691378727636e+00
1.429292802617828873e+00
1.427396312221015373e+00
1.425572314151649200e+00
1.424400774515075296e+00
1.423181019108951340e+00
1.423315992666070340e+00
1.421751783761901811e+00
1.421264166015839381e+00
1.419589737088805093e+00
1.419047138931917251e+00
1.417382698034272748e+00
1.416306773921417905e+00
1.414550699718790883e+00
1.412985907128763374e+00
1.411623998357713461e+00
1.409790398940540257e+00
1.408189560813728036e+00
1.406818651184073010e+00
1.405299550810988229e+00
1.403638976089363277e+00
1.401609909403067844e+00
1.400142873792095566e+00
1.398304960106220518e+00
1.399338490004240487e+00
1.397599498816645358e+00
1.396084176407831112e+00
1.395777890424064749e+00
1.394369275152717691e+00
1.392761051206012901e+00
1.390986429934910840e+00
1.389457862999546878e+00
1.387928092945300174e+00
1.386557692330321778e+00
1.385051816069976960e+00
1.383840045309866928e+00
1.382366521647556912e+00
1.380445860392691682e+00
1.379098564175639252e+00
1.377375168525213356e+00
1.375575648873149648e+00
1.373826519193757756e+00
1.372316553552015206e+00
1.370723277057884326e+00
1.369020951748673998e+00
1.368576990291646700e+00
1.367072975132137103e+00
1.365182832250127820e+00
1.363553473169661245e+00
1.361838274759970879e+00
1.360094425063637757e+00
1.359935240678740609e+00
1.358405345259748431e+00
1.356911568739026297e+00
1.355436434113200583e+00
1.355039269383558453e+00
1.353943512575893182e+00
1.352356182700198861e+00
1.350731816446959943e+00
1.349128029958526875e+00
1.347317204099298893e+00
1.348346639254002888e+00
1.347878071013823398e+00
1.346340845802018071e+00
1.344823455565036685e+00
1.345423444877199337e+00
1.343791902794701176e+00
1.342801452856606792e+00
1.341145713703108866e+00
1.339403448366826455e+00
1.338394761616869211e+00
1.337542035961890585e+00
1.335941490356199024e+00
1.334573770852875318e+00
1.333231402029672719e+00
1.331533219678609381e+00
1.330202471356866756e+00
1.328692432257492007e+00
1.327540004521113426e+00
1.326543390441087489e+00
1.326139714453256513e+00
1.325627131350277432e+00
1.325072356347000158e+00
1.323730686946553048e+00
1.323086560752736229e+00
1.321562485658760444e+00
1.319994414033128116e+00
1.318575887157382276e+00
1.317593989069040683e+00
1.316753559866896461e+00
1.315988643838962746e+00
1.314476039344043334e+00
1.313194799735857732e+00
1.311732254509476059e+00
1.310421186712045660e+00
1.309044596815890138e+00
1.307508522284357433e+00
1.306035260963836153e+00
1.305385900790610565e+00
1.303798212480919538e+00
1.302173517754746213e+00
1.300794382988080367e+00
1.299196300131162163e+00
1.298652525843291272e+00
1.297564161710141883e+00
1.296797105785423510e+00
1.295124437812246176e+00
1.293835165137287024e+00
1.292644318692396821e+00
1.291603115379021949e+00
1.289907294347012456e+00
1.288309759767154672e+00
1.286678043343897349e+00
1.285646387719985517e+00
1.284041797715904210e+00
1.282683121175658414e+00
1.281514486172845801e+00
1.279986920399738937e+00
1.278470019573062277e+00
1.277280274677161653e+00
1.275757202230489495e+00
1.275047953716287319e+00
1.274004408266492971e+00
1.273602451097504584e+00
