5.000000000000000000e-01
9.273890336019343650e-01
9.826199390900619557e-01
9.829620030411485576e-01
9.841559653906309935e-01
9.898825722490149914e-01
9.926976202797336279e-01
9.952486769265558308e-01
9.955987713645013670e-01
9.938006960721641470e-01
9.961542085404371250e-01
9.946186171037774137e-01
9.943490594618414891e-01
9.959231798408687553e-01
9.970780914112928883e-01
9.975442075402503050e-01
9.978587880922666908e-01
9.965890724497769027e-01
9.960840504963972553e-01
9.939575659797265095e-01
9.968936511318782223e-01
9.969034210743749069e-01
9.965523989267558447e-01
9.964906772425571324e-01
9.982270888325498470e-01
9.984302862419207614e-01
9.976283392112438309e-01
9.969264978524972065e-01
9.977571748921173489e-01
9.975048958428460733e-01
9.981284906888390207e-01
9.987429823836629916e-01
9.987258777365621842e-01
9.978694567535089099e-01
9.988428561281745832e-01
9.986280623478881457e-01
9.989634293947706745e-01
9.987008005844569825e-01
9.983446470427079777e-01
9.991063256753800470e-01
