1.264723587770631674e+01
9.674796624553058777e+00
8.082495772001998091e+00
7.269464473343130173e+00
6.611190231310998477e+00
6.319992367379986931e+00
6.210022358025789835e+00
6.055931954218180202e+00
5.886510869201723395e+00
5.730579215047153951e+00
5.603580570286592177e+00
5.532351164390224341e+00
5.396165564838730333e+00
5.316192773826748486e+00
5.223187406129738974e+00
5.143370511020687097e+00
5.009796877677024973e+00
4.998630963441985209e+00
4.926401804828082653e+00
4.907853855031910406e+00
4.845306291392487807e+00
4.896401874214924455e+00
4.792283069210778734e+00
4.746869679987977264e+00
4.679213087970866880e+00
4.648392177179750284e+00
4.609895793954353671e+00
4.548446238332863878e+00
4.503499462306576717e+00
4.465819764502489519e+00
4.442515323393664950e+00
4.446379707146570048e+00
4.389688428917301266e+00
4.372484981219636246e+00
4.348673846229934803e+00
4.328041505937433087e+00
4.299754175376269139e+00
4.263990248474534006e+00
4.227666494187231727e+00
4.193472175698140347e+00
4.162573393385040177e+00
4.128420660492599481e+00
4.099878425757031764e+00
4.083741204289716542e+00
4.057498941846843898e+00
4.035605044321005863e+00
3.999399284412008093e+00
3.973049381066761310e+00
3.968053007695975687e+00
3.938689580419704406e+00
3.929047629040822720e+00
3.895753358206675010e+00
3.878291874491629265e+00
3.856142852144209598e+00
3.837960775155359272e+00
3.810261112017146345e+00
3.795228985366976282e+00
3.771878139912541616e+00
3.757495782601976586e+00
3.727552837981436440e+00
3.708886451369801662e+00
3.684737555647296769e+00
3.677581119530849652e+00
3.657078799523950430e+00
3.643378047466808933e+00
3.623537787354419226e+00
3.608750458114260429e+00
3.593523771722179738e+00
3.606463933600364768e+00
3.603677011345981285e+00
3.581415331722658024e+00
3.563772855714468779e+00
3.553371510012963252e+00
3.553553312579669665e+00
3.534047170928856119e+00
3.519647933282869179e+00
3.523673259542363212e+00
3.504342096871904566e+00
3.495581177605758594e+00
3.485220967943937431e+00
3.476665727412431739e+00
3.473988613687009508e+00
3.457411246196223864e+00
3.443569553886520307e+00
3.430529730556957979e+00
3.421747106529410054e+00
3.411482796171848353e+00
3.391692694143650044e+00
3.379072992626895644e+00
3.370691015410920421e+00
3.365087832330349027e+00
3.354934025913565154e+00
3.344441222820752291e+00
3.326337491231932120e+00
3.311581359833651650e+00
3.302666185600106274e+00
3.284977779606958581e+00
3.275039108981614433e+00
3.262220228124767196e+00
3.251178388218976867e+00
3.238907740512855238e+00
3.228839742764314291e+00
3.216240164309826177e+00
3.206589269821328525e+00
3.206868490954081441e+00
3.189989464305258871e+00
3.175341407299718810e+00
3.157743855266863520e+00
3.144217849054654845e+00
3.134375758856859484e+00
3.120675313947250729e+00
3.103088487655070171e+00
3.095285576689891460e+00
3.080620309454982220e+00
3.076016249247292222e+00
3.071444143149474115e+00
3.057817846354792479e+00
3.046482477707164627e+00
3.033858665370256613e+00
3.034339769223918015e+00
3.022262228005493157e+00
3.028476140817430995e+00
3.014975977836139354e+00
3.005205211669355947e+00
3.005660564639355048e+00
2.996174176568552561e+00
2.992683657595085922e+00
2.989052201517138130e+00
2.976513974139113117e+00
2.965804670301981805e+00
2.951967387834212087e+00
2.946271772262361921e+00
2.942614259196694615e+00
2.933861516309419493e+00
2.929277098915072930e+00
2.921647791072627065e+00
2.915422323600166177e+00
2.905723033533008426e+00
2.911968995234370361e+00
2.905701476636277203e+00
2.893326367057440063e+00
2.891419205538066528e+00
2.881497120850795568e+00
2.872524504138481038e+00
2.865290124231146596e+00
2.860675632052223971e+00
2.857017426935501536e+00
2.849999431345353607e+00
2.841852412758017365e+00
2.831673549722820038e+00
2.820682521990573566e+00
2.810203271541812153e+00
2.805599991983134256e+00
2.797193781461845052e+00
2.792820075207001818e+00
2.789933591546950531e+00
2.779278260307924686e+00
2.770812481693916141e+00
2.762883787208100905e+00
2.755656960050228754e+00
2.746080887088321099e+00
2.742146625008974326e+00
2.738268750750267877e+00
2.732525091968652120e+00
2.722798731325102306e+00
2.712098626420932579e+00
2.703244279322472465e+00
2.693530413683304481e+00
2.685752616267560011e+00
2.682607329917679362e+00
2.674404609337488470e+00
2.667785983867663191e+00
2.661370534140198085e+00
2.653642252286163572e+00
2.651331774875132830e+00
2.645825635037884371e+00
2.639805354070258403e+00
2.635579800212654256e+00
2.627556503428817969e+00
2.623827651444739839e+00
2.619047103523238995e+00
2.611798112488053825e+00
2.606573355998386354e+00
2.603991402394494781e+00
2.597350389942985061e+00
2.589666952692722290e+00
2.581577608543193847e+00
2.572876126097922267e+00
2.568902836711075999e+00
2.564489357767556932e+00
2.559549510745033896e+00
2.553474449502354027e+00
2.545162164384510373e+00
2.537322317534706606e+00
2.532803944260789031e+00
2.525293256766385497e+00
2.516706962366921818e+00
2.507928457148771884e+00
2.500199820545627283e+00
2.498998337941888082e+00
2.494479501937308275e+00
2.487354112047870380e+00
2.484598300946335048e+00
2.478394404613832869e+00
2.472878797648507376e+00
2.471086339658704834e+00
2.466788204987595545e+00
2.465101967479547351e+00
2.461406687935950632e+00
2.455503868293966718e+00
2.450327260448457611e+00
2.449774337659940571e+00
2.443709677823469928e+00
2.440620913405540993e+00
2.433377134736939063e+00
2.429457804303146506e+00
2.423480806222667372e+00
2.422684371954805904e+00
2.416681372894495361e+00
2.413126106175972119e+00
2.410021703859241970e+00
2.411763534993765390e+00
2.408327936120628454e+00
2.409010462444174827e+00
2.403058027704060073e+00
2.396212933375558851e+00
2.390271812460744716e+00
2.384781682341217568e+00
2.380570597822543100e+00
2.377118644325004748e+00
2.371719850287303810e+00
2.367930352328461385e+00
2.366274908954138390e+00
2.366970270522889663e+00
2.364197295967463308e+00
2.358720487771067464e+00
2.356354636976216277e+00
2.353385973955585797e+00
2.347140241232346991e+00
2.344319216163956554e+00
2.339876873509841637e+00
2.335982550091253440e+00
2.332425583403116232e+00
2.327314256276462601e+00
2.324285669963714440e+00
2.318933923936964625e+00
2.315539299533735385e+00
2.311955349900615797e+00
2.306060069748502084e+00
2.299788125907086034e+00
2.294903046484321862e+00
2.289461745608226018e+00
2.286147448583089936e+00
2.280085536369094168e+00
2.274159345426780554e+00
2.270583453664771323e+00
2.265613998086973613e+00
2.267245373386415963e+00
2.261609876532802321e+00
2.258641546928541022e+00
2.253589827430690473e+00
2.250305677421569062e+00
2.243779854340523627e+00
2.239706627555599461e+00
2.235493972834018184e+00
2.231352698485133068e+00
2.224996261497246941e+00
2.222307770112507797e+00
2.218109970526572106e+00
2.211821193223100668e+00
2.210256677145474580e+00
2.206948073755187867e+00
2.202086654213346151e+00
2.201717460136078941e+00
2.198069605283445860e+00
2.196147513664699513e+00
2.194472792350771417e+00
2.191036769021975861e+00
2.189277589569575078e+00
2.187101500477658611e+00
2.185181624195521977e+00
2.181288097998717479e+00
2.178376489784969117e+00
2.175375455802008418e+00
2.172424878428475203e+00
2.169035516774279415e+00
2.166714382872344746e+00
2.163538342819756544e+00
2.161373008635027571e+00
2.157989674211886033e+00
2.156075917757807492e+00
2.151362297365638554e+00
2.146221367936591573e+00
2.141498255237046067e+00
2.137751799333571068e+00
2.137000492681102148e+00
2.133090271595028398e+00
2.130421689179622824e+00
2.125494765570337119e+00
2.121335422009637650e+00
2.116885218037698912e+00
2.115174997309185567e+00
2.112752223622325953e+00
2.109596295526156684e+00
2.107072160410178974e+00
2.103717414832988020e+00
2.101215593064796661e+00
2.100143922544455588e+00
2.098094622615499283e+00
2.094886395384740307e+00
2.093376611256427822e+00
2.088927131842781559e+00
2.087423437461206621e+00
2.083120483783183374e+00
2.079060420692338873e+00
2.075412093199483277e+00
2.072575341341554633e+00
2.068107109407971933e+00
2.066127648482663393e+00
2.063707453919202184e+00
2.059739176713712094e+00
2.056188959998214827e+00
2.053088509362818836e+00
2.049396041779051991e+00
2.044849085794457455e+00
2.040991154526497375e+00
2.036884643853726473e+00
2.034838446520887079e+00
2.033147301445330957e+00
2.030387352061131967e+00
2.026226705177553988e+00
2.022537329690183849e+00
2.019386435630383669e+00
2.014455793942689699e+00
2.010846214810136257e+00
2.008918029283913942e+00
2.006886182435635213e+00
2.006569382225162013e+00
2.003418297864559161e+00
2.002727740583438276e+00
1.999719154195723103e+00
1.996335257966897370e+00
2.000423278907489610e+00
1.997855791162217898e+00
1.994224943939991501e+00
1.991299458972720204e+00
1.988088395646973927e+00
1.984292763716801522e+00
1.981363823183514672e+00
1.980482433630630812e+00
1.976089126373310911e+00
1.972468094851564047e+00
1.969207372232887332e+00
1.965679045258979851e+00
1.962881470704080700e+00
1.958910427727459158e+00
1.957227149080658535e+00
1.955181750063812673e+00
1.951924305601049570e+00
1.950909480853211475e+00
1.949764296473772252e+00
1.945800588965739264e+00
1.943528060924319956e+00
1.940785766626519804e+00
1.938202519839347993e+00
1.936184877590753972e+00
1.935052182274822563e+00
1.931903444752943955e+00
1.929247125291817522e+00
1.926962883131489779e+00
1.923568130975181756e+00
1.922716893792603132e+00
1.919145406189095793e+00
1.921233853959375848e+00
1.918703826604689411e+00
1.915492402689480844e+00
1.912784858532745158e+00
1.912926651918503529e+00
1.909345015620166564e+00
1.912303459482471935e+00
1.909947789531056372e+00
1.906450918768552771e+00
1.903382087238352671e+00
1.901835671374681791e+00
1.898559982127240087e+00
1.895118295678000386e+00
1.892966173786274631e+00
1.891703437935791543e+00
1.893652878454744837e+00
1.890578306395394703e+00
1.887706869669749654e+00
1.886663792105847781e+00
1.883158495780860697e+00
1.879407095816108653e+00
1.877571477413823242e+00
1.875273010656983486e+00
1.871965978564527289e+00
1.868838322613749714e+00
1.865283347258229973e+00
1.862832345420739832e+00
1.859360773761694841e+00
1.856984159784863309e+00
1.855896806292884893e+00
1.853454727810291525e+00
1.850709086509392476e+00
1.849191904568730394e+00
1.848946751799884103e+00
1.845606968969020656e+00
1.847746971808253313e+00
1.844744291997225893e+00
1.843083768660632504e+00
1.842258374243167962e+00
1.839121261843481570e+00
1.835671468369839188e+00
1.833601946145687833e+00
1.832628268993865772e+00
1.831891446677602842e+00
1.830420465013071318e+00
1.829154012002473850e+00
1.828531074203108009e+00
1.825920985516150008e+00
1.825611244147309797e+00
1.822404164919729119e+00
1.821587770741119439e+00
1.820033714298992189e+00
1.816934751121350722e+00
1.816008855815067324e+00
1.812494694361147740e+00
1.812046101338364634e+00
1.809138975784653658e+00
1.806205051849339327e+00
1.804711762871794356e+00
1.803425863386706629e+00
1.802331508222192680e+00
1.799094381150158073e+00
1.800817406984249969e+00
1.798112157419973656e+00
1.795657474378862473e+00
1.792856554808360148e+00
1.791535497320732695e+00
1.789119892497617270e+00
1.788352288909375254e+00
1.787504242504848406e+00
1.784823905902026997e+00
1.783987470252575314e+00
1.783762862811415717e+00
1.780871471374969151e+00
1.778384065227399224e+00
1.776361560229412273e+00
1.774769982537273805e+00
1.773397288621407775e+00
1.771236041532217698e+00
1.768835644822567721e+00
1.766635005817974946e+00
1.769677757657900363e+00
1.767484135993296013e+00
1.765913679896515820e+00
1.764632274406762180e+00
1.762849630613870122e+00
1.761561889551770843e+00
1.762726999203444889e+00
1.760037081722152452e+00
1.757319255980954287e+00
1.758987968602282015e+00
1.756247125722651514e+00
1.757630991948724741e+00
1.754928125008446305e+00
1.754080779582416483e+00
1.751758392481584492e+00
1.750075086282138814e+00
1.748574262297228676e+00
1.746029526239779583e+00
1.743878031434795473e+00
1.743451142163447543e+00
1.740841217735610291e+00
1.739940927431580908e+00
1.742451186753432912e+00
1.742397279154586975e+00
1.739999633863622552e+00
1.738486456682786674e+00
1.738795067356019963e+00
1.736756353751960358e+00
1.734322804558584341e+00
1.733905533884316563e+00
1.732820940380948915e+00
1.730971545440687986e+00
1.729512638322753038e+00
1.737614653499482520e+00
1.735795584416427451e+00
1.733260161426513957e+00
1.730708915845559082e+00
1.728596842728678196e+00
1.727545563277266716e+00
1.725962145938990444e+00
1.725539009907176791e+00
1.723504245341051400e+00
1.723483973870401087e+00
1.721384178108462892e+00
1.720106020909298650e+00
1.718667980565582010e+00
1.716281718011152480e+00
1.713785321392268246e+00
1.711973272586568617e+00
1.709729452789384485e+00
1.707804574252878904e+00
1.708974385812497943e+00
1.706673023012722279e+00
1.704341248885135496e+00
1.702592592607084399e+00
1.700120745892049978e+00
1.697807340172742485e+00
1.695774505833781864e+00
1.698741795995049708e+00
1.696604030697737020e+00
1.694296008411943166e+00
1.692134299794982644e+00
1.690668300911955191e+00
1.688373525600820102e+00
1.690243886190927247e+00
1.688399353115750401e+00
1.687514378101047097e+00
1.687437902931658185e+00
1.686951417373944828e+00
1.685839137644206120e+00
1.683571826288504214e+00
1.681731498051396434e+00
1.680242055082828534e+00
1.677846965185004757e+00
1.675741180015248410e+00
1.677601954243816973e+00
1.675686089758560815e+00
1.675681886814366583e+00
1.673551869230136102e+00
1.672035741491738614e+00
1.669682430001897533e+00
1.670986065473809790e+00
1.670109459280297415e+00
1.667692370853236739e+00
1.668811280977083866e+00
1.667406938853888132e+00
1.666329784165479611e+00
1.665387082377635330e+00
1.666405823304911049e+00
1.664457186970825342e+00
1.662218083619973141e+00
1.661770479153768632e+00
1.661542037222712764e+00
1.659950636548753966e+00
1.657750738202313556e+00
1.657131828194259526e+00
1.654859669848841808e+00
1.653154956699667721e+00
1.650942630683955192e+00
1.650279556560772409e+00
1.648930844860510003e+00
1.647390289504335525e+00
1.647435573336121895e+00
1.645339324995222841e+00
1.642941468755794387e+00
1.642242987239445950e+00
1.640414133501193472e+00
1.639116576650833990e+00
1.636813507952031399e+00
1.635968969319416155e+00
1.640314549325702087e+00
1.639219030738255700e+00
1.638442135015520496e+00
1.636737052572979856e+00
1.635555835985615269e+00
1.633481318667815207e+00
1.632356980928233892e+00
1.632868953205458107e+00
1.631105468407921810e+00
1.629550501126384443e+00
1.630053096641810972e+00
1.629616268964339199e+00
1.628360923176307651e+00
1.626787383237236373e+00
1.625300574935101272e+00
1.623884646057196512e+00
1.622281976272565762e+00
1.621359618720124240e+00
1.621862811603238530e+00
1.620501611843313761e+00
1.618735498476499224e+00
1.620030558384442321e+00
1.618020566118432590e+00
1.616174444546264688e+00
1.614727331976561153e+00
1.613108552075232849e+00
1.612198834268494974e+00
1.610274616360731548e+00
1.609495125077062383e+00
1.609008130651391033e+00
1.607456553555713485e+00
1.605856968609568947e+00
1.603863831252777761e+00
1.602884456710484073e+00
1.601861479188619430e+00
1.601799555507842365e+00
1.601345000155896203e+00
1.600027934453396972e+00
1.599921513005495788e+00
1.599267106307624697e+00
1.598908606997416548e+00
1.597052751814209470e+00
1.595978034112721211e+00
1.594408475747879361e+00
1.593034736715696953e+00
1.591012464782761926e+00
1.589714357147523627e+00
1.589659181865438420e+00
1.588809024606348874e+00
1.586775214154231950e+00
1.585194572245741895e+00
1.583927410386682944e+00
1.582557390778762230e+00
1.581216993373318447e+00
1.581188721806121356e+00
1.579581386009411892e+00
1.578156170401515235e+00
1.577914255101206198e+00
1.577419876073874017e+00
1.576276224645392521e+00
1.575525296633487171e+00
1.574791381613974917e+00
1.574612551934156279e+00
1.573076479664833105e+00
1.573489113552586360e+00
1.572833028527851562e+00
1.571932557194640312e+00
1.570616431607459562e+00
1.569311956129597618e+00
1.567330769993664941e+00
1.566087387450914692e+00
1.564625266726697772e+00
1.562761628880185771e+00
1.561026851143427985e+00
1.560108795823336836e+00
1.558801894935138321e+00
1.557079562695725006e+00
1.555101748547105256e+00
1.552984674872208481e+00
1.551275781070966975e+00
1.549602644881266311e+00
1.548628516007416467e+00
1.546900240799629955e+00
1.545298417353670128e+00
1.543472464661259869e+00
1.541732912026717139e+00
1.539855295388382395e+00
1.538376140021734617e+00
1.536555499997760421e+00
1.534876670196507087e+00
1.533459914418438430e+00
1.531752147664134478e+00
1.530937579527071657e+00
1.529186733881313875e+00
1.527899030688386395e+00
1.526500346336488789e+00
1.524972544697626775e+00
1.523711103700460701e+00
1.522752617772414441e+00
1.522252499230402734e+00
1.521067651554270261e+00
1.520153674404238320e+00
1.519598978277094892e+00
1.518688455090828837e+00
1.517086350511342774e+00
1.515675621847560217e+00
1.514269019886027134e+00
1.513961120037671026e+00
1.512696934636980517e+00
1.512402330366011904e+00
1.510911285747051247e+00
1.509190423961742189e+00
1.507679954879559636e+00
1.505870850274806161e+00
1.504423150574219825e+00
1.502914954496452848e+00
1.501863480999863221e+00
1.502838829538373000e+00
1.502424645461587494e+00
1.503085370116980179e+00
1.501510835092774387e+00
1.499837810772678193e+00
1.498632471468939631e+00
1.497380380550761503e+00
1.496945427203944412e+00
1.496096106917219615e+00
1.494339179434585496e+00
1.495515752065216919e+00
1.496021591474357093e+00
1.494685845431280358e+00
1.493522136508478759e+00
1.492854641881685707e+00
1.493121552989237655e+00
1.491826226341461004e+00
1.490031265492613111e+00
1.489936977233159654e+00
