5.000000000000000000e-01
9.539503182479043275e-01
9.873850618448959393e-01
9.901480711611302388e-01
9.914740002116337880e-01
9.941972919574817436e-01
9.947688190980633616e-01
9.958940729498706457e-01
9.957113141442387461e-01
9.979039559569834461e-01
9.963940794728293193e-01
9.976314992223185296e-01
9.957062697228903358e-01
9.973775097083368291e-01
9.966645648244379929e-01
9.982956233846616012e-01
9.982721407335575226e-01
9.975382644001554722e-01
9.981163434903046472e-01
9.979327729387086343e-01
9.991951828675218472e-01
9.982619069362241859e-01
9.984646984726130992e-01
9.970851362066243118e-01
9.987361115338951878e-01
9.991816730954046211e-01
9.988153147472499382e-01
9.982607472991329445e-01
9.984357075453236252e-01
9.986895521046688096e-01
9.989415412446672748e-01
9.993479650543364290e-01
9.989340325944995325e-01
9.992928243106322661e-01
9.994960507109299508e-01
9.994817581837762699e-01
9.995998092396983781e-01
9.992218545206280611e-01
9.981977500141331339e-01
9.983241794480415265e-01
