1.006564160446879086e+01
9.791770509389145616e+00
9.527171239815711345e+00
9.300919569906783479e+00
9.112297449396155713e+00
8.854305921528181855e+00
8.677086416108773292e+00
8.486238729110652912e+00
8.300769144253896670e+00
8.156978542622518091e+00
7.960058317807657602e+00
7.814658887236498153e+00
7.665763998820052549e+00
7.525436087808841101e+00
7.408968751973693756e+00
7.280382538699707418e+00
7.161657560711683246e+00
7.038762087111820165e+00
6.920315612251516590e+00
6.816109388204158570e+00
6.718592199802926324e+00
6.615640280528147343e+00
6.516561377869643401e+00
6.423360780520279256e+00
6.330172319994615826e+00
6.240703168780204813e+00
6.151901355978162123e+00
6.065133376403264442e+00
5.981149389176688480e+00
5.901906411484776349e+00
5.831365388160389074e+00
5.759994277788281103e+00
5.692505432945487165e+00
5.624194660296904402e+00
5.558397484117707066e+00
5.485413717667399602e+00
5.422100470248840232e+00
5.362767358069230994e+00
5.300973040400384306e+00
5.237736240739073956e+00
5.170529464725682978e+00
5.112630398316417413e+00
5.051711936095257371e+00
4.988406385329239079e+00
4.932255272145713576e+00
4.876624181376882028e+00
4.818708603857404960e+00
4.769436067093921316e+00
4.721814389759201980e+00
4.676131370869820003e+00
4.633086798421964581e+00
4.580976202551348742e+00
4.532961563346713518e+00
4.499323898917151787e+00
4.456225332199559297e+00
4.412259964329403594e+00
4.368479030423412013e+00
4.325488509009532301e+00
4.285747159437192089e+00
4.247866212380260187e+00
4.204161475837642215e+00
4.163661420752998943e+00
4.124368270176584694e+00
4.089806354005276923e+00
4.054004554329067922e+00
4.017835502761569089e+00
3.982756114824066884e+00
3.947902063056716315e+00
3.912610347622827334e+00
3.879823977141378055e+00
3.844996415948976232e+00
3.812514803434847277e+00
3.784666841128055292e+00
3.753031419504645250e+00
3.727856971283508791e+00
3.700884791168888022e+00
3.676241536462814263e+00
3.646114173207664511e+00
3.616665738637566019e+00
3.587932151477878584e+00
3.560464601336805313e+00
3.531726354243867494e+00
3.507286712193201428e+00
3.478968447343383286e+00
3.456177085832704776e+00
3.429923987822776965e+00
3.409291013049184915e+00
3.382940364416962886e+00
3.363119303307757768e+00
3.344782947352114455e+00
3.320610004899773759e+00
3.297356761701240035e+00
3.272226741529077110e+00
3.253359638906546447e+00
3.227891600665046212e+00
3.206038879588885226e+00
3.188391892672773675e+00
3.165659699067818078e+00
3.142369466775143394e+00
3.118857037172633628e+00
3.097951716396859734e+00
3.079299925474105581e+00
3.057830434227919447e+00
3.038013770915968248e+00
3.016476318985705785e+00
2.995614067164512395e+00
2.980970049062226845e+00
2.963317719708258302e+00
2.942273784763017819e+00
2.922519771499643593e+00
2.904941625669278604e+00
2.888799474127063505e+00
2.871673131740029916e+00
2.853997585268833515e+00
2.835415017886917077e+00
2.822308025275779730e+00
2.804717437609108188e+00
2.787418367034603328e+00
2.772898424530656047e+00
2.758803073407296136e+00
2.742328367407242506e+00
2.731360620321327204e+00
2.717857898192783672e+00
2.701386269505190008e+00
2.684263497749426630e+00
2.667830888640131182e+00
2.651542554105947858e+00
2.636952394580045045e+00
2.620706149007185015e+00
2.609909278774105612e+00
2.597396032362414786e+00
2.580797698084392522e+00
2.565740032635058565e+00
2.551706789508493944e+00
2.537738265935577164e+00
2.525426474454130155e+00
2.511923354988823132e+00
2.497425784633002799e+00
2.484590506784170927e+00
2.472212143035767973e+00
2.458724021180334063e+00
2.445118324440321178e+00
2.436411592902653300e+00
2.422472032876430870e+00
2.409977880877036682e+00
2.397080640911695149e+00
2.384768502806396739e+00
2.373325342631408041e+00
2.362136028672151777e+00
2.350188322244683992e+00
2.341935170070405636e+00
2.329951826466536868e+00
2.317829100479561699e+00
2.307514349130862730e+00
2.296438220601140223e+00
2.286748750992227297e+00
2.276306509971836256e+00
2.263766750906243352e+00
2.255033339435871031e+00
2.244667834833647291e+00
2.234978060730424598e+00
2.226012109030622632e+00
2.219589466867655236e+00
2.208432150888529844e+00
2.197137358504687388e+00
2.187589821723351147e+00
2.178927181676145963e+00
2.169818743406869643e+00
2.161143386305095948e+00
2.152167399397321379e+00
2.143081906426504535e+00
2.133438193742400291e+00
2.124850871361383842e+00
2.114962913213666251e+00
2.105150956181487842e+00
2.094806546369994749e+00
2.085165800891353172e+00
2.076852137006403254e+00
2.070077855625383378e+00
2.063729366275095511e+00
2.054179222871343136e+00
2.046990802335231230e+00
2.039885359209101523e+00
2.032366568563237941e+00
2.026205599991913520e+00
2.017227681600588518e+00
2.011750064164596452e+00
2.004225988626854527e+00
1.996094860298639695e+00
1.988961181976111936e+00
1.980603331811833234e+00
1.972225327738856837e+00
1.967011994026096833e+00
1.964550058134588939e+00
1.958180205309956401e+00
1.953509066296283070e+00
1.947166848119307403e+00
1.941898917254788026e+00
1.934192685432849057e+00
1.926843826158325390e+00
1.920493094909888177e+00
1.917626157954476440e+00
1.910019283663621836e+00
1.906826397111010651e+00
1.900689321913785479e+00
1.896206425499873172e+00
1.891751433957070683e+00
1.885127286671775204e+00
1.878988761497488724e+00
1.873197965204225657e+00
1.867959055843434690e+00
1.862554871747136076e+00
1.856639620755782483e+00
1.849973493660468815e+00
1.843026288925724732e+00
1.837487824122065794e+00
1.832830478491125126e+00
1.825825566867101069e+00
1.819325191017337806e+00
1.814316555287776911e+00
1.807430944992336697e+00
1.801628453634683158e+00
1.794670307078599425e+00
1.788873356224167654e+00
1.783203720806344039e+00
1.776274192688325648e+00
1.772300124745846750e+00
1.766280539315766118e+00
1.760613744228457511e+00
1.755499366320436128e+00
1.749685451495449851e+00
1.743910161749413934e+00
1.739436005367364979e+00
1.733782699006306549e+00
1.730949109107450257e+00
1.724846770911750760e+00
1.718550092649967054e+00
1.712387799745177519e+00
1.709072141760192176e+00
1.703949249364532958e+00
1.698599047751755631e+00
1.692962514918445294e+00
1.688374479549390905e+00
1.687435739190544348e+00
1.682155367865360684e+00
1.678581037907047158e+00
1.672812411678882283e+00
1.667727301301362264e+00
1.663858446465866558e+00
1.657985611868197928e+00
1.652338053193970202e+00
1.648226843582081491e+00
1.642878995978501289e+00
1.637819035115705812e+00
1.632343645283061084e+00
1.628267071772188324e+00
1.623006627688883263e+00
1.618569986357843993e+00
1.613240535156324373e+00
1.609732034030720405e+00
1.604386571408559670e+00
1.598925443544373159e+00
1.593541046948282913e+00
1.589450964659663068e+00
1.584451730183024321e+00
1.580617162839488721e+00
1.577325787520949874e+00
1.573415028167585827e+00
1.570296429530457782e+00
1.567924415898253265e+00
1.564614493012670415e+00
1.561313266954135415e+00
1.556552750577978816e+00
1.551862435230381587e+00
1.548233723443389165e+00
1.544708368137852172e+00
1.544661610817066544e+00
1.542280852710518957e+00
1.540220001427335061e+00
1.536742129416395652e+00
1.531750319972734919e+00
1.527726193132680654e+00
1.523771771078122006e+00
1.519484299666827409e+00
1.516778028012384372e+00
1.512249329822686006e+00
1.507462470701496082e+00
1.503836137142898766e+00
1.501172815181531117e+00
1.500132944012362746e+00
1.495808909557234001e+00
1.492407472080629516e+00
1.488586524625298280e+00
1.485882860083935331e+00
1.481419807681445988e+00
1.479516548312565405e+00
1.475580448739391093e+00
1.471503966326260571e+00
1.468139605729395614e+00
1.464554402750247952e+00
1.460526786852889058e+00
1.456543287083887694e+00
1.456292104557858069e+00
1.454517338615954225e+00
1.450347932014138586e+00
1.446244956550955196e+00
1.442674938935547324e+00
1.440195924155664553e+00
1.437551581940205159e+00
1.434103255779648700e+00
1.430402183261291649e+00
1.427010030210024150e+00
1.425505714054946527e+00
1.423586374378762454e+00
1.422689274527970893e+00
1.420768302851398435e+00
1.418274472223847393e+00
1.414600722821979906e+00
1.412773179074766405e+00
1.409017590540021292e+00
1.407011754744090348e+00
1.405760328938450154e+00
1.402118141074837343e+00
1.398380817502083762e+00
1.394560869133808056e+00
1.391667273983866471e+00
1.388840775621100088e+00
1.388077933679054521e+00
1.384726753697413493e+00
1.383164728902244844e+00
1.382008753385804534e+00
1.380766413084316913e+00
1.377271077804224975e+00
1.373905465197941433e+00
1.370768428630507296e+00
1.367168310121015917e+00
1.365162018299770130e+00
1.363786351407831443e+00
1.360607074563091379e+00
1.359577003006300799e+00
1.356823993157413533e+00
1.354328477845835321e+00
1.351688957448905271e+00
1.348732529934302038e+00
1.345660300191331205e+00
1.342513943046850233e+00
1.341194495222409300e+00
1.337970211945039622e+00
1.335179944803538854e+00
1.334241885285681439e+00
1.331600379976471071e+00
1.328631473980932620e+00
1.326960279560412070e+00
1.325156294215819708e+00
1.324496557133988173e+00
1.321966347647661078e+00
1.319267584002728588e+00
1.316037771754457575e+00
1.314086955758781539e+00
1.310960088265086476e+00
1.307795785342425576e+00
1.308500731997274569e+00
1.306485263191193402e+00
1.303951407649103222e+00
1.301086640912425541e+00
1.298145805251870843e+00
1.295114580131031756e+00
1.292100565566443926e+00
1.288948666213552530e+00
1.285942373749062284e+00
1.283104541042445534e+00
1.279970576472957422e+00
1.277400777979491586e+00
1.274761135831646630e+00
1.272024621958811164e+00
1.269305834212302697e+00
1.267221738812542853e+00
1.264936838705595923e+00
1.263616485660957522e+00
1.261371157207625604e+00
1.259646826515975926e+00
1.256988481768664512e+00
1.255373877007849526e+00
1.254851544186979195e+00
1.252374935971597436e+00
1.250692275460759673e+00
1.247911181418323023e+00
1.245229970859200286e+00
1.243180739977666427e+00
1.241182300173752084e+00
1.239013013125679796e+00
1.237132177797112709e+00
1.235685062636711296e+00
1.233966504184263346e+00
1.232076077012193238e+00
1.229870127943733626e+00
1.227458290526178608e+00
1.224920876456090824e+00
1.222521220033557565e+00
1.220241942722479989e+00
1.217628309499144246e+00
1.215237339880367529e+00
1.212819507520164874e+00
1.210445965100547250e+00
1.208255711716826220e+00
1.205642909140281382e+00
1.205124247122578485e+00
1.202512292768929347e+00
1.200543054555625933e+00
1.198026497761633058e+00
1.195489059771149609e+00
1.192969087783083193e+00
1.190477470046407360e+00
1.188033601665826167e+00
1.187383746743495783e+00
1.185374203881998545e+00
1.183665033225909102e+00
1.181124760277040719e+00
1.178598989499293648e+00
1.177438984333513794e+00
1.175783729277249501e+00
1.175308515823090261e+00
1.172930809767322335e+00
1.171454482732753766e+00
1.171381912092482436e+00
1.169806893200814990e+00
1.167823525352557290e+00
1.166025423540281825e+00
1.163951994190875583e+00
1.161503587694835415e+00
1.159083089010729095e+00
1.157366662876123220e+00
1.156701942410204076e+00
1.154520747917106904e+00
1.153076792602959477e+00
1.151395465598469947e+00
1.149224292194439778e+00
1.147083985172895781e+00
1.144671875559390761e+00
1.142317624774802809e+00
1.140026516774124810e+00
1.137663010259224672e+00
1.135498836890613816e+00
1.133691065422486544e+00
1.131288773250395563e+00
1.129066013523196244e+00
1.126710110494243855e+00
1.125483005743580067e+00
1.123630356807049591e+00
1.121457740783279311e+00
1.119379644184126610e+00
1.117114022685643970e+00
1.116929760550200657e+00
1.116053102803173935e+00
1.114238511383341956e+00
1.112470628109208048e+00
1.111062937773774628e+00
1.108859664055432015e+00
1.106863753431233999e+00
1.104856020034154174e+00
1.103472488822065944e+00
1.101950915874768233e+00
1.099938398595496691e+00
1.098307564491615818e+00
1.097110898676279866e+00
1.095672164430053108e+00
1.093857783302958575e+00
1.092320429951229688e+00
1.091075879385890568e+00
1.089322255032142195e+00
1.087558446081953401e+00
1.085971062963078326e+00
1.084104327958103076e+00
1.083457887672693021e+00
1.082989205925359411e+00
1.084137019746300945e+00
1.082957392845754541e+00
1.080908925112742391e+00
1.079391487131627247e+00
1.078121220821425474e+00
1.077345011362054406e+00
1.075517980325401801e+00
1.073974208879526548e+00
1.072984775781592237e+00
1.071098416056081026e+00
1.069914906146948175e+00
1.068924654066914393e+00
1.066928268391977630e+00
1.065155806894134916e+00
1.063214560954087951e+00
1.062438257323954804e+00
1.061479667998244558e+00
1.059746130210853510e+00
1.059137831752346326e+00
1.057383396484029126e+00
1.055706946754893405e+00
1.054043579135845121e+00
1.052224939003161941e+00
1.050489712141350562e+00
1.048629033716312886e+00
1.047300404748736202e+00
1.045482249618947757e+00
1.044147570386441348e+00
1.042714730751741481e+00
1.041292781114838917e+00
1.040302481402500145e+00
1.039288337716527844e+00
1.037492877878036346e+00
1.035986941320694132e+00
1.034314986505316281e+00
1.033168567180756003e+00
1.031838574818859655e+00
1.030287095564946354e+00
1.028790289701190686e+00
1.027056998690066392e+00
1.025725007696947078e+00
1.025411444050559950e+00
1.023728243247576719e+00
1.021956993085204379e+00
1.020255226177763319e+00
1.018754607399799728e+00
1.017274097882712836e+00
1.015583402603581042e+00
1.014501195442759851e+00
1.013056587973565348e+00
1.011512139290193346e+00
1.009963201163686763e+00
1.008555882771099865e+00
1.006837246059814950e+00
1.007739068316386044e+00
1.006892551501437305e+00
1.005387894467498988e+00
1.005093501087861663e+00
1.003709154828239081e+00
1.002566179078526964e+00
1.001592963361112920e+00
1.001008493951959677e+00
1.000954398976057202e+00
1.000118814621251184e+00
9.987129012800333161e-01
9.973801987324881768e-01
9.959213554037271710e-01
9.947027724527290893e-01
9.932822248851823632e-01
9.919790974713927900e-01
9.905954114470284511e-01
9.889644870160337886e-01
9.881246528960208053e-01
9.874489801369170650e-01
9.859677337610615044e-01
9.847777021887780258e-01
9.837054993262308589e-01
9.821439162428513558e-01
9.806400243705304387e-01
9.790653119806710381e-01
9.774852957438917578e-01
9.768710867802551379e-01
9.754699985605193024e-01
9.739863130999275587e-01
9.727519055778747203e-01
9.719114667523137685e-01
9.705647928545175773e-01
9.692891410982054090e-01
9.682042139875439712e-01
9.672649601403990882e-01
9.659144640494222722e-01
9.646791863092247787e-01
9.634474262645550402e-01
9.624852474242169276e-01
9.626211704198516239e-01
9.612934852763603821e-01
9.597718238206376373e-01
9.587352496449483841e-01
9.574125423399439949e-01
9.562905115320241567e-01
9.548568055631144746e-01
9.535504438397343074e-01
9.530774656317662075e-01
9.522232776544438115e-01
9.512904163233184551e-01
9.498802453166866888e-01
9.498842444081294634e-01
9.487238751475447485e-01
9.473562916404004719e-01
9.460929031797767896e-01
9.453032559260214907e-01
9.441560203079335523e-01
9.427222755072823812e-01
9.415012848339635587e-01
9.401774202270152259e-01
9.393176044259111679e-01
9.382048523962074338e-01
9.367351539045938313e-01
9.353332589404939057e-01
9.340896030354719493e-01
9.337077740847111729e-01
9.322984994878666942e-01
9.309034805469630358e-01
9.295599517440693571e-01
9.284083410290382421e-01
9.271733483726848357e-01
9.258891903284587332e-01
9.246371596074891563e-01
9.233461534962977835e-01
9.226651881994694104e-01
9.214503205184653156e-01
9.203526158914411281e-01
9.190970996234614221e-01
9.182678996524359372e-01
9.169205437268526104e-01
9.156073855941299078e-01
9.142505651620589369e-01
9.140032512006673882e-01
9.131395059788903756e-01
9.118480652787964713e-01
9.107927812418710189e-01
9.095240987341353112e-01
9.084179953855389122e-01
9.073612082885627039e-01
9.062548136493594475e-01
9.072687587241248242e-01
9.059995348644406254e-01
9.047139500582115357e-01
9.041992573617544382e-01
9.040792638362263878e-01
9.034425522402041997e-01
9.021527711985145581e-01
9.008641491310505067e-01
9.003213515038138715e-01
8.993976243287606920e-01
8.982748209410151841e-01
8.973706790649301768e-01
8.961087289215940999e-01
8.948577188201057853e-01
8.936617584005006609e-01
8.933259872964411930e-01
8.920569915771767722e-01
8.913626979255045990e-01
8.902698866754555906e-01
8.894561837008526650e-01
8.883224699458796003e-01
8.871490634682639431e-01
8.864880747054810772e-01
8.853934693512524046e-01
8.844380802982337864e-01
8.835298487323054450e-01
8.825558766584983283e-01
8.816490161555401439e-01
8.805005707724673503e-01
8.794196868984111015e-01
8.782073618093976242e-01
8.770440833506486511e-01
8.760128190370409795e-01
8.755451004872131238e-01
8.744555672798011159e-01
8.734772477091977683e-01
8.725240200093216103e-01
8.714712815771852306e-01
8.703091359152382855e-01
8.695525769813811090e-01
8.686235556345754949e-01
8.675939504118070911e-01
8.665501537218232020e-01
8.656352925970648426e-01
8.646773258410959118e-01
8.638095080968936079e-01
8.627792578189038553e-01
8.624569598909095358e-01
8.614793600583459110e-01
8.604266115682974725e-01
8.594468435644143645e-01
8.583307480643856957e-01
8.574272419112892729e-01
8.563002061355894368e-01
8.552708458794640034e-01
8.541257824598970094e-01
8.535953566405476423e-01
8.525161815782987818e-01
8.514372590491948722e-01
8.503326507157744629e-01
8.492283146318151399e-01
8.481642960709507850e-01
8.471431203257919762e-01
8.463333615985992875e-01
8.451897424969385675e-01
8.442847131321806753e-01
8.435863942726040676e-01
8.425198348221050182e-01
8.414951237798450334e-01
8.406291593575562215e-01
8.395993081448622775e-01
8.388756703343565047e-01
8.383339396992036674e-01
8.389262682424136752e-01
8.378799637480870421e-01
8.370152009530672510e-01
8.372145884565576068e-01
8.363201251149670057e-01
8.353810031662600721e-01
8.347033135105066393e-01
