1.073402147142871499e+01
9.829446668083253513e+00
9.497345778028153163e+00
9.347485187490100600e+00
9.137663485959475196e+00
8.915112551582110356e+00
8.723866306993881992e+00
8.549526395856418048e+00
8.367055879104187355e+00
8.193863185907119373e+00
8.022934710936551639e+00
7.870999077512633946e+00
7.711934856716214703e+00
7.563003517709947943e+00
7.413916555803034214e+00
7.292982540775087230e+00
7.162644242799340866e+00
7.041189792495514688e+00
6.921637811656128569e+00
6.814708303525795152e+00
6.706144745682327546e+00
6.594054756930414207e+00
6.488714045727618895e+00
6.382408149975676181e+00
6.287100836338106902e+00
6.193696116513150329e+00
6.105981510609993279e+00
6.014262495920696061e+00
5.921159663997098477e+00
5.834185276900845096e+00
5.761474268515905273e+00
5.674032408456001875e+00
5.596373381048141304e+00
5.518801236453486858e+00
5.451498846851965396e+00
5.382372080222941335e+00
5.313332118397792847e+00
5.244857504714418361e+00
5.183646237747448815e+00
5.123192128679685986e+00
5.062153394311797783e+00
4.999574065122880384e+00
4.938169869203332674e+00
4.885286297767375885e+00
4.820047030449754466e+00
4.769964017578981696e+00
4.728491712476163400e+00
4.683090347389442520e+00
4.637205055893439010e+00
4.586955410994002058e+00
4.534203778014853192e+00
4.486901461629310361e+00
4.441353127605357720e+00
4.404472758825803247e+00
4.363910572646093833e+00
4.320291145462083371e+00
4.276350968969982347e+00
4.238069777606744637e+00
4.193716769608682782e+00
4.155955400249046860e+00
4.118452777593264003e+00
4.080452517017223002e+00
4.047363782873710569e+00
4.012261201764072638e+00
3.972329063479651090e+00
3.936691198810987391e+00
3.905444704169109826e+00
3.869308598722690729e+00
3.836362164384284235e+00
3.809518072176740322e+00
3.784176980908067200e+00
3.748463194129334930e+00
3.717250324770517533e+00
3.689925759881868661e+00
3.660165192768415565e+00
3.628599178056132857e+00
3.600842382640849770e+00
3.574499823117392783e+00
3.544385768691216132e+00
3.517847088328386551e+00
3.489777376847665202e+00
3.462499130715796181e+00
3.436722272871032047e+00
3.414139047720087028e+00
3.386065825947127017e+00
3.359819690583522700e+00
3.334867444331773179e+00
3.310874980253911026e+00
3.286028789292634311e+00
3.263997657546021003e+00
3.239919254172890728e+00
3.214449926941735924e+00
3.190959130793964871e+00
3.170079877638789956e+00
3.147576310932748367e+00
3.123667856213423022e+00
3.102842755235823091e+00
3.083793831125175355e+00
3.062201116513670218e+00
3.042739767970544129e+00
3.020235141156975889e+00
2.997869330388055253e+00
2.978459319658135040e+00
2.959004659669040027e+00
2.939877505411437664e+00
2.919494354610546516e+00
2.901441954685374913e+00
2.884388637725844529e+00
2.863545402731066059e+00
2.845889537595522878e+00
2.830303945325562953e+00
2.811747551075177931e+00
2.795893716430590814e+00
2.780809483852657138e+00
2.764746641887241285e+00
2.749880708411632124e+00
2.732163911826940073e+00
2.713713673513457714e+00
2.698237677767001408e+00
2.681794369369874698e+00
2.666943260539693661e+00
2.650531697816278065e+00
2.634347370680560463e+00
2.618374336486679610e+00
2.604489570463597747e+00
2.588338065473516636e+00
2.571987587454190649e+00
2.556595186060828695e+00
2.543032247147695823e+00
2.526402899330101537e+00
2.514573812990413160e+00
2.499884055408741368e+00
2.487641426669507716e+00
2.476008096184721285e+00
2.461607818233926270e+00
2.448705884161186841e+00
2.437806346348279085e+00
2.425330804216281333e+00
2.411427911746648167e+00
2.397273812425665174e+00
2.384636351470167615e+00
2.372418668318113877e+00
2.358174115942609728e+00
2.346215605906718071e+00
2.335428090350657016e+00
2.323692608584964514e+00
2.315876177795377355e+00
2.303602340252487668e+00
2.290533893657423548e+00
2.282987581325395254e+00
2.269859313270526702e+00
2.258621031470296359e+00
2.250571527446967757e+00
2.240350632833425060e+00
2.228856725503326253e+00
2.217710421287018008e+00
2.207349867357840889e+00
2.200563939077555098e+00
2.194954556534653989e+00
2.186977841039285053e+00
2.175758173107047000e+00
2.165759002528521382e+00
2.159398484719427191e+00
2.147706481502230424e+00
2.139997972866670484e+00
2.129692093007931497e+00
2.119033509627669343e+00
2.108494293301200972e+00
2.100809647117911627e+00
2.093216627917294570e+00
2.083665267878885174e+00
2.074191887623198838e+00
2.064930376339320084e+00
2.056472066217343464e+00
2.047413069239127470e+00
2.038071791116477627e+00
2.029387834640918431e+00
2.022376069260396925e+00
2.015023835097972782e+00
2.009507197917665966e+00
2.001400024325711069e+00
1.992193373649294053e+00
1.985353173639249347e+00
1.976697859005360769e+00
1.971095268734816219e+00
1.963860873731094525e+00
1.958128314389459890e+00
1.949386386313034292e+00
1.940942757816841890e+00
1.932855298351944473e+00
1.924527094253830395e+00
1.919697769782861219e+00
1.912817835984522041e+00
1.908270340109720742e+00
1.900552117558211407e+00
1.892989667436738577e+00
1.886118154435212579e+00
1.879961591219812433e+00
1.872690220477672085e+00
1.864868258986597915e+00
1.857053709880565062e+00
1.849975445391871975e+00
1.846973325603993077e+00
1.840613028796378225e+00
1.833462598583103453e+00
1.828494659764573926e+00
1.821139548239769868e+00
1.816099365461246729e+00
1.808580679862873852e+00
1.803787765165251855e+00
1.799544414709914220e+00
1.793668116128324996e+00
1.787140524349656534e+00
1.780156690292888477e+00
1.775549887014423511e+00
1.768493745680883800e+00
1.761462335214575736e+00
1.754761375378803834e+00
1.749395450032716015e+00
1.745164598532642053e+00
1.738909284397577748e+00
1.732411449905799872e+00
1.727602765579742572e+00
1.721274484614659483e+00
1.716261316023586669e+00
1.711657309954425221e+00
1.705294873996767713e+00
1.699979536340239017e+00
1.696715310354440787e+00
1.691431359667267875e+00
1.685249334973313973e+00
1.679856597840998722e+00
1.673591239465936020e+00
1.667685290880455584e+00
1.662553267228419784e+00
1.656372109693541761e+00
1.651811585842009933e+00
1.648610052711877216e+00
1.644753693580936815e+00
1.639397873333699351e+00
1.634236453426328506e+00
1.628856586008708973e+00
1.624507165621793092e+00
1.620926310340082832e+00
1.617057243468836170e+00
1.611409286064015678e+00
1.605945522050800545e+00
1.601277867254977449e+00
1.597738725444542318e+00
1.592520413327787265e+00
1.588536485152652444e+00
1.584242933827180844e+00
1.580398639489474233e+00
1.575390252812087555e+00
1.570378778490553184e+00
1.566259547357488735e+00
1.561263780161724180e+00
1.556137223130301450e+00
1.551374623741882175e+00
1.547266146386485186e+00
1.543218235829207252e+00
1.539471923391054098e+00
1.534465802243913490e+00
1.530049884572039609e+00
1.525539288382111724e+00
1.521730991540311440e+00
1.517099391685146070e+00
1.512407965494211526e+00
1.507756762921506732e+00
1.504632591801972952e+00
1.500068389270666103e+00
1.496391919025518380e+00
1.491806873085453455e+00
1.488193044670639953e+00
1.484058289164047695e+00
1.482157056378342164e+00
1.478419515804259676e+00
1.473901370468468253e+00
1.469584053494170872e+00
1.465331537984079002e+00
1.461378352603739161e+00
1.457110510201655273e+00
1.452770442276216434e+00
1.448314572318670113e+00
1.444318893765067502e+00
1.440519554712284656e+00
1.437111143725830598e+00
1.433580463378340442e+00
1.429653575612718219e+00
1.426107812882402071e+00
1.422785792000268001e+00
1.419468958739198428e+00
1.416370689271635452e+00
1.412050490900711663e+00
1.407978274327289947e+00
1.404402940246622711e+00
1.402205038438790075e+00
1.398583605028077548e+00
1.394696960627275661e+00
1.390620482960130078e+00
1.386510548443712132e+00
1.383014943616686532e+00
1.382147973063725610e+00
1.380445961716124881e+00
1.376880745791330574e+00
1.374019802113992883e+00
1.369999442442598747e+00
1.366116425994769790e+00
1.362394786328239515e+00
1.359046076527332669e+00
1.356202064702766386e+00
1.352465087971845170e+00
1.349240991796687883e+00
1.345520004377963597e+00
1.342310554563844072e+00
1.339724998555167579e+00
1.338330352960676262e+00
1.335540132630984811e+00
1.332045057362241547e+00
1.329023241226819474e+00
1.325817203899571028e+00
1.324705061447743359e+00
1.321006056599742573e+00
1.317643622325364694e+00
1.314988405216610756e+00
1.314297762871000419e+00
1.311156345027697290e+00
1.308062428920991005e+00
1.305145834864104515e+00
1.302727236147834811e+00
1.300383208223820697e+00
1.297225200623577157e+00
1.296927559490645088e+00
1.293747997747185741e+00
1.292849706847565505e+00
1.290318006203812429e+00
1.287072345994735301e+00
1.284156938114614288e+00
1.280688750388502495e+00
1.280022030583929604e+00
1.277206004907463388e+00
1.274587260388900800e+00
1.272146387163319847e+00
1.269834026234216928e+00
1.269016494027893627e+00
1.266096589391511262e+00
1.262937608665306799e+00
1.259597707591943561e+00
1.257556532913477021e+00
1.254834214013820670e+00
1.252074107383521984e+00
1.249352076359818708e+00
1.246138052438332533e+00
1.243360950892249184e+00
1.240557888149768084e+00
1.238025666320427209e+00
1.235199331027357683e+00
1.232835822337898124e+00
1.230406417243413486e+00
1.229390391794379589e+00
1.226897318327666131e+00
1.223821117508721690e+00
1.220736772762960554e+00
1.217938510355809578e+00
1.215586983084978812e+00
1.213809901961562909e+00
1.211011878438335909e+00
1.209435353715599071e+00
1.206448365601298089e+00
1.205358960683053482e+00
1.203164653732848421e+00
1.201129352369499470e+00
1.198419379302470666e+00
1.196504577527190971e+00
1.194587396508115962e+00
1.191870529432905057e+00
1.189043876925207188e+00
1.186378583802387032e+00
1.183980046293009902e+00
1.181507141538820527e+00
1.179221604993726746e+00
1.177528134592942033e+00
1.175057809754312066e+00
1.172798614912041737e+00
1.171114765775851829e+00
1.168507951546057022e+00
1.166036064210447920e+00
1.163654363908568801e+00
1.161281938758455201e+00
1.159351474721957320e+00
1.156785659126225552e+00
1.155044472977854397e+00
1.154903669391959875e+00
1.152226722585501184e+00
1.149973728528461692e+00
1.148706507830461021e+00
1.146466995525767363e+00
1.144482580433161090e+00
1.141911882279321722e+00
1.141049533863900400e+00
1.138539642413069153e+00
1.136590695092515757e+00
1.134325607909512978e+00
1.133229320393010608e+00
1.130915062968101514e+00
1.128798649998416392e+00
1.126495366211300642e+00
1.125163148974430261e+00
1.122810762371669879e+00
1.120376348489543039e+00
1.118170234705143207e+00
1.116444987651715737e+00
1.115226865394220779e+00
1.113101393236356262e+00
1.110835680213267507e+00
1.108598668394735309e+00
1.108016055269705147e+00
1.105593388224524798e+00
1.103192288610186145e+00
1.100901112630526368e+00
1.099129748482593705e+00
1.099340372389292275e+00
1.098573875356874563e+00
1.096168147682517580e+00
1.094293105005625932e+00
1.092091191434812592e+00
1.089764148094359841e+00
1.087651387710951267e+00
1.085716638263559908e+00
1.083499896805526941e+00
1.082732317927097121e+00
1.082122973614858319e+00
1.081317090399525060e+00
1.079007911850605073e+00
1.077357765455731142e+00
1.075809896018666389e+00
1.073684539585045616e+00
1.071640528749199683e+00
1.069674886099400757e+00
1.070113962223213866e+00
1.068587968321312198e+00
1.066561659875256085e+00
1.065102190634044765e+00
1.063446585389580257e+00
1.061304652359387424e+00
1.060189610214195222e+00
1.058573672419584888e+00
1.057398517625417478e+00
1.056081107925138429e+00
1.054167283945246503e+00
1.052496245411220332e+00
1.050606011347295032e+00
1.049337377142728567e+00
1.047247148562915120e+00
1.046002410540077365e+00
1.044071176135919377e+00
1.042697692462220882e+00
1.042360580767657474e+00
1.040789556149296802e+00
1.039050824503926274e+00
1.037189021213253515e+00
1.036359812561547855e+00
1.034600903538547501e+00
1.032746202945309388e+00
1.030808054664124063e+00
1.029545818147717728e+00
1.027740809243592679e+00
1.026543260578843375e+00
1.026280823967857359e+00
1.025129868464323968e+00
1.023397792270223539e+00
1.022175153339335951e+00
1.021195539304759592e+00
1.019551693305069673e+00
1.017661522715168854e+00
1.015997597810554431e+00
1.014462389435018874e+00
1.014917591524783669e+00
1.013167159492901037e+00
1.011914059585978798e+00
1.010356934578806376e+00
1.008894676836382231e+00
1.007068996694910235e+00
1.005206836420111882e+00
1.004230298361547646e+00
1.002487716071088997e+00
1.001299730334086258e+00
1.000893378577584647e+00
9.995842174125555424e-01
9.978423294681993960e-01
9.964061325939003178e-01
9.945373691238126312e-01
9.927535083272729377e-01
9.914566927642136651e-01
9.905071673103018615e-01
9.889385891144282237e-01
9.872629004676490849e-01
9.863005940780318337e-01
9.845816236091871065e-01
9.838841835438075778e-01
9.854032898893861914e-01
9.842231709334947620e-01
9.825857834457859541e-01
9.810566419321482545e-01
9.794472205316768765e-01
9.779657480193895136e-01
9.767575614049990307e-01
9.754146642366375852e-01
9.736906110408869441e-01
9.721567813296831950e-01
9.708220468601581610e-01
9.691436599315790268e-01
9.674948135596709298e-01
9.658400065939116708e-01
9.645417812186004580e-01
9.653046689688623561e-01
9.637535334513021024e-01
9.635004842842028738e-01
9.636288629669604866e-01
9.625242757697725082e-01
9.609877701293443319e-01
9.594248970148497868e-01
9.578354117706170401e-01
9.564805693732909564e-01
9.567992523610280298e-01
9.557372180832013342e-01
9.545387601176715808e-01
9.530955820720876659e-01
9.516677215222663078e-01
9.517672863420130192e-01
9.504296046041427193e-01
9.491295711902890675e-01
9.489262469157149216e-01
9.477453045477077787e-01
9.468134046374315771e-01
9.453788454946707720e-01
9.442302283336696522e-01
9.449475766474328964e-01
9.434157491567153331e-01
9.433939311605628042e-01
9.421617510252692229e-01
9.408720465249050813e-01
9.397242459185557450e-01
9.385231697353144664e-01
9.370651140849025618e-01
9.362063066469048511e-01
9.353147174783813522e-01
9.338444937145345959e-01
9.332051559183954792e-01
9.341694831137827837e-01
9.336967256906224533e-01
9.330708280849772107e-01
9.323600217666393464e-01
9.314371322391403751e-01
9.302469328814498839e-01
9.298274329184985643e-01
9.285076852993013885e-01
9.276061134223863025e-01
9.266009912459091113e-01
9.252983487902634030e-01
9.238814581554316563e-01
9.225546127810352326e-01
9.216453477738285605e-01
9.207961609999741892e-01
9.196232200990726025e-01
9.182774124229412527e-01
9.170172805095380131e-01
9.156490692627715644e-01
9.144654711495864285e-01
9.130657659818667282e-01
9.121369808524698586e-01
9.109323710036386634e-01
9.095763349082874871e-01
9.083665515920470446e-01
9.072484906682346528e-01
9.065041123762632713e-01
9.051192715766219754e-01
9.042992565235981051e-01
9.031943000629227836e-01
9.020468875057415792e-01
9.007448291715964839e-01
8.994638367914089550e-01
8.983046581055759150e-01
8.970104599126591527e-01
8.958328656420759817e-01
8.944444544042773337e-01
8.933696109514612793e-01
8.920751131377033794e-01
8.907054720317019170e-01
8.894011849584640972e-01
8.885956386444516797e-01
8.872744695011850480e-01
8.863746827031827591e-01
8.850399348432235191e-01
8.839607548548248372e-01
8.826390030047692736e-01
8.815324333412729585e-01
8.802316453351561876e-01
8.789488383545114303e-01
8.778047505910927528e-01
8.769149663496916824e-01
8.755776235938702579e-01
8.744384314357526167e-01
8.731592058157963132e-01
8.729359498194607658e-01
8.719503871023945862e-01
8.706341363813840939e-01
8.699453362017264269e-01
8.686527004089675819e-01
8.673276160543487157e-01
8.662878115188415995e-01
8.655716111507008037e-01
8.663539018272611303e-01
8.656653540386861634e-01
8.648368746852080902e-01
8.637024323488664557e-01
8.626373617499750734e-01
8.615999229375519430e-01
8.615898130941965771e-01
8.603632020814884207e-01
8.594701178369114070e-01
8.583027085978311987e-01
8.574571697312297625e-01
8.561869760534324136e-01
8.554267981267711374e-01
8.546729206253311784e-01
8.543028825979390728e-01
8.533699714097603417e-01
8.521991472856300653e-01
8.509518860307576649e-01
8.499211125242870368e-01
8.488127352896392974e-01
8.476150924926340036e-01
8.464488904513970402e-01
8.458227099066328858e-01
8.446988219509208307e-01
8.435149754189229521e-01
8.423688359295202766e-01
8.412951512762970596e-01
8.400998121546437991e-01
8.395812197619267891e-01
8.384884364871232343e-01
8.375122744041747502e-01
8.364609091341911329e-01
8.356455120761809852e-01
8.345966894461878116e-01
8.335456307420766597e-01
8.327165463671185597e-01
8.328125857677731725e-01
8.317020891071946753e-01
8.322057408215249863e-01
8.311200226875649077e-01
8.299814898720966339e-01
8.291297958748753416e-01
8.280277695623993184e-01
8.273809220774371864e-01
8.263319981213860244e-01
8.257633712422264294e-01
8.254691099733865167e-01
8.244588574156873628e-01
8.235851383803109993e-01
8.226515768866967671e-01
8.215949129572441834e-01
8.205724957293670796e-01
8.197285667224797345e-01
8.187151961566249136e-01
8.179074408918458605e-01
8.168295568165947484e-01
8.157945655857902212e-01
8.148311126061026366e-01
8.138618745212160555e-01
8.130476105204648141e-01
8.119908958357248130e-01
8.119217129696458812e-01
8.111332607350391077e-01
8.109891886422950780e-01
8.099082618373751874e-01
8.096769860765791194e-01
8.087127230578240455e-01
8.077878652092392864e-01
8.067613783263039018e-01
8.057386554854494287e-01
8.050623375109694502e-01
8.047646575234066457e-01
8.038468813928768553e-01
8.030511221670532107e-01
8.020856960505354794e-01
8.022761245827708665e-01
8.012802131980671927e-01
8.002679938754831968e-01
7.992618011576191339e-01
7.984887260381519081e-01
7.982534585060176990e-01
7.976777204604555971e-01
7.966228809969221336e-01
7.962298047436863202e-01
7.953997118490881979e-01
7.944550811451368544e-01
7.935314141344166350e-01
7.926698526580624460e-01
