5.000000000000000000e-01
6.531004782053456692e-01
9.377295755293382218e-01
9.731589529056882126e-01
9.796466875691253184e-01
9.908564644694440871e-01
9.912347090977877695e-01
9.880749009597449284e-01
9.939946163848021321e-01
9.944588770944131628e-01
9.953441730410467203e-01
9.926439870642481678e-01
9.942381981558872095e-01
9.950878062710273309e-01
9.950914301369384596e-01
9.938611711464895304e-01
9.937251747065757312e-01
9.930499470190803368e-01
9.941864203597483574e-01
9.949409672243069158e-01
9.960229376216713781e-01
9.961566147874022503e-01
9.968165932471432233e-01
9.921473144979278125e-01
9.963765399618188523e-01
9.972087535205856890e-01
9.967564660639454122e-01
9.971776172646767966e-01
9.963652045092490361e-01
9.880360241262499121e-01
9.974114580841926259e-01
9.973058151451504871e-01
9.976377032807579592e-01
9.978901272846667503e-01
9.953357366812054519e-01
9.978026036751797001e-01
9.979960021511269375e-01
9.973516208102675140e-01
9.972580960788322013e-01
9.966938746519278247e-01
