2.827682893641230777e+01
2.760533258444496241e+01
2.735787622628947702e+01
2.690730194464594760e+01
2.670219252369652096e+01
2.632448371187367542e+01
2.613836722074535857e+01
2.587417410615888969e+01
2.563847045671410996e+01
2.534771720947771456e+01
2.518018425469141164e+01
2.495700707790174988e+01
2.481829634605725943e+01
2.463521911143220677e+01
2.445846221796294273e+01
2.426987167425942005e+01
2.411367406963329429e+01
2.393937876473635029e+01
2.375112864357237541e+01
2.361871624592923880e+01
2.346965571359982761e+01
2.331894707003559830e+01
2.317834503739717178e+01
2.302119431412838324e+01
2.287414969377820029e+01
2.271726365881844956e+01
2.257502871935767530e+01
2.243720259692138086e+01
2.229208126019470271e+01
2.217026700896692404e+01
2.203423731239949390e+01
2.190493294031741911e+01
2.178139778609979871e+01
2.167025535641833045e+01
2.155046145073260888e+01
2.140483038360870793e+01
2.127789268751347862e+01
2.115649845582790789e+01
2.103528111163409164e+01
2.091466982410080533e+01
2.078694869034862691e+01
2.065891153115002155e+01
2.052213533549645419e+01
2.038039530298770075e+01
2.026024728564886601e+01
2.012928909080207518e+01
1.999365956350726137e+01
1.985465272011416005e+01
1.972927910757068304e+01
1.959643207781193297e+01
1.945691587295368308e+01
1.933281727192443356e+01
1.921751252428867218e+01
1.911205674617365347e+01
1.900021498805282505e+01
1.888808567160204888e+01
1.876915439715321554e+01
1.865099944979486679e+01
1.854341591635795439e+01
1.841239493344892608e+01
1.830140802102600617e+01
1.822549274205535141e+01
1.808117069523148501e+01
1.795737290763232963e+01
1.784484602380333484e+01
1.774922012591407849e+01
1.766259330075166289e+01
1.757439200438141569e+01
1.745158331047369771e+01
1.732699640138531905e+01
1.722574086884578648e+01
1.712121288309270284e+01
1.700625573016588632e+01
1.689661221066307562e+01
1.676914453720761244e+01
1.666969541052481318e+01
1.656889430725027168e+01
1.653438968459897040e+01
1.646278085904111421e+01
1.634778376357748186e+01
1.624792688248719941e+01
1.613957565849909059e+01
1.606077286730823417e+01
1.599408701858821047e+01
1.588737988363418374e+01
1.580704174153966868e+01
1.571105832261364732e+01
1.560698652208297332e+01
1.552203484298056502e+01
1.543216620790940929e+01
1.532501844085243725e+01
1.524671558331697518e+01
1.514139353490478435e+01
1.503450778394473630e+01
1.494563517709903522e+01
1.487657249907417878e+01
1.479468312525722240e+01
1.469791758177242968e+01
1.460723643965172514e+01
1.451928997870222027e+01
1.444798362383614254e+01
1.437426880958380160e+01
1.427316709936949479e+01
1.419513139755680875e+01
1.414459393780730423e+01
1.406134134722685225e+01
1.398730228796807573e+01
1.390515935587410290e+01
1.383442494187324279e+01
1.375112946018054316e+01
1.369426973888511334e+01
1.361444554032722820e+01
1.353655393742240776e+01
1.348652905903118260e+01
1.340885289383570544e+01
1.335011737055706860e+01
1.333077070053211877e+01
1.325158501082789364e+01
1.318657992760199349e+01
1.312381443470417963e+01
1.306465869995902729e+01
1.299980666888362713e+01
1.295030574513427091e+01
1.289455036454581638e+01
1.283894296414155178e+01
1.277530196595524004e+01
1.270624150709258338e+01
1.264997166446861954e+01
1.258371693658167878e+01
1.257083262104183774e+01
1.251703029162181124e+01
1.246547563273963100e+01
1.240220428875453429e+01
1.234951744454968470e+01
1.234193272981812939e+01
1.231577135202916118e+01
1.228417298825264758e+01
1.223271915551182332e+01
1.217599974217422165e+01
1.212086203125198125e+01
1.206721658261619012e+01
1.202453936034457271e+01
1.196404171849589559e+01
1.199346449877115361e+01
1.194863854224585786e+01
1.189050427219409301e+01
1.183872661503494506e+01
1.179482029245327901e+01
1.174430407146608246e+01
1.172796893809222141e+01
1.168090519041801478e+01
1.163874803993891049e+01
1.160633879770953847e+01
1.156371873745612966e+01
1.151158724869458183e+01
1.146093059603259690e+01
1.141649276983442185e+01
1.136789084996001975e+01
1.133308247365039989e+01
1.128865474355397325e+01
1.124573382489956330e+01
1.119385685295392285e+01
1.117746961802489913e+01
1.112801829535217024e+01
1.110096241316588817e+01
1.105442147979884204e+01
1.102057314990530656e+01
1.101937339268499016e+01
1.097321305096331123e+01
1.095569950697085737e+01
1.091078430540003907e+01
1.087039637150972204e+01
1.086496759635786802e+01
1.082549436404427290e+01
1.078295064572676587e+01
1.074677868192931740e+01
1.071011084788391976e+01
1.067830993657991812e+01
1.064268860233959479e+01
1.062591402836988586e+01
1.059695660902812087e+01
1.058284116726519208e+01
1.054483820845497100e+01
1.050166965353209569e+01
1.048111472105028774e+01
1.044384779606229863e+01
1.041336476254345733e+01
1.039146256375081201e+01
1.035081478580064740e+01
1.031661737788135724e+01
1.027861968389262337e+01
1.025326232276139748e+01
1.022567105323664549e+01
1.020014754932397594e+01
1.018315055000791602e+01
1.015064511007390635e+01
1.012216278711040829e+01
1.008490427476060880e+01
1.005734578975072857e+01
1.002303136600693811e+01
9.990130317859003739e+00
9.961242401442266470e+00
9.946225194394774149e+00
9.940399690391458876e+00
9.912689502713140755e+00
9.887155040836136166e+00
9.864244502952709936e+00
9.832487231790409510e+00
9.802107236957885661e+00
9.768954397455830829e+00
9.737126964876317459e+00
9.717102929802978295e+00
9.707081822848666164e+00
9.674209148752810350e+00
9.656553273700405171e+00
9.641785881868768726e+00
9.618566335146912394e+00
9.597189316932665193e+00
9.571268196104641746e+00
9.553385131143782516e+00
9.522719134277085828e+00
9.521938195590719189e+00
9.516861382358415611e+00
9.491613237049337570e+00
9.467964393179238769e+00
9.449001949201498718e+00
9.427546859357704534e+00
9.400845948046725908e+00
9.378563371881760702e+00
9.349419960974548971e+00
9.320595165801544013e+00
9.297052913182612954e+00
9.274707064062148731e+00
9.251330629032279873e+00
9.222678960021216454e+00
9.202161472204698711e+00
9.173545150276423144e+00
9.148502849132961856e+00
9.124334182362403567e+00
9.119424606180627890e+00
9.095358272818295120e+00
9.084941432493565117e+00
9.061817094603593858e+00
9.036583983323291491e+00
9.009716858630884673e+00
8.984562788559067315e+00
8.977415192312461656e+00
8.952906384457223865e+00
8.929603900959339313e+00
8.911625735891222533e+00
8.884450272699094597e+00
8.860650152474629948e+00
8.836799480375812976e+00
8.812365616123354783e+00
8.788915636759625727e+00
8.768677665166684676e+00
8.761288215292534431e+00
8.743193732657447370e+00
8.740924445534069775e+00
8.716441625589546049e+00
8.691757602211689360e+00
8.670906595895280233e+00
8.646833608848831787e+00
8.625349803436682450e+00
8.604416587058738131e+00
8.590393860761519562e+00
8.571345582219501935e+00
8.568592640680551042e+00
8.557875073152334977e+00
8.541483682405115019e+00
8.519835286687898801e+00
8.499670496580970180e+00
8.478374318555529143e+00
8.468078876720815273e+00
8.446918096105729745e+00
8.431348809954245738e+00
8.418086613496235771e+00
8.419034482075311132e+00
8.395873172796784800e+00
8.374974241146523113e+00
8.360836577543759418e+00
8.340983234096984944e+00
8.319885008862351938e+00
8.303493005610903310e+00
8.286372086368547940e+00
8.268237631343367866e+00
8.250347729287479837e+00
8.232196060601458143e+00
8.223727281502208442e+00
8.207127856051068093e+00
8.187225378686765254e+00
8.167230411153777681e+00
8.146055365557353767e+00
8.134980545631309568e+00
8.137129721384425807e+00
8.120171034118902398e+00
8.100147974938826323e+00
8.079974764708245161e+00
8.070367164740012811e+00
8.065835497354390426e+00
8.045890082246902608e+00
8.028393245935502520e+00
8.020272198975726852e+00
8.008337985468251929e+00
8.016768430731200823e+00
7.998883224758860599e+00
7.996351008008279138e+00
7.978001648218604025e+00
7.962892030842534830e+00
7.945754528523223392e+00
7.929569605073551131e+00
7.937465109798982787e+00
7.928355457320772182e+00
7.911309375651659259e+00
7.896105741614102058e+00
7.885330857169384089e+00
7.868932933278156128e+00
7.863945612530520712e+00
7.858108800610499323e+00
7.845257949043979551e+00
7.828610747149980398e+00
7.812460389072971800e+00
7.800871655310808173e+00
7.782618946639199287e+00
7.767374759417849717e+00
7.761990505561367826e+00
7.753813810522331096e+00
7.745695254791005624e+00
7.731810939635916924e+00
7.716039445140735253e+00
7.699977238884067710e+00
7.687559619925809606e+00
7.670537278746003551e+00
7.654858453568199828e+00
7.639439867400737327e+00
7.622912561845769375e+00
7.612443419131112776e+00
7.596823239474303158e+00
7.580394548948683031e+00
7.566898850293848788e+00
7.550298410840635910e+00
7.535980412303144860e+00
7.543596028773237094e+00
7.527720183904549778e+00
7.516641789420119402e+00
7.512138159635319390e+00
7.503780930542496286e+00
7.487928699029308355e+00
7.472141632614865969e+00
7.466891032649635385e+00
7.455636424313548005e+00
7.442727276239343936e+00
7.429924748126399692e+00
7.416965307338309721e+00
7.407136852261638538e+00
7.394382238913461691e+00
7.383013040949057526e+00
7.368201885604047874e+00
7.386663154345765925e+00
7.373981921270126527e+00
7.362874999791309882e+00
7.352174072397479776e+00
7.341041323291150889e+00
7.329575079415199035e+00
7.320974439899526232e+00
7.308695350377882427e+00
7.294579967654727604e+00
7.283788777017665694e+00
7.270239345634630368e+00
7.256071830951399626e+00
7.245363240297123752e+00
7.232558156208141575e+00
7.247693098473005691e+00
7.235013675390342236e+00
7.235562537268688033e+00
7.228777474693623084e+00
7.216954796317461174e+00
7.221441702531070206e+00
7.211532363713139659e+00
7.199070304801805875e+00
7.202249523889666882e+00
7.193194189395294202e+00
7.186676829613178441e+00
7.184087201569143488e+00
7.195453361427430750e+00
7.186119394108094305e+00
7.172223754007268859e+00
7.160792745702564410e+00
7.162622072989327293e+00
7.150812967636154482e+00
7.147027742719285648e+00
7.139800278968580827e+00
7.137607236318745052e+00
7.138707960548972054e+00
7.125865265246936531e+00
7.113415171460694353e+00
7.101304019990612559e+00
7.090950454652428903e+00
7.079107598970597159e+00
7.068678612379770243e+00
7.057050005863451325e+00
7.045199728650554327e+00
7.049722941589338987e+00
7.040924206735049040e+00
7.029218100315332229e+00
7.025724176271786803e+00
7.013956147399940555e+00
7.001130135376614660e+00
6.989087280728115026e+00
6.990025573864511621e+00
6.980344950588332154e+00
6.968830006560283508e+00
6.961365827080903124e+00
6.951235137114657903e+00
6.940497193700396750e+00
6.951691583997703816e+00
6.942443113982729841e+00
6.932131416790670464e+00
6.922390832867970190e+00
6.909877803373659866e+00
6.903158241221126978e+00
6.891269811335654971e+00
6.879413403396527293e+00
6.868864621065950082e+00
6.857846189838936013e+00
6.845882107648828097e+00
6.843124208325439994e+00
6.847066615228114550e+00
6.839076240831323261e+00
6.826697549450578606e+00
6.818385405974896507e+00
6.810614755016996646e+00
6.800181833834428424e+00
6.789648661737906821e+00
6.778372103766074019e+00
6.766632202342203861e+00
6.758880592866395531e+00
6.752448462313525468e+00
6.740517796969547781e+00
6.728922320280660507e+00
6.717505942429342625e+00
6.712592516500190065e+00
6.700976608164275206e+00
6.698667494454800142e+00
6.694331707298422529e+00
6.687280592443661575e+00
6.686921441245728737e+00
6.677572395459685062e+00
6.666820403881030366e+00
6.661209415577530990e+00
6.650237665113674979e+00
6.641414032008678525e+00
6.631055682645807359e+00
6.621814764658621399e+00
6.619440441246808859e+00
6.619619261422878154e+00
6.611867459052119145e+00
6.611645057042648155e+00
6.600998625126950792e+00
6.591175936158425230e+00
6.580941386834199491e+00
6.585267293288540102e+00
6.592757690231347389e+00
6.582527587776968225e+00
6.573959817618905355e+00
6.567919725886349980e+00
6.560872454526380793e+00
6.550989390144375868e+00
6.540767258929226280e+00
6.548338159308547901e+00
6.538878191829009090e+00
6.537977468345990140e+00
6.530777719071803489e+00
6.523584670699265509e+00
6.543225182001338069e+00
6.534101948160675022e+00
6.525267874915677169e+00
6.518314460964559132e+00
6.520445951740307500e+00
6.518055531023756899e+00
6.517057519315797798e+00
6.509371367748017612e+00
6.504514287801451466e+00
6.496214988809830615e+00
6.490528618873002031e+00
6.485742571410217039e+00
6.485979198391469858e+00
6.479608247168636481e+00
6.471406486239713374e+00
6.462058528479422748e+00
6.455174081232374128e+00
6.447335146495690950e+00
6.440475822356837021e+00
6.433034229114419134e+00
6.433887220128769791e+00
6.424448367878044408e+00
6.416234748119371112e+00
6.407388873142656927e+00
6.400973828536616672e+00
6.393355857358667294e+00
6.386789485640536945e+00
6.379329041175792803e+00
6.374878952260343290e+00
6.367677927909887181e+00
6.365085680230699872e+00
6.358472679173832631e+00
6.350942430393856419e+00
6.342486645597461781e+00
6.335148596767145257e+00
6.326205406021788491e+00
6.318799585569314203e+00
6.310404896934335817e+00
6.302644016776819846e+00
6.300742423542550874e+00
6.296013542759022030e+00
6.286410043111021473e+00
6.277321708907560804e+00
6.268941988999466197e+00
6.264680380786236569e+00
6.255815464829616701e+00
6.246871862028760880e+00
6.248868940711814979e+00
6.242416478837893301e+00
6.237460060841007348e+00
6.231611210819948177e+00
6.223573290991369689e+00
6.214803848142264719e+00
6.209764799988110262e+00
6.201009316043814223e+00
6.195005070140614301e+00
6.189507500048590849e+00
6.190236414993576908e+00
6.184907982123202252e+00
6.176954886454885774e+00
6.170275842620446483e+00
6.162239898951057171e+00
6.155401948272454682e+00
6.159509578026034049e+00
6.152262184093588715e+00
6.145041383847844152e+00
6.136982405202984658e+00
6.129251070303604720e+00
6.133115082967228737e+00
6.125326125268688138e+00
6.124165712169647335e+00
6.116518792381913094e+00
6.108243045642357316e+00
6.102280378655402515e+00
6.097402854125840044e+00
6.089259318161761136e+00
6.082486139848769291e+00
6.083225635044464674e+00
6.077592638468769515e+00
6.071163915522664212e+00
6.064370802674836192e+00
6.057188607658892110e+00
6.050327292378347543e+00
6.044541115837664513e+00
6.037437140877810471e+00
6.030408704849214985e+00
6.023478827394399993e+00
6.018609122368922648e+00
6.011052401079276741e+00
6.005003804299931858e+00
5.997703080864690506e+00
5.992029545860861894e+00
5.985645052573862479e+00
5.978608983077884353e+00
5.971507929229561640e+00
5.963608279095883091e+00
5.959307162819055037e+00
5.951460321396639053e+00
5.943972745020662529e+00
5.942411324308753962e+00
5.934497162049158447e+00
5.927125263771664265e+00
5.926765199720938071e+00
5.921932389443992584e+00
5.919860285124424415e+00
5.912049491228589027e+00
5.904614529492549835e+00
5.904353249957742911e+00
5.897256733178090293e+00
5.892023537524289090e+00
5.890282644899283326e+00
5.882939661646058305e+00
5.875721951695583201e+00
5.870460312836922157e+00
5.868176904879317313e+00
5.861376073530707664e+00
5.855418508741270678e+00
5.853611160926453394e+00
5.851461213312177279e+00
5.852295597560503992e+00
5.844809824891246564e+00
5.838652962027699012e+00
5.831999139182029168e+00
5.826232843375891868e+00
5.822302688504247925e+00
5.819624906098042061e+00
5.813532101088813242e+00
5.806345836437914798e+00
5.799633295201591210e+00
5.792185507405610778e+00
5.786022772528337299e+00
5.785654688639217724e+00
5.778495375067571160e+00
5.773623102733624890e+00
5.770283697318753902e+00
5.763351757506164574e+00
5.757938996918664287e+00
5.751002478564544163e+00
5.744611307193300043e+00
5.760665033269391166e+00
5.754727705829896678e+00
5.749785621277400338e+00
5.744989056468412514e+00
5.742018111151240056e+00
5.735352421180909488e+00
5.739260049624868465e+00
5.732854968205781887e+00
5.733373131201502382e+00
5.729339003925218776e+00
5.730146507992766480e+00
5.727317968993656194e+00
5.724553468945603463e+00
5.719687385237191890e+00
5.715187070367747424e+00
5.709670640966941768e+00
5.703598499988199677e+00
5.698051197952482383e+00
5.693960110091054183e+00
5.687815249808091167e+00
5.688255566745259451e+00
5.681657316421458326e+00
5.677586540818757577e+00
5.671891218586238459e+00
5.666905732084832614e+00
5.662776717411945882e+00
5.657084421041230549e+00
5.656058912771602998e+00
5.654434006915586508e+00
5.648793298711424882e+00
5.642713311334349058e+00
5.636006299960363286e+00
5.629821067940506296e+00
5.624178000273788669e+00
5.619780905000130389e+00
5.616564921805410115e+00
5.609745391813067528e+00
5.611195370747315891e+00
5.604879569885869550e+00
5.598699885631246431e+00
5.592894036305444239e+00
5.589111438114563235e+00
5.583490596388081428e+00
5.577750400826067434e+00
5.572327659265128297e+00
5.567179338698015734e+00
5.561105202455707719e+00
5.558843660745397486e+00
5.563040256761746072e+00
5.557913009775337976e+00
5.552958176451495476e+00
5.547820962017698143e+00
5.542787895174918766e+00
5.539052714936928190e+00
5.533582423016696339e+00
5.527275737546049506e+00
5.521266783508394838e+00
5.516390394825650745e+00
5.513720296390949294e+00
5.509794923269715206e+00
5.505010422805299619e+00
5.499307801446656541e+00
5.493552316460339924e+00
5.490202537139349914e+00
5.488487381269932186e+00
5.482676622434285107e+00
5.476730285349757033e+00
5.470602757676291006e+00
5.465359005784102386e+00
5.461364812078135955e+00
5.458506211965612032e+00
5.453432932069710581e+00
5.447790250226304920e+00
5.442277450391126870e+00
5.436586475047065825e+00
5.430531024331780365e+00
5.427312106136034764e+00
5.421905815664116446e+00
5.417073473434752984e+00
5.411253259432754703e+00
5.407286296076399879e+00
5.405911831763996034e+00
5.401554487517194580e+00
5.395767496394474172e+00
5.392211028791723315e+00
5.387018675858900707e+00
5.381252996338771410e+00
