5.000000000000000000e-01
6.392160853260969722e-01
8.850182715319241389e-01
9.537345387760899351e-01
9.805385934471806397e-01
9.767395643533357541e-01
9.936938065232486794e-01
9.967520304520701702e-01
9.902917501967759550e-01
9.905526975333069917e-01
9.942920632987906071e-01
9.863796274955753951e-01
9.933030378143162809e-01
9.952199179266849605e-01
9.893900453852965127e-01
9.968080699145200896e-01
9.963795550182569238e-01
9.980136286349188257e-01
9.972132181233881454e-01
9.984307500967570803e-01
9.914814218890199982e-01
9.981629609013864535e-01
9.964883289774464359e-01
9.901582469766087025e-01
9.917817389048098065e-01
9.974366222090795819e-01
9.989471654845614168e-01
9.985158094774237991e-01
9.957493792317695380e-01
9.974709184760631731e-01
9.987495633241576520e-01
9.977105864719637562e-01
9.985631226707601948e-01
9.870276906842004871e-01
9.978671664702527533e-01
9.840206647329715617e-01
9.974755280335017016e-01
9.988727457742103688e-01
9.988848639818173059e-01
9.989686477616831484e-01
