5.000000000000000000e-01
6.394119190399364383e-01
9.450917055507477293e-01
9.834198857467555399e-01
9.794870055416154964e-01
9.909512648016802761e-01
9.918847726603959858e-01
9.924218295884303931e-01
9.881251712276644117e-01
9.950193297007700055e-01
9.962983224399920568e-01
9.950277080787566231e-01
9.967936904145847654e-01
9.970662341220314362e-01
9.970338512562493261e-01
9.970535360958786564e-01
9.960373461125339167e-01
9.978875760830652197e-01
9.983523006475123474e-01
9.974054859531708006e-01
9.979544871432486364e-01
9.982244796490936656e-01
9.968396120434113161e-01
9.986718676390224925e-01
9.980173394736117087e-01
9.978079669967283571e-01
9.984313878971576850e-01
9.983065529642499714e-01
9.983235416476412549e-01
9.987217320339600857e-01
9.988732386199737912e-01
9.991550304332258436e-01
9.991092827499636897e-01
9.990477060204007165e-01
9.981383765950443410e-01
9.989366417779558249e-01
9.985745450961122094e-01
9.991876452264264463e-01
9.992865042884828686e-01
9.989184644665454194e-01
