4.611187534646119701e+01
4.502160271678859260e+01
4.435829064826109658e+01
4.334405853047140056e+01
4.292788077877777653e+01
4.211043647766155118e+01
4.131347656169746330e+01
4.050989391445209975e+01
3.983850056345726642e+01
3.929824731528597681e+01
3.879292254569170240e+01
3.833782454909791682e+01
3.789307677130616270e+01
3.746875438084061471e+01
3.707522441143946423e+01
3.663336617038547161e+01
3.624118000845243870e+01
3.588423484080777115e+01
3.551813069251580401e+01
3.517226536090441158e+01
3.485226373572513836e+01
3.451893934858756552e+01
3.419577420980154869e+01
3.387880324887097316e+01
3.358280004263814078e+01
3.329671840743434785e+01
3.300107955314638986e+01
3.272481459773468515e+01
3.247192972724726445e+01
3.218787072041079256e+01
3.194525990860170239e+01
3.169654911456033730e+01
3.142526562206223772e+01
3.117675207032090157e+01
3.095686365461520495e+01
3.071426021453546795e+01
3.048364898386757815e+01
3.025931422910334945e+01
3.001026472990604788e+01
2.981340790495625015e+01
2.959191904275799345e+01
2.935346936062581946e+01
2.914851342598582207e+01
2.894456689109403058e+01
2.873449382572419708e+01
2.852936324315075112e+01
2.832789852996784319e+01
2.812877743921091422e+01
2.793652422940954949e+01
2.774510329061661906e+01
2.754681410008066678e+01
2.736331531737976519e+01
2.717566647184219519e+01
2.698477770150586608e+01
2.682252772796837448e+01
2.665149296631475906e+01
2.648800029682758250e+01
2.632077499501149020e+01
2.615946981807342198e+01
2.600781411938745435e+01
2.584568498474536113e+01
2.567636927965087423e+01
2.551572222827098102e+01
2.536306808537280588e+01
2.521128704167081125e+01
2.504193809572626250e+01
2.486156561902187789e+01
2.469567424992473192e+01
2.453736981748851065e+01
2.438268440080019062e+01
2.424173492788256468e+01
2.409444983714533350e+01
2.393686031052208918e+01
2.380554547032382118e+01
2.365593139627126362e+01
2.351514580640361274e+01
2.338185944249051929e+01
2.323189102753937618e+01
2.310181590360432224e+01
2.296857372485271753e+01
2.283182121663157105e+01
2.270117527966610282e+01
2.255479868303595481e+01
2.243544493589644517e+01
2.229109889717883064e+01
2.216976087551081420e+01
2.203770578558800253e+01
2.192982797028696140e+01
2.179899488784774064e+01
2.166107964456784529e+01
2.152603971947953454e+01
2.142612335919032418e+01
2.128924579521332916e+01
2.118237723852110577e+01
2.105810332918014183e+01
2.096163166771594177e+01
2.086227719950747428e+01
2.074848054661928032e+01
2.063438997554076337e+01
2.051494682182227081e+01
2.038997705587880915e+01
2.028322610696303485e+01
2.016854728676541342e+01
2.006015078809583940e+01
1.994265844752989736e+01
1.985146550314519942e+01
1.977138026962466100e+01
1.965963170774642421e+01
1.957718340518550093e+01
1.948473285620938711e+01
1.938652446091065329e+01
1.927906274932362152e+01
1.916195730010628751e+01
1.906418128473384854e+01
1.895640556969824786e+01
1.888619365014178442e+01
1.883427748522865031e+01
1.874244115263245547e+01
1.864127474020781960e+01
1.856024580993865669e+01
1.847313032339731720e+01
1.837372311891873267e+01
1.830523539330074101e+01
1.823321060179611308e+01
1.814137069565337157e+01
1.806594917897344743e+01
1.799273258276714671e+01
1.789557969772245727e+01
1.780397755391597414e+01
1.771892799728996337e+01
1.762642707244236817e+01
1.754685361521973519e+01
1.747625260783284418e+01
1.741212146204570033e+01
1.733164931010531262e+01
1.725250972448425557e+01
1.720125215542296360e+01
1.712036402806008084e+01
1.704565819624325584e+01
1.697758522817449389e+01
1.689599055074506850e+01
1.686157042826554786e+01
1.679635534487437809e+01
1.671577253509016714e+01
1.665070769185615873e+01
1.658147019947044853e+01
1.653477567102876122e+01
1.648280984202250465e+01
1.641244505502605833e+01
1.633632168694811426e+01
1.626378613512259008e+01
1.622302258274722320e+01
1.615114366322242745e+01
1.608496223714085360e+01
1.602924030467005778e+01
1.596293306066609929e+01
1.590563624366835960e+01
1.584640922381494299e+01
1.578302737458756688e+01
1.573242116651131361e+01
1.567602524249395302e+01
1.561709012122176254e+01
1.555297077148589224e+01
1.550939854003807739e+01
1.544487196645152949e+01
1.540022210454147888e+01
1.537606977889664428e+01
1.531649795190150343e+01
1.527254231775754789e+01
1.521175040618277663e+01
1.515929435646079959e+01
1.510894292191906807e+01
1.505661435534143067e+01
1.501567886196210289e+01
1.496175598225620540e+01
1.490811097076515068e+01
1.485340470923006428e+01
1.480192975814112977e+01
1.475136799978152524e+01
1.470139081628070343e+01
1.464663697127981301e+01
1.460144105986783103e+01
1.454809346547646065e+01
1.450052384371745973e+01
1.445440818181254272e+01
1.442503509841315612e+01
1.439796879271188779e+01
1.434620161152639284e+01
1.431220195279174590e+01
1.427761652891360811e+01
1.422283710253252309e+01
1.418025942870091960e+01
1.414125862295694525e+01
1.409245873383456171e+01
1.405814534672471083e+01
1.402377068722130993e+01
1.398775806450503012e+01
1.395041222199204789e+01
1.392413260822232424e+01
1.388308709073227476e+01
1.384434157420445999e+01
1.380439447991938806e+01
1.375641249121958865e+01
1.371262181190468610e+01
1.367237885634553507e+01
1.362603677968615123e+01
1.358443465699520658e+01
1.354236874694385939e+01
1.349819102042995311e+01
1.345984207821738110e+01
1.341874864031042236e+01
1.337959337583903263e+01
1.333366152656823544e+01
1.329441494767748289e+01
1.326307930856822459e+01
1.322174816767130778e+01
1.318282416042356786e+01
1.315004081357577626e+01
1.311134174041954914e+01
1.307387572277397503e+01
1.303354841663653829e+01
1.300675991519019803e+01
1.297311102332882626e+01
1.294339760636614045e+01
1.290312640208908057e+01
1.287834111093486911e+01
1.283879082193838705e+01
1.280950339189504383e+01
1.277870905682487646e+01
1.273670993579555244e+01
1.269715912909405553e+01
1.266216107908512711e+01
1.262684615292246271e+01
1.259344963016396157e+01
1.255710364359541131e+01
1.254296878759435785e+01
1.251210054002955907e+01
1.247705175920045129e+01
1.245206076076737745e+01
1.242507108937656568e+01
1.239979350723263174e+01
1.236696963015221051e+01
1.234155336849039841e+01
1.231059553474029755e+01
1.228003629545960962e+01
1.224588548554145184e+01
1.221015188321468514e+01
1.217829876271450829e+01
1.214745276806085350e+01
1.212091464351260583e+01
1.208977700374133413e+01
1.205478217137532404e+01
1.203563113731408407e+01
1.203223043900243283e+01
1.200428066665533855e+01
1.197034938262019921e+01
1.194900319367217811e+01
1.191654054029016585e+01
1.188879538607695530e+01
1.185763839649998630e+01
1.182503060967470532e+01
1.179765308379278821e+01
1.176936077728124097e+01
1.174006641115908423e+01
1.171499548873510577e+01
1.168698635014948373e+01
1.165554175245039303e+01
1.166462506714672642e+01
1.163417250481241716e+01
1.160683215522401568e+01
1.157925808115264665e+01
1.154903155060508269e+01
1.152105433314858729e+01
1.149198233897310040e+01
1.146439752126390665e+01
1.145332674698568454e+01
1.143853275789388135e+01
1.140843527678229385e+01
1.138250532452190811e+01
1.136382442387985670e+01
1.133711320753093865e+01
1.131044483993976613e+01
1.128705551995265743e+01
1.126006037582062902e+01
1.123516201551489146e+01
1.121358526909665621e+01
1.120867117536052326e+01
1.118280718347995517e+01
1.118030606216691147e+01
1.115900617596026834e+01
1.113682142310912937e+01
1.111233125031447955e+01
1.111391671660022595e+01
1.110325852259432011e+01
1.108238722084803030e+01
1.105763451967225386e+01
1.103165788178703011e+01
1.100864685481345084e+01
1.099319551577480425e+01
1.096938017038206148e+01
1.094582072491621894e+01
1.092021568163450596e+01
1.089550664889008580e+01
1.087067551699066037e+01
1.084579877072044773e+01
1.082609262267017236e+01
1.081688270658222528e+01
1.079680987135193071e+01
1.078716290365041885e+01
1.076260321036156853e+01
1.074133577186197286e+01
1.071920852262972801e+01
1.070754026564674533e+01
1.068686928811488634e+01
1.066606880501712773e+01
1.064600829561862660e+01
1.062094939877763444e+01
1.059930207740286079e+01
1.058126538371060299e+01
1.055952813644920596e+01
1.053915306838780808e+01
1.051759598246230709e+01
1.049423258027453976e+01
1.047231601394183897e+01
1.045528982944439456e+01
1.043439911107450158e+01
1.041036858966676526e+01
1.039125497348330107e+01
1.036798353850510601e+01
1.035966518423057892e+01
1.033969588851107346e+01
1.031916000224726027e+01
1.029751245578574981e+01
1.027633399279867810e+01
1.026170943358509113e+01
1.024453291486801376e+01
1.030690867197852256e+01
1.029562655322243359e+01
1.028214543214304300e+01
1.027100744102833652e+01
1.025872369498410031e+01
1.024602447222656032e+01
1.024784041390336853e+01
1.025854495718162696e+01
1.027854657738121702e+01
1.030897924100974272e+01
1.031841969929687330e+01
1.031393521553388126e+01
1.031690288529900457e+01
1.030430881112766173e+01
1.029383876118167152e+01
1.027871479960767509e+01
1.026448174946928660e+01
1.025277741990732494e+01
1.024444357331810806e+01
1.023436617759512757e+01
1.023221160831097976e+01
1.023517357682827367e+01
1.023818866733625299e+01
1.022744753355369873e+01
1.021566116078088626e+01
1.020120656117288327e+01
1.018977187806167883e+01
1.017506278320891688e+01
1.016321716540011266e+01
1.014850000626943682e+01
1.013479898657705469e+01
1.013147365496013386e+01
1.011497522975134089e+01
1.010105150274599062e+01
1.008534463149160665e+01
1.007159851703821474e+01
1.005686748572895262e+01
1.004020851492100519e+01
1.003178087484971748e+01
1.001950263453902146e+01
1.001306386043984986e+01
9.997573482585435656e+00
9.981470517140056842e+00
9.971400296532516805e+00
9.955142693650048002e+00
9.955705528102098967e+00
9.938720652898076935e+00
9.926601652399391185e+00
9.913547219838823921e+00
9.898668473106633670e+00
9.886330911012880307e+00
9.873088964887010377e+00
9.868555165635424231e+00
9.862270067939105544e+00
9.850918124395379394e+00
9.841976649285093970e+00
9.826475060123126326e+00
9.812174644189843420e+00
9.802199625762943569e+00
9.787982999644686544e+00
9.773961253141392191e+00
9.758262520042816135e+00
9.743033468725455393e+00
9.734217481687359452e+00
9.721661801392418312e+00
9.711246116693398989e+00
9.698277489940821283e+00
9.688291066846851152e+00
9.672298583744161959e+00
9.658211960039521315e+00
9.643555374799621660e+00
9.636394575581309851e+00
9.621334343705424175e+00
9.608689784660514377e+00
9.596622046486823265e+00
9.582549936971943794e+00
9.571370421259727479e+00
9.560115822926753992e+00
9.552337105768799574e+00
9.535914125500536187e+00
9.521184691470363504e+00
9.510745538064634630e+00
9.511725266499947651e+00
9.496927632042233114e+00
9.485805426177446265e+00
9.471647657556315991e+00
9.459494740976088778e+00
9.445955086350451779e+00
9.431733887950969120e+00
9.418945360370734932e+00
9.405896592309833437e+00
9.393465160222088883e+00
9.377812224786124418e+00
9.368749278373028844e+00
9.354295198261610267e+00
9.340022896916352124e+00
9.326561963970112501e+00
9.316921962389637102e+00
9.302724095173187990e+00
9.293543567314550558e+00
9.282497218803603900e+00
9.267693992019069071e+00
9.257003115448894093e+00
9.243600744466913710e+00
9.232798745623586711e+00
9.220856379533989511e+00
9.206230019595714964e+00
9.192452412460770717e+00
9.178577168216717652e+00
9.164595051630280764e+00
9.162596071012476528e+00
9.150248759172875168e+00
9.137095073001461287e+00
9.131771691145477376e+00
9.116927259759973978e+00
9.107445056895031144e+00
9.096990408667499750e+00
9.083541334954068347e+00
9.077243301636725548e+00
9.064812472571514235e+00
9.052046726065880122e+00
9.041439516366400753e+00
9.038340140164338621e+00
9.027854265256738842e+00
9.021058307134222076e+00
9.009212534450755427e+00
8.995801823245695772e+00
8.984464026208208054e+00
8.974454602725446151e+00
8.961747078565050373e+00
8.954450231897235213e+00
8.942206059072967506e+00
8.929617500233684169e+00
8.918852398730111375e+00
8.910814935448380325e+00
8.899376125002552484e+00
8.887277867657250141e+00
8.882334230340084957e+00
8.871172326308494505e+00
8.859149456517547705e+00
8.848803252879921644e+00
8.843630877226669185e+00
8.832560648270218806e+00
8.820267787191744091e+00
8.809634354384231258e+00
8.797718804143192628e+00
8.784730183660929725e+00
8.778412820835695740e+00
8.769444065073864536e+00
8.761443350158177878e+00
8.748688238869799960e+00
8.737533477969522622e+00
8.726863221330388498e+00
8.718613260654899833e+00
8.708442323908721860e+00
8.697593320987321519e+00
8.686782811121926073e+00
8.673709325196583109e+00
8.662231962909931582e+00
8.653120635003309857e+00
8.639640125570178242e+00
8.636690070736468883e+00
8.624771541083864790e+00
8.619245266785666715e+00
8.608978526571844370e+00
8.596472952239928134e+00
8.587697556153592870e+00
8.575927521134634191e+00
8.563024408106302943e+00
8.559520750620320584e+00
8.548520824147532338e+00
8.537651116532456896e+00
8.527575426728354557e+00
8.515867482003878663e+00
8.504257059153506049e+00
8.492715114317412883e+00
8.480791070608491466e+00
8.482717087988953963e+00
8.474539905123739558e+00
8.463241141176629512e+00
8.452112059380478826e+00
8.442202901297596540e+00
8.436919169762436610e+00
8.434043723366812628e+00
8.422715846873360945e+00
8.411156013185081548e+00
8.401405533147846327e+00
8.392795689410936788e+00
8.381877901846179313e+00
8.373204609915923413e+00
8.361903500831656899e+00
8.352955346846577811e+00
8.345574845986361012e+00
8.349934215629586376e+00
8.345231216139021413e+00
8.338431873901738456e+00
8.330829582602573780e+00
8.331313249597185333e+00
8.326189884702936084e+00
8.317471942729024903e+00
8.316160831784257468e+00
8.309544949438199879e+00
8.302750128966430054e+00
8.293894241299961223e+00
8.288293483910738502e+00
8.282038722180880441e+00
8.275659603181200197e+00
8.269290294001921282e+00
8.259132421117648448e+00
8.249926041811258770e+00
8.244567402771638243e+00
8.236538260363632347e+00
8.226031817586578754e+00
8.215256797600837047e+00
8.205768693133023817e+00
8.196735407030907083e+00
8.190972014193496520e+00
8.187914693989737813e+00
8.178003406850193002e+00
8.182870141021075128e+00
8.174940621342615898e+00
8.165597434994030124e+00
8.155354378131226767e+00
8.145805754293709455e+00
8.138313068811765305e+00
8.131050027781846268e+00
8.121422483511016921e+00
8.113385046645285925e+00
8.103168324713880821e+00
8.092588915118380299e+00
8.086059426686025731e+00
8.075536178493530670e+00
8.066507358026598240e+00
8.056563052654231782e+00
8.054264905508965455e+00
8.045021903924530093e+00
8.037164743105144282e+00
8.027874267563969823e+00
8.035555507999465163e+00
8.025850897432631470e+00
8.016287752185526472e+00
8.008224485042829244e+00
7.999710969561331986e+00
7.990215812124424666e+00
7.984792366930582475e+00
7.977372866048622058e+00
7.967799017539728190e+00
7.960813802549948193e+00
7.951486456577335105e+00
7.945106118876744894e+00
7.938171279756691234e+00
7.934745593692833054e+00
7.925813938163291716e+00
7.961771745001094303e+00
7.955224152507341273e+00
7.947524631325993738e+00
7.939896352102854493e+00
7.935460875662294633e+00
7.934524328902371693e+00
7.928496320352164339e+00
7.927034988750679467e+00
7.926762441368583545e+00
7.924821808693934599e+00
7.943536519093109760e+00
7.939993349713475368e+00
7.936494234565481420e+00
7.931045871855820550e+00
7.928670270033680190e+00
7.929014423059106420e+00
7.925952612684014298e+00
7.926059076815318072e+00
7.921075046366214067e+00
7.915619252130085215e+00
7.909450667077206454e+00
7.904178626547371245e+00
7.898726232197669894e+00
7.891297551399217625e+00
7.888665863434626502e+00
7.881964050431999880e+00
7.875838170569489982e+00
7.868210388846429204e+00
7.865610519658471134e+00
7.865352189631736657e+00
7.861844156128245054e+00
7.858595819954536488e+00
7.851004482738221490e+00
7.846548321765522971e+00
7.840192701492036953e+00
7.832533353167377754e+00
7.827599975200651095e+00
7.827269579872447203e+00
7.820102489633761422e+00
7.816932024776871657e+00
7.811202133299275374e+00
7.811873422488494256e+00
7.810689723961599107e+00
7.804362373416289245e+00
7.796411584065023881e+00
7.795386023696724287e+00
7.788938796041927404e+00
7.789246177748013089e+00
7.791279594925804020e+00
7.782913377355705542e+00
7.775806032907021326e+00
7.768906530095599727e+00
7.760930351871023092e+00
7.754009211460065387e+00
7.749010363626988251e+00
7.748195726746679668e+00
7.744567165225163308e+00
7.738895048256125619e+00
7.732701935184100428e+00
7.726266652210020069e+00
7.721114971935613802e+00
7.714708967270762052e+00
7.709774548848375986e+00
7.704700789980268638e+00
7.697414675719581822e+00
7.690550662945062399e+00
7.685723145774033149e+00
7.683258771846873003e+00
7.676464344914446514e+00
7.671173015877553958e+00
7.665500378788721925e+00
7.659511297107473915e+00
7.651454872493912873e+00
7.644542130607237418e+00
7.636850362382527457e+00
7.629160955804660027e+00
7.622467721721728928e+00
7.626887125674246981e+00
7.621078628843197755e+00
7.617716128369193207e+00
7.614758874026919422e+00
7.606946713045995345e+00
7.599531948890804856e+00
7.593419814613706187e+00
7.586646619817663861e+00
7.581246344982845109e+00
7.575995448055919290e+00
7.568780631646283119e+00
7.562176850231537628e+00
7.555947787426979367e+00
7.558835930599881792e+00
7.552602508404977044e+00
7.548690787550402348e+00
7.543268343322282909e+00
7.537831866023225302e+00
7.530523950874901118e+00
7.526197359838283418e+00
7.522341988006754576e+00
7.516309616911462044e+00
7.511444120566067362e+00
7.505485461393763380e+00
7.499763298419611424e+00
7.492812037834110761e+00
7.487174103725598329e+00
7.480596545771114769e+00
7.476558434928040064e+00
7.472260631800106800e+00
7.465379948069304383e+00
7.458336743552748338e+00
7.456431766761157931e+00
7.456590704228445610e+00
