2.739211159767192072e+01
2.638292970860818087e+01
2.615334582981316913e+01
2.570682909252676396e+01
2.555954741104857320e+01
2.554588606198453604e+01
2.529135781756174239e+01
2.513363970069934794e+01
2.501821297433660618e+01
2.474486783120607569e+01
2.452368063433655365e+01
2.432380686708017947e+01
2.413270568135111205e+01
2.394058394858235417e+01
2.379713209871743018e+01
2.361700454765018264e+01
2.343227391830062700e+01
2.324671336248891507e+01
2.309963654468318239e+01
2.294934396685664169e+01
2.280518748141854246e+01
2.266892539093505121e+01
2.251501777584220321e+01
2.234945566982217002e+01
2.219918617269356886e+01
2.204120962149382734e+01
2.189990996402219992e+01
2.174455989018876778e+01
2.159953989872790103e+01
2.144118947366349914e+01
2.131254611268214560e+01
2.117828579989463833e+01
2.102792722416270621e+01
2.087450311338754361e+01
2.074561121517691831e+01
2.061197568811784109e+01
2.047061214174492605e+01
2.035887390382184492e+01
2.021841657252497981e+01
2.008365225009263355e+01
1.997839126381534314e+01
1.984129149732719810e+01
1.970188091802034336e+01
1.957776091009429109e+01
1.946640333268099354e+01
1.934908045089094841e+01
1.922085834995773013e+01
1.908655952965185776e+01
1.895101774567274688e+01
1.881507199547620957e+01
1.868982879087566573e+01
1.857558766237960057e+01
1.844352166356815559e+01
1.831100574318008967e+01
1.817508447446088837e+01
1.802909720419186357e+01
1.792075517924492445e+01
1.781738132976757427e+01
1.769357386469522098e+01
1.757345998223361860e+01
1.744445075820641122e+01
1.734305429308095370e+01
1.724489997290518417e+01
1.712418553995093973e+01
1.701322382754212725e+01
1.688277625624023059e+01
1.676458457216290654e+01
1.666022809957701156e+01
1.653815263171965100e+01
1.641489515797003662e+01
1.631229408105615164e+01
1.620702940545934112e+01
1.613368294657588464e+01
1.602432645707551373e+01
1.590352806683102749e+01
1.579130513372689215e+01
1.568243513700432779e+01
1.557325088017073433e+01
1.546242289643374335e+01
1.534875707135077150e+01
1.524499255385863350e+01
1.518181293457076997e+01
1.510401813684832817e+01
1.500188501612329439e+01
1.489567165697160611e+01
1.483180581011095356e+01
1.476037593958076144e+01
1.465078966974722796e+01
1.456207328925961342e+01
1.451454083912610216e+01
1.443408886388247225e+01
1.436912078790298075e+01
1.427113064508449192e+01
1.418554986313901978e+01
1.414324046899946019e+01
1.407498359097115248e+01
1.401736927387275067e+01
1.394786997194922584e+01
1.386800056705861550e+01
1.379964139079945440e+01
1.373163095089129548e+01
1.364061933620760136e+01
1.355380151974295622e+01
1.347179230907051384e+01
1.340069006602387702e+01
1.331602777220660272e+01
1.327188879043937497e+01
1.320209215296853422e+01
1.313426030476873407e+01
1.308707440588282012e+01
1.302438723076663862e+01
1.295551607458714649e+01
1.289082987389867263e+01
1.283182383883063871e+01
1.276466588048154094e+01
1.270388684283208214e+01
1.264185571717170653e+01
1.257375908192435432e+01
1.250644082389169576e+01
1.244380883536791060e+01
1.238046925283257416e+01
1.231690118775156151e+01
1.224396167230690935e+01
1.218708977053547748e+01
1.211516775498714615e+01
1.205590193275582322e+01
1.199733140284897281e+01
1.193463640618958976e+01
1.190302578152981638e+01
1.184500252418852995e+01
1.178443986386367470e+01
1.172550029892535228e+01
1.168534472542203417e+01
1.162602961867755802e+01
1.157677689680441269e+01
1.152973250351933920e+01
1.147911800617141687e+01
1.141910654555757176e+01
1.136611157403819483e+01
1.131213822679012715e+01
1.125517036810658844e+01
1.121248907100012282e+01
1.116576315406875963e+01
1.111604687120836310e+01
1.107710473796422868e+01
1.106550857651741282e+01
1.100792972815485982e+01
1.095445232088213494e+01
1.090099189027215232e+01
1.085978105988360376e+01
1.080452437077165229e+01
1.075869762320958145e+01
1.073551744592562329e+01
1.070576501467106922e+01
1.067644832994368898e+01
1.064562517656139740e+01
1.061942556077442745e+01
1.058161888763872582e+01
1.054373554494400445e+01
1.049686125597137654e+01
1.045421759458677613e+01
1.040615982408139573e+01
1.036032897558228427e+01
1.031862470793085329e+01
1.027595434712190325e+01
1.023443653778380380e+01
1.019576301962868747e+01
1.015359735658828910e+01
1.011258431036015004e+01
1.007509648155041226e+01
1.004172217790558719e+01
1.000286268765719733e+01
9.988356631626508886e+00
9.976175592859652497e+00
9.936875123658984066e+00
9.895127965222286548e+00
9.865857942132338465e+00
9.849576560229815314e+00
9.812831996403046375e+00
9.783472709559227098e+00
9.747252871871271651e+00
9.717039433032157447e+00
9.687091740314421884e+00
9.651814763328848912e+00
9.624313543656084491e+00
9.590687017027017092e+00
9.552253015361808153e+00
9.522810357862388386e+00
9.495605486756970137e+00
9.457485777318115794e+00
9.442697245004968210e+00
9.405953365767212304e+00
9.372855163022750347e+00
9.336151443367135982e+00
9.321846513085752406e+00
9.287534950126579147e+00
9.255517551673831278e+00
9.220653226717416828e+00
9.189992709275809801e+00
9.160872898121635188e+00
9.126695629028819923e+00
9.103689215026951942e+00
9.069797424274867126e+00
9.037834830941934072e+00
9.008834866311030254e+00
8.983913906585595299e+00
8.957069484064001941e+00
8.926104562156059075e+00
8.893552369945000535e+00
8.873764022167311083e+00
8.840544768917586893e+00
8.811222455936725595e+00
8.784724164109579903e+00
8.754287808606939336e+00
8.748217422175306623e+00
8.719912378776934148e+00
8.689423467326259143e+00
8.657962622327346480e+00
8.645092200563990303e+00
8.619552306226889726e+00
8.592188250044351605e+00
8.561905602015871253e+00
8.535372315217248484e+00
8.513103694337104344e+00
8.486479238380695733e+00
8.467984921351064287e+00
8.449607714735968500e+00
8.424046430252680295e+00
8.410869928231802461e+00
8.404846143725304586e+00
8.379730886253836886e+00
8.356458580792763158e+00
8.328385029655636984e+00
8.316794106858308666e+00
8.294706503922082419e+00
8.268181205108859899e+00
8.244209840084151253e+00
8.224121506788483416e+00
8.202330313099663428e+00
8.181307558015635806e+00
8.156344507833665602e+00
8.135935267239352342e+00
8.109868862485292595e+00
8.090135864004173172e+00
8.064741081499949615e+00
8.041792233492794040e+00
8.021217607457206356e+00
7.996840845816271859e+00
7.982177165425992094e+00
7.962005053579769509e+00
7.964183930141715884e+00
7.944208102525339044e+00
7.933688451559234522e+00
7.920126416513802781e+00
7.899475307623259113e+00
7.891340857218152927e+00
7.873288981617835525e+00
7.853458165434886062e+00
7.841332423602261237e+00
7.824920924712505332e+00
7.804507085226817686e+00
7.784886263085640579e+00
7.766645774473691866e+00
7.748070544101198998e+00
7.741172333902373914e+00
7.721350714888163047e+00
7.708950306446963552e+00
7.689381098191300445e+00
7.667378716672460293e+00
7.644955062462583939e+00
7.622510548440230238e+00
7.607846358114382035e+00
7.587258676562281146e+00
7.566862588491563457e+00
7.545573674308361234e+00
7.526294993310021830e+00
7.507510281804537833e+00
7.490007230597820254e+00
7.471639045121629685e+00
7.452585395443768412e+00
7.434657168714082331e+00
7.423193760771884975e+00
7.421697355276283936e+00
7.401128630468279290e+00
7.381042524169717289e+00
7.362600614364270157e+00
7.345092867183146801e+00
7.325240295310458727e+00
7.323356916602186573e+00
7.306084553723968256e+00
7.287992694664173321e+00
7.273608476074261198e+00
7.255263844105088289e+00
7.238490361955941310e+00
7.218689993251522274e+00
7.201772401645099464e+00
7.184414715489304548e+00
7.166601472709206000e+00
7.162708516106465417e+00
7.147635431537016082e+00
7.129222108656389167e+00
7.110944778248088127e+00
7.093351221346100743e+00
7.074767624201954597e+00
7.058036453540040611e+00
7.042890744741541198e+00
7.033432235195300919e+00
7.017885436128080023e+00
7.000815796362472199e+00
6.987988839997413493e+00
6.992994918589152675e+00
6.976336742929328594e+00
6.962414465825965237e+00
6.947931194615465600e+00
6.934655777255413156e+00
6.918636639947793654e+00
6.911284217339836111e+00
6.895269219683247464e+00
6.879497266024268143e+00
6.862823179256063000e+00
6.846882848903189434e+00
6.835798692085517381e+00
6.823814221269713265e+00
6.809972635593156021e+00
6.798262621512857429e+00
6.784982738451573958e+00
6.769106842465329343e+00
6.752536683589741351e+00
6.739024177212031397e+00
6.728300478481616054e+00
6.717182103685551908e+00
6.700958923714331661e+00
6.684716544706671648e+00
6.681449947383848453e+00
6.675774135434330958e+00
6.660096226643654305e+00
6.647556319265263802e+00
6.651268072439185275e+00
6.654099626204973639e+00
6.642685024155742468e+00
6.636344073819698153e+00
6.621687689799824028e+00
6.610535331123362113e+00
6.597195619483753326e+00
6.583238162798210169e+00
6.569970277803578895e+00
6.564608707861808057e+00
6.561686959580915968e+00
6.549538970439457763e+00
6.542102643340216517e+00
6.529547477026813596e+00
6.517360346593935816e+00
6.503726808934792381e+00
6.491130827776979473e+00
6.478022109217063118e+00
6.464918403745001818e+00
6.450915669330634650e+00
6.440778471301354280e+00
6.429192293725445317e+00
6.418970761139870973e+00
6.406487688847658291e+00
6.394081855403099368e+00
6.382150516641300619e+00
6.368142237177490728e+00
6.354410456551308428e+00
6.343687009757922546e+00
6.330212215879509330e+00
6.317334548881131440e+00
6.303883037596446748e+00
6.293429616352760547e+00
6.288416347803185147e+00
6.277310660572349654e+00
6.276633195562172141e+00
6.269603229589360893e+00
6.268346714591040758e+00
6.255879722968704648e+00
6.248237464740756586e+00
6.234819321501721134e+00
6.225609156790806509e+00
6.215203349533326538e+00
6.204933599629447905e+00
6.193035233851274413e+00
6.185815192591955558e+00
6.172940379630263763e+00
6.162656604088053491e+00
6.152423802543585118e+00
6.144653753887848069e+00
6.142002653751021946e+00
6.133367752987397559e+00
6.122596771896416712e+00
6.113993402108100383e+00
6.106215810695829305e+00
6.094868396043795933e+00
6.086146162416618211e+00
6.074373608031312877e+00
6.070188007656259543e+00
6.060866351108144201e+00
6.049583901089622628e+00
6.043167744246449757e+00
6.032074290643773651e+00
6.022588376279009559e+00
6.010668426389407237e+00
6.001140196247233938e+00
6.007522481740045883e+00
6.000126081067284289e+00
5.991580450021846360e+00
5.982788590072391166e+00
5.972657077662026026e+00
5.963137153097923360e+00
5.952902263077587186e+00
5.941893688618415048e+00
5.932141351345548763e+00
5.922637351079433898e+00
5.912100601388729615e+00
5.902306738502424821e+00
5.894970699618796495e+00
5.885386806742272547e+00
5.874076955526267518e+00
5.873322171829917338e+00
5.866359864109124800e+00
5.854751936693189052e+00
5.848024730262357807e+00
5.838679984614287832e+00
5.830357619215509324e+00
5.822424321315830653e+00
5.813441972172566530e+00
5.803423524434036196e+00
5.802849359652986649e+00
5.793763866367116933e+00
5.786415511503489206e+00
5.775592079546055579e+00
5.769410561536653326e+00
5.760158439703165989e+00
5.754947991815853925e+00
5.754542797998094983e+00
5.752451261284096340e+00
5.746791813221914680e+00
5.739568070071052297e+00
5.738802752318433953e+00
5.730018054080620260e+00
5.722146189106799952e+00
5.712899840814952057e+00
5.702721555356353278e+00
5.696295203293277432e+00
5.686025507211152963e+00
5.678161121557565139e+00
5.675965907884461537e+00
5.667460296479384319e+00
5.659096250035669406e+00
5.649734548131888801e+00
5.639921832201499896e+00
5.634247080654502859e+00
5.626582356368079907e+00
5.624282760274666337e+00
5.621271526650263084e+00
5.611407911173921015e+00
5.609840979385100290e+00
5.609681530500339797e+00
5.609977828239157027e+00
5.601403462324881843e+00
5.595701058357804847e+00
5.587919143789115139e+00
5.580820607297581226e+00
5.573572350400710640e+00
5.564702348199964455e+00
5.557175660407088991e+00
5.549391101075388022e+00
5.542104964669118949e+00
5.536390168932527445e+00
5.528556016810409091e+00
5.522618364242128486e+00
5.513839063214306613e+00
5.505444874140458467e+00
5.503193034570636577e+00
5.498466239640980469e+00
5.490985212056508580e+00
5.484337995394424681e+00
5.475704990256688554e+00
5.469344286007721934e+00
5.463936733098702980e+00
5.456533974484591987e+00
5.448170041225651516e+00
5.441354060655673841e+00
5.433576562134183163e+00
5.425696051583692281e+00
5.421107256040788691e+00
5.424049684242828739e+00
5.416000326366766870e+00
5.407068647785403748e+00
5.398287820724104513e+00
5.392563024128699034e+00
5.385468485952272566e+00
5.383817206027129210e+00
5.375881039010990570e+00
5.367934476699126378e+00
5.360335096240009811e+00
5.353324147281822043e+00
5.351829005377317650e+00
5.345925179152517970e+00
5.338642368523289328e+00
5.330027612167043571e+00
5.323620852471425913e+00
5.318322381895059792e+00
5.310721166597893728e+00
5.308320918035914104e+00
5.301069475819080168e+00
5.293944903561664361e+00
5.294550418301073869e+00
5.298497813439498216e+00
5.292561733775268173e+00
5.287498830295794150e+00
5.279934132365506017e+00
5.272318385806818775e+00
5.265968731738101205e+00
5.258404743089690747e+00
5.250446388125008745e+00
5.242747984346917356e+00
5.234609736253405643e+00
5.228645636172317701e+00
5.221581486262606653e+00
5.217127889934442209e+00
5.212352052124409774e+00
5.204396974520880015e+00
5.198613910608558264e+00
5.193429777099775713e+00
5.186499855362508349e+00
5.181040487556381358e+00
5.176261641867948349e+00
5.168250699023456463e+00
5.162899622984237880e+00
5.155659995942417417e+00
5.147577172574105298e+00
5.139867216079782253e+00
5.138465929856183223e+00
5.131702150498228754e+00
5.124021366515625786e+00
5.122361597925515930e+00
5.116361367366499380e+00
5.108953878292012973e+00
5.101476850559293119e+00
5.094060820192213512e+00
5.086399343094215375e+00
5.085747387379965900e+00
5.078568380578566632e+00
5.072365286443997867e+00
5.065282980178217542e+00
5.063926443255805765e+00
5.062367462143981811e+00
5.061675261199979126e+00
5.058138968243349964e+00
5.051083706243073124e+00
5.044684390794145656e+00
5.039168646226262815e+00
5.033934992368914507e+00
5.026919199390608384e+00
5.020364247388650725e+00
5.015756375232047759e+00
5.010875908308888071e+00
5.006617068570790252e+00
4.999480631083682347e+00
4.994850595179705088e+00
4.989188050463883251e+00
4.983560702557106481e+00
4.978181950604049888e+00
4.977098867638205526e+00
4.970013211361782979e+00
4.964101686819592629e+00
4.957531053062671944e+00
4.950333733355982702e+00
4.943887106519047947e+00
4.938913394530564105e+00
4.934518593001455677e+00
4.928308920961350204e+00
4.921746651272704831e+00
4.915681152196832215e+00
4.912254362465152902e+00
4.905941968704282452e+00
4.906309466097049210e+00
4.899705550113266028e+00
4.894964818476849722e+00
4.892360874652522895e+00
4.885907987073567327e+00
4.879688653587223257e+00
4.872818019976614679e+00
4.866263129240349095e+00
4.859639186683279100e+00
4.856707442269564190e+00
4.854048495959392362e+00
4.850855694641866833e+00
4.844736692889978436e+00
4.839311985765417212e+00
4.833284237299865893e+00
4.830974249300796330e+00
4.825958780297074924e+00
4.820083673167109950e+00
4.816345710800240987e+00
4.812324991740250191e+00
4.806122430826133218e+00
4.802562815936882501e+00
4.796540299885990066e+00
4.793271723663270478e+00
4.787955814490127082e+00
4.781662726438365318e+00
4.775816246520787622e+00
4.770674861820952017e+00
4.765548394782809893e+00
4.764941229830454539e+00
4.758716011912613730e+00
4.753050551523816836e+00
4.747460977859188525e+00
4.745719079492953796e+00
4.739498781007355888e+00
4.733681477467944099e+00
4.728010189111605754e+00
4.722176292926564933e+00
4.716738580811776771e+00
4.711349851753223739e+00
4.706887693804437056e+00
4.701109157768775582e+00
4.696762306332427528e+00
4.692442821331271219e+00
4.686544824013535226e+00
4.680437672287308892e+00
4.674284758012602126e+00
4.670851956549562090e+00
4.666045507441125118e+00
4.666906799439438203e+00
4.661339611328746635e+00
4.655808146943298809e+00
4.649640556245283385e+00
4.646611958799018005e+00
4.641719773080241751e+00
4.640597067156985389e+00
4.637813771320191236e+00
4.632074432284878363e+00
4.628809671334525255e+00
4.622826278285239177e+00
4.618394153872376506e+00
4.613875045011698539e+00
4.608487052121976291e+00
4.605183610421849316e+00
4.605337796789076954e+00
4.600003815077672975e+00
4.594464819296923075e+00
4.589733859952032979e+00
4.584075650911478839e+00
4.579225205242227759e+00
4.573650579419659579e+00
4.571163950404939058e+00
4.567437430296234169e+00
4.562693243581381175e+00
4.558342835477581012e+00
4.553208257201264431e+00
4.548095728772119983e+00
4.542813631323559420e+00
4.538327449733251306e+00
4.533615192077248501e+00
4.528556836962237320e+00
4.530374968077134135e+00
4.524744383886535992e+00
4.520292484693285928e+00
4.516983720028632021e+00
4.516880338639519543e+00
4.511550420327034239e+00
4.507119823511529511e+00
4.502011730887401697e+00
4.501055723683554888e+00
4.496733400585127605e+00
4.492199940890294840e+00
4.489781283935024625e+00
4.484470069072822973e+00
4.480663854389672629e+00
4.475481731686227427e+00
4.470889434766262660e+00
4.466242131998245490e+00
4.460907202752687262e+00
4.455828385568453953e+00
4.451078014781433723e+00
4.445682022864894556e+00
4.441290067602808200e+00
4.436704721812264829e+00
4.433953959067779671e+00
4.430599496362345846e+00
4.425349179933803612e+00
4.420092825940596271e+00
4.415032969796157225e+00
4.409527492001851456e+00
4.404692090708418384e+00
4.400651823802578910e+00
4.401350251811043002e+00
4.400079891937735077e+00
4.395285671116377024e+00
4.391015332308193742e+00
4.386197169636067095e+00
4.383625419686115521e+00
4.378433191904784749e+00
4.374115519026202215e+00
4.369096723085490908e+00
4.363849831364279730e+00
4.358891532941255420e+00
