2.792793316767296119e+01
2.599397690290977891e+01
2.585829856742822130e+01
2.568540337653622885e+01
2.565961783462243417e+01
2.545254596577652961e+01
2.532994005629398870e+01
2.520063035221787473e+01
2.496940550124759284e+01
2.480624415131270766e+01
2.465069452090154201e+01
2.446141941043623902e+01
2.423123195383016792e+01
2.397092893558650673e+01
2.377001180671753744e+01
2.357833791590269357e+01
2.342281684942889797e+01
2.325154600510081693e+01
2.305570785522899513e+01
2.288684029980655765e+01
2.272311784597629014e+01
2.255729688739473815e+01
2.240781592778079911e+01
2.222520806149836758e+01
2.209715799238474432e+01
2.196253680691215848e+01
2.180400001750471972e+01
2.166368488277672100e+01
2.150374004141380979e+01
2.135531022541011481e+01
2.120449756007643671e+01
2.106559982123169306e+01
2.091041077019702499e+01
2.075982095749185774e+01
2.062078501689457966e+01
2.047863414713515340e+01
2.034324445049699293e+01
2.021640865574983081e+01
2.008004827785000046e+01
1.994307385705537783e+01
1.981313242412046094e+01
1.966733569425915817e+01
1.951929937455716768e+01
1.938750586361884487e+01
1.926211941442079123e+01
1.912640547472980757e+01
1.898061683883627992e+01
1.882782983031440693e+01
1.870344243549458341e+01
1.856901915811035053e+01
1.844297609382035574e+01
1.833331909389199410e+01
1.820438351534915356e+01
1.807652993584632384e+01
1.796497029076425278e+01
1.784885247945863185e+01
1.773367982860908043e+01
1.760328581961424632e+01
1.749827452384835524e+01
1.738873157575967809e+01
1.727004557017140840e+01
1.714865728983971849e+01
1.705249888330750707e+01
1.693972438636227551e+01
1.683745683015959926e+01
1.674241969295555421e+01
1.663078995168419993e+01
1.651337191247737124e+01
1.641687651660898339e+01
1.632330167491886996e+01
1.621974922995862300e+01
1.613375487529035723e+01
1.603904495473778624e+01
1.594224966206761351e+01
1.583526573796665105e+01
1.573942338230635229e+01
1.564039020206631747e+01
1.555138240895179536e+01
1.544995736664375130e+01
1.534915655711226989e+01
1.526019745525129601e+01
1.517526996828927643e+01
1.507959753849911166e+01
1.499170809879644217e+01
1.491135496586183606e+01
1.482007986545724876e+01
1.473301759360532515e+01
1.464267377497664846e+01
1.456533163830614619e+01
1.446314016842415562e+01
1.436926333525159016e+01
1.428123054726819596e+01
1.420072550439864933e+01
1.411057761358298279e+01
1.403050271531864368e+01
1.394801004752187801e+01
1.386029139093268547e+01
1.377970469235877360e+01
1.370063433321042723e+01
1.361239362737281944e+01
1.352838911391146937e+01
1.345554802330760324e+01
1.337912828038398594e+01
1.330544285610831956e+01
1.323538319304452493e+01
1.316851154518091072e+01
1.309875881358236782e+01
1.302067871037456825e+01
1.294259226652250128e+01
1.288913997608426243e+01
1.282564180083677563e+01
1.275357075352386005e+01
1.268801531486701961e+01
1.261396654125259253e+01
1.254349654420924765e+01
1.247939716331022986e+01
1.241387009207106651e+01
1.234345587981347414e+01
1.227699520352767593e+01
1.221742850751970444e+01
1.217223107750705857e+01
1.211062815664949532e+01
1.204429430408089630e+01
1.198184989561043068e+01
1.191301837014447607e+01
1.185316316335733511e+01
1.178600648600241918e+01
1.172054496418164504e+01
1.166787950518029682e+01
1.161071240363078161e+01
1.156807236521299309e+01
1.152393302783802298e+01
1.146863025396474356e+01
1.141468867721601121e+01
1.136267683424034836e+01
1.130354734274345674e+01
1.125150422853705656e+01
1.120351858208891294e+01
1.116257155950226476e+01
1.110664718557528019e+01
1.105810610992521958e+01
1.100204580236376195e+01
1.095779670378208870e+01
1.091213934978930311e+01
1.085879696734110667e+01
1.080690091398336428e+01
1.077114322808550817e+01
1.074434021720834487e+01
1.069914734109756616e+01
1.065537430271080055e+01
1.063085062572012518e+01
1.059340300706764992e+01
1.055111088422392740e+01
1.050376165508409976e+01
1.045292047776555222e+01
1.041537562047086318e+01
1.036811985615935860e+01
1.033582199420240677e+01
1.028789640740530942e+01
1.026028117673858020e+01
1.021308886382477077e+01
1.018147792464474222e+01
1.013944199170262728e+01
1.011494745576324128e+01
1.007592752748077913e+01
1.004146846263635595e+01
9.997233204944212304e+00
9.960762422859930965e+00
9.916833569544333926e+00
9.879220524485322841e+00
9.849302125392178198e+00
9.805455873511798259e+00
9.762845846551213569e+00
9.720653274350553374e+00
9.682223453962897963e+00
9.649934262093763593e+00
9.619038930283990041e+00
9.578174853054132853e+00
9.563572304820638692e+00
9.531361184407501241e+00
9.515644782415723313e+00
9.481728398714070138e+00
9.442868415599681597e+00
9.413376653557751439e+00
9.375395498129195815e+00
9.339042714742671336e+00
9.311042968538323805e+00
9.285914750117711947e+00
9.264237466071792326e+00
9.229514228743658677e+00
9.201702235918572725e+00
9.164672215197510852e+00
9.134568366958578878e+00
9.106440216817899724e+00
9.071488251133725811e+00
9.044502674383194218e+00
9.012883013298983670e+00
8.977450438694093648e+00
8.946573448579234977e+00
8.919516849774968392e+00
8.885321365072515576e+00
8.856721841910193405e+00
8.826396983564045229e+00
8.798929320102095275e+00
8.770060463204885082e+00
8.738180202387688666e+00
8.711300013862537384e+00
8.693635305890147436e+00
8.670772012650699523e+00
8.653385641888029056e+00
8.643644766285875747e+00
8.613937684085492208e+00
8.587630915695470435e+00
8.559712454674357929e+00
8.534568352421269211e+00
8.506251269250125091e+00
8.476377879398226511e+00
8.446183356454231017e+00
8.424068380295187453e+00
8.396000552278065854e+00
8.370112033743581037e+00
8.350315280247210481e+00
8.326457773919647920e+00
8.298924205422574474e+00
8.271261180715681505e+00
8.248331561477167284e+00
8.225980984932528273e+00
8.212088741450443763e+00
8.196385047915915933e+00
8.169377893868601248e+00
8.147263561740659910e+00
8.139301048402053596e+00
8.119870956753823421e+00
8.102083987413060129e+00
8.091309628629240080e+00
8.065288821734656111e+00
8.038171139052574077e+00
8.012707595160097895e+00
7.991013169004236971e+00
7.964733532225877433e+00
7.939771891359991507e+00
7.914196192423016640e+00
7.903626785890573103e+00
7.878718976111033001e+00
7.853887402288338926e+00
7.831152651169904999e+00
7.810579422384492432e+00
7.791714205488461609e+00
7.770878142708498082e+00
7.769024316789936435e+00
7.744516051731660689e+00
7.725374486172922772e+00
7.704665335347722355e+00
7.684356870802844242e+00
7.661036380303798410e+00
7.639558568400381056e+00
7.615670083987779115e+00
7.592557703964757820e+00
7.572388785705040704e+00
7.551393463880335943e+00
7.530217936404560497e+00
7.514001562697510295e+00
7.492178499392697866e+00
7.472394361146529995e+00
7.457604303766610876e+00
7.436993571400392078e+00
7.421965774013240313e+00
7.400159763496693799e+00
7.379625661946433546e+00
7.359167932465171091e+00
7.344878459214529975e+00
7.325141244173948962e+00
7.307325805119813111e+00
7.287662566454562452e+00
7.268955190352258455e+00
7.252583549410648978e+00
7.240047741932363223e+00
7.219620860941729390e+00
7.199180109516070125e+00
7.183526455942224054e+00
7.169427556202442098e+00
7.153592470324309893e+00
7.134371167957200832e+00
7.115053446403769577e+00
7.097528734283686802e+00
7.097984186514683991e+00
7.079840508700596224e+00
7.060370911489295409e+00
7.043166064027020390e+00
7.030264929340936497e+00
7.016505770421689547e+00
7.000084081512603973e+00
6.980502685511228655e+00
6.962679880340012062e+00
6.944678373602177324e+00
6.927404707130054184e+00
6.908911734259734594e+00
6.897309387346231446e+00
6.883821881192090153e+00
6.868797777217996448e+00
6.851925842405266920e+00
6.833466765590586078e+00
6.817390718212005929e+00
6.799506469706154910e+00
6.781547362478837826e+00
6.768505537103613356e+00
6.750652633952582526e+00
6.734370874456038436e+00
6.717841679957042622e+00
6.700875508530589109e+00
6.691674505131581796e+00
6.692804045160986703e+00
6.680018688621775169e+00
6.666925995646837855e+00
6.651683500316029729e+00
6.644048365157647851e+00
6.627399895666028051e+00
6.611889938569604830e+00
6.598435907024517988e+00
6.596167320383536037e+00
6.582858399407705896e+00
6.566472858208035390e+00
6.550259318681854737e+00
6.536236194800142840e+00
6.524259360193465085e+00
6.526396534391274429e+00
6.512286080645298902e+00
6.509703012731389293e+00
6.495978487412738644e+00
6.480343442088861039e+00
6.477050341486824792e+00
6.466905495062778897e+00
6.453792481606782871e+00
6.439782009782045513e+00
6.427152631667795823e+00
6.420289142741697042e+00
6.408499745259500280e+00
6.394056116343159957e+00
6.388487583782791468e+00
6.381578201910706127e+00
6.367402110846613006e+00
6.354648715807928561e+00
6.347445390140994625e+00
6.336389590329778443e+00
6.322051635910110434e+00
6.318139686259651278e+00
6.314037134873829338e+00
6.301573144292590634e+00
6.294551415393081939e+00
6.288949711974981760e+00
6.277392017515185607e+00
6.266002108698494943e+00
6.257706840095041301e+00
6.248539874535198990e+00
6.238026700107285549e+00
6.224877589855661419e+00
6.211561159840769619e+00
6.198943165314904746e+00
6.187012213480010736e+00
6.176715359255151583e+00
6.166031753710722541e+00
6.155874443516773376e+00
6.142697662169102735e+00
6.130208002310356008e+00
6.121123645974809513e+00
6.114808901874610569e+00
6.102735403474713216e+00
6.089979886891756955e+00
6.078362466137181563e+00
6.067148708153415448e+00
6.058133627420546397e+00
6.054759214012327639e+00
6.043879520808035366e+00
6.033659864967248154e+00
6.022171445877772200e+00
6.009527136039332973e+00
5.998331492519217711e+00
5.992494382679818266e+00
5.990942968909640065e+00
5.982169036331564271e+00
5.970459298593323361e+00
5.960949436293482506e+00
5.960154894720769647e+00
5.952842274987985682e+00
5.941053318546184236e+00
5.929298522596170073e+00
5.918073476842624636e+00
5.908853579688686075e+00
5.897662050585326554e+00
5.887550482411327835e+00
5.876401205010484574e+00
5.867162955848168160e+00
5.859014733309348522e+00
5.849667654525302574e+00
5.843717401200366091e+00
5.833217439460851139e+00
5.827500647283383017e+00
5.816425139198710070e+00
5.808511694968180983e+00
5.797633961058679120e+00
5.786349389480473171e+00
5.783821090960667988e+00
5.774276972583125556e+00
5.763295496337929258e+00
5.756618813492114128e+00
5.748724416175242879e+00
5.741764098454034126e+00
5.734005762610981272e+00
5.727240932857482925e+00
5.716709037394627657e+00
5.711373767214713126e+00
5.702793831493537802e+00
5.693121892771355164e+00
5.683531940823637107e+00
5.675927009638837006e+00
5.672572766018188162e+00
5.662014664823805887e+00
5.655598691564796887e+00
5.647499784876266027e+00
5.645678141263743122e+00
5.638341202405289465e+00
5.629649811529271908e+00
5.625744325901668397e+00
5.622880776393182956e+00
5.620366235067640659e+00
5.613363087740136592e+00
5.605041042863953216e+00
5.595950744063910243e+00
5.585896377561267556e+00
5.576645592690464781e+00
5.566799114617546174e+00
5.559140349205848430e+00
5.549900355967328558e+00
5.540361708730966228e+00
5.531629607255926118e+00
5.522945633302595247e+00
5.514975466083194000e+00
5.511222827723202045e+00
5.504106537410487832e+00
5.501059775672209717e+00
5.495631489574717143e+00
5.488612787542591853e+00
5.486692146052785546e+00
5.477265896483637597e+00
5.469942932780338829e+00
5.460413040315969191e+00
5.451058695263086840e+00
5.441215011340813312e+00
5.432981256752435151e+00
5.428691991578084242e+00
5.420055354291563710e+00
5.411232950317292456e+00
5.404163122588471424e+00
5.395205394619397410e+00
5.390368050204083161e+00
5.380962059356892091e+00
5.372333956987933590e+00
5.363734613052392852e+00
5.354597441907129607e+00
5.353236609580571681e+00
5.345032094784423649e+00
5.336921811914508318e+00
5.327728549955788040e+00
5.325364445456564511e+00
5.317543134804559202e+00
5.310987618203286686e+00
5.302690565102111897e+00
5.293712466530734240e+00
5.286451189992676269e+00
5.285312297245406299e+00
5.279036503701237670e+00
5.274716706022364754e+00
5.268812773895316326e+00
5.263271700727494284e+00
5.259831344139028531e+00
5.251572697780815702e+00
5.243863551002907464e+00
5.236341012419085672e+00
5.229143178595080599e+00
5.221079327200502718e+00
5.212858888018395476e+00
5.206635584486834389e+00
5.198554012717495176e+00
5.193922499611047350e+00
5.189086271443271947e+00
5.188259830889040636e+00
5.183063951512292711e+00
5.175621789568908504e+00
5.167063272578049649e+00
5.158943102109619261e+00
5.153402659358699900e+00
5.145539274782206185e+00
5.139704821465171491e+00
5.136971339476078313e+00
5.131718661861656372e+00
5.128240422425473177e+00
5.121318308810703712e+00
5.113068707211347430e+00
5.106693062887072365e+00
5.099967785401315012e+00
5.092798192457619777e+00
5.085103243624407021e+00
5.084099687810122781e+00
5.076473750494372439e+00
5.068944765152094689e+00
5.061447566802942610e+00
5.053585224565092737e+00
5.050467279130177900e+00
5.044583215781125674e+00
5.037463793049593797e+00
5.029449446311975436e+00
5.028014455012557171e+00
5.022443378226910227e+00
5.015814378317155153e+00
5.008695854504671807e+00
5.002934251329532955e+00
5.002398415458480407e+00
4.999638577130959050e+00
4.992411580088664813e+00
4.985432479896714675e+00
4.981445834363323222e+00
4.974430966917721797e+00
4.967077689354726822e+00
4.960101076819902310e+00
4.952565503010185388e+00
4.945768168806082166e+00
4.938692917779968994e+00
4.933716327321496564e+00
4.927125379159006613e+00
4.921017683313133162e+00
4.913871023531877213e+00
4.907017244488816488e+00
4.899549649177450839e+00
4.892832733830854153e+00
4.885482930791261502e+00
4.878957738528811205e+00
4.871736247205340042e+00
4.865569144193508500e+00
4.859168966542149803e+00
4.851554657291707429e+00
4.844295958722194761e+00
4.837608428293749263e+00
4.830375080317967473e+00
4.823181058718760461e+00
4.816054703229148082e+00
4.812853307362929378e+00
4.808911114501744244e+00
4.802045712733913341e+00
4.795098330644294471e+00
4.789112481281211586e+00
4.782862569013855314e+00
4.775795666073122447e+00
4.768776179452699715e+00
4.764485723252499305e+00
4.763757450230701629e+00
4.758352982288981181e+00
4.752845032735920405e+00
4.749186005016428958e+00
4.742867562482585342e+00
4.741765563051181687e+00
4.737599224084692473e+00
4.732762221319449125e+00
4.726137398592677563e+00
4.720394307413710244e+00
4.716318706313678888e+00
4.710039321890199915e+00
4.703919018818872644e+00
4.702263749900740919e+00
4.698229611930191396e+00
4.695927556983319207e+00
4.689973427138150797e+00
4.684981121231076351e+00
4.680900939628822144e+00
4.675291517128779439e+00
4.672236025284220773e+00
4.666040395061517465e+00
4.662576975451100836e+00
4.656654817436793437e+00
4.653452050953285735e+00
4.647843096018061004e+00
4.646186112138573243e+00
4.639813574094476145e+00
4.633763318529767972e+00
4.629205903737442007e+00
4.628415650898268119e+00
4.625829518444074751e+00
4.619707311888599399e+00
4.615114397676067348e+00
4.609397396942793712e+00
4.604188498015222564e+00
4.599533210603196309e+00
4.597643465073821822e+00
4.595020561717092278e+00
4.590134347295634853e+00
4.586681944210948991e+00
4.580882869961532045e+00
4.575000403416805916e+00
4.569122503825697734e+00
4.565359152113781960e+00
4.560033034442491306e+00
4.555676741474061764e+00
4.550388758490200303e+00
4.546204920388404069e+00
4.541413578539191143e+00
4.535632451294390854e+00
4.529408800173429839e+00
4.523307517169503633e+00
4.517661951947684607e+00
4.512370456599350987e+00
4.506250056087173661e+00
4.501665507050969239e+00
4.497528288045774758e+00
4.492120946483440846e+00
4.487002029592638941e+00
4.482825825963380417e+00
4.481767908952523527e+00
4.476322663027968218e+00
4.471315072532099144e+00
4.469641835828909393e+00
4.465432823517778260e+00
4.460154222014463876e+00
4.456941064866582813e+00
4.453586152244207952e+00
4.449675335496496409e+00
4.447172336450229579e+00
4.443141339135825874e+00
4.438560031311868492e+00
4.433066263208997881e+00
4.427524993149296151e+00
4.423180483556610199e+00
4.417607775666586356e+00
4.413177120463162240e+00
4.407734835897676007e+00
4.402817423171264011e+00
4.397873694051514626e+00
4.392210015731769168e+00
4.387744828237587491e+00
4.382455520263185633e+00
4.377085684908552210e+00
4.373794726329846227e+00
4.368442274424811700e+00
4.365343164182351465e+00
4.362111332651228857e+00
4.356682364493718040e+00
4.351823523882448974e+00
4.346454141828613338e+00
4.341331233962931080e+00
4.336547656042095689e+00
4.331864247080454255e+00
4.330588622577876912e+00
4.327491585549338993e+00
4.322556553042591787e+00
4.317806389442604420e+00
4.317416800478207861e+00
4.316016003991205885e+00
4.314762318825814624e+00
4.309919525456926692e+00
4.309057639221459901e+00
4.306791525191382419e+00
4.303708951611401545e+00
4.300034926504041621e+00
4.297019602726677157e+00
4.293230661920045321e+00
4.290850702076838274e+00
4.286736823759003556e+00
4.282362095674004721e+00
4.279484082879331019e+00
4.275570120650095340e+00
4.271621192824225588e+00
4.267976009200043386e+00
4.264195650285397932e+00
4.259815950578306420e+00
4.255249692093020286e+00
4.251298233708621588e+00
4.246908864685912555e+00
4.243752676586524331e+00
4.238847353563905962e+00
4.233760742683024603e+00
4.230758989135705583e+00
4.226238158325021033e+00
4.221792819700550758e+00
4.216715024652036625e+00
4.212438445077323124e+00
4.207935783751997505e+00
4.203106688278289482e+00
4.199201824479140477e+00
4.195596336043229790e+00
4.191122397597768945e+00
4.187002593264764982e+00
4.185100219516002973e+00
4.180364603966197912e+00
4.179179408260285555e+00
4.176442433189136771e+00
4.175431384792815059e+00
4.171728544355986834e+00
4.170328932968579316e+00
4.165829685646189162e+00
4.160745474978300606e+00
4.156427806596608043e+00
4.151485269593527150e+00
