4.278820134349656712e+01
4.231362817521247877e+01
4.266587099556674190e+01
4.191342543731053638e+01
4.130296814022614882e+01
4.108389273846103862e+01
4.040180582566971168e+01
3.990776214115411591e+01
3.955032308730111623e+01
3.900589583398213733e+01
3.852267855701431643e+01
3.806851411085926173e+01
3.763425169225450873e+01
3.729212553324764912e+01
3.695020320966133909e+01
3.654442438972779428e+01
3.618298233349675286e+01
3.581494259333858565e+01
3.546843942411556583e+01
3.511781212574456390e+01
3.474559671431740071e+01
3.443414554067136635e+01
3.413411516981605587e+01
3.383786314691639063e+01
3.353949177710525476e+01
3.325584434559144853e+01
3.297363387883201113e+01
3.270582631008541341e+01
3.243621565427405784e+01
3.217128280015258213e+01
3.190508904541020385e+01
3.166413659104381395e+01
3.142322008302076242e+01
3.115766452362442962e+01
3.090749778612758192e+01
3.066942345071144516e+01
3.043273933667059694e+01
3.019469363683572638e+01
2.995087762732970660e+01
2.972679052733132821e+01
2.950385932673338019e+01
2.928462737224732848e+01
2.907702661486124995e+01
2.885155973344476266e+01
2.861599709942119674e+01
2.840822044347758180e+01
2.821536758165916936e+01
2.802521737503590415e+01
2.781845899243552012e+01
2.761373341941677495e+01
2.744076333900114761e+01
2.726090685113961598e+01
2.706972857990732706e+01
2.688932056651862723e+01
2.669543157859871485e+01
2.652183351763825314e+01
2.634332642192763174e+01
2.616166775240661124e+01
2.598142793980651888e+01
2.580228262922266680e+01
2.565158468819740634e+01
2.549101809024724119e+01
2.533514896983806253e+01
2.516503358135652491e+01
2.501977590474885105e+01
2.484827616211678247e+01
2.470361312504840967e+01
2.455863085971030557e+01
2.440754532632716689e+01
2.424794764184917639e+01
2.410220290111245944e+01
2.396788614549593532e+01
2.382182880664076663e+01
2.366802087975743163e+01
2.352603332386295065e+01
2.337399633030592838e+01
2.322214459666292186e+01
2.306880330498621845e+01
2.292837593397838347e+01
2.278192127284603075e+01
2.263461436160155316e+01
2.249884868977137842e+01
2.235087162622807710e+01
2.222133223440465244e+01
2.209749268248683052e+01
2.196870096886735269e+01
2.183648831627906262e+01
2.172141784239512319e+01
2.160027332411291923e+01
2.147931705152779358e+01
2.136247619848421309e+01
2.121724496816322869e+01
2.111313372186164727e+01
2.100243997617157987e+01
2.087364791120021579e+01
2.074048476850468958e+01
2.064454146562442816e+01
2.052568294659420189e+01
2.043405800713523135e+01
2.033077001009565166e+01
2.023047510535904792e+01
2.011471118084573462e+01
2.000342930280953269e+01
1.989865465678009926e+01
1.979155678099431626e+01
1.967541692031478107e+01
1.957068197536499810e+01
1.947288421340869391e+01
1.937051032169872045e+01
1.929103093914561384e+01
1.917571974469976581e+01
1.909971172411231422e+01
1.900754095556233025e+01
1.897656633521986080e+01
1.887960658251780899e+01
1.879701745083886877e+01
1.872132049906328888e+01
1.863122637820329430e+01
1.855028857074042392e+01
1.846520599198260371e+01
1.837263570003492674e+01
1.828894691924474358e+01
1.819922960598945139e+01
1.812320357181476638e+01
1.803516653029734229e+01
1.794349144922943040e+01
1.788270559070779697e+01
1.782131395655707351e+01
1.773487771633319454e+01
1.764970225957916838e+01
1.757012408866911812e+01
1.751357584261192457e+01
1.744038813618596606e+01
1.736675170067483975e+01
1.730651527124671674e+01
1.724463273387229023e+01
1.717193772373028793e+01
1.709447509227741335e+01
1.704344590635637857e+01
1.696730466694177508e+01
1.689803760703458479e+01
1.683720632250992466e+01
1.677131896181840531e+01
1.670021833859339466e+01
1.663147233336378150e+01
1.655153612705703381e+01
1.648805199297871837e+01
1.643238336572679614e+01
1.636488136516721426e+01
1.630579274528778555e+01
1.625904690366164118e+01
1.619825040976997244e+01
1.613027867511959457e+01
1.606453468566314768e+01
1.600684345750668314e+01
1.594763899359104720e+01
1.588804914634366661e+01
1.581818450617319449e+01
1.575693567994938071e+01
1.571206073307401674e+01
1.565591525388748906e+01
1.560920247276570016e+01
1.555973781834314451e+01
1.550105676171880731e+01
1.545001065367794446e+01
1.539222260179253787e+01
1.533311491402379545e+01
1.527643125367043098e+01
1.521577011123785184e+01
1.515915584336402944e+01
1.509773568757356799e+01
1.504103539622139607e+01
1.500158533197877198e+01
1.494450453769914233e+01
1.490818901072827352e+01
1.485076101160142059e+01
1.479507630010840380e+01
1.474359941044156308e+01
1.469079103777250594e+01
1.463735713609610478e+01
1.458243232148442914e+01
1.452762290951707769e+01
1.447029601029522716e+01
1.442349415362589049e+01
1.436855115270094707e+01
1.431158486250744488e+01
1.425791813439461819e+01
1.421261825312544680e+01
1.416419693484465014e+01
1.413229932066941608e+01
1.408412489997840922e+01
1.406283214088201206e+01
1.403319171090090300e+01
1.399075877571562110e+01
1.393992580349315702e+01
1.392799089248241806e+01
1.389127036338716081e+01
1.385094988825608731e+01
1.381739749882173207e+01
1.377760640502602563e+01
1.374234789873467122e+01
1.369608708581952428e+01
1.365237124616112929e+01
1.362830633596780494e+01
1.358138779228626625e+01
1.355027919477882392e+01
1.350417007173884620e+01
1.347022806136796369e+01
1.342700630872021428e+01
1.338174678699305353e+01
1.334083319213592667e+01
1.331656627747661581e+01
1.327254055785412135e+01
1.323327784685206154e+01
1.319881106784283631e+01
1.315590877154547478e+01
1.313798965995180801e+01
1.309433674626030886e+01
1.305573061196203000e+01
1.301848581933616167e+01
1.297919647524519604e+01
1.296608408662432410e+01
1.292747417199692528e+01
1.288885600286357835e+01
1.284789068478419871e+01
1.281318650662660019e+01
1.278065802959874198e+01
1.275203376140036227e+01
1.271546657040331496e+01
1.269155553871802411e+01
1.269755133327675622e+01
1.266365338973487731e+01
1.263754556283678809e+01
1.260649614833176457e+01
1.257844202753413576e+01
1.254540754615467435e+01
1.251465423993942139e+01
1.249159609428000550e+01
1.245813546753299939e+01
1.243540585633511775e+01
1.240277479956456474e+01
1.238186398964138135e+01
1.236023972429519269e+01
1.233610770553766223e+01
1.230055134485071200e+01
1.227600286501377980e+01
1.224398856055781692e+01
1.221388608583642643e+01
1.218089014663897274e+01
1.215435124826784730e+01
1.212724295599386259e+01
1.211023598332982587e+01
1.209335858277880860e+01
1.206216018386274946e+01
1.203353773715162234e+01
1.201911980553677850e+01
1.199253995768350833e+01
1.196197789948536894e+01
1.193549747507988279e+01
1.190519604338847692e+01
1.187177520939285102e+01
1.184937783590759786e+01
1.182271567039641447e+01
1.179203449976339435e+01
1.177016341093223772e+01
1.174455488145343374e+01
1.171991301777169170e+01
1.169142192203190689e+01
1.166890631449975935e+01
1.164377423365540665e+01
1.161746592657640420e+01
1.158670360927423815e+01
1.156542964949211516e+01
1.153623556777451320e+01
1.150862816566614555e+01
1.149019901296953172e+01
1.146228746894421668e+01
1.143205786150597447e+01
1.140351607811199663e+01
1.141689863600943333e+01
1.139233070068331877e+01
1.136821946422498542e+01
1.135252697451594806e+01
1.134126981914210752e+01
1.132133241402365442e+01
1.130251934459987417e+01
1.127692971720021475e+01
1.125439978865541768e+01
1.123834668055247654e+01
1.121884550558661608e+01
1.119822197575193634e+01
1.117300733754631281e+01
1.114868104906868140e+01
1.114895991623818006e+01
1.112266230273525913e+01
1.109831011112897059e+01
1.108578211902835164e+01
1.106210920664512720e+01
1.104824448637246626e+01
1.103277699233661835e+01
1.101130408434251429e+01
1.098669185645938562e+01
1.096003355962182724e+01
1.093956572910344960e+01
1.091556906855117859e+01
1.089143335637645293e+01
1.087191770183240003e+01
1.085119006076353365e+01
1.082803839617106156e+01
1.080526293513130121e+01
1.080447843909520245e+01
1.079696101214451431e+01
1.077367318800591534e+01
1.075065496382393349e+01
1.072877867602074531e+01
1.071298520580749702e+01
1.074379523371855605e+01
1.072494113672609828e+01
1.070470152831077293e+01
1.068745278161790146e+01
1.066759976466081206e+01
1.065397756653004357e+01
1.063698797342553881e+01
1.061871405997410278e+01
1.060451311470642288e+01
1.058838860348105726e+01
1.057213494485229610e+01
1.055433611223151935e+01
1.054225110561322509e+01
1.052924734575121235e+01
1.051611743898629570e+01
1.050007961643661858e+01
1.047891724328081864e+01
1.046566442382715856e+01
1.044890136720376894e+01
1.042944305323336174e+01
1.041330672912953048e+01
1.039413840424076341e+01
1.037931966167179532e+01
1.036048987120846121e+01
1.034515676992327293e+01
1.034040774610611635e+01
1.031916076390389669e+01
1.030132862808289929e+01
1.028578747911773483e+01
1.026827227576893975e+01
1.025354587712588383e+01
1.023227741295987769e+01
1.021537665505730175e+01
1.021355453548114944e+01
1.019454932836251615e+01
1.017617058936314045e+01
1.015621193755007390e+01
1.014248074015884526e+01
1.012566445473647647e+01
1.011109818072404920e+01
1.009254482435624212e+01
1.007773249915326019e+01
1.006134663547592467e+01
1.004152328105203651e+01
1.002137258863545277e+01
1.000399798433647192e+01
9.986941141221386431e+00
9.968641760968443677e+00
9.950221598787985400e+00
9.933994974489488428e+00
9.917351480521450213e+00
9.902250645208612312e+00
9.890156729675355862e+00
9.876622228396291447e+00
9.863603611532473892e+00
9.846670347124980793e+00
9.838272030183015104e+00
9.828239426771963494e+00
9.812294701093415838e+00
9.803711942043864980e+00
9.786192094732095725e+00
9.767851957350911718e+00
9.752116289349160638e+00
9.740272542941269762e+00
9.723514574601180627e+00
9.707279663255055979e+00
9.694333711361768025e+00
9.677045232441111366e+00
9.669469207771589581e+00
9.653794694320028569e+00
9.638200772273604500e+00
9.621916361545549634e+00
9.610574302530766388e+00
9.604154514875041571e+00
9.587573687671804734e+00
9.572061266863807205e+00
9.556898055539219783e+00
9.545101830517303654e+00
9.528344501950927636e+00
9.518955846802665377e+00
9.505494903737931267e+00
9.489589381480003638e+00
9.473729485540227202e+00
9.508188994719741771e+00
9.499851639845466877e+00
9.507683331777636582e+00
9.507374368938794618e+00
9.495859342739663589e+00
9.482360126955086344e+00
9.466207351134581671e+00
9.451431013256312852e+00
9.446332638164035345e+00
9.437730839801680816e+00
9.428894905950603089e+00
9.416540334731394069e+00
9.404683977247261240e+00
9.392410416003974305e+00
9.386794502477197710e+00
9.375574076112066280e+00
9.362914027534893435e+00
9.352232161945410738e+00
9.337746005402594918e+00
9.324710825601727038e+00
9.326838794089709950e+00
9.313974166106017805e+00
9.304544903085512075e+00
9.289665111876141523e+00
9.277383345021934957e+00
9.262193935045722526e+00
9.256769860448404330e+00
9.242892111941456434e+00
9.234021347409411717e+00
9.221410275333241202e+00
9.213693016385684942e+00
9.200395538789255312e+00
9.190316235474794482e+00
9.176790584800212258e+00
9.163719376292425167e+00
9.150128802248907789e+00
9.138748634800277770e+00
9.125004112931259570e+00
9.112099083176737224e+00
9.098917090544651032e+00
9.085233913940658823e+00
9.074387366026583024e+00
9.061320347428122091e+00
9.047021983738765982e+00
9.033950158837471989e+00
9.019368697453790773e+00
9.005410049631384695e+00
8.996486603567818818e+00
8.981622071528477136e+00
8.972369042975845588e+00
8.959924961124336562e+00
8.952172167692816984e+00
8.940029865650561902e+00
8.933000631853440510e+00
8.918362053996979455e+00
8.913683388073120994e+00
8.901911025938950672e+00
8.889611308606356843e+00
8.878943979109774176e+00
8.870254694429331010e+00
8.858073467888525343e+00
8.844759059107531129e+00
8.837770054244945328e+00
8.829416705003275467e+00
8.817267900282136139e+00
8.804729892249513412e+00
8.794317274356313163e+00
8.782623647011632784e+00
8.770716574160703161e+00
8.763490092226858152e+00
8.755113877171297077e+00
8.744482332990932250e+00
8.731842620999353599e+00
8.721442709733896237e+00
8.711282717776999363e+00
8.699717421783251581e+00
8.686429057517655039e+00
8.677841646647099338e+00
8.665628973299641657e+00
8.656681144348159052e+00
8.644436811781396557e+00
8.633931901036433487e+00
8.624550008953651314e+00
8.613715879865614156e+00
8.601306721713655179e+00
8.590039610716809548e+00
8.580180472614168607e+00
8.566734348234183116e+00
8.555286702446057490e+00
8.543629384273543792e+00
8.531780857780690397e+00
8.519742858105896488e+00
8.506907033889543612e+00
8.497121890452987714e+00
8.484740912031579541e+00
8.474749579667157917e+00
8.464144538033854914e+00
8.456126352247485656e+00
8.444092954964101949e+00
8.433136837044200362e+00
8.420984351023705017e+00
8.408528485415720510e+00
8.397653755472692438e+00
8.386984212727764287e+00
8.379947052109312011e+00
8.369721856757104561e+00
8.357326548274132350e+00
8.344988898186233683e+00
8.341725390889669356e+00
8.331253688686469872e+00
8.318829748905777421e+00
8.306065717275481930e+00
8.295804124218614461e+00
8.286848544274517891e+00
8.275484706345064723e+00
8.264938948750153003e+00
8.262448626038336741e+00
8.251353804561487593e+00
8.239815680525643060e+00
8.232123440442428830e+00
8.224723372452896086e+00
8.213372647274571392e+00
8.202770730476247607e+00
8.206392787873104666e+00
8.196591173169590405e+00
8.185451683246068200e+00
8.177432222757419211e+00
8.168100343988111689e+00
8.158455807334084042e+00
8.147774639758901927e+00
8.145983665501749016e+00
8.135528327469655707e+00
8.134211345061903131e+00
8.122813144573983735e+00
8.111602832113426587e+00
8.101275292453316013e+00
8.092135574845160662e+00
8.081464574088062847e+00
8.082345306241474958e+00
8.073953706469554348e+00
8.064000018011800108e+00
8.055287439121110893e+00
8.048424793978426806e+00
8.039064493261475874e+00
8.028642577713368311e+00
8.025241613432163135e+00
8.015702196537935365e+00
8.006032220581873915e+00
7.997680513077364495e+00
7.986742245769097082e+00
8.004913768240317751e+00
8.000563241780261237e+00
7.989990102727931642e+00
7.991603135287054016e+00
7.981999257826876359e+00
7.971864642822171554e+00
7.965057714987572979e+00
7.957477648841342344e+00
7.947503444467666434e+00
7.938724752794878547e+00
7.928251241581182995e+00
7.921191473168461172e+00
7.914417676061755280e+00
7.906267896329504552e+00
7.897376890267531202e+00
7.892097822216044278e+00
7.883969566329024126e+00
7.878818079784828399e+00
7.869022424619539713e+00
7.860411115123870474e+00
7.852523260576868225e+00
7.844201878701563935e+00
7.836435181296013575e+00
7.827460092533105041e+00
7.817697272917419227e+00
7.808523275259957153e+00
7.800027477998125569e+00
7.797170224847051578e+00
7.794441771122611939e+00
7.788879863036443751e+00
7.780510183957192183e+00
7.770872963784626108e+00
7.763883007165453876e+00
7.757815163567719274e+00
7.748980392899514236e+00
7.739639821084066007e+00
7.732099949211983514e+00
7.723540775155083971e+00
7.718295637932707010e+00
7.709721999015491711e+00
7.699978124723775075e+00
7.693400122208459813e+00
7.684765406792626763e+00
7.677059309100661366e+00
7.668676840033554321e+00
7.659954442230825222e+00
7.651359385308916572e+00
7.645904625746124950e+00
7.645480817956729958e+00
7.638103422302068957e+00
7.630328157198523087e+00
7.623203519191497080e+00
7.616777144429510926e+00
7.609193984791554399e+00
7.600548642173463598e+00
7.592033720612185732e+00
7.583780593069030296e+00
7.576606777705349849e+00
7.590842033841143532e+00
7.582933856212616064e+00
7.576748937500632941e+00
7.569006165539762243e+00
7.560345273416481326e+00
7.557835505875212689e+00
7.552680245843248485e+00
7.544777910092498985e+00
7.536617509817792993e+00
7.528362909233240252e+00
7.520972692153209849e+00
7.511968488267139143e+00
7.515484068593615063e+00
7.506826449105703070e+00
7.498036039805645814e+00
7.489407844593966246e+00
7.488530182165580307e+00
7.480309656294509502e+00
7.472075316325175187e+00
7.466056815529522162e+00
7.457410250714586297e+00
7.452408297414139682e+00
7.444022733860852448e+00
7.435540377317766847e+00
7.426485393575203986e+00
7.418874185740092386e+00
7.409876390693491466e+00
7.406883954504834833e+00
7.404378284396034182e+00
7.396198998719977880e+00
7.388797574053540984e+00
7.381552006960578005e+00
7.374446506602710727e+00
7.375757118894003206e+00
7.370771857189502896e+00
7.363824913558660867e+00
7.357339595674192267e+00
7.349187736939152060e+00
7.349288552477140968e+00
7.342745578515680549e+00
7.346164800655098581e+00
7.341253053332334133e+00
7.333218484956114835e+00
7.324699323792748018e+00
7.317683055487658628e+00
7.313646200904744710e+00
7.307324176357311352e+00
7.303165367489867776e+00
7.299366182415796267e+00
7.292402240656504553e+00
7.285742580872826224e+00
7.278512289534811330e+00
7.271481032608041239e+00
7.267319704534574321e+00
7.259828579542049631e+00
7.251816790585457362e+00
7.244429689778976389e+00
7.236295137367639185e+00
7.229178184954900388e+00
7.225176040332542904e+00
7.222584921709417571e+00
7.215950326994054365e+00
7.208057908537794489e+00
7.201758491412228125e+00
7.195939209999194119e+00
7.189122232735011941e+00
7.183370415209244797e+00
7.175865040472799272e+00
7.171120133556748044e+00
7.169052929153546749e+00
7.162589576786669632e+00
7.154865976967526464e+00
7.147583111339496753e+00
7.141904623069000202e+00
7.134146266381976353e+00
7.129185356295471898e+00
7.121975566547131820e+00
7.114814219727911393e+00
7.107199582971932550e+00
7.102437841105984973e+00
7.096952712106696204e+00
7.090964839275876841e+00
7.088010394960770455e+00
7.080815027561561337e+00
7.073448640899884232e+00
7.065748171374355735e+00
7.061890009158694248e+00
7.064761726717001977e+00
7.060579189660826316e+00
7.054174729932551458e+00
7.047792209927264295e+00
7.040344225644323828e+00
7.034649908627097048e+00
7.027609139371698177e+00
7.028890167091349284e+00
7.028572124776743202e+00
7.021476790538142332e+00
7.015675516270746925e+00
7.009007785781989242e+00
7.003550262938975202e+00
6.997060320509347342e+00
6.990373610773303881e+00
6.983784916188014336e+00
6.999234277238627122e+00
6.993120129364028159e+00
6.993088856280901489e+00
6.986533948083399004e+00
6.980490295444762516e+00
6.977840594968490961e+00
6.972270263719951622e+00
6.966372512853400423e+00
6.961735678847433384e+00
6.954917002600913278e+00
6.947550186381256765e+00
6.941383931676621266e+00
6.938260323300473154e+00
6.933047034672924269e+00
6.927598983772652375e+00
6.920527008104071065e+00
6.914268054089483861e+00
6.907545536454922086e+00
6.901021387931027817e+00
6.895398467140461563e+00
6.889984476907467403e+00
6.890148126744546353e+00
6.894547661120311588e+00
6.888666708163548869e+00
6.883303429189109757e+00
6.877174010263372494e+00
6.871654315829252013e+00
6.868823617769211687e+00
6.866944139885752918e+00
6.860183583413603792e+00
6.857928576144144195e+00
6.853526641075507797e+00
6.846785122103031362e+00
6.840698161709010350e+00
6.835890242976671693e+00
6.831494767565981618e+00
6.827091888791679608e+00
6.829934932633952016e+00
6.824226377471076077e+00
6.819327714244949767e+00
6.821385234990926527e+00
6.820857680111238608e+00
6.814320328464654963e+00
6.808450658412982470e+00
6.803066280862541504e+00
6.800606224299525771e+00
6.795080475159204880e+00
6.791526805134266098e+00
6.786831266157194342e+00
6.780002160003231637e+00
6.773708198693734417e+00
6.767929589900160359e+00
6.763471190201078009e+00
6.756841379807065451e+00
6.752285528318918928e+00
6.746658831823761027e+00
6.740588467049599686e+00
6.733977684970863464e+00
6.732092067327279494e+00
6.727787553528095543e+00
6.722712096615022226e+00
6.717172817494532211e+00
6.711296185856360452e+00
6.705487287801160434e+00
6.700525624647225342e+00
6.695021281378251921e+00
6.690456340627958021e+00
6.687900583983505065e+00
6.681291880627145297e+00
6.675342975041709259e+00
6.669417019016515624e+00
6.663320745783187782e+00
6.659613496057104953e+00
6.653895626380604611e+00
6.647574729409264194e+00
6.641852037546176923e+00
6.636755049691968722e+00
6.635298830944072357e+00
6.629809094753102983e+00
6.623795510783521578e+00
6.622890219876461870e+00
6.624113058992755931e+00
6.620675212326513126e+00
6.614695634538494851e+00
6.610816363076731150e+00
6.604716653645750668e+00
6.599009316631709865e+00
6.594708228786846149e+00
6.588817033688609826e+00
6.583529514383674730e+00
6.578582066173890297e+00
6.573595624534807058e+00
6.571599983069183359e+00
6.565889070552817230e+00
6.561741378944866199e+00
6.559026997031033090e+00
6.555585706777684152e+00
6.550376348554736161e+00
6.544685843143809301e+00
6.538461608954471593e+00
6.533575064340816141e+00
6.528186440005233848e+00
6.523963872352843474e+00
6.517740014085546818e+00
6.511977583777125211e+00
6.505780648963948920e+00
6.502195343575501774e+00
6.496490609573333685e+00
6.491316809589206649e+00
6.486072647243332767e+00
6.480758789662316666e+00
6.475740998140221194e+00
6.471333594534603328e+00
6.467641407111535123e+00
6.462375870815574075e+00
6.457879263474420206e+00
6.453039558977041068e+00
6.452154952803710763e+00
6.449048597801792404e+00
6.442968111159591338e+00
6.437808855162447053e+00
6.431967809119836232e+00
6.426088753811361798e+00
6.420347874322301251e+00
6.414634496498019978e+00
6.408931180060259081e+00
6.403563352060287706e+00
6.398139880652815137e+00
6.393369961834135751e+00
6.387750314972709731e+00
6.382224122057531090e+00
6.376601756867812831e+00
6.370677050799516294e+00
6.365402918727808945e+00
6.368115019459461124e+00
6.362816639848825062e+00
6.356992410257374715e+00
6.352514174241558287e+00
6.348930757723729279e+00
6.345697367195223038e+00
6.340903359139040241e+00
6.335871506926116226e+00
6.330353617916577136e+00
6.326999517860116384e+00
6.322137936718214668e+00
6.317246105376176146e+00
6.311813969172725081e+00
6.306367968896410048e+00
6.303043651972374484e+00
6.297560411415935810e+00
6.293573356789289086e+00
6.288360430275698576e+00
6.286494716298387075e+00
6.282155621865504358e+00
6.278923920466686681e+00
6.273807712670575576e+00
6.268654262045727066e+00
6.262999489371357420e+00
6.258695017003274685e+00
6.254257438586430240e+00
6.249774396771868190e+00
6.244551589507298495e+00
6.240763548202240329e+00
6.236344694498556329e+00
6.232023083170809663e+00
6.227539561678548274e+00
6.221980404170753154e+00
6.216796378357570596e+00
6.211379113153475018e+00
6.207493716026617925e+00
6.217647882176552621e+00
6.218495038759222382e+00
6.215348700715751740e+00
6.210053335135508057e+00
6.218012585463986497e+00
6.216861410800123444e+00
6.212107475101017684e+00
6.208759704502705645e+00
6.204387558835836813e+00
6.200952718065506630e+00
6.196767055605071128e+00
6.192397821988118167e+00
6.188250458730323977e+00
6.185109431177504113e+00
6.182574733785732413e+00
6.177844894195306580e+00
6.174354423278747284e+00
6.180688487536052378e+00
6.176011797971102446e+00
6.170813643849445640e+00
6.166317493518288728e+00
6.163059297651679813e+00
6.162866309235656814e+00
6.157701846010181335e+00
6.154437062466113773e+00
6.149562640574619543e+00
6.146096548947490135e+00
6.141112582757370042e+00
6.136525230155922550e+00
6.132507464688660370e+00
6.127632201782144072e+00
6.123229625205534710e+00
6.118767118568104735e+00
6.115972895471710302e+00
6.110930872719771756e+00
6.106604749698255397e+00
6.103692522766754003e+00
6.102095365106072755e+00
6.112335949931597234e+00
6.108034311351826062e+00
6.108336422957619583e+00
6.103368774706103395e+00
6.101194434935324651e+00
6.096603459037767792e+00
6.093862608532894853e+00
6.090536560923653475e+00
6.086649399296137020e+00
6.082210790483228102e+00
6.079383844337885812e+00
6.075733560787127452e+00
6.072132744721621123e+00
6.068334999585469625e+00
6.063639517162527248e+00
6.059870167531004270e+00
