5.000000000000000000e-01
6.328459958456000845e-01
9.634912324188144028e-01
9.770331554739947189e-01
9.895958519781236085e-01
9.842124687079181200e-01
9.935345883505758424e-01
9.952576641140156166e-01
9.937482514846976978e-01
9.968817648516898888e-01
9.965061004158750624e-01
9.970864987802067203e-01
9.965136090660429158e-01
9.964978959834518424e-01
9.976128870469984644e-01
9.974991556392425185e-01
9.982684588857915209e-01
9.982364529020643085e-01
9.980963977323294989e-01
9.962991051950291777e-01
9.978712252000737637e-01
9.977801067156031323e-01
9.981920967833115554e-01
9.982659656660446412e-01
9.981535678409441115e-01
9.982988993594457128e-01
9.957648893778691113e-01
9.988779351501948511e-01
9.982371196933920166e-01
9.983022912979381269e-01
9.981963004677685269e-01
9.988161554841412659e-01
9.990105976334705540e-01
9.985295801678865102e-01
9.987474759773928845e-01
9.991370270673792797e-01
9.991489133475677242e-01
9.989902749934409520e-01
9.990487207028559968e-01
9.993806088384639130e-01
