5.000000000000000000e-01
6.317223364947939235e-01
9.522554216657896919e-01
9.860200530244058736e-01
9.892217530523822466e-01
9.676598668446709794e-01
9.941400638670124801e-01
9.918980215141676160e-01
9.879133055310344025e-01
9.953189219433778989e-01
9.961410466594476931e-01
9.958503836224452677e-01
9.964455093778402661e-01
9.976679408179209840e-01
9.964255346289379034e-01
9.978855177272272226e-01
9.974994455485154399e-01
9.973464314342825876e-01
9.976032040772838672e-01
9.982819686579087470e-01
9.982556159050023359e-01
9.985639634076515225e-01
9.980944263492739221e-01
9.978592809380305573e-01
9.971674994310533169e-01
9.987444319300273765e-01
9.977421575917817531e-01
9.988116618904114841e-01
9.984738016237817426e-01
9.985112868927669139e-01
9.990477350113280419e-01
9.989337426852267221e-01
9.994106144482085563e-01
9.978667026154163233e-01
9.990226578592225071e-01
9.993741728526059909e-01
9.995205770354168573e-01
9.995397110474278923e-01
9.996174357234904884e-01
9.994857299408150819e-01
