5.000000000000000000e-01
6.424816233759644835e-01
8.989720686911031322e-01
9.787560572918707624e-01
9.787088890531706609e-01
9.621525473603035339e-01
9.873894394749164194e-01
9.903975960723090388e-01
9.910511385461919787e-01
9.951431209602957795e-01
9.960298954442207142e-01
9.955910017959879177e-01
9.967693380356619226e-01
9.933255057829647461e-01
9.958578922726135652e-01
9.964892276961928586e-01
9.937692119251280154e-01
9.961921866551861626e-01
9.957623961581221206e-01
9.978889386566475173e-01
9.965960012813992464e-01
9.899224927558920584e-01
9.975220294808739840e-01
9.979254672250319480e-01
9.979047387120203449e-01
9.975380324727377568e-01
9.977030488308686884e-01
9.983495755003470862e-01
9.981180249640873026e-01
9.983242664208239470e-01
9.988462770575949889e-01
9.988586561835476330e-01
9.990428935264710208e-01
9.987552745368337703e-01
9.986860442024668716e-01
9.985490040891699115e-01
9.981817180313420357e-01
9.988625699587314610e-01
9.987005106751842831e-01
9.950891398536828580e-01
