1.040247056261126346e+01
9.779907110513361701e+00
9.320412367387454822e+00
9.207063209895007816e+00
8.972052532636517697e+00
8.735930908845674026e+00
8.576647412611523080e+00
8.387621356796211458e+00
8.240304741722464854e+00
8.093952851333572340e+00
7.971918706861917947e+00
7.826042789301005165e+00
7.679716933234669973e+00
7.533042773934964131e+00
7.410100423845957351e+00
7.288302027614779632e+00
7.165190420809429916e+00
7.051178857069327677e+00
6.938636012840765588e+00
6.823376625583515320e+00
6.720022536430372284e+00
6.618048539331301328e+00
6.519906338442467586e+00
6.427872312740361416e+00
6.336209779176487977e+00
6.245902425153653681e+00
6.157169766491453977e+00
6.070750003114598670e+00
5.989846776237688353e+00
5.907759656715323437e+00
5.833928165367381347e+00
5.763084835705961417e+00
5.692804930308070333e+00
5.620632209034527982e+00
5.553780087707671953e+00
5.480902440014476795e+00
5.414663401686066635e+00
5.348193927534834025e+00
5.283636897452464787e+00
5.220806918811749853e+00
5.161894287772608614e+00
5.101115843229114155e+00
5.037810371920987684e+00
4.980702255069898499e+00
4.936932823399028614e+00
4.883550956280577893e+00
4.832369112257556942e+00
4.777516060263576669e+00
4.724277763838553135e+00
4.673537941417476027e+00
4.620648718123230303e+00
4.577631006615638931e+00
4.536269506889187397e+00
4.490387953796890486e+00
4.443204541828139398e+00
4.397436368713639077e+00
4.359905727859890057e+00
4.321879623716479379e+00
4.286167189544751288e+00
4.243726204274099523e+00
4.206240770257384298e+00
4.163764645174711454e+00
4.121901399934932542e+00
4.085474045928485509e+00
4.051540876454295059e+00
4.016680774640565055e+00
3.980691861188186742e+00
3.944765900196221864e+00
3.911374948116792094e+00
3.875633866275295603e+00
3.840879910665875308e+00
3.810963658707958057e+00
3.777254886283216706e+00
3.745625861828559611e+00
3.713109119313878548e+00
3.680399798188747962e+00
3.657833928766335063e+00
3.630463405361096019e+00
3.603103380646860199e+00
3.575289399420946701e+00
3.549188203723880441e+00
3.517920515678294446e+00
3.491000266528394125e+00
3.465484183355478365e+00
3.443316907864571785e+00
3.415059273587221167e+00
3.387667293729946572e+00
3.359330699298765932e+00
3.334206215327338629e+00
3.314906554629467372e+00
3.295308081122874988e+00
3.270292164275500291e+00
3.246132784699824025e+00
3.225274495666941021e+00
3.200167088166293805e+00
3.178672322994970934e+00
3.158394414691936269e+00
3.136566034870960529e+00
3.113763145540661803e+00
3.091886346166815791e+00
3.069605911575521873e+00
3.047155577011895655e+00
3.027205070357897210e+00
3.006189894064268397e+00
2.987094437241947897e+00
2.966902444032211150e+00
2.948135387522235806e+00
2.931239163399408820e+00
2.909863510179570678e+00
2.891707851033790799e+00
2.873187807525365400e+00
2.859443832752373460e+00
2.844077916404016193e+00
2.824589857661986336e+00
2.806938955194640872e+00
2.788013316213939330e+00
2.773104468688919688e+00
2.757509330298920425e+00
2.740689075720964762e+00
2.722911299437218435e+00
2.707339618343145293e+00
2.689428245316797028e+00
2.673687361385359562e+00
2.659423669350811981e+00
2.645943189254977401e+00
2.632223166954490434e+00
2.617255980830711870e+00
2.602909860873038994e+00
2.590282138473243734e+00
2.578042371777375497e+00
2.561565790773219220e+00
2.547088859966579300e+00
2.531730855078021758e+00
2.519061197740320335e+00
2.503386474130010697e+00
2.491004934336833454e+00
2.476431002406708881e+00
2.466455894233829493e+00
2.457185404766454528e+00
2.443787723018258529e+00
2.430197428001481530e+00
2.417442419762177774e+00
2.405141002221227620e+00
2.392224994892443668e+00
2.388466706836999354e+00
2.377365877759038071e+00
2.366914040684416687e+00
2.359703673893644993e+00
2.348337765991481696e+00
2.338162599245387163e+00
2.325439842828971759e+00
2.316992419414056315e+00
2.304332239249069048e+00
2.292232579518569846e+00
2.284278833516947049e+00
2.272827513892092810e+00
2.261585406532546472e+00
2.255152589848302913e+00
2.245933372572189057e+00
2.236126953973518461e+00
2.225515764929644202e+00
2.216164799320070156e+00
2.204921883635431623e+00
2.194096673785847162e+00
2.184371614016487051e+00
2.175342027672092282e+00
2.166070613123768585e+00
2.155398327100417344e+00
2.144358049368323194e+00
2.136424225515694886e+00
2.129816162917664180e+00
2.121642286919545928e+00
2.111981445304714100e+00
2.101930171925906699e+00
2.092339900226531491e+00
2.085774501424953353e+00
2.080677390381336700e+00
2.074149937971629942e+00
2.065690967655425592e+00
2.057224473564310596e+00
2.048919048155352307e+00
2.040368431681719663e+00
2.032554465845138658e+00
2.024150400153157836e+00
2.015106883059336607e+00
2.007334040298482059e+00
2.001995785924102211e+00
1.994164810784947894e+00
1.990343706107648991e+00
1.981806340434748570e+00
1.976121074810604394e+00
1.967529683232875026e+00
1.960420723996308512e+00
1.953073510973900140e+00
1.944909726531160343e+00
1.937305643030438063e+00
1.929079411845309622e+00
1.920484259589250176e+00
1.913076958388508553e+00
1.905646825057890181e+00
1.897030528938300709e+00
1.890481312179923767e+00
1.883697547389091564e+00
1.875935105594379593e+00
1.868219413342860014e+00
1.862475146300064832e+00
1.856081086178802186e+00
1.848306593763157535e+00
1.842947337630820970e+00
1.835657810470616713e+00
1.829365943569670527e+00
1.823633114338301775e+00
1.818026134532581883e+00
1.811114592290828273e+00
1.804841106391892325e+00
1.797545286400943798e+00
1.790243948257307816e+00
1.783756550296118348e+00
1.780910105907726582e+00
1.775100880810971615e+00
1.769112067823339407e+00
1.765158713368756960e+00
1.758098502586382450e+00
1.752223677328970552e+00
1.746893659776569852e+00
1.741091294996106598e+00
1.737086286483466413e+00
1.731071250348824364e+00
1.724581037052826282e+00
1.718159941219180142e+00
1.712528032119015720e+00
1.707620653652714982e+00
1.701495549066424973e+00
1.696441605512223783e+00
1.691252270410328107e+00
1.685981197747390414e+00
1.681124106126116624e+00
1.676046753696192715e+00
1.670013533311783815e+00
1.664273322368589048e+00
1.659317559598870284e+00
1.656544912900638433e+00
1.650986053132599496e+00
1.645753365461093853e+00
1.640219436732932801e+00
1.635384637304996502e+00
1.633110342876286092e+00
1.627634611198801817e+00
1.625017296080597085e+00
1.622369851560131471e+00
1.618303100515577464e+00
1.612753093987167929e+00
1.608444992226786940e+00
1.603987137351778447e+00
1.599480739080668235e+00
1.594391978231911144e+00
1.590742038844120909e+00
1.586647484425889543e+00
1.582468627292686003e+00
1.579224236879612109e+00
1.574596943889434497e+00
1.570278184369915619e+00
1.565830599071053930e+00
1.561205227646573102e+00
1.556764682453383619e+00
1.552884525086200451e+00
1.548274150883740541e+00
1.544915303276279461e+00
1.547044724061765297e+00
1.543156258268169045e+00
1.539107569163604916e+00
1.536076196079368517e+00
1.531581655260070285e+00
1.527111732618588125e+00
1.523326588827425443e+00
1.518824014110039977e+00
1.514700638343501549e+00
1.509897136837810461e+00
1.506590622870354723e+00
1.502572151539804279e+00
1.500963610773496715e+00
1.497615145739769504e+00
1.494094790091034852e+00
1.490594471531166310e+00
1.486351768155097730e+00
1.482998957431771903e+00
1.480851236936103765e+00
1.476504688593845760e+00
1.472874202463631876e+00
1.470083171642448505e+00
1.466001106101552320e+00
1.462104260673305012e+00
1.457716858285160511e+00
1.454956055975672458e+00
1.451357877718659539e+00
1.447022873783937236e+00
1.446092970885346718e+00
1.442339207551087465e+00
1.439097704949263701e+00
1.435196433518876269e+00
1.432125918933645936e+00
1.430166962855308643e+00
1.426390418167868379e+00
1.423185063111080728e+00
1.419181275399346909e+00
1.415657789413659051e+00
1.412542055135789454e+00
1.409220562359047468e+00
1.405466715673825639e+00
1.401830215640969657e+00
1.398373325027389535e+00
1.394592578803654837e+00
1.391772118135829128e+00
1.388552412381783618e+00
1.384967631704718372e+00
1.381486613546124342e+00
1.378567728402602111e+00
1.376081844018891998e+00
1.372398859831159612e+00
1.369168794931448829e+00
1.365882454018673142e+00
1.363126359928125142e+00
1.359461084967675815e+00
1.355853255388637546e+00
1.352376009824422853e+00
1.348873347367161246e+00
1.345865870431012024e+00
1.342527141372717558e+00
1.339769866021695233e+00
1.337623003320211890e+00
1.334265281492988509e+00
1.330885848129633731e+00
1.327881917939977230e+00
1.327701616460299050e+00
1.324706712456931168e+00
1.321829529796280100e+00
1.320851589492933131e+00
1.317420761533648177e+00
1.314425232137174993e+00
1.311237501508880854e+00
1.310432178636246503e+00
1.308024055646270556e+00
1.304666343195294731e+00
1.301672973704855352e+00
1.298591626997942505e+00
1.295753078983546303e+00
1.292915524823642137e+00
1.291088270553407247e+00
1.291410053905323707e+00
1.289068148385939416e+00
1.288361424098086294e+00
1.285644240329264942e+00
1.282655770693779118e+00
1.279558904908356443e+00
1.278425151659101644e+00
1.275749203206954396e+00
1.273171710746385799e+00
1.270798414351124395e+00
1.268567737076850221e+00
1.265604794281707024e+00
1.262971185934723684e+00
1.260494542417443631e+00
1.257853175812501778e+00
1.256198648237679683e+00
1.253031852047693517e+00
1.250308329176019972e+00
1.248205094332059284e+00
1.245075270744804286e+00
1.245144066848060227e+00
1.243123707494373953e+00
1.240148083224335229e+00
1.237342838563514791e+00
1.234745373052590356e+00
1.231789387109364364e+00
1.230670485743958098e+00
1.228842756189606700e+00
1.226096177229627049e+00
1.224025462419854104e+00
1.221307730241117939e+00
1.218681941142797820e+00
1.216939635597426017e+00
1.214916355477998033e+00
1.212697260342038730e+00
1.211283500597281293e+00
1.209800189424559580e+00
1.207791474230876405e+00
1.206048231306739327e+00
1.203922985999137163e+00
1.201766056892886958e+00
1.199269845228512432e+00
1.197259875555045427e+00
1.195278787861064229e+00
1.192592187780008084e+00
1.189876937057253947e+00
1.187118804802685945e+00
1.184966077568955667e+00
1.182273747237528205e+00
1.179618553453117391e+00
1.177069061922841442e+00
1.174646501876778437e+00
1.172744645780791295e+00
1.171037912369421452e+00
1.170324833323870939e+00
1.168182987803529693e+00
1.165852381131544435e+00
1.163418129984364446e+00
1.161969375175507135e+00
1.159420868850397968e+00
1.157424909755186526e+00
1.155979130779701824e+00
1.153748067883732187e+00
1.151556563467039496e+00
1.150350362328243170e+00
1.148270599211838272e+00
1.146243183692679857e+00
1.144026141262114438e+00
1.141645046451575718e+00
1.139573382090713460e+00
1.137384383189635528e+00
1.135528495145213812e+00
1.133236060050807570e+00
1.130796422572780013e+00
1.128652323099273325e+00
1.127556309227235376e+00
1.125365073833354712e+00
1.123106435746814791e+00
1.121512566713386505e+00
1.119731913763762909e+00
1.117412128100137902e+00
1.115161731822654101e+00
1.112908722722389943e+00
1.111059841934710191e+00
1.108990736004675792e+00
1.106808650915358294e+00
1.104983778051112031e+00
1.104518087689871697e+00
1.102378569701652822e+00
1.100671536238194470e+00
1.098411963307522665e+00
1.096469414198009806e+00
1.094872857041321090e+00
1.093189141391773145e+00
1.091782466515379690e+00
1.090064329918122743e+00
1.087786702765887625e+00
1.086257088172744467e+00
1.084364208917391492e+00
1.082168319511127796e+00
1.081197829217700468e+00
1.079087219132688347e+00
1.076901296018794252e+00
1.075499929313172842e+00
1.073609929892447523e+00
1.071750715655297226e+00
1.069780032345099885e+00
1.067635388068467917e+00
1.066064679537807702e+00
1.064154358245745779e+00
1.062299581071423527e+00
1.060459727775414418e+00
1.058394981564255266e+00
1.056450574564805400e+00
1.055118237879622667e+00
1.053124256947387538e+00
1.053044173364297897e+00
1.051274355135142669e+00
1.050449882165393811e+00
1.049221515790928816e+00
1.047266468790855720e+00
1.045780033818828114e+00
1.044163814774935695e+00
1.042175716047142098e+00
1.040183961938630830e+00
1.038672959243800209e+00
1.037178397330785540e+00
1.035744834685053739e+00
1.034215838517739128e+00
1.033205809296114275e+00
1.031219905913503432e+00
1.030426667843474364e+00
1.029085317827500790e+00
1.027259308440834573e+00
1.026852578777533109e+00
1.024956809716645489e+00
1.023256103218591839e+00
1.022210458314302572e+00
1.020259446695684691e+00
1.018542293013759092e+00
1.017238362765184867e+00
1.016135710270957837e+00
1.014790382255129852e+00
1.013044125879374535e+00
1.013147329468304658e+00
1.011407696645488574e+00
1.009516756335089749e+00
1.008457087922518758e+00
1.009213902674493513e+00
1.008115085619092355e+00
1.006708547943533816e+00
1.005236378580494527e+00
1.003988441114660013e+00
1.002299867868496452e+00
1.000843488009965920e+00
9.991855208051052539e-01
9.980547216530382126e-01
9.962838496673600552e-01
9.955420060969519813e-01
9.941529911571628242e-01
9.924632381088486222e-01
9.915999914940076820e-01
9.904744112739964912e-01
9.893419264677558722e-01
9.876591694287698564e-01
9.859117327099163886e-01
9.842708957601504771e-01
9.827030571609423060e-01
9.812972201957655960e-01
9.799793141989719958e-01
9.783049675739476925e-01
9.784932985480463419e-01
9.770563811580047497e-01
9.761837739216400189e-01
9.747174677852697977e-01
9.739533567990876772e-01
9.724517270783963330e-01
9.712059783613363750e-01
9.696337623480062451e-01
9.687465405082762437e-01
9.684487176740976810e-01
9.671772786325965043e-01
9.657637690219601501e-01
9.648876511627524355e-01
9.633818850640185616e-01
9.619702069655828858e-01
9.608390051315548464e-01
9.596949690300151659e-01
9.580099229075458300e-01
9.568985665386685602e-01
9.553334824571997341e-01
9.538399803457185966e-01
9.530340587974553967e-01
9.515518597481078533e-01
9.500737376102347254e-01
9.484925274841446985e-01
9.469464707523973512e-01
9.454643310832866465e-01
9.438737368585857768e-01
9.426071397643084326e-01
9.415180983540074600e-01
9.406140729681184975e-01
9.390376849340341670e-01
9.375408424029407772e-01
9.360569806538833193e-01
9.347058729154549273e-01
9.338867746468442199e-01
9.323911753273664837e-01
9.309474680233783550e-01
9.297163138058115450e-01
9.283203257725849422e-01
9.278864637854827846e-01
9.264093105629122027e-01
9.257362544369718282e-01
9.251753271881509866e-01
9.236706473336496748e-01
9.226722857445890380e-01
9.216776513833291329e-01
9.204954455751013231e-01
9.192157193917905866e-01
9.178230455602310878e-01
9.164225906551856093e-01
9.149923969938682511e-01
9.141300603719029194e-01
9.130114663303913192e-01
9.130819922328756721e-01
9.125133475921066717e-01
9.113177637504591422e-01
9.099124093822371639e-01
9.087534776234901246e-01
9.075677241023901720e-01
9.070387500993998264e-01
9.062739664098244941e-01
9.048929192063474014e-01
9.035552083627212960e-01
9.022977884108803748e-01
9.011669710916910825e-01
9.005165257128605605e-01
9.001661840918999680e-01
8.996582102157015814e-01
8.985300515191841919e-01
8.975250304148774116e-01
8.963006449524125729e-01
8.949574497845349530e-01
8.936638780772941937e-01
8.935905581961698374e-01
8.923386886720104938e-01
8.911028015177595574e-01
8.906942260851001825e-01
8.900120301749957497e-01
8.891620198250819174e-01
8.878813854527570770e-01
8.867840879022222955e-01
8.855052302219037497e-01
8.843493429150526275e-01
8.832362801525595053e-01
8.819943255213343880e-01
8.810692588804025505e-01
8.801429348887952475e-01
8.792558233209151197e-01
8.780399885791602133e-01
8.769063830823677907e-01
8.756811947153390063e-01
8.745066136461835393e-01
8.732620347634023616e-01
8.721884502677278439e-01
8.708831274541424250e-01
8.702243580869937212e-01
8.691267888480905812e-01
8.681606177999172669e-01
8.670430762523771984e-01
8.658155823283654184e-01
8.650960369790788862e-01
8.638910302497875282e-01
8.626294137509824544e-01
8.613977845608183914e-01
8.602295726279166610e-01
8.595354696761106084e-01
8.584642860165452305e-01
8.585129616712384726e-01
8.589242365055685946e-01
8.578270008331271290e-01
8.569159107925027330e-01
8.572525468987907127e-01
8.560138822689554727e-01
8.548234951619496647e-01
8.539129467564133824e-01
8.526813720688666276e-01
8.528329273157317925e-01
8.517020959074260711e-01
8.506503118421305798e-01
8.499364214652616045e-01
8.492116430220509882e-01
8.485926743058288535e-01
8.483792885317585908e-01
8.484487653023181641e-01
8.480983777119583955e-01
8.476010563985882929e-01
8.477217502740284072e-01
8.467100185893450259e-01
8.457190940699598203e-01
8.450380842571258988e-01
8.438177198226568532e-01
8.431584265817844148e-01
8.425768222270096919e-01
8.415226329727002463e-01
8.415477413064436085e-01
8.404295059029610604e-01
8.392503615925880345e-01
8.386455291354070196e-01
8.375388986456606677e-01
8.366926416833050384e-01
8.369650721737807997e-01
8.366896970023769420e-01
8.360572003928410378e-01
8.350535886956443887e-01
8.340370585571117434e-01
8.341034760609108423e-01
8.332803909276225163e-01
8.335663342006224275e-01
8.325482888108072244e-01
8.316969041174087085e-01
8.308702460656229860e-01
8.297761257984015426e-01
8.299201252962811193e-01
8.292737824916582845e-01
8.282844540285468904e-01
8.273088291566922381e-01
8.264368260346819373e-01
8.257711412776679305e-01
8.249559084540587506e-01
8.239516796446670899e-01
8.228837479792909804e-01
8.219046928786782891e-01
8.208295465974096983e-01
8.204445900687977744e-01
8.194980926675593524e-01
8.186458697403721230e-01
8.178105254152309156e-01
8.168964912814578039e-01
8.158569947025081648e-01
8.148571523982006681e-01
8.139271914332434354e-01
8.131338337531859306e-01
8.122634079054407152e-01
8.114427996358891670e-01
8.106182708709284146e-01
8.098421734580580900e-01
8.088544488025604107e-01
8.078353535224456206e-01
8.068819730330489826e-01
8.058515311990576135e-01
