4.427531626520864450e+01
4.412200293500681170e+01
4.369966429018466414e+01
4.302387554221680688e+01
4.246884553331845780e+01
4.189279373149589247e+01
4.118328655613758116e+01
4.063375193104761252e+01
4.007224508915361838e+01
3.964564056061286124e+01
3.909407247555139975e+01
3.849727332160116333e+01
3.810380651061438328e+01
3.760039664071504006e+01
3.709603177285454478e+01
3.672227100725012860e+01
3.637602868284854196e+01
3.596928895781707070e+01
3.560485191890931844e+01
3.524804993731329006e+01
3.489363552286898340e+01
3.456320276258531266e+01
3.424872541018585537e+01
3.394661323998474245e+01
3.367009983773355941e+01
3.338926734800812568e+01
3.310079704984125470e+01
3.281173800137003127e+01
3.252457372300176530e+01
3.222269356225209691e+01
3.196731394335077781e+01
3.171169222451733916e+01
3.144954962085648020e+01
3.120494695953355091e+01
3.094006543878818860e+01
3.068386406999011129e+01
3.045257635645207728e+01
3.024872503452407813e+01
3.003991717167035702e+01
2.981936265878216830e+01
2.961821325829512830e+01
2.940757975374781097e+01
2.919530229875979543e+01
2.896335510059875418e+01
2.874542007183888970e+01
2.855233145189665578e+01
2.834415791621089653e+01
2.815314910681541960e+01
2.795837137498802250e+01
2.778380551306526414e+01
2.760081156459622420e+01
2.741964308605948375e+01
2.723796735643643530e+01
2.703871857657139444e+01
2.686700936510047910e+01
2.668862867915165893e+01
2.649769689093406200e+01
2.629728158413091421e+01
2.612432590783372177e+01
2.594640028243567187e+01
2.576870274625575163e+01
2.560748515415162174e+01
2.542185202620000339e+01
2.525963491065224176e+01
2.510431044743492279e+01
2.495276111115562756e+01
2.478786424722721549e+01
2.464419551857461244e+01
2.448569013100022218e+01
2.432444531417388944e+01
2.416708087784989445e+01
2.403335475548608713e+01
2.389963151011568954e+01
2.373692368566466371e+01
2.358941881098827409e+01
2.343224260194683950e+01
2.328809416857153636e+01
2.313286998716161591e+01
2.299723699322605341e+01
2.286127654497905581e+01
2.272276788702029648e+01
2.258951412423169103e+01
2.244249139861476650e+01
2.230857224982975495e+01
2.218130460434325713e+01
2.202783006910773267e+01
2.189197239820348884e+01
2.174969248436934777e+01
2.162928882919138474e+01
2.149021393159294036e+01
2.135148153374583302e+01
2.123315143999085919e+01
2.110900810198945265e+01
2.099319152254904708e+01
2.088469842789915987e+01
2.076613488434064081e+01
2.064488440627589938e+01
2.053655471783823927e+01
2.042903710865563127e+01
2.029629877519195702e+01
2.018606769383846355e+01
2.009411140534357543e+01
1.997811433280430293e+01
1.986933245390752134e+01
1.975369822028010702e+01
1.965272291145428696e+01
1.953913940656865122e+01
1.943884031006917823e+01
1.932041306511845136e+01
1.921788399665452474e+01
1.914031004914544809e+01
1.903991333769786465e+01
1.894034757304393324e+01
1.886038795185794825e+01
1.876073259966655016e+01
1.868643054764166322e+01
1.861301912785526724e+01
1.854663964938498566e+01
1.845136133429350167e+01
1.835965370999389634e+01
1.826691520288245840e+01
1.817165010512903578e+01
1.811084859677030678e+01
1.802573584623030101e+01
1.797848866358127751e+01
1.788756390559079534e+01
1.780106932368620321e+01
1.772910052248458967e+01
1.765100523901354279e+01
1.756722290665061692e+01
1.747894554830511282e+01
1.740994667226001624e+01
1.732244110877120136e+01
1.723465928899240751e+01
1.716755640792271720e+01
1.708877865272758712e+01
1.701846604589758627e+01
1.696912506562085809e+01
1.688241678475946372e+01
1.680834287630406365e+01
1.673200203644688244e+01
1.666956280378439814e+01
1.658882346227614235e+01
1.651237613503798585e+01
1.644393794229894468e+01
1.636572811775235792e+01
1.628871486381574840e+01
1.621258783348890731e+01
1.614085892838123115e+01
1.608844376902229456e+01
1.605331967215767364e+01
1.598176949110928824e+01
1.591156722853448535e+01
1.587299821457204452e+01
1.583217848033208242e+01
1.576514475838301443e+01
1.569699307489447193e+01
1.563373730635476200e+01
1.557237748921884446e+01
1.551269134412315331e+01
1.545157415372692356e+01
1.540509244931955024e+01
1.534203239319383627e+01
1.529031688231245312e+01
1.522752045556786271e+01
1.516950976845176946e+01
1.510968505543591256e+01
1.504399443219811694e+01
1.498787149049464418e+01
1.493636572731392320e+01
1.488184287608430445e+01
1.482431926595413607e+01
1.477483039370233797e+01
1.472194075874453034e+01
1.466447768916653338e+01
1.460255701021248598e+01
1.455076314435440743e+01
1.449566146464648675e+01
1.444155171138397620e+01
1.440457995933177671e+01
1.434681306234384657e+01
1.431154341179565925e+01
1.427417735999832082e+01
1.421630094492575225e+01
1.417552143580862811e+01
1.415093121861633385e+01
1.409235272902149383e+01
1.404611928367147300e+01
1.399768676376448084e+01
1.395346832879965149e+01
1.390259577196183116e+01
1.386680639958367323e+01
1.382385651749022593e+01
1.377300642548538967e+01
1.372710122146923517e+01
1.367866295130160204e+01
1.362974253564439309e+01
1.364032433581683712e+01
1.360326184052951071e+01
1.356375483630066903e+01
1.352554612043123328e+01
1.350340346973312577e+01
1.345897206703688198e+01
1.342548810562332839e+01
1.338983108444039694e+01
1.335168675592641740e+01
1.331610903907049348e+01
1.328015781773298620e+01
1.324199665802242798e+01
1.320392505194917554e+01
1.316110818230752422e+01
1.312365629549740653e+01
1.308462690488840252e+01
1.304048321859346871e+01
1.301306251480791687e+01
1.297261935590972648e+01
1.295645067494952052e+01
1.292484459396193408e+01
1.288791813901969441e+01
1.284983204727761397e+01
1.282099784580920421e+01
1.278879949970279561e+01
1.275846802623202336e+01
1.273009988184396590e+01
1.270131138301676188e+01
1.266710616764584785e+01
1.262756624323029087e+01
1.258929003312290007e+01
1.257348188226015928e+01
1.254609071550410349e+01
1.251552794592658380e+01
1.248412967940585894e+01
1.244938207904530181e+01
1.241755001226380806e+01
1.239142338448822578e+01
1.236423796461697577e+01
1.233427150571737130e+01
1.230954758194009457e+01
1.227772198838311546e+01
1.225339161899679219e+01
1.221991209941503342e+01
1.219441335322242637e+01
1.216072586317215709e+01
1.212747905169332086e+01
1.209561073568649370e+01
1.206026219006538192e+01
1.203087329988108500e+01
1.200171996957446119e+01
1.197053475442338311e+01
1.193663550759672631e+01
1.190409453081227120e+01
1.188640914053505426e+01
1.185621628041540632e+01
1.182378912682095340e+01
1.179892446278246076e+01
1.177881940547969464e+01
1.174778524017454906e+01
1.171426832663521189e+01
1.169793879166678963e+01
1.166733088317860201e+01
1.163759711781952433e+01
1.160892012582960042e+01
1.158874165305465276e+01
1.156458593527719536e+01
1.153239911834985776e+01
1.150222627408827947e+01
1.147422208269197874e+01
1.146258871864560369e+01
1.143651989405691438e+01
1.140936617966428734e+01
1.138874505906307100e+01
1.136668988838577299e+01
1.133979089590481237e+01
1.131124403035563120e+01
1.128245953120968537e+01
1.125458106237244138e+01
1.123851888364137963e+01
1.121935030419766832e+01
1.119101181863893579e+01
1.118373420733462709e+01
1.116395061409659206e+01
1.113694988923542972e+01
1.110873492561122333e+01
1.108892604835443940e+01
1.106425364530456612e+01
1.104533132132673501e+01
1.101937182184104458e+01
1.099190411050742711e+01
1.096560223965961534e+01
1.094629091420494760e+01
1.092348397496730961e+01
1.092906166114772404e+01
1.090771932235137598e+01
1.088490677651748761e+01
1.087107240983596235e+01
1.084948023728055411e+01
1.082562348331962809e+01
1.080773761253271381e+01
1.080812812791196365e+01
1.079378196357212616e+01
1.077507088595123008e+01
1.075877310799583775e+01
1.076751825493514048e+01
1.074567135770633364e+01
1.074443265802456615e+01
1.073920920563272396e+01
1.072362018006261053e+01
1.070983742495945279e+01
1.069317550148468499e+01
1.068404767934112698e+01
1.067308885528354701e+01
1.065709898039722248e+01
1.063646052860744540e+01
1.062087699177528144e+01
1.059849570128096907e+01
1.057809480478084829e+01
1.055576427565456932e+01
1.053510488247547983e+01
1.051559610154047597e+01
1.049757036263496168e+01
1.048051492667190132e+01
1.046306604005457963e+01
1.046131140459772801e+01
1.044206496745386659e+01
1.043003695520649465e+01
1.040889237139366053e+01
1.039873778082245970e+01
1.038951601455140761e+01
1.036841105535865282e+01
1.034497486146738332e+01
1.033640610654083503e+01
1.032350982722293686e+01
1.030317213819874489e+01
1.029744652995554688e+01
1.027783290802167748e+01
1.025741000932660185e+01
1.024706675335638550e+01
1.022731075475822315e+01
1.021103905949538948e+01
1.019522671903440525e+01
1.017897808728192111e+01
1.016146266448028967e+01
1.014391722845614119e+01
1.012568121792591569e+01
1.011053144210956489e+01
1.010086589710956240e+01
1.008031845847239438e+01
1.006147932468897821e+01
1.004215548261240620e+01
1.002455153139466226e+01
1.000685631512356011e+01
9.991829610406847806e+00
9.973857429991046075e+00
9.955532793494862531e+00
9.936127021559766348e+00
9.922375826122451059e+00
9.915898979902248556e+00
9.899887298795873036e+00
9.880654387480833023e+00
9.869971072312441862e+00
9.854391400852794192e+00
9.838589189110633626e+00
9.824116341092761218e+00
9.807368165954606809e+00
9.792778975761768478e+00
9.774107675631698910e+00
9.755733257980036655e+00
9.736740370280031698e+00
9.721026674572501136e+00
9.703986632042695959e+00
9.688705235588836118e+00
9.670188724709374739e+00
9.654012608718963051e+00
9.637307916997226442e+00
9.622016371825210967e+00
9.614239135400087122e+00
9.598819181268062550e+00
9.581157300994965098e+00
9.567245304429647490e+00
9.551705443380869909e+00
9.543400210330561961e+00
9.528808262497017623e+00
9.514460615697680979e+00
9.518687331466784585e+00
9.503844010225284578e+00
9.489632981182452909e+00
9.478019606644025430e+00
9.464277997863788983e+00
9.449588821800281480e+00
9.432325100597124035e+00
9.422075343595565755e+00
9.409738279918181902e+00
9.418398841577587888e+00
9.411857162371413565e+00
9.395186917763149737e+00
9.395913824684203774e+00
9.387811369727875999e+00
9.377702351353457644e+00
9.368677715926132521e+00
9.354863038815217635e+00
9.346292126820848978e+00
9.332638283434945947e+00
9.325500589838082277e+00
9.312113268227584228e+00
9.303260838779580766e+00
9.299418094850867789e+00
9.287937486784741736e+00
9.287956169409845586e+00
9.275005977076441255e+00
9.259987672404641046e+00
9.247090370522158764e+00
9.231618443948732988e+00
9.217966856336945014e+00
9.203814233029973479e+00
9.188361879549244549e+00
9.177379639253464561e+00
9.166091148212995421e+00
9.152515086423431256e+00
9.140276164209055310e+00
9.126264489148180559e+00
9.117303679244470160e+00
9.103181414082810008e+00
9.088811528981452170e+00
9.076877199156349718e+00
9.064742088655805219e+00
9.050744592775508579e+00
9.038211350106841735e+00
9.025913061895243672e+00
9.014838819345898813e+00
9.003384385813099300e+00
8.992628489200674480e+00
8.982270849619364839e+00
8.972749096590066031e+00
8.959691442863288557e+00
8.945697620081036305e+00
8.932311401153825159e+00
8.923935618059804398e+00
8.914447919071800897e+00
8.903500534336110661e+00
8.890423337181884378e+00
8.877805337551395226e+00
8.878290157452365605e+00
8.871752488906277989e+00
8.857560443051792021e+00
8.849047685919282813e+00
8.836034435810338650e+00
8.823499503181468029e+00
8.809925235143040823e+00
8.799406891310530554e+00
8.790837742807832811e+00
8.781186082790179981e+00
8.771695099694511555e+00
8.760566160613263875e+00
8.749021488291834459e+00
8.738498711929777230e+00
8.726835387916384690e+00
8.715601087405429936e+00
8.701714203953159199e+00
8.689067489790209819e+00
8.675641279498028879e+00
8.661006022196593435e+00
8.653654541418463353e+00
8.641483736251588610e+00
8.634843543665578380e+00
8.622396666643298957e+00
8.608819794393086866e+00
8.598560040366015400e+00
8.586718381853668092e+00
8.573775141893802854e+00
8.561076010031625216e+00
8.560117061401633975e+00
8.547587809104001622e+00
8.538748024850981722e+00
8.526719825676408959e+00
8.513996589457931918e+00
8.502148241124537265e+00
8.494215830807920753e+00
8.480520107357373050e+00
8.470784385538410177e+00
8.460267482037256315e+00
8.450201813400516571e+00
8.439795918290712962e+00
8.429871865453300472e+00
8.417335798668522884e+00
8.411082758626681866e+00
8.398961600026188634e+00
8.385736551148712081e+00
8.374948390796649988e+00
8.363089468896772516e+00
8.354312850007636015e+00
8.343116398773457121e+00
8.331840447191080301e+00
8.320565055814041600e+00
8.316656155614390755e+00
8.318676854815098665e+00
8.306119750157083814e+00
8.298134369255684817e+00
8.286685558615326741e+00
8.274643330229849880e+00
8.267538866992413915e+00
8.261430252009613895e+00
8.259718454018237566e+00
8.249708021680611125e+00
8.239822312364097456e+00
8.229094606100769482e+00
8.217764641921926128e+00
8.206931519176526635e+00
8.195202375704646158e+00
8.199062539365046476e+00
8.199678348305015518e+00
8.188836898360253969e+00
8.177547967274072960e+00
8.172611932386205424e+00
8.163610401753677692e+00
8.154908533454943154e+00
8.145093182543689636e+00
8.138660357178267191e+00
8.130798973307191702e+00
8.121514591052781284e+00
8.113350920881835293e+00
8.107400338993592470e+00
8.104452987816587850e+00
8.093504275694115790e+00
8.085554140037354287e+00
8.075788267625103600e+00
8.068282898001857717e+00
8.058848974557104583e+00
8.049108464980205824e+00
8.041128219300023972e+00
8.032484266163958608e+00
8.050473214827544410e+00
8.042347465521565653e+00
8.032150909290605156e+00
8.026900580939805963e+00
8.019992072411204376e+00
8.012098635018970683e+00
8.001658833441222640e+00
7.993935754866044796e+00
7.982581405455434265e+00
7.978918823280943151e+00
7.969478293187592932e+00
7.961868105435934595e+00
7.952530708510285429e+00
7.942246741095543072e+00
7.934192880200545694e+00
7.923372695891027107e+00
7.918124453150965358e+00
7.908304599426906556e+00
7.899979310274383160e+00
7.892066390417975086e+00
7.882660818511186385e+00
7.873126389337360642e+00
7.864226159119793280e+00
7.855200269721090756e+00
7.845658705419233492e+00
7.837042005176919623e+00
7.828892059063631947e+00
7.819105296386469561e+00
7.809529835846304557e+00
7.800522578627562709e+00
7.790222616980425840e+00
7.785342762926720894e+00
7.775047808388439563e+00
7.770366305346817271e+00
7.760881225703574415e+00
7.754551284338379702e+00
7.747938351630758724e+00
7.739387295251524357e+00
7.733025612249592839e+00
7.726747159982958912e+00
7.718842770834016598e+00
7.713174516148010085e+00
7.703777150442675747e+00
7.694147525861284365e+00
7.685959899023802500e+00
7.677259012576414854e+00
7.667064520295762797e+00
7.657203870053546524e+00
7.649822209152492114e+00
7.642403937993835328e+00
7.638020822255595199e+00
7.629303709678271872e+00
7.620772825902538017e+00
7.613150108906010516e+00
7.604117028687793045e+00
7.597037305200806223e+00
7.589398614528792386e+00
7.580256218003853519e+00
7.570632759275478740e+00
7.561893588206531014e+00
7.555782874298519580e+00
7.555302048229607159e+00
7.567904426600972734e+00
7.564319192240641421e+00
7.558112752222386099e+00
7.550306670485019467e+00
7.547742203355713997e+00
7.542572270731282558e+00
7.540452428705299859e+00
7.533937359588217753e+00
7.526961829353110645e+00
7.524298580586547658e+00
7.523671760349645687e+00
7.517405292213344303e+00
7.508922894288794225e+00
7.503845679906512522e+00
7.495835915803723992e+00
7.490544047995643773e+00
7.481934876332945628e+00
7.477927078851608123e+00
7.471476965916862056e+00
7.466769974933937348e+00
7.460696889063595627e+00
7.465951728720623848e+00
7.457946019864357012e+00
7.451890969957228883e+00
7.445192051653889642e+00
7.438133859154670624e+00
7.432782700053088831e+00
7.424654675280831562e+00
7.416592944404266419e+00
7.408129775283777363e+00
7.401387881988896744e+00
7.393202185872465471e+00
7.386287490059305405e+00
7.378496051542346557e+00
7.372315888555700525e+00
7.365957905539659123e+00
7.366935773402348175e+00
7.359017476074115827e+00
7.354038168148398391e+00
7.347134637525629230e+00
7.341412749793167158e+00
7.337766343265366586e+00
7.332488265203065403e+00
7.324620433954847520e+00
7.318209405348794050e+00
7.310899824601048813e+00
7.304272627994676803e+00
7.297053405877162113e+00
7.294436968004527344e+00
7.286162181540856153e+00
7.278538956694048601e+00
7.271019561105931395e+00
7.264299414045229497e+00
7.256054047541844909e+00
7.248153360952758639e+00
7.240368966710978071e+00
7.235054636968743402e+00
7.231361486868917332e+00
7.224059409121748487e+00
7.221202122874340823e+00
7.213437897120567044e+00
7.206524262218059640e+00
7.200969310007287127e+00
7.194470731870741709e+00
7.185906351255473723e+00
7.177450524109106667e+00
7.172025693954102721e+00
7.169460560652442638e+00
7.163456546892298604e+00
7.157125050257310050e+00
7.150193108519938612e+00
7.143582002969414368e+00
7.136775749002491231e+00
7.130135447844925700e+00
7.122361206368529984e+00
7.116784930472618953e+00
7.110889314365429037e+00
7.105434993276351641e+00
7.097529126558053569e+00
7.094996159068956310e+00
7.089857925209459566e+00
7.082261053507060922e+00
7.074110653262892789e+00
7.068084084056756922e+00
7.060984233448039937e+00
7.062898588447627191e+00
7.056342413350598086e+00
7.050639858584308861e+00
7.042651337829775926e+00
7.036339249847135768e+00
7.028584698939851272e+00
7.020829316947100551e+00
7.013554562531532532e+00
7.008858559889465489e+00
7.002273990812926563e+00
6.995661680336709765e+00
6.990966083989328617e+00
6.984896733899894627e+00
6.978833806730006195e+00
6.971702354018039394e+00
6.965265903249459711e+00
6.959519150818344713e+00
6.953078396012626783e+00
6.951601310555711066e+00
6.944032046297262006e+00
6.939924131791487483e+00
6.932144971931213817e+00
6.928613620041364385e+00
