2.735169123837623317e+01
2.745356226164278368e+01
2.699285379112091121e+01
2.676725808253623029e+01
2.656730797300574665e+01
2.616596110489284044e+01
2.599913898630966713e+01
2.578686377870009494e+01
2.559136149924567860e+01
2.529981629229717299e+01
2.511001851911567329e+01
2.492002737964642023e+01
2.472210773334275302e+01
2.457700436688154610e+01
2.439843218692368509e+01
2.426983914279210097e+01
2.412659189349268729e+01
2.397835897337952815e+01
2.381865921871242975e+01
2.364997020332956623e+01
2.350207606088695655e+01
2.335972446732316854e+01
2.322627689957791119e+01
2.305633497436510382e+01
2.293459199922456193e+01
2.276896717819289151e+01
2.263520357555755780e+01
2.247026204079092082e+01
2.235297801230286652e+01
2.218657746468908698e+01
2.208471912592295539e+01
2.195127506186588207e+01
2.178438731218761859e+01
2.165090295617144278e+01
2.151130021199987041e+01
2.139423976500392044e+01
2.127932231595397994e+01
2.112668889764632496e+01
2.100902389823164640e+01
2.087900276678832867e+01
2.077449393726265825e+01
2.065677188275704879e+01
2.053584803070493336e+01
2.040366429949926896e+01
2.027107102335926214e+01
2.011742518588139461e+01
1.995694175339715315e+01
1.982036875083574401e+01
1.970878274969555832e+01
1.958698204185276381e+01
1.951241408162095681e+01
1.938547521510298211e+01
1.929337586138800376e+01
1.921146690116764333e+01
1.908504102322104501e+01
1.896289584214611779e+01
1.883266607372067725e+01
1.872617662604677591e+01
1.861923192067532540e+01
1.849992288041282151e+01
1.838567813850544752e+01
1.826798752924607427e+01
1.816433797109961290e+01
1.805307562194006366e+01
1.796661783217545150e+01
1.783741617725023332e+01
1.772496476635399176e+01
1.761683787207406482e+01
1.749942579422950573e+01
1.738588106011603784e+01
1.727667036428756830e+01
1.715094388184938268e+01
1.704785280324012930e+01
1.692162262387919469e+01
1.680456566905611382e+01
1.670566828501264922e+01
1.658851300813647356e+01
1.646695819473777789e+01
1.637107902706915041e+01
1.626611391554448360e+01
1.619946271483293643e+01
1.609850777401244670e+01
1.601535944755861607e+01
1.592678251068781492e+01
1.582070627809792640e+01
1.575447562178486827e+01
1.566733724812987738e+01
1.560864294934241769e+01
1.550936514330022575e+01
1.543842278563409565e+01
1.534027690310651515e+01
1.524481943227735137e+01
1.515627465602885771e+01
1.506948265355015337e+01
1.498384534392226719e+01
1.488515860851989814e+01
1.482458634304929035e+01
1.473820790079829735e+01
1.466760864132282194e+01
1.458313372241995864e+01
1.450812612658738310e+01
1.441634749790195791e+01
1.432696052158845568e+01
1.424401145475970054e+01
1.417203825267728057e+01
1.408978970114763030e+01
1.402384673364878687e+01
1.393857212812462443e+01
1.387348286763868543e+01
1.379281828201923155e+01
1.370986257792951157e+01
1.362108940074400110e+01
1.354435174861566793e+01
1.346006245769665455e+01
1.339852860369641974e+01
1.334196712262532003e+01
1.327267488861683908e+01
1.319166096111529463e+01
1.315820030327670054e+01
1.310837418327577630e+01
1.303201737253987602e+01
1.295447195088542713e+01
1.293881395985257576e+01
1.288487984611829695e+01
1.283096519978134076e+01
1.276711941676672879e+01
1.271153154834808774e+01
1.264778345491994038e+01
1.260332691487612067e+01
1.258077073589080719e+01
1.252171634855602633e+01
1.245445321822074902e+01
1.239662926486449201e+01
1.235233311607021989e+01
1.229137751220772934e+01
1.222707097884901906e+01
1.216998419663503128e+01
1.212727197936128576e+01
1.206204692798308820e+01
1.203947438905087175e+01
1.198786329743362167e+01
1.194210710768882855e+01
1.191596044700419021e+01
1.186014217525709213e+01
1.182267142343393296e+01
1.180532671405504352e+01
1.178391376453991946e+01
1.173611125254966225e+01
1.169285802833078591e+01
1.163749579213761365e+01
1.158346643455605118e+01
1.152679673807589644e+01
1.147847491690816213e+01
1.143389347561295288e+01
1.138711854043843275e+01
1.136256040712800441e+01
1.134337826936101479e+01
1.130651050233138299e+01
1.129147083132667895e+01
1.124793399879095190e+01
1.120345683319127339e+01
1.116157343108018551e+01
1.111424501587902824e+01
1.108702315979221886e+01
1.104533961570009026e+01
1.099607077022845125e+01
1.094862378546890369e+01
1.093111953385487389e+01
1.089596781020445349e+01
1.086662245411081251e+01
1.082381874855285098e+01
1.078776374178179864e+01
1.074849871395350753e+01
1.070821353279449362e+01
1.070482279114611757e+01
1.066113293618397329e+01
1.066728502539382362e+01
1.062502716495689548e+01
1.059265835037469472e+01
1.058267692243263625e+01
1.054049596367036479e+01
1.050329894492359628e+01
1.047650099178757976e+01
1.044648348433640273e+01
1.042416914505689718e+01
1.041157674079269135e+01
1.037134097082223505e+01
1.033188542063052218e+01
1.029148440700459766e+01
1.025797402757107335e+01
1.024248851916700964e+01
1.023013536091376707e+01
1.020546424820001086e+01
1.017971799191879789e+01
1.014239975695832641e+01
1.010851091332162710e+01
1.009352676415079486e+01
1.008670520882260924e+01
1.006094759415564610e+01
1.002777386923602876e+01
9.990915687318350891e+00
9.956821009062013061e+00
9.923844285285767342e+00
9.889761240753662364e+00
9.862913830959676886e+00
9.832116903847442302e+00
9.808142608331529289e+00
9.776546637402734774e+00
9.766924875247342541e+00
9.746752733815579717e+00
9.722734624352122879e+00
9.719845734129687997e+00
9.692151168568162944e+00
9.663906785685878020e+00
9.630450330589924945e+00
9.603186362978945567e+00
9.574565173457079581e+00
9.547629333234732840e+00
9.517020496993692902e+00
9.514734409400224635e+00
9.495694752237884728e+00
9.468043524283116241e+00
9.445415256094042533e+00
9.415596121562710863e+00
9.385021446752135788e+00
9.382086755390474764e+00
9.350897318059615770e+00
9.339391484189473402e+00
9.311393627867754930e+00
9.285372711248303546e+00
9.270228807277048233e+00
9.244057308349606927e+00
9.215336705931502337e+00
9.189368053987006846e+00
9.165367737185547981e+00
9.145367166947204751e+00
9.171092609799016415e+00
9.151528255849186166e+00
9.124706758605212187e+00
9.105097586422147060e+00
9.081495598976573547e+00
9.072050604103379712e+00
9.062426905173813552e+00
9.036814102748218502e+00
9.011342736986991397e+00
8.983690753652288308e+00
8.960960383570762744e+00
8.935374331105421675e+00
8.913683690373609636e+00
8.896330252503235059e+00
8.875137362171683364e+00
8.853352039435451459e+00
8.847573885215593847e+00
8.823505529850871554e+00
8.797377804635081233e+00
8.774376985696576980e+00
8.750018672854928070e+00
8.727688091325932263e+00
8.701670947560225855e+00
8.679606487533989778e+00
8.659097436077050958e+00
8.642421055532969021e+00
8.617885593268358235e+00
8.592592501344626044e+00
8.568204526136879551e+00
8.543582331197274726e+00
8.534198676756830082e+00
8.511262782344257261e+00
8.490803741499190593e+00
8.469887300275033226e+00
8.446484093517765857e+00
8.426666980055003364e+00
8.407596661709236585e+00
8.386528444954258532e+00
8.364942676988340153e+00
8.341686541110361119e+00
8.317780472814581216e+00
8.297615388688615923e+00
8.275305901101187800e+00
8.259003877917248104e+00
8.236991996339364519e+00
8.215501585180719601e+00
8.198215646741045859e+00
8.176279556254682390e+00
8.159462337378226238e+00
8.138397634920588430e+00
8.117127198077836780e+00
8.097725664021020009e+00
8.075895574525416620e+00
8.055221206771252085e+00
8.035361744916102111e+00
8.013981823430498252e+00
7.994636434520353774e+00
7.975435074493970156e+00
7.982929582878059982e+00
7.975967081169780926e+00
7.957745033456707695e+00
7.951024747155347683e+00
7.930682653399880877e+00
7.914388668840421914e+00
7.913346265830410786e+00
7.892350847622302545e+00
7.882688012535140842e+00
7.866997209771946054e+00
7.850801226471792127e+00
7.834676005217727557e+00
7.837719051828281991e+00
7.826885486253198465e+00
7.810893848758428959e+00
7.793373314645362093e+00
7.790417013500892551e+00
7.770851716711818291e+00
7.752636592537300864e+00
7.737474461971873829e+00
7.735973066211355054e+00
7.745548765882378284e+00
7.739342827325596197e+00
7.723329071094656939e+00
7.722212201500536999e+00
7.704776990309710527e+00
7.687755448226025301e+00
7.670350286608765167e+00
7.671079216574012705e+00
7.658013288030093513e+00
7.643268440696879829e+00
7.627358042759007972e+00
7.612298213639904887e+00
7.609396142130891327e+00
7.592300077498332911e+00
7.577478678051699390e+00
7.563921691308345352e+00
7.551404539669584359e+00
7.539169036366311083e+00
7.522659801823085246e+00
7.517917947972575732e+00
7.501728159029566356e+00
7.489193326298432041e+00
7.473301369569061769e+00
7.461835242059827955e+00
7.449822177201023798e+00
7.435969046716160769e+00
7.422194564521036320e+00
7.420160775806604825e+00
7.411463695831236542e+00
7.397574350351700190e+00
7.382771726866322659e+00
7.367775348574655325e+00
7.352990482169436959e+00
7.337791475459559898e+00
7.331142973575381916e+00
7.316605203358616194e+00
7.301377976632634770e+00
7.287874380178445577e+00
7.280129448772907352e+00
7.263560418252867912e+00
7.267357027917219270e+00
7.252648498221152096e+00
7.238765923506650601e+00
7.228825108894855411e+00
7.234175949618283141e+00
7.219856513501751394e+00
7.204668361203684590e+00
7.195935683022092633e+00
7.183358560757940658e+00
7.168273210063476064e+00
7.159893948802896979e+00
7.153420004529425391e+00
7.139278080413480332e+00
7.126453040287328733e+00
7.118935754531408477e+00
7.105538332234747401e+00
7.091413349430973234e+00
7.080553597122579923e+00
7.068429353891854561e+00
7.053387876115054134e+00
7.040466756053860742e+00
7.027370806596756836e+00
7.022056179595988823e+00
7.008829334967728641e+00
6.995867645247925815e+00
6.996810216610751532e+00
6.997989276501078493e+00
7.000530592968424060e+00
6.989129639781846315e+00
6.975843383506325601e+00
6.962223775704075912e+00
6.949966422159192803e+00
6.941924597725195767e+00
6.929576648813684514e+00
6.916063974835063632e+00
6.905796314154520665e+00
6.900874617869441785e+00
6.890093745788210100e+00
6.886116469751907943e+00
6.872548452342557290e+00
6.859010475630019421e+00
6.849890013515400611e+00
6.838721427325401336e+00
6.831116761590979358e+00
6.819539109978853375e+00
6.814368334956730777e+00
6.801462057938341133e+00
6.798410201086196203e+00
6.797406949827093925e+00
6.791666974843543869e+00
6.781312736425264553e+00
6.774402900535430483e+00
6.764607933784665406e+00
6.753952832974494669e+00
6.760705011253969055e+00
6.755370303144989208e+00
6.743804161221148341e+00
6.733176224380082786e+00
6.721978024882179881e+00
6.714641426279763792e+00
6.703223862946123823e+00
6.692640585136359732e+00
6.681093931540218911e+00
6.671043161969970825e+00
6.658877312852945707e+00
6.654798693272035770e+00
6.648284307485335276e+00
6.636089803983451496e+00
6.642570447529130284e+00
6.632476699833121714e+00
6.620036184330903239e+00
6.610448098256388683e+00
6.609875798472109487e+00
6.601994503621271271e+00
6.594038083608610989e+00
6.584042563544294069e+00
6.577788849420942441e+00
6.570299730430485319e+00
6.559618480096871096e+00
6.550518377530380576e+00
6.540355056293905456e+00
6.540783094439848178e+00
6.535138505985680801e+00
6.553174395260611185e+00
6.544111890723775637e+00
6.533528653843776013e+00
6.525279196450345154e+00
6.515072169971869442e+00
6.504889758668809918e+00
6.496149607380990787e+00
6.492257778939101165e+00
6.484109246687324912e+00
6.475115904140532841e+00
6.467917228232598070e+00
6.460491808927580237e+00
6.459150913527214932e+00
6.451434096645228600e+00
6.444624103797559123e+00
6.434254907461250284e+00
6.429421677123431600e+00
6.420558042440334567e+00
6.410269206744848347e+00
6.414652202396723624e+00
6.405595652312674915e+00
6.406049941204484455e+00
6.403595269530811152e+00
6.394852132061565442e+00
6.386044557390605725e+00
6.375708577278273559e+00
6.384076472669823588e+00
6.374693143322954114e+00
6.365708004080889992e+00
6.356255019196161093e+00
6.347563592112337005e+00
6.339219274408919524e+00
6.330786187585249358e+00
6.328886858835277351e+00
6.328533936462597431e+00
6.319536726874729560e+00
6.311437409110667751e+00
6.303840143071888669e+00
6.297291611051647031e+00
6.289258656498228461e+00
6.282026580886449274e+00
6.272721508827605597e+00
6.269643065850541319e+00
6.260236261839548177e+00
6.253031668685926192e+00
6.245053658269545949e+00
6.235744220751573863e+00
6.225854978572372467e+00
6.215903171303805763e+00
6.206294303574665605e+00
6.198425385915252050e+00
6.188717361225386071e+00
6.209019727574773384e+00
6.209545062923139014e+00
6.211358612586843186e+00
6.201855166835978928e+00
6.192329132748133347e+00
6.185288871796155163e+00
6.178861902476790569e+00
6.174214062126720748e+00
6.170621348057175659e+00
6.162446536465844282e+00
6.158610209061563090e+00
6.152600332582284892e+00
6.145395974459148647e+00
6.136851346918811956e+00
6.128621400345563686e+00
6.119274608355463663e+00
6.111834702652548579e+00
6.103063722354046483e+00
6.099543390734606163e+00
6.098527313881935363e+00
6.092003050038280243e+00
6.082975367191421512e+00
6.075094429054623824e+00
6.067432472440483338e+00
6.060007068260794050e+00
6.055458365194476222e+00
6.054648825596508743e+00
6.046724281956914027e+00
6.038471489167874573e+00
6.032884753349533113e+00
6.025454044703068668e+00
6.016920347944492597e+00
6.008742932634909550e+00
6.002029857555509551e+00
5.994754746984456872e+00
5.986266933580279392e+00
5.977777027048415626e+00
5.970912465082172105e+00
5.961957306949271285e+00
5.953430950266191957e+00
5.944993754988346701e+00
5.936671398769234997e+00
5.930345341606388487e+00
5.926696054422999183e+00
5.932317113307330914e+00
5.931641712633330954e+00
5.923262220738234163e+00
5.916045854127783166e+00
5.909743243089532250e+00
5.903673107235054118e+00
5.898347986716403035e+00
5.891312256125660340e+00
5.883050533629905487e+00
5.882952747068443955e+00
5.884206219277930749e+00
5.877548320224819101e+00
5.871044619935304354e+00
5.863526995605740311e+00
5.858785901030800325e+00
5.857661392073890028e+00
5.851018710745189644e+00
5.842526395291758767e+00
5.835383773890017167e+00
5.837498854680457150e+00
5.829601291851016498e+00
5.823410197273901190e+00
5.815809522615374760e+00
5.810854011578415523e+00
5.810857993561493906e+00
5.802622630369191903e+00
5.797721958686748778e+00
5.792020953200171185e+00
5.785430203922174108e+00
5.777785391519288716e+00
5.769741661461756266e+00
5.770384658270107714e+00
5.763037072181116827e+00
5.755781406101529996e+00
5.748539873077970874e+00
5.740804865878493146e+00
5.733141898545635051e+00
5.726151437813136624e+00
5.719855549902588265e+00
5.712467761682044731e+00
5.707194682258969642e+00
5.699742820834689638e+00
5.693928636579918212e+00
5.687798774376955357e+00
5.688605997897027144e+00
5.681477671723464518e+00
5.677210988050002349e+00
5.669730180627776228e+00
5.662297790465214753e+00
5.655857577391552482e+00
5.647750773902735943e+00
5.640215617740069298e+00
5.638386673225745049e+00
5.638623939363717419e+00
5.631570439288645424e+00
5.624531109745714019e+00
5.621246578267945715e+00
5.614037629333112456e+00
5.607155394075600263e+00
5.601450039467412267e+00
5.594541525708200957e+00
5.587487792270734666e+00
5.580696808549867605e+00
5.574561065570082796e+00
5.567119850874670206e+00
5.562147910458938860e+00
5.555875515822693345e+00
5.548994554723506667e+00
5.542568201629848090e+00
5.536901232079800117e+00
5.538105010146360030e+00
5.532235208645489344e+00
5.525978880656383652e+00
5.521104067143864036e+00
5.514794799891532762e+00
5.510608084414465146e+00
5.503337366760651328e+00
5.498015501346152689e+00
5.491924133022894949e+00
5.486578121434270372e+00
5.480377899462733460e+00
5.474710116287563544e+00
5.467700226351629667e+00
5.461934263519816923e+00
5.455331523453513576e+00
5.457213215847688481e+00
5.458024828270936268e+00
5.452292475327023880e+00
5.451387692560173193e+00
5.446010562578014635e+00
5.440712543994743022e+00
5.434694102673715221e+00
5.429015244272863860e+00
5.422372413401991054e+00
5.415538106195977086e+00
5.409143494411659425e+00
5.402547426937067243e+00
5.396148399118496641e+00
5.389458285829618944e+00
5.383913020052443876e+00
5.382594341286753625e+00
5.378735831341781903e+00
5.373371368062605846e+00
5.366441447702930745e+00
5.360273100873542695e+00
5.360247538886717678e+00
5.360559623407875840e+00
5.353954150345093588e+00
5.352597486163517715e+00
5.346521735381606355e+00
5.341693470277054878e+00
5.336303004083885249e+00
5.331318774992964471e+00
5.332290417875033661e+00
5.326963128141220416e+00
5.322766747671585641e+00
5.322938806035054427e+00
5.326307948673463244e+00
5.321105901032498586e+00
5.315565524197970682e+00
5.310087113758896749e+00
5.304366030143538246e+00
5.299393789559397661e+00
5.304938100271932022e+00
5.300973195070136867e+00
5.297840921155327898e+00
5.291962761845231178e+00
5.287121845280697841e+00
5.286757834866438799e+00
5.283031389146241708e+00
5.278732507880957492e+00
5.273986272343642590e+00
5.269803801243062580e+00
5.266828064580653113e+00
5.261322080913498844e+00
5.260758594403496247e+00
5.256088201976498731e+00
5.252283599129829561e+00
5.248415664812490000e+00
5.243203732856401622e+00
5.238104711636746735e+00
5.233204803327921262e+00
5.227740409109783215e+00
5.221610118742640694e+00
5.216177466850528077e+00
5.210257540028360168e+00
5.205550657747034293e+00
5.199476775217449998e+00
5.199364730043899208e+00
5.193708544532979587e+00
5.188265049141772778e+00
5.187417900950777927e+00
5.181824589229925060e+00
5.185271589542078452e+00
5.182685391805287978e+00
5.178268433303050422e+00
5.172733423400539543e+00
5.170087274856008719e+00
5.165321857506680381e+00
5.161472438583039057e+00
5.159623139096524369e+00
5.154968483706006133e+00
5.149298567976720697e+00
5.143859572401346725e+00
5.139986003767083922e+00
5.137716043008786926e+00
