2.735491840399959784e+01
2.677942561780747965e+01
2.677860359519518951e+01
2.656497775297131980e+01
2.624696325083317916e+01
2.593058582560649228e+01
2.557446608678013789e+01
2.552316721277764699e+01
2.535032195412580691e+01
2.515586733166612987e+01
2.496497809285713387e+01
2.486017233495030254e+01
2.469110369779611602e+01
2.452769659753901976e+01
2.434539771405652431e+01
2.415754744377741758e+01
2.400511676765784586e+01
2.383261622142342517e+01
2.369430907969988098e+01
2.356162300496007589e+01
2.339091087252324286e+01
2.323394313387100496e+01
2.308305789657801910e+01
2.295686493858983823e+01
2.279834436866481440e+01
2.263721004557680061e+01
2.249497178484209314e+01
2.237827153823601734e+01
2.226367679439452374e+01
2.214400176180554070e+01
2.201852112831128139e+01
2.190460470824235273e+01
2.177749064739943208e+01
2.162339393730949411e+01
2.148684627108476874e+01
2.135815946494241402e+01
2.124327016654003941e+01
2.112934619949589177e+01
2.100273362777314645e+01
2.087072691044301465e+01
2.073091212711222653e+01
2.057554874876997886e+01
2.045681613502301843e+01
2.033082477773258034e+01
2.019428242995099865e+01
2.007629700678547024e+01
1.996015916285446679e+01
1.981299247682428089e+01
1.969163405166527880e+01
1.954844635465424574e+01
1.944822758810015273e+01
1.931758396078978635e+01
1.920239177702591604e+01
1.905524580690537562e+01
1.899378867415498817e+01
1.888059294680816791e+01
1.874080091781089408e+01
1.862769835629150705e+01
1.851689282211732746e+01
1.840644631426888012e+01
1.831077896021995954e+01
1.818553167322731667e+01
1.810172701910956405e+01
1.795834025236318965e+01
1.786022947502764424e+01
1.776579204031794035e+01
1.766011280809787465e+01
1.754870456352629304e+01
1.744402305548926080e+01
1.731316971591173370e+01
1.718808507885080417e+01
1.706591208252978120e+01
1.697128589740669113e+01
1.684016606996056353e+01
1.671832993344885310e+01
1.661729545925206963e+01
1.649687816657343831e+01
1.640131934696161409e+01
1.626839791087103748e+01
1.615517273868151094e+01
1.605719099822367824e+01
1.594967078988428710e+01
1.583496298559645865e+01
1.573217179696043644e+01
1.564693619246284051e+01
1.556338444099426965e+01
1.546224852753299572e+01
1.538776342590553448e+01
1.534080109288176530e+01
1.523842263492022830e+01
1.513498101366305804e+01
1.502706565238252345e+01
1.491810844592454899e+01
1.484656045610872255e+01
1.477255091424788169e+01
1.468547188874764231e+01
1.460207084854819648e+01
1.454983910259581315e+01
1.449650662122342837e+01
1.440251094475024907e+01
1.430639666661732967e+01
1.422630054244656428e+01
1.420230842193524445e+01
1.411424675139999962e+01
1.408722468654538140e+01
1.404146301442054501e+01
1.397951985486679760e+01
1.391313705200933626e+01
1.384897041924654104e+01
1.376690066468692386e+01
1.370175104110674624e+01
1.362773091794618807e+01
1.356805398579069255e+01
1.349438552543727887e+01
1.342391451394106916e+01
1.336259789872403658e+01
1.328406336457836723e+01
1.321829349961359767e+01
1.315875565173499950e+01
1.310157477213491717e+01
1.306353744580100518e+01
1.299305680150261644e+01
1.291962714442650650e+01
1.285290691883036374e+01
1.278224980159354196e+01
1.271919399133690476e+01
1.265335390862448328e+01
1.258394442370806310e+01
1.254708609824106169e+01
1.248147377183272155e+01
1.245302405689925784e+01
1.242424681344037474e+01
1.235755900576416799e+01
1.229141132973302675e+01
1.223669952071083955e+01
1.217044836111360340e+01
1.211474723510319507e+01
1.208424100349281538e+01
1.202816437126478988e+01
1.198358780475352248e+01
1.196196601104939639e+01
1.191550914484239065e+01
1.185143178303689915e+01
1.181102443930976165e+01
1.176611784587456988e+01
1.171638896709123756e+01
1.168569189719143075e+01
1.166819484910231530e+01
1.162608776278119294e+01
1.158785488928752727e+01
1.153830091179176165e+01
1.151810577571781913e+01
1.147274420961177555e+01
1.141598380623186237e+01
1.136462853734506240e+01
1.131963634684813513e+01
1.128884225422157783e+01
1.124761233881931055e+01
1.120727777190153951e+01
1.115506335223938983e+01
1.111882029435862229e+01
1.107171121363502309e+01
1.103846747166815589e+01
1.098766863961836826e+01
1.094301477503774933e+01
1.089543177533423801e+01
1.084770088502687102e+01
1.080212673370727927e+01
1.078500541037562321e+01
1.074187119418377989e+01
1.069621921873156545e+01
1.069469330622902170e+01
1.065338585856468967e+01
1.060485702886572312e+01
1.059237617897336570e+01
1.059319779672346229e+01
1.055252176029434530e+01
1.055455953291712667e+01
1.053672760010088716e+01
1.049418570093000014e+01
1.046056658984990939e+01
1.041904986529505273e+01
1.037602733786818376e+01
1.034120419126288581e+01
1.030864088964794156e+01
1.027064828237453042e+01
1.023611429774600978e+01
1.019807494935253267e+01
1.016025318028236413e+01
1.012253609124181075e+01
1.009170653587664113e+01
1.005976357309041980e+01
1.002025814095051537e+01
9.981546525968255423e+00
9.947561582660048529e+00
9.911422668969732896e+00
9.881014959722485003e+00
9.843768599477657588e+00
9.818706872521619999e+00
9.800124335460216329e+00
9.765914163279653337e+00
9.735697659318701014e+00
9.708299213620261270e+00
9.683307051588327496e+00
9.653400258576875004e+00
9.619829508394857953e+00
9.582969443968691436e+00
9.547456710492090437e+00
9.524398995187516093e+00
9.492949336376803160e+00
9.509368815500584660e+00
9.490129870296350134e+00
9.458291835884493182e+00
9.445474210543689964e+00
9.417651549050845006e+00
9.394498089468827473e+00
9.378654450710035562e+00
9.386004352231301695e+00
9.355840056673791594e+00
9.322372207885027962e+00
9.298532064804780006e+00
9.267530947633206395e+00
9.237716016412404585e+00
9.218324942267365429e+00
9.192233110112937311e+00
9.170474957344064038e+00
9.171279458414510088e+00
9.143307311488163336e+00
9.121543998186744773e+00
9.103014144759271176e+00
9.074154255249927914e+00
9.062333899901391376e+00
9.037961479216141569e+00
9.008949070793830671e+00
8.989042070948460861e+00
8.975267532559964678e+00
8.949272981231205293e+00
8.938220666273583248e+00
8.935732410925036007e+00
8.911387646689201247e+00
8.888295464366752441e+00
8.871023287829491011e+00
8.847943858110770776e+00
8.849372698549723637e+00
8.827292389999671585e+00
8.801120946088399677e+00
8.776892206924872042e+00
8.754619079315373753e+00
8.749122985974546296e+00
8.730761170973616814e+00
8.727126421818010016e+00
8.703047968474846741e+00
8.676553557234297998e+00
8.651841065719517943e+00
8.628388729163447124e+00
8.650905197816401326e+00
8.625664901809816598e+00
8.602502333985729166e+00
8.577395230211374511e+00
8.553322273663059860e+00
8.535074580352135953e+00
8.518664953283494157e+00
8.497452044566653484e+00
8.472904082164760098e+00
8.451034065477493584e+00
8.427766004139296996e+00
8.405957033988538996e+00
8.383399088559633228e+00
8.366897844905885506e+00
8.347028558500962703e+00
8.338615797885461589e+00
8.315404714697438138e+00
8.310972282157250035e+00
8.288484477874700218e+00
8.299639452466282208e+00
8.298833286908728013e+00
8.279568545800238155e+00
8.257617108818545049e+00
8.235418731195961684e+00
8.219197592638369798e+00
8.198874490613206945e+00
8.197738580728081814e+00
8.176243085636883734e+00
8.161805546889805640e+00
8.139314488760563293e+00
8.118470624023089499e+00
8.102440294211088911e+00
8.086730461186551366e+00
8.094292261024662594e+00
8.075175564248979754e+00
8.054777388083408596e+00
8.038256788030196276e+00
8.018041464826829667e+00
7.997214850275859099e+00
7.976067332886167094e+00
7.957816974715096414e+00
7.958660272852728035e+00
7.943017380502530145e+00
7.940466933570669461e+00
7.950552688332128248e+00
7.933934860911779019e+00
7.917594340000256636e+00
7.916992615569280467e+00
7.916266310691390196e+00
7.907425193025768628e+00
7.888517441730661162e+00
7.890269498370932055e+00
7.876976496789886539e+00
7.879083460842164932e+00
7.862547673407886073e+00
7.851958493158486263e+00
7.845976113246696748e+00
7.828392657170277324e+00
7.811246248008686166e+00
7.798713386838910466e+00
7.784241131404647795e+00
7.776882668499552231e+00
7.768366698794871184e+00
7.765430828874708702e+00
7.750713502493471019e+00
7.742405802866673348e+00
7.728458791677795148e+00
7.716098091228105638e+00
7.699434325849534133e+00
7.688119501661670796e+00
7.676213396111062792e+00
7.662859463968276330e+00
7.661854780969465040e+00
7.646452391726662690e+00
7.632351393574035470e+00
7.617049957728942999e+00
7.604339693496960706e+00
7.587490908691064462e+00
7.576948351958489702e+00
7.560815465234857591e+00
7.543639366845298788e+00
7.527154334006163516e+00
7.514311249841066243e+00
7.497018295743264282e+00
7.480332366652065801e+00
7.465565962299507419e+00
7.449009857793165601e+00
7.431983745215669401e+00
7.415970150497662949e+00
7.399527942492596821e+00
7.387254953373277644e+00
7.389212826120266975e+00
7.381094032502259594e+00
7.367805664625691975e+00
7.356704774562741633e+00
7.349665535228701252e+00
7.342398393654415933e+00
7.327401283469846760e+00
7.313687286457191128e+00
7.308454625081269640e+00
7.299105030951611006e+00
7.285436636602069527e+00
7.299246681173533702e+00
7.287505428615543401e+00
7.297002038323647355e+00
7.281865611672250438e+00
7.268519158399550761e+00
7.257800787308262613e+00
7.249011426824598203e+00
7.234351522432791448e+00
7.225215722724912304e+00
7.210919212504556697e+00
7.198991130701907437e+00
7.186692226770621694e+00
7.176802258253303535e+00
7.165922426665616740e+00
7.151277990643901461e+00
7.137498345113928444e+00
7.122913200680851098e+00
7.114449662894099191e+00
7.101232318887360506e+00
7.088746097725509898e+00
7.075160033319828123e+00
7.060920215183630333e+00
7.048620382840787180e+00
7.035078321033974902e+00
7.024441147626290238e+00
7.013015327587778458e+00
7.003213882171989368e+00
6.992449999170619712e+00
6.979455899895778970e+00
6.965684632326591519e+00
6.958154588288791409e+00
6.948740573323104464e+00
6.935706493048176213e+00
6.929512058691631893e+00
6.916530327892092878e+00
6.902288536009789865e+00
6.898690334313776873e+00
6.886865706672266718e+00
6.888882887854728132e+00
6.884830628082080572e+00
6.878460571663035594e+00
6.870656001210063479e+00
6.859330092575516957e+00
6.847017042670562326e+00
6.835198885617264963e+00
6.823310238470893907e+00
6.813040404073967160e+00
6.803157330163351446e+00
6.796499844822962544e+00
6.795400757632451771e+00
6.782271787092985171e+00
6.771992530610400962e+00
6.759616966523829262e+00
6.747945654468424870e+00
6.735404865391462437e+00
6.722671139447265354e+00
6.711991640613350185e+00
6.703174384081698634e+00
6.690953924535842035e+00
6.679940040260367695e+00
6.666604957410531718e+00
6.655156534747918684e+00
6.652758730620258021e+00
6.668078495158375141e+00
6.661414923949451783e+00
6.652939773587416283e+00
6.644220958585345116e+00
6.632686549625718797e+00
6.624551724654224039e+00
6.613206311290864114e+00
6.602154369776049414e+00
6.595354003872419213e+00
6.586873729795607701e+00
6.575630711022401265e+00
6.567486948763992416e+00
6.560490518809183769e+00
6.549187398980970798e+00
6.537988108868500348e+00
6.526540704620110489e+00
6.519960432673545192e+00
6.510690420863080696e+00
6.501115278272883380e+00
6.490630166572086246e+00
6.479581852335234871e+00
6.481525454293835864e+00
6.473901436894759165e+00
6.464747292655515842e+00
6.453502728004348654e+00
6.442846588134839791e+00
6.445298751700396345e+00
6.435008956147567183e+00
6.425507821696505140e+00
6.414202078584351874e+00
6.403724301216178638e+00
6.396507707607923088e+00
6.410417963763162419e+00
6.400286754378089249e+00
6.393489188594398520e+00
6.404359118785984961e+00
6.405800484126623395e+00
6.399122514801812933e+00
6.389903480748738929e+00
6.389361402873400486e+00
6.380332488885882114e+00
6.369897682477117407e+00
6.375051306147380359e+00
6.376093233139190630e+00
6.366603703963319205e+00
6.356376593427297550e+00
6.347888640035010965e+00
6.347465925701117229e+00
6.339958493390931871e+00
6.338713375393230542e+00
6.333406428625154128e+00
6.323956992638371410e+00
6.317482712117127086e+00
6.316955111745250484e+00
6.310437867976653514e+00
6.305115360409318193e+00
6.295982354301346895e+00
6.291191160307346486e+00
6.291904992458835721e+00
6.284050200546840159e+00
6.276263245955741255e+00
6.278600479394771838e+00
6.270206487394461625e+00
6.263138747731763267e+00
6.253470032643155818e+00
6.245636381847873508e+00
6.245081927563280288e+00
6.239375856708807788e+00
6.242608075432663384e+00
6.241783033806971304e+00
6.236552598555547000e+00
6.230018691734587222e+00
6.227144226114328163e+00
6.219899874081804114e+00
6.212515108912032069e+00
6.204826164730807392e+00
6.220814057545180020e+00
6.212876077180703227e+00
6.208130916344766881e+00
6.201504186992717216e+00
6.193998352734512380e+00
6.187136869058853073e+00
6.178744055169834049e+00
6.171469131965467092e+00
6.165608915192270167e+00
6.157288112791627910e+00
6.151114438755092451e+00
6.142305606141662544e+00
6.133353526864355310e+00
6.125655201058033406e+00
6.117148343633860286e+00
6.108619972997252567e+00
6.110034850646323790e+00
6.100575709436261818e+00
6.091864156550991005e+00
6.083849216022414907e+00
6.077121064047787513e+00
6.068639817973020101e+00
6.060136891643952417e+00
6.051460632729732225e+00
6.047737832349943332e+00
6.040371602046912258e+00
6.033078961553270503e+00
6.039297035445573059e+00
6.031632036130393892e+00
6.023701406809490955e+00
6.022679068242410949e+00
6.014466327939608448e+00
6.006399983296647704e+00
6.002083041167112221e+00
5.995283657400726440e+00
5.989447614470456926e+00
5.980659346520373454e+00
5.982658031737458693e+00
5.978970315733012519e+00
5.979973841975526838e+00
5.972912196815175712e+00
5.965103192145423172e+00
5.956604223265212106e+00
5.949804454954108479e+00
5.946558119303530177e+00
5.942410670924115124e+00
5.938400377689390552e+00
5.931108069264435123e+00
5.925126337076621397e+00
5.924708653520486479e+00
5.916592900498227614e+00
5.911518062487161274e+00
5.908372639509846813e+00
5.902338799318384233e+00
5.893748690085461206e+00
5.893274382665591560e+00
5.885227682762863566e+00
5.880065572975135879e+00
5.872697675437923870e+00
5.864647985699987132e+00
5.857432972732738996e+00
5.860691318786746429e+00
5.859111524363918022e+00
5.854440199118043253e+00
5.849127150221784532e+00
5.848313249498508171e+00
5.842435035081007477e+00
5.836379711529879444e+00
5.828826135462108482e+00
5.832376359122516618e+00
5.826141757480292505e+00
5.819434001700157566e+00
5.819142349345580278e+00
5.814019762739358832e+00
5.807977621845695104e+00
5.800924915864582587e+00
5.798444672927174359e+00
5.792734358746868040e+00
5.793235643764892195e+00
5.787433141629683142e+00
5.782112013352078250e+00
5.774836084674137560e+00
5.772578914880900136e+00
5.780277750228997036e+00
5.779363471306952604e+00
5.774674523810109150e+00
5.771023588245521196e+00
5.765645378951029798e+00
5.760560247445221549e+00
5.754453612497375303e+00
5.749468945346201565e+00
5.747773782203924320e+00
5.742326258099690328e+00
5.745370934095688220e+00
5.742994834286337280e+00
5.736078649050322831e+00
5.729129288623312277e+00
5.722346627392085772e+00
5.717970703887461426e+00
5.711674400117005668e+00
5.705388079131965995e+00
5.701780163607005569e+00
5.697325606670834652e+00
5.692729863240308497e+00
5.685306004414978354e+00
5.679334283543892248e+00
5.672491575393358687e+00
5.671495157091588801e+00
5.664317986278284422e+00
5.663726102269135865e+00
5.657038351847521795e+00
5.651444687952673185e+00
5.646311693893043326e+00
5.640076988782187328e+00
5.634006806395441380e+00
5.631385642854736417e+00
5.631072433236756325e+00
5.626725752431497085e+00
5.623059726965112581e+00
5.618793146417130124e+00
5.615504307949307439e+00
5.614909673842203297e+00
5.611702437277473088e+00
5.606614317916383428e+00
5.617920960265040620e+00
5.615452936036192888e+00
5.612463689025308788e+00
5.606426316368615659e+00
5.601567933246534459e+00
5.595357067182575861e+00
5.589720353574767486e+00
5.589969828672767704e+00
5.584230031845911491e+00
5.580810300560699488e+00
5.574933264441693126e+00
5.572642854452143801e+00
5.566731693689201954e+00
5.567358416894697903e+00
5.566350344326878918e+00
5.562422357038646403e+00
5.558721500379795621e+00
5.552950482974903679e+00
5.546543923755387517e+00
5.544944475497071146e+00
5.539315966111464817e+00
5.536602802651439781e+00
5.530491992594596340e+00
5.527150242321616780e+00
5.521205132400647031e+00
5.515269790744171452e+00
5.508896103632180186e+00
5.502655659074894068e+00
5.497831975152059236e+00
5.493526903861608801e+00
5.493757256317988613e+00
5.492583187505466036e+00
5.486994247295960747e+00
5.482790622419573268e+00
5.480896513010065085e+00
5.479537537115865220e+00
5.475701285655415695e+00
5.469991987016218360e+00
5.468423764125634357e+00
5.467372541365652872e+00
5.465617051317841479e+00
5.460934210216992213e+00
5.455447848763745888e+00
5.450547950185995028e+00
5.445225627073161156e+00
5.442784205594991320e+00
5.436990087594927523e+00
5.432372411661349432e+00
5.426203850218989544e+00
5.424659563503305471e+00
5.420867224209326984e+00
5.415967225590985201e+00
5.411407680859492864e+00
5.406825923678234780e+00
5.400631979806080452e+00
5.395231203164062350e+00
5.389436422910298674e+00
5.385597068433050083e+00
5.379498425318222310e+00
5.373534932544064446e+00
5.371084212378512746e+00
5.369039459863425456e+00
5.364870146938493178e+00
5.373613478908318086e+00
5.369492543570687282e+00
5.363987232349678003e+00
5.361647373828986041e+00
5.356906267951647926e+00
5.356231108254799977e+00
5.352240528700006550e+00
5.350819099002502632e+00
5.353179739432947670e+00
5.350566730307058094e+00
5.347294766808741606e+00
5.342331844706177613e+00
5.337648184454753419e+00
5.332501478024448183e+00
5.333267911671676131e+00
5.329310712415048279e+00
5.323904587274827627e+00
5.318543435770255456e+00
5.313248811212046618e+00
5.307447144134897599e+00
5.302229464226015487e+00
5.300512192652253596e+00
5.296055537852931039e+00
5.291624655690782220e+00
5.286555597441537913e+00
5.287673100619967315e+00
5.287828555619261905e+00
5.283248316423967417e+00
5.277650531588379934e+00
5.273021606773684589e+00
5.272637875908359639e+00
5.266841287294058205e+00
5.261094482148962470e+00
5.258444922821268186e+00
5.253766987628591068e+00
5.248438377169859059e+00
5.246518155231360225e+00
5.245361347361436444e+00
5.240163674751809886e+00
5.234801145798551048e+00
5.231157388193184765e+00
5.225679366623422695e+00
5.220814543957228437e+00
5.219121842268223510e+00
5.216060463742030251e+00
5.210743167905859785e+00
5.205046208667815755e+00
5.199762026286721905e+00
5.194794285935251388e+00
5.189470266224295081e+00
5.206933933405816894e+00
5.203411137972237199e+00
5.198159177205934789e+00
5.201257061080093891e+00
5.196369608374184601e+00
5.191252400594601468e+00
5.186848040743852195e+00
5.184386513669688945e+00
5.181707716764753613e+00
5.176554103491471714e+00
5.171704087032175323e+00
5.166970870243815739e+00
5.163191091745415129e+00
5.158040024092687581e+00
5.158376470523567292e+00
5.153119986879978853e+00
5.148071546966278333e+00
5.175584715483306120e+00
5.171125535663671613e+00
5.166506710407537284e+00
5.165525309555810018e+00
5.162184346940494883e+00
5.160315916987158857e+00
5.156561358136269924e+00
5.152339167698778866e+00
5.150501405340906835e+00
5.147737434024715952e+00
5.144407310959883795e+00
5.150374005953882062e+00
5.147094723981624043e+00
5.142557476958624640e+00
5.139489283028751743e+00
5.137909089684654873e+00
5.137642551538180946e+00
5.133570435825265399e+00
5.129234990437486985e+00
5.126094974076831789e+00
5.123249272477445437e+00
5.120239913508165763e+00
5.116783858853982458e+00
5.115976715681063602e+00
5.111025281948475829e+00
5.106938109846008267e+00
5.103238443122926071e+00
5.099672756063525547e+00
5.095070025358343635e+00
5.090625423996317345e+00
5.086100283445280645e+00
5.082355999508699540e+00
5.078206990982418567e+00
5.074702535471637965e+00
5.070790250009920008e+00
5.069092740629530525e+00
5.065010207651674534e+00
5.059799702349787154e+00
5.054936721523820786e+00
5.050678271795448815e+00
5.045870177386096778e+00
5.041617446155672866e+00
5.036417001152635464e+00
5.032092530296579547e+00
5.027337663580250471e+00
5.022229944122455159e+00
5.017955579154622647e+00
5.017115011120742984e+00
5.012655325620145597e+00
5.008453683082678687e+00
5.005738873488192908e+00
5.001128462602228097e+00
5.001921860830898403e+00
4.996742966677708786e+00
4.995549937955645170e+00
4.992414478846087356e+00
4.987836487854690581e+00
4.982904589092211012e+00
4.978482522018152778e+00
4.976813875804944942e+00
4.974554278342583125e+00
4.970827685591124201e+00
4.966765509768221065e+00
4.970238362890265549e+00
4.965835756824811931e+00
4.968685693438906092e+00
4.964183008159934296e+00
4.960458714258631829e+00
4.956166531972447942e+00
4.952755514368297085e+00
4.949522789453269844e+00
4.946067561754595054e+00
4.942541736850849077e+00
4.938878957845560080e+00
4.934374769116288029e+00
4.931088205285761639e+00
4.927143562581000502e+00
4.923204784079936225e+00
4.919114415960028630e+00
4.915416138127305601e+00
4.911000627584249045e+00
4.906789370284419860e+00
4.902179157030267298e+00
4.900844751287725565e+00
4.896969726526891442e+00
4.892361615405392605e+00
4.888216703221199388e+00
4.884431788860129409e+00
4.879769832431278154e+00
4.876587603933260517e+00
4.872727519465907875e+00
4.868528630011698333e+00
4.864277386700617711e+00
4.859708944746706116e+00
4.855320076507807059e+00
4.854003287751666562e+00
4.850246146549322290e+00
4.846157232881954435e+00
4.843507398786723428e+00
4.839889701743424588e+00
4.837275170272396174e+00
4.834515701092677809e+00
4.830522881955126913e+00
4.825776319989564911e+00
4.826964233774196700e+00
4.823770719301191612e+00
4.821262918665384589e+00
4.821701064665394831e+00
4.817401851756289766e+00
4.814129428914226239e+00
4.818705952855029118e+00
4.814837243464865857e+00
4.811922025637935363e+00
4.807974010997298819e+00
4.805000345833621900e+00
4.801875699103242745e+00
4.799865305506456181e+00
4.796915733876448762e+00
4.793376496500753703e+00
4.790418460545664558e+00
4.786876471065562022e+00
4.792707110130244530e+00
4.788666384370758422e+00
4.785036201935003675e+00
4.780898830712382086e+00
4.778343451120655949e+00
4.774972990208916634e+00
4.771995137300302225e+00
4.768078224647865682e+00
4.765088337923375938e+00
4.761581846410139818e+00
4.759219285064560268e+00
4.759642296188724586e+00
4.755717660518488543e+00
4.751599420215085523e+00
4.747959417055823472e+00
4.747464738640183590e+00
4.746011886479660546e+00
4.745736470958499709e+00
4.741979258055049051e+00
4.737991757900228862e+00
4.734993463123556623e+00
4.735626926201601528e+00
4.733224255190655150e+00
4.731475605016872699e+00
4.727583139027118797e+00
4.724194309787834278e+00
4.720351661823765532e+00
4.716358926889638425e+00
4.713505916937870133e+00
4.710403772943472234e+00
4.706990862423102051e+00
4.705302581042070997e+00
4.707441854595941777e+00
4.703582311817624095e+00
4.702754333048175361e+00
4.700295391474909046e+00
4.696327631817212023e+00
4.692976669289375735e+00
4.689685708225309391e+00
4.686007999630700915e+00
4.682741772312978945e+00
4.679252020444709004e+00
4.676120576042349875e+00
4.673719165083920934e+00
4.669980234493281479e+00
4.666845995698390759e+00
4.662674844625646742e+00
4.659637385763446105e+00
4.656253309576110944e+00
4.653426291361729028e+00
4.649212695693867303e+00
4.646085102176447990e+00
4.642088181052057116e+00
4.641793204166424047e+00
4.637910362794222863e+00
4.634408342715284235e+00
4.630643238282734941e+00
4.627338961403316020e+00
4.623344130815891795e+00
4.628493709304226655e+00
4.625407730594198519e+00
4.623087877929412670e+00
4.619614689286453135e+00
