2.695586500012086617e+01
2.707096804728459816e+01
2.649013157679339869e+01
2.627222116276443487e+01
2.611236539216204378e+01
2.586060910331674734e+01
2.551302352006720398e+01
2.533857725421531981e+01
2.517151461181877181e+01
2.498971827711241644e+01
2.476468510758343911e+01
2.456339930440033470e+01
2.439577280906586054e+01
2.421086794799810349e+01
2.403001382112073969e+01
2.382891633649815333e+01
2.363944738059648287e+01
2.344429316277286546e+01
2.326380116772793016e+01
2.308401497122376256e+01
2.287752736921249053e+01
2.270081921577130402e+01
2.252946317196303028e+01
2.236992445639671345e+01
2.222119784346230986e+01
2.207079355040659507e+01
2.192570184103877651e+01
2.178416169668949109e+01
2.164960567959483839e+01
2.150704379528162846e+01
2.135389522225401748e+01
2.122477193846857091e+01
2.107441798796474686e+01
2.093967622082261926e+01
2.078750809721098491e+01
2.063355045055891779e+01
2.047834521059201407e+01
2.032693018583125166e+01
2.019218170477914853e+01
2.005653508210505009e+01
1.995665438564749294e+01
1.982491113895607882e+01
1.972618359720562609e+01
1.958196548548330540e+01
1.945549218670284475e+01
1.932553811416562795e+01
1.920415680418607707e+01
1.907097793063861246e+01
1.894037643021806971e+01
1.882568136055080643e+01
1.869021318361788175e+01
1.857504233170344321e+01
1.844736548650948293e+01
1.833369994779129186e+01
1.820965768317360300e+01
1.810832985597649980e+01
1.798790128776015607e+01
1.787419715666111841e+01
1.776867694489956051e+01
1.764982408833520822e+01
1.754786611790515138e+01
1.745400638360382928e+01
1.732721154098743455e+01
1.722427410112295831e+01
1.712289956616931974e+01
1.703293236887549611e+01
1.695431698854840619e+01
1.686442134060089515e+01
1.675204101936532552e+01
1.665470145869882401e+01
1.655531934161710339e+01
1.648170038535795712e+01
1.637065071933564298e+01
1.627973073557501138e+01
1.618747813082549669e+01
1.610891895077831393e+01
1.602504555446134660e+01
1.594474470791357135e+01
1.586458873380385981e+01
1.576680813288311001e+01
1.568708842030529560e+01
1.560052900325382730e+01
1.550859909657344815e+01
1.541274722824445575e+01
1.531592954914528981e+01
1.523688559917975383e+01
1.514768520293736920e+01
1.505695477677536331e+01
1.497580106167861658e+01
1.490145636474063195e+01
1.483450063453027568e+01
1.475472846380999492e+01
1.467270297369888254e+01
1.458857888998613461e+01
1.451526156852403737e+01
1.444091626987473909e+01
1.435518586881197223e+01
1.427747448189061963e+01
1.419863780401854214e+01
1.412703508545679121e+01
1.404505785559382502e+01
1.397658939315106075e+01
1.389310617095053324e+01
1.381757799038672019e+01
1.373902660091455807e+01
1.366313205341445247e+01
1.358627479934814453e+01
1.352171090670468701e+01
1.344377948278514090e+01
1.337721510242557699e+01
1.330173439316162565e+01
1.322643854246581085e+01
1.316190106117945291e+01
1.309420405105724861e+01
1.302782978988663487e+01
1.295513706002226684e+01
1.289796184452491445e+01
1.282259256760627153e+01
1.275786928139827481e+01
1.268720740111227840e+01
1.262504532370636845e+01
1.256001638974461976e+01
1.249367152825021776e+01
1.243262817158506373e+01
1.237487597850526733e+01
1.231334759150973390e+01
1.226549220982542998e+01
1.221132411569780807e+01
1.216316727483660998e+01
1.209906209938574051e+01
1.205660532944291674e+01
1.199968688168058328e+01
1.193907333270754734e+01
1.188217166692844984e+01
1.182073324368511358e+01
1.177311646714737492e+01
1.170851235807806745e+01
1.166085560792178200e+01
1.160196698904658952e+01
1.154961360034091911e+01
1.149126112426030666e+01
1.143290822418270558e+01
1.139964562406460047e+01
1.134846248153607107e+01
1.130247519711332593e+01
1.124677507000752108e+01
1.121366290541173605e+01
1.117677591240938995e+01
1.112193405745313513e+01
1.107926617401422931e+01
1.103047387872433127e+01
1.098329800544695800e+01
1.094764732028801468e+01
1.089594477565937503e+01
1.084773514170781361e+01
1.080924955013893651e+01
1.076302764355713215e+01
1.072267945912327214e+01
1.068193826171023630e+01
1.063904584836464196e+01
1.059365203323040205e+01
1.055355772042348050e+01
1.052689650410828825e+01
1.048000277970863259e+01
1.044536950783363949e+01
1.040506713182248966e+01
1.035938532305756610e+01
1.032914549188000386e+01
1.028425665284291846e+01
1.025188010656536974e+01
1.021965204188510512e+01
1.018626874259356008e+01
1.014855572353584812e+01
1.010929784211704252e+01
1.007547442551161687e+01
1.003876592404842860e+01
9.999778978533198526e+00
9.969375960401562153e+00
9.930399223487832217e+00
9.907129407280731215e+00
9.868043585770282178e+00
9.841622208553996387e+00
9.816799050811468419e+00
9.777823131849535443e+00
9.737338726481238993e+00
9.721075639164952875e+00
9.688357541196667810e+00
9.653799642561361694e+00
9.617971491627546499e+00
9.588871419343506730e+00
9.555389759842752184e+00
9.521100464667981100e+00
9.487527539428112888e+00
9.465826032935844125e+00
9.432988499079659306e+00
9.398089664022917233e+00
9.373360223675030412e+00
9.342277801277617755e+00
9.310626245465519091e+00
9.286756574380961027e+00
9.261438429147844431e+00
9.228473432259903575e+00
9.194427752479651161e+00
9.181595721200928040e+00
9.152997399596895178e+00
9.122251318729812652e+00
9.092514665832208465e+00
9.060199509190583811e+00
9.030743454906200895e+00
9.005653309047623623e+00
8.988852863008411020e+00
8.958107833527021668e+00
8.933930038816292551e+00
8.901453923138229030e+00
8.874083080381756972e+00
8.843426124880851447e+00
8.822854126221193027e+00
8.795508925005055545e+00
8.774762715516748912e+00
8.746420499073224164e+00
8.716594052016573002e+00
8.688017542589028253e+00
8.664934672035888852e+00
8.636568861637682559e+00
8.610574946208194191e+00
8.589272524512477247e+00
8.568574759844107547e+00
8.543143680308332932e+00
8.514953302650116740e+00
8.487734477770413122e+00
8.478822088991908146e+00
8.456622681120002483e+00
8.429087200778422329e+00
8.403256956464538519e+00
8.376092206612899105e+00
8.353097473758943181e+00
8.327365822487042379e+00
8.307725680874742835e+00
8.282250263120074507e+00
8.258417655989509498e+00
8.235678598300259168e+00
8.212279571840289449e+00
8.185466343078832807e+00
8.169067946472448938e+00
8.152002031030425755e+00
8.131227432378665299e+00
8.111147681716600388e+00
8.100936314823822926e+00
8.079521763214566832e+00
8.055648506098844308e+00
8.034562750467943104e+00
8.011222884639936481e+00
7.988875327985122787e+00
7.968687424160085797e+00
7.946824066436535716e+00
7.926971084888806196e+00
7.909068268536194601e+00
7.886814506295909410e+00
7.864239803814917273e+00
7.847026393960084611e+00
7.828503436759171485e+00
7.805527750310342405e+00
7.782298502605231150e+00
7.760710191394665003e+00
7.740164910230820539e+00
7.718643323189592564e+00
7.703115164100371004e+00
7.681067370470455735e+00
7.661472341077463000e+00
7.647778865228946010e+00
7.630544186105729487e+00
7.611121432886306160e+00
7.592840987246691320e+00
7.577942796579507423e+00
7.564446653166631229e+00
7.544392757299934082e+00
7.528840741241127787e+00
7.508181499893100685e+00
7.493908494319892810e+00
7.475763581896568866e+00
7.457417248017203626e+00
7.438350717730700445e+00
7.428873091654343952e+00
7.409107347346801653e+00
7.392330131489917022e+00
7.372295864318568093e+00
7.353513075220011075e+00
7.340456066971301041e+00
7.322404093402736791e+00
7.306524045338226081e+00
7.289418272555310274e+00
7.272939115801351662e+00
7.259681815438880470e+00
7.245152915047247788e+00
7.232378944424454836e+00
7.216354634102681409e+00
7.198417874510836256e+00
7.194492947888235790e+00
7.177455481883722399e+00
7.162108655887895914e+00
7.153276199331093821e+00
7.139000617135743632e+00
7.121717124486687922e+00
7.104367852585919074e+00
7.086840215699664824e+00
7.075465334196396228e+00
7.068060818051821848e+00
7.053289809191539028e+00
7.047164945874532904e+00
7.032869757819330658e+00
7.015951218874487694e+00
7.001488872098024174e+00
6.985697799942190755e+00
6.969525662092499907e+00
6.954457799408935159e+00
6.939028564000262911e+00
6.925152071263274145e+00
6.909823416999738122e+00
6.893652905874947834e+00
6.877431263900376734e+00
6.870752166339967992e+00
6.854161411530514947e+00
6.838514806742311158e+00
6.827794725073222715e+00
6.819001951060021049e+00
6.815842781704414932e+00
6.801696819556254603e+00
6.796031560839924879e+00
6.781412655077920348e+00
6.774440149061793370e+00
6.760727309747733393e+00
6.747227342469082068e+00
6.737060225864393459e+00
6.721634626249232802e+00
6.707195769918079975e+00
6.692001727816108136e+00
6.677724187056646166e+00
6.662759195406031232e+00
6.650778396057213548e+00
6.635873065283214522e+00
6.622788937633113271e+00
6.611634313231633975e+00
6.596761985842190867e+00
6.585557469361384086e+00
6.571270873227258669e+00
6.558426438145867010e+00
6.545089906648498435e+00
6.530366290107086691e+00
6.516766060006041528e+00
6.502635058657366685e+00
6.488316429948264741e+00
6.474067102142793573e+00
6.462071727203575477e+00
6.451835422638502848e+00
6.438102451843139562e+00
6.431207073421103537e+00
6.417774838388719871e+00
6.405385780115309124e+00
6.395159450565344628e+00
6.381456021708026505e+00
6.370065311242963269e+00
6.357443953090005984e+00
6.344889577851456686e+00
6.341621684447854790e+00
6.334287243598508255e+00
6.322788421116131374e+00
6.310821432983982682e+00
6.302827381528730122e+00
6.290121164935704279e+00
6.282408504543223415e+00
6.269674246824322061e+00
6.258677692485639987e+00
6.247830278314617125e+00
6.235523154867070872e+00
6.233543561684522061e+00
6.223597056809051509e+00
6.212317761976157371e+00
6.202485163794044354e+00
6.192806838739290498e+00
6.181589410034620258e+00
6.168545308336589983e+00
6.158852379716102554e+00
6.147050946409941652e+00
6.135031573838333863e+00
6.128207414522786500e+00
6.115814745492038185e+00
6.105242029769722301e+00
6.093001067334333776e+00
6.085889960030948842e+00
6.074116485001016308e+00
6.063781030570071451e+00
6.051971928796529454e+00
6.041657530948338461e+00
6.034776792498421472e+00
6.023321416575892151e+00
6.011632480586706073e+00
6.003063452487877427e+00
5.991941780118696492e+00
5.981184068197753056e+00
5.971640915850851883e+00
5.961821659721521449e+00
5.950060193585875901e+00
5.939517084171349381e+00
5.931264217650176640e+00
5.920628162546492490e+00
5.908485619581808734e+00
5.903258763881509275e+00
5.893207542825995127e+00
5.888877876481220852e+00
5.891533949782938429e+00
5.879665573442059312e+00
5.876629850077847550e+00
5.866813890663340914e+00
5.857951422366922678e+00
5.848617903796307083e+00
5.837496831801520791e+00
5.828908835664012855e+00
5.819554228199953272e+00
5.808969710720667479e+00
5.802251716575407947e+00
5.792177362653073480e+00
5.782160167637217185e+00
5.777593620943546782e+00
5.766915542949494267e+00
5.757787597238617217e+00
5.752042618812875041e+00
5.742020739164694909e+00
5.732441921234966209e+00
5.722450151402410867e+00
5.711864423843989513e+00
5.705855694259523325e+00
5.696483831109332208e+00
5.686535015924992109e+00
5.678198025676513438e+00
5.669004842263469790e+00
5.659115337788272804e+00
5.649092468353908103e+00
5.640540754434645088e+00
5.634521134476512039e+00
5.624284745872463631e+00
5.615682523032653251e+00
5.609141447773770217e+00
5.602245163460284338e+00
5.593911151637095180e+00
5.590293540525931526e+00
5.580989263171445280e+00
5.576123078507220221e+00
5.568496778519526735e+00
5.559372731675296109e+00
5.552617537779322987e+00
5.548026787647582836e+00
5.545196348083215376e+00
5.535445656444240470e+00
5.528290383929100216e+00
5.518748780658331299e+00
5.510486341581190217e+00
5.501316936680010095e+00
5.492446451420692100e+00
5.483744926409374720e+00
5.475100976964394128e+00
5.470185096926559076e+00
5.463917708139536700e+00
5.455608680476899508e+00
5.446740574470434026e+00
5.438913028275095485e+00
5.433621404561048251e+00
5.424242703396588539e+00
5.418497917122736318e+00
5.409312375764998571e+00
5.400023433843655241e+00
5.393169874489292859e+00
5.384449806336387923e+00
5.385969783854578807e+00
5.378725257004909110e+00
5.369802233619244802e+00
5.365326175975300593e+00
5.356925264566406497e+00
5.350643851728375644e+00
5.347343226971601027e+00
5.342125145737702141e+00
5.334707787638335752e+00
5.327578114279013732e+00
5.324206728150087997e+00
5.315598008258226592e+00
5.309407965378887262e+00
5.306497512358942181e+00
5.300111808372558464e+00
5.294530391676615544e+00
5.290568778101950365e+00
5.281845350996939636e+00
5.274696502793825736e+00
5.279733969546416716e+00
5.271728209541865162e+00
5.263948774405165842e+00
5.267573366556761449e+00
5.260106785886948799e+00
5.252302655882014726e+00
5.244599725583898753e+00
5.237065332884280444e+00
5.234616228964279472e+00
5.233636250275841562e+00
5.226998285920216425e+00
5.221557955884281732e+00
5.215375420044384036e+00
5.211943935036591924e+00
5.204671316813388238e+00
5.197887109126937411e+00
5.194829576803150495e+00
5.188153710942961183e+00
5.180287213308634620e+00
5.173831853179321705e+00
5.167613004918426789e+00
5.164423489706202020e+00
5.157376295278189637e+00
5.149731199653237113e+00
5.143226215094435894e+00
5.136401441202685270e+00
5.131764996571199333e+00
5.125159132325546096e+00
5.118421776131063972e+00
5.113188235169738860e+00
5.108330451112993664e+00
5.101270556242028853e+00
5.093764754403347972e+00
5.089279972571794985e+00
5.082490741295742076e+00
5.075521197930622286e+00
5.068782652855247761e+00
5.066270132527264103e+00
5.058999885554524845e+00
5.059284253309256130e+00
5.052217224265508122e+00
5.044706748967292320e+00
5.042855085346977795e+00
5.037143157322337750e+00
5.031286149731831081e+00
5.025867903048326646e+00
5.020113410261635600e+00
5.015494689084974311e+00
5.008612823877609976e+00
5.002301573310990790e+00
4.999656698925125653e+00
4.992112278570658646e+00
4.985046259286190384e+00
4.979438364341495671e+00
4.972320098198051319e+00
4.967419070167023776e+00
4.960716513514650039e+00
4.955475981450454093e+00
4.948852644206754192e+00
4.941936383490518558e+00
4.934631485522493755e+00
4.933029028858367582e+00
4.926676156118592331e+00
4.919373781083693942e+00
4.912978777411323605e+00
4.905975499128081729e+00
4.899188208361691999e+00
4.892536171645335941e+00
4.892444598394231292e+00
4.885549508976860800e+00
4.878837525659608154e+00
4.871731255439910591e+00
4.864714489890926252e+00
4.857609316590012938e+00
4.853847109412426697e+00
4.849243571317749968e+00
4.844749637504626172e+00
4.841115582653443994e+00
4.836741080754356048e+00
4.829889379553348405e+00
4.823244083415602290e+00
4.817413369542058454e+00
4.811786299055851757e+00
4.806122776037603295e+00
4.800527626574696782e+00
4.797189882318078524e+00
4.791777937278699717e+00
4.785239956783659210e+00
4.778984088944067565e+00
4.775182235098165862e+00
4.768415971258464836e+00
4.761785392318532040e+00
4.758602116893634104e+00
4.754493766518699260e+00
4.754046779520346711e+00
4.750845844758922354e+00
4.747797598910826089e+00
4.745802090986146915e+00
4.740109335601465190e+00
4.734409681215387522e+00
4.733678242266059932e+00
4.728404139328295841e+00
4.724912185275470300e+00
4.720637621312935295e+00
4.714739261847858742e+00
4.709086035725132291e+00
4.704060289814491647e+00
4.699229955830987571e+00
4.694999964515987223e+00
4.689718452130855475e+00
4.683512341041371485e+00
4.682182383096956890e+00
4.676353402667476900e+00
4.669849914741644348e+00
4.669718455196493423e+00
4.663527194067188297e+00
4.660049566904105767e+00
4.655472994277545240e+00
4.649717675258526306e+00
4.645319853187324988e+00
4.643976546425240493e+00
4.641014144488013748e+00
4.635305807670356160e+00
4.629824209303463611e+00
4.625640647409576367e+00
4.621854132602094545e+00
4.619507760610522595e+00
4.614177349989657451e+00
4.608624098923760570e+00
4.603360907933273793e+00
4.602086158817306760e+00
4.596395610136304377e+00
4.591519294145737895e+00
4.585962678707041995e+00
4.580247798051721553e+00
4.577813132598011592e+00
4.572408870258751534e+00
4.567153142662630394e+00
4.561395685186759863e+00
4.556412185382514579e+00
4.551594395720625741e+00
4.545728899540594448e+00
4.540390250450585974e+00
4.536292856778854521e+00
4.533709229723496215e+00
4.527976984592893217e+00
4.523690141540565257e+00
4.517809466949936237e+00
4.512304843048942082e+00
4.507221886328911076e+00
4.501983149229541681e+00
4.496861303406689103e+00
4.492918698079600759e+00
4.487575873389408443e+00
4.482401500937147176e+00
4.476910746374303862e+00
4.471409755936667452e+00
4.466663069852913281e+00
4.461294622274926347e+00
4.455779875883481012e+00
4.452709353917028601e+00
4.447107938390004733e+00
4.441396344254780360e+00
4.436563011576002857e+00
4.431098516301029910e+00
4.425683207562493671e+00
4.420848528916669906e+00
4.417019413818184859e+00
4.411860170093492961e+00
4.408029933139580692e+00
4.402804482990058332e+00
4.400098790876858956e+00
4.396127229542110548e+00
4.391695726806887912e+00
4.387598019106873082e+00
4.382812459412743777e+00
4.378735608665150103e+00
4.374953837003793922e+00
4.369956361914063336e+00
4.366088206824220386e+00
4.361574514749269937e+00
4.356537529530151609e+00
4.357912199104788442e+00
4.353683830091614304e+00
4.350541678652134259e+00
4.346567618117059162e+00
4.343214810610231069e+00
4.339830010256093829e+00
4.337011694279106599e+00
4.331899746726275424e+00
4.330500358430546370e+00
4.325571720028434264e+00
4.320478266853142735e+00
4.317405971721742119e+00
4.315381458775389589e+00
4.311497993241586890e+00
4.307492806567951860e+00
4.303570718443722853e+00
4.299978692901502697e+00
4.298066639554084745e+00
4.293781859879381102e+00
4.290201842923568876e+00
4.286718691227421552e+00
4.283305583601942246e+00
4.279213675840031428e+00
4.274205697130126325e+00
4.269356287300745123e+00
4.266873435528927949e+00
4.262483946049619554e+00
