2.771563450906219117e+01
2.678302365760939452e+01
2.648710020320324787e+01
2.630437263695828420e+01
2.634091256373547196e+01
2.592001242873598699e+01
2.579165894864678421e+01
2.559520533630744765e+01
2.537936188102555946e+01
2.517236727939837948e+01
2.503410744510762242e+01
2.487267439199369079e+01
2.474238448628917553e+01
2.451182536762963338e+01
2.433157424922450218e+01
2.419257221808213032e+01
2.401383703820774684e+01
2.385859324754759569e+01
2.370532999759643289e+01
2.355206835474191251e+01
2.340324728816701594e+01
2.326950669536875793e+01
2.310226574453623982e+01
2.299738656095208711e+01
2.286546087891411716e+01
2.273819893399566539e+01
2.261141662594324586e+01
2.245350868973727998e+01
2.232594890054984305e+01
2.219956620963427341e+01
2.207455859208492654e+01
2.195003049876123669e+01
2.181127545874076290e+01
2.168977260934966367e+01
2.157535011208227971e+01
2.144247412807919773e+01
2.133375161055062108e+01
2.123556472849746157e+01
2.110693816365584752e+01
2.098765271718202996e+01
2.087103847650363164e+01
2.074036020761309729e+01
2.061801809191324608e+01
2.050205335918569460e+01
2.038735261697076240e+01
2.027491617188994510e+01
2.015906634595636149e+01
2.004175887604965567e+01
1.990365583140007999e+01
1.978215510588367110e+01
1.966948894132358916e+01
1.955908410961872690e+01
1.943694318072255811e+01
1.931189329701739510e+01
1.921104720059632953e+01
1.911325657524670873e+01
1.898498953953045998e+01
1.887343650961092578e+01
1.873619933250348168e+01
1.863266745549740477e+01
1.853995232737576160e+01
1.841720546287097804e+01
1.828875476559426971e+01
1.820398787746850289e+01
1.807144520693491430e+01
1.796923527225556683e+01
1.784432857914168125e+01
1.771729549944111781e+01
1.758995055522032658e+01
1.747412128212094018e+01
1.735083055307659450e+01
1.724322856196727471e+01
1.716084031260000842e+01
1.706239664221986629e+01
1.694793587336814511e+01
1.687439676267048227e+01
1.676753861937345391e+01
1.666970790641171618e+01
1.657234429404801901e+01
1.652195358986210749e+01
1.641278915629978385e+01
1.632770296775725427e+01
1.621134216727410049e+01
1.612875991297500988e+01
1.604723607263693808e+01
1.597059910485224421e+01
1.588241362602622431e+01
1.579581237198304855e+01
1.569533677616425749e+01
1.563083682114098139e+01
1.553681403030848074e+01
1.548324956630822591e+01
1.539848869016053357e+01
1.530502907788336309e+01
1.521123479483154028e+01
1.513465208969677533e+01
1.506685458760628293e+01
1.499049226070156671e+01
1.490124515659473659e+01
1.483476381148818390e+01
1.476877507836594106e+01
1.469387576929760186e+01
1.462172535300050846e+01
1.454203152840808677e+01
1.446838509640069503e+01
1.438759900100581923e+01
1.432627994318463216e+01
1.423952764925378212e+01
1.416223633385131464e+01
1.410306751285003912e+01
1.404105852834419643e+01
1.397786399233566001e+01
1.390047730854844410e+01
1.385543233924418693e+01
1.378018615050378237e+01
1.371014227226635285e+01
1.363800165189568148e+01
1.358691439821358138e+01
1.351637804172987067e+01
1.344867532892471118e+01
1.337360961704263929e+01
1.331086631540560461e+01
1.324696228387007935e+01
1.320046031006921972e+01
1.314394872975722173e+01
1.307304284694381913e+01
1.300680732026619957e+01
1.295109790981550013e+01
1.291861836599400526e+01
1.287340468982715258e+01
1.282571538370869213e+01
1.276156721530295002e+01
1.271124105263666770e+01
1.265359956798481988e+01
1.262977600188557936e+01
1.256508237465345523e+01
1.250973730738063239e+01
1.245049384510349100e+01
1.243475217344173345e+01
1.237477009940785067e+01
1.232020321609344649e+01
1.228760327503935024e+01
1.224400266897071532e+01
1.219812747963417898e+01
1.214436637426324772e+01
1.208404071092895471e+01
1.204897742138037486e+01
1.200031568540680560e+01
1.194357385599800203e+01
1.190102111336878821e+01
1.185460117622240972e+01
1.180343996718158905e+01
1.174903262509143076e+01
1.171128895035548645e+01
1.167724995253282572e+01
1.164091679461965079e+01
1.159825593324622872e+01
1.155119353214654154e+01
1.150793089671365443e+01
1.146920392823752088e+01
1.142316091726401517e+01
1.138610789143349677e+01
1.133477534595559533e+01
1.130599154790662020e+01
1.128186264050523668e+01
1.124785638739542115e+01
1.121835897601807375e+01
1.116875121862799070e+01
1.112879846857203603e+01
1.108775148022234802e+01
1.107325850496348707e+01
1.103034690572260068e+01
1.099951352516078629e+01
1.097636918393577155e+01
1.093600641701097054e+01
1.090647280125711482e+01
1.087335233536332169e+01
1.082780221970480028e+01
1.078783028853431958e+01
1.075830526985855506e+01
1.072443523100090879e+01
1.068768090538446103e+01
1.064880124619278945e+01
1.060835396201629877e+01
1.058431189972326081e+01
1.055065564845986081e+01
1.051632224643149982e+01
1.048337109575270887e+01
1.044594680463273662e+01
1.041617626417349030e+01
1.038238926805591333e+01
1.035887119169213122e+01
1.032844792295086478e+01
1.029769232418321856e+01
1.026054299879775478e+01
1.023054441943328463e+01
1.021405787269954146e+01
1.018704678980076395e+01
1.015324083168198577e+01
1.014274462426710421e+01
1.011116857160449634e+01
1.008897361906006829e+01
1.006049988032301634e+01
1.002732416206043453e+01
9.990503237953140214e+00
9.964542824504471596e+00
9.935262715124713040e+00
9.904396354328351748e+00
9.877809023819166256e+00
9.842844730941752829e+00
9.807491275231681627e+00
9.779988552083528575e+00
9.755501796303951423e+00
9.720937946850016331e+00
9.694213635610241298e+00
9.661290376112106060e+00
9.644057781437982868e+00
9.610375000582981997e+00
9.614487962883446315e+00
9.588556307083404562e+00
9.567967439019323450e+00
9.541052438212540565e+00
9.531393328260493902e+00
9.515290456434902566e+00
9.484947872482356601e+00
9.457907666161343485e+00
9.427739710083551827e+00
9.398088994317966183e+00
9.370397026469330370e+00
9.352273579487073718e+00
9.334212699876502484e+00
9.306569449324058496e+00
9.292429381191745108e+00
9.268658310642965859e+00
9.244656473464868185e+00
9.230555649143285635e+00
9.205284925779732674e+00
9.181003404413438318e+00
9.155258166072403725e+00
9.128795569383159503e+00
9.107270856048041097e+00
9.091920302851713487e+00
9.068645726048918831e+00
9.047223960791882291e+00
9.039545430716808383e+00
9.020218499332155915e+00
8.998045760488635025e+00
8.973733302589387506e+00
8.964408577786423749e+00
8.940028220292779437e+00
8.916329430203351336e+00
8.905496030457927148e+00
8.881567667647050968e+00
8.871558910083741978e+00
8.847030383485618543e+00
8.827518170681742049e+00
8.804196858870758646e+00
8.792780799282743587e+00
8.775462382711827658e+00
8.750887315112272802e+00
8.728854995030660646e+00
8.710005569013564042e+00
8.734252086957797090e+00
8.712859650304540793e+00
8.691530945904583305e+00
8.684732909005262513e+00
8.663153999248470072e+00
8.640377763943206446e+00
8.621701417199693296e+00
8.602331258858196605e+00
8.582414992440812185e+00
8.567121481478359613e+00
8.545052191090093174e+00
8.523689158681550637e+00
8.509217834983829221e+00
8.490188289698936686e+00
8.468998321315710953e+00
8.446213750734674619e+00
8.430157861045870504e+00
8.418531675122274294e+00
8.400459285995616199e+00
8.397189869465996992e+00
8.382850868086668683e+00
8.367732495561401862e+00
8.346541384094949834e+00
8.330372153409618008e+00
8.315130591380562208e+00
8.312176728801114578e+00
8.291629194744466247e+00
8.306909235724631912e+00
8.289367028066862986e+00
8.272747661164171262e+00
8.255112674131025230e+00
8.240068360286954885e+00
8.230788985070729424e+00
8.213094216668364922e+00
8.214800572631880016e+00
8.194549500035176237e+00
8.175383784184475644e+00
8.165986673839841004e+00
8.150295031884589037e+00
8.134768246823766091e+00
8.123563669393265130e+00
8.108265926562305381e+00
8.094497705545453670e+00
8.075137138915446045e+00
8.060675192475681428e+00
8.047457251941530387e+00
8.042167872902254544e+00
8.026324786497823993e+00
8.011936895107201195e+00
7.993797754918193554e+00
7.978077855855830514e+00
7.965609107672855238e+00
7.945947130785009804e+00
7.933260837782358799e+00
7.914253474440870129e+00
7.898283290292597236e+00
7.882806440117777314e+00
7.866052987616793502e+00
7.848529716628341646e+00
7.834124071397794431e+00
7.825847317708047868e+00
7.820313512753089391e+00
7.821537876223182195e+00
7.804658943990104625e+00
7.788524450567287261e+00
7.770876134737108920e+00
7.752803121869401792e+00
7.746274697201335435e+00
7.730528815244391616e+00
7.717944181481411370e+00
7.715944962046537015e+00
7.706088619520096827e+00
7.689709835457121834e+00
7.676461041576700950e+00
7.665090165768190467e+00
7.660593000545946829e+00
7.663510892831511434e+00
7.657378442898530757e+00
7.641790518541339061e+00
7.627073608556578677e+00
7.612570011813629911e+00
7.604227957750174127e+00
7.604145763632338628e+00
7.590008074031432628e+00
7.578040205223941506e+00
7.568586030505391804e+00
7.553950714368485642e+00
7.542592803259583256e+00
7.536482813712377826e+00
7.521609746208158143e+00
7.513762900058589267e+00
7.499778975656338886e+00
7.485822503989531640e+00
7.470019611913587987e+00
7.455680338740421575e+00
7.441952265918995835e+00
7.428424797196126583e+00
7.413295689893848461e+00
7.409945772918422158e+00
7.396486032391837995e+00
7.391110368087511873e+00
7.376494090985304730e+00
7.363826581892086942e+00
7.349630259851216429e+00
7.336418643486150692e+00
7.323669588730699509e+00
7.313583146745255448e+00
7.301584831157677868e+00
7.288423725291708344e+00
7.274900966531230750e+00
7.261806050606360863e+00
7.253885243022204499e+00
7.242021130988192112e+00
7.229140443638195634e+00
7.228922641123886272e+00
7.219261133836027966e+00
7.215645933147065705e+00
7.200836313826117774e+00
7.187476403668030756e+00
7.176030949747636889e+00
7.164323828292334717e+00
7.152110965692253686e+00
7.137940065528500355e+00
7.131198470310667226e+00
7.124566906606800032e+00
7.111113167149755832e+00
7.098404946280303385e+00
7.084664097941471894e+00
7.071575235318973363e+00
7.060442710992417936e+00
7.046734396916398246e+00
7.038923544662371690e+00
7.026280970852681662e+00
7.016968835127570081e+00
7.010898336371643502e+00
6.998918398578117817e+00
6.994703862730295540e+00
6.981599829892674691e+00
6.970897544735091600e+00
6.960232106102712812e+00
6.947744655983584039e+00
6.937184607189358587e+00
6.927273998369058106e+00
6.916811077607050606e+00
6.906208209478223559e+00
6.900940297023791636e+00
6.890775756525391316e+00
6.878398474224381332e+00
6.867121022799968166e+00
6.854820005250041426e+00
6.842596652645140054e+00
6.836019642915922567e+00
6.823558199466044805e+00
6.818259541908565424e+00
6.807214735984410403e+00
6.798504947894558725e+00
6.785662116059914872e+00
6.775391194593658462e+00
6.763807111981141595e+00
6.753328640355624302e+00
6.740735967722238264e+00
6.731273516638170307e+00
6.719444722656221280e+00
6.707780647497819437e+00
6.696901514182288295e+00
6.690206106942444109e+00
6.679505056491914949e+00
6.669913106046420737e+00
6.668767131309501828e+00
6.657417545952533544e+00
6.649711315032369896e+00
6.638955875026562481e+00
6.629535331585872271e+00
6.623531799537095921e+00
6.613027707385691123e+00
6.604299009036042278e+00
6.595631519071237570e+00
6.586193837805984330e+00
6.583532544798249120e+00
6.575455920996371439e+00
6.563734173044165843e+00
6.555008202014327878e+00
6.554272198340108879e+00
6.556676042955033701e+00
6.546340150328492591e+00
6.545285798945799982e+00
6.534621352117143900e+00
6.523883967663578254e+00
6.513045508483721768e+00
6.501965519428549278e+00
6.494397679590320216e+00
6.489154412559569707e+00
6.480107128239415815e+00
6.478477433442052735e+00
6.471586721180012880e+00
6.483676469491989280e+00
6.474519408343461180e+00
6.466549570126221447e+00
6.463802938484722205e+00
6.458620780311354892e+00
6.452768388661027643e+00
6.449104568989443287e+00
6.442312358209094647e+00
6.431809850425964648e+00
6.421983531548026924e+00
6.412146460813103133e+00
6.401509513605875945e+00
6.392310972669933200e+00
6.382931239043921678e+00
6.373843594033423265e+00
6.370934298233684956e+00
6.366031643116540906e+00
6.357673445533957413e+00
6.347888020377641993e+00
6.338077626563723754e+00
6.329727296519238600e+00
6.321648336181699079e+00
6.311854919579018564e+00
6.303120141374264129e+00
6.293506035932795228e+00
6.287265201227950406e+00
6.277575149338014526e+00
6.269467195229718293e+00
6.262939533118093927e+00
6.253184045654276879e+00
6.248054540661874157e+00
6.242240901315282642e+00
6.233400479265641003e+00
6.226193724783418482e+00
6.216093342700051316e+00
6.208611323572761798e+00
6.198828618252233191e+00
6.190858081565592030e+00
6.194946418442743408e+00
6.187489135727883394e+00
6.177949289390785026e+00
6.196120152163945960e+00
6.195009485683502071e+00
6.192593657028276688e+00
6.188465082138627338e+00
6.181929857551875074e+00
6.174743090688408209e+00
6.165622786912893893e+00
6.158523998950648171e+00
6.152650672805326515e+00
6.144659498691082966e+00
6.147816621050895769e+00
6.150926529397739984e+00
6.149135404957970508e+00
6.141619554955100924e+00
6.139906349034118804e+00
6.135144552754221436e+00
6.135731324576608081e+00
6.134166770055005991e+00
6.125798717193451814e+00
6.119451237844140579e+00
6.114824421525677067e+00
6.113033610501104498e+00
6.109171327698496690e+00
6.101066158784894000e+00
6.092570569070930198e+00
6.084530599754105928e+00
6.080294177309551351e+00
6.073744401305215312e+00
6.065695589748360206e+00
6.060386145682215009e+00
6.054691329206334238e+00
6.047503993827256785e+00
6.040760493137399934e+00
6.033451278698317211e+00
6.024920509009229264e+00
6.016367907611930299e+00
6.013559110424722576e+00
6.007584173237226821e+00
5.999187939800736835e+00
5.995337883834298331e+00
5.987813644296934079e+00
5.981431475493590888e+00
5.974073826615022398e+00
5.966478727236828483e+00
5.963747216198265200e+00
5.955872394976697848e+00
5.950604243679703309e+00
5.943615953456309775e+00
5.935536408423799593e+00
5.951746302594412619e+00
5.943276112160670976e+00
5.934829978470352430e+00
5.932627999332754420e+00
5.925375677386354845e+00
5.917911727136226929e+00
5.910126256206395645e+00
5.904829191980618397e+00
5.915438202859307992e+00
5.907069947318271730e+00
5.899526105188998670e+00
5.897873244454063801e+00
5.899905519711454716e+00
5.902413645488622684e+00
5.895000879087275436e+00
5.892136230441948896e+00
5.887579562576964243e+00
5.882329549109695854e+00
5.876858798600690825e+00
5.874342186140591338e+00
5.871366891700800394e+00
5.866975532145972672e+00
5.864515964691611849e+00
5.859654201715197352e+00
5.856429494088421173e+00
5.849664680129535554e+00
5.843446870789400727e+00
5.836337190013829002e+00
5.832215028689428316e+00
5.829638604557205284e+00
5.828733119119894113e+00
5.822334464221803785e+00
5.821066155283983079e+00
5.817085986939655839e+00
5.809771739812400249e+00
5.802503822734577987e+00
5.795521894315272426e+00
5.789346409865999910e+00
5.783531747911888843e+00
5.779275460760927352e+00
5.778646375653827327e+00
5.773539994523681607e+00
5.769117220932808543e+00
5.761752444142118179e+00
5.754726282897400402e+00
5.748653198850361967e+00
5.745019339823770110e+00
5.744055010284815133e+00
5.741320454942741236e+00
5.734704830745209314e+00
5.728948578788759960e+00
5.723088964301276782e+00
5.724496549294284087e+00
5.719601467611724388e+00
5.713415360136109733e+00
5.706406878398996518e+00
5.700348363400967955e+00
5.698718201492399160e+00
5.693365946309932646e+00
5.688439557796021617e+00
5.685158366700697741e+00
5.683000911096810270e+00
5.677411535701996748e+00
5.671950548571557782e+00
5.671136250231445963e+00
5.665595316905779555e+00
5.661899905454744086e+00
5.656125704537665833e+00
5.652891598252917760e+00
5.646374784624168974e+00
5.640436470062107688e+00
5.633780970843571545e+00
5.627452844818850330e+00
5.635841638857121083e+00
5.629507082531398865e+00
5.626688790178332233e+00
5.624583227740380664e+00
5.618518536268907404e+00
5.612804611873089655e+00
5.606177913645209898e+00
5.601700502913343982e+00
5.596584878901889937e+00
5.590951949294749035e+00
5.584667863576664892e+00
5.579361206131740580e+00
5.573572256153346949e+00
5.568320515377758184e+00
5.564972327907567795e+00
5.558477889334824340e+00
5.563088697950990813e+00
5.556849902427457799e+00
5.551550366524490521e+00
5.547453178367744542e+00
5.547349519463960377e+00
5.541445239906501286e+00
5.536137367525186370e+00
5.534305649383560954e+00
5.528338992859921142e+00
5.522427391423299525e+00
5.517380750872415973e+00
5.511788457481265446e+00
5.505817065734888160e+00
5.500948583398502123e+00
5.495571490050702224e+00
5.491547820717744166e+00
5.486224753210591665e+00
5.502009841589416084e+00
5.496030512045167349e+00
5.489973337963779620e+00
5.484955679390979277e+00
5.478561469495129899e+00
5.473558805670089455e+00
5.473994448563168191e+00
5.467706058653670098e+00
5.464483108180649751e+00
5.459270026126277209e+00
5.459050623811799952e+00
5.454113089256575009e+00
5.450890713034231005e+00
5.446587055753547624e+00
5.440791917007232747e+00
5.435763960593036792e+00
5.430981799591776849e+00
5.428587179135177188e+00
5.423121186644718428e+00
5.418638485183146614e+00
5.412658054876006375e+00
5.408218773407669211e+00
5.402633458186772764e+00
5.398468715739524804e+00
5.393689901393978303e+00
5.389417871000363292e+00
5.384685697886120614e+00
5.379331766833764128e+00
5.374723870088271127e+00
5.371799505847360656e+00
5.371304818177035756e+00
5.367277774357513742e+00
5.361633707606379140e+00
5.357278786689544603e+00
5.357616554771047923e+00
5.352168050474985783e+00
5.346374372058353863e+00
5.340501900989456985e+00
5.336562968792485151e+00
5.336680052544653385e+00
5.330670186713542869e+00
5.324923286358503205e+00
5.320746929422968563e+00
5.315618647868110003e+00
5.311190341793241565e+00
5.305540263873131046e+00
5.305187193353051001e+00
