4.219398885917325259e+01
4.387538205024929994e+01
4.308908727646653603e+01
4.191384637358498111e+01
4.135128376199401146e+01
4.063047964869163309e+01
4.013539176560984600e+01
3.986005393028708710e+01
3.940209790140716706e+01
3.899175082632370248e+01
3.851985633032414569e+01
3.811016343809981777e+01
3.761723471436261690e+01
3.727922587987443848e+01
3.686819475251335376e+01
3.642549739173520607e+01
3.600489118511234210e+01
3.566289261589340498e+01
3.533675594129743303e+01
3.499506664622039409e+01
3.464899055061194844e+01
3.435441844949478707e+01
3.404173566954102625e+01
3.372249056211143881e+01
3.343362929047901844e+01
3.313200038093273037e+01
3.282285855730500401e+01
3.255435286273183237e+01
3.229706751894428152e+01
3.203675503570483585e+01
3.178849022803544599e+01
3.152627007492137778e+01
3.126378907551908526e+01
3.101000095203310281e+01
3.076561482155042171e+01
3.052461798942192672e+01
3.029294842356749129e+01
3.006460783013213955e+01
2.984920688432972469e+01
2.962800930731981097e+01
2.942275548435128130e+01
2.921615754869779735e+01
2.900311746270735469e+01
2.878580244227827123e+01
2.857770919840710278e+01
2.840608147672017481e+01
2.821962947075977723e+01
2.801029586356209222e+01
2.782593309805842452e+01
2.763025644241193390e+01
2.743574178450582579e+01
2.723308454319122873e+01
2.703526252700529042e+01
2.683987401237939352e+01
2.664153395187073059e+01
2.642094467866670016e+01
2.625973822594463414e+01
2.612034058891830668e+01
2.593169197906327739e+01
2.577170020684490837e+01
2.560359948135263153e+01
2.544798949886034123e+01
2.527984395486008751e+01
2.512123078440458102e+01
2.497137253926654665e+01
2.482218439515853348e+01
2.467377679801282397e+01
2.451971716559339853e+01
2.439342347569419900e+01
2.423953073842542594e+01
2.409073008925735593e+01
2.395878544175265645e+01
2.383018087561235632e+01
2.370458621578695357e+01
2.356292351227249426e+01
2.341883743540679674e+01
2.327083683990330343e+01
2.313261290029850059e+01
2.299113437563201501e+01
2.285783146568710578e+01
2.272511011608682807e+01
2.258674502154091002e+01
2.246735305498914670e+01
2.232575834954458571e+01
2.219079482199669329e+01
2.207153489892862552e+01
2.194873340040162191e+01
2.181215724190651173e+01
2.167566823687405275e+01
2.154935180388148197e+01
2.143966075537947447e+01
2.131944632393533468e+01
2.119510810944573365e+01
2.108408678890490151e+01
2.097983248295917846e+01
2.090246360750465371e+01
2.078498091604156883e+01
2.067567733039598821e+01
2.058091687658338031e+01
2.047616316459568608e+01
2.037711534510040678e+01
2.025568596843680069e+01
2.015344863615204218e+01
2.007474459896056018e+01
1.997684117254904734e+01
1.986612699140838600e+01
1.976296583818567498e+01
1.967199902330968442e+01
1.958567231484950355e+01
1.949236640681892752e+01
1.939862824959061882e+01
1.928868252689702345e+01
1.918933661667598756e+01
1.912678726464318402e+01
1.902497256956189275e+01
1.893844071923048133e+01
1.884429850253639671e+01
1.875377685369799963e+01
1.866642367177186301e+01
1.857128094272984953e+01
1.847579259919420025e+01
1.839585055725877183e+01
1.831698781105116680e+01
1.822593518026592818e+01
1.813452073322910962e+01
1.803813991509623804e+01
1.795434977904150742e+01
1.787128985431150241e+01
1.779241650829969856e+01
1.772821551162971687e+01
1.768108163209771533e+01
1.760431184268192695e+01
1.752022205271114075e+01
1.743945851181021567e+01
1.736275993273258322e+01
1.727995987838071912e+01
1.720843063959926056e+01
1.715233066526408479e+01
1.714094922623486994e+01
1.708603251250480071e+01
1.701077021014484814e+01
1.696182863162545473e+01
1.689415137558158264e+01
1.684633755428035684e+01
1.677646422497973688e+01
1.671811501746728723e+01
1.667341637863237480e+01
1.660541101609628356e+01
1.653611664117462965e+01
1.649865451609015921e+01
1.642412625344459087e+01
1.636389125435418990e+01
1.630401316206297579e+01
1.624767231942054124e+01
1.619606718716231697e+01
1.614487647902451073e+01
1.607842334649290450e+01
1.601670847489122096e+01
1.596371581493551339e+01
1.590542955501255307e+01
1.584390244146303495e+01
1.577838204210130080e+01
1.572078970189614289e+01
1.565878499594830586e+01
1.560670155479032495e+01
1.555446079556152839e+01
1.551267547523905499e+01
1.546329313894027102e+01
1.542297624811412327e+01
1.536161673914910075e+01
1.530390733640372325e+01
1.524420870433795550e+01
1.518418573926712511e+01
1.512684629835866801e+01
1.507516568006413138e+01
1.502225249892452652e+01
1.497680701851485452e+01
1.491650274632850248e+01
1.486410489636763010e+01
1.482013717264231190e+01
1.477885264003541721e+01
1.473292920497862468e+01
1.468456775189338082e+01
1.464752020997819670e+01
1.460303652317958445e+01
1.455030516650126238e+01
1.451168029232298728e+01
1.446336660771142313e+01
1.441444984363438309e+01
1.436302279048605079e+01
1.433896118349622384e+01
1.430892525610481236e+01
1.426149916475603519e+01
1.422638994322957195e+01
1.418734486001178752e+01
1.416469485694484653e+01
1.411895649927903307e+01
1.407793135045959332e+01
1.404333750553709415e+01
1.400953824413891802e+01
1.397513275948135636e+01
1.392692674393917684e+01
1.389124869870729739e+01
1.384774615853204693e+01
1.381085954517099346e+01
1.376581198188349653e+01
1.372867178143801326e+01
1.368565576722438060e+01
1.364094213024740476e+01
1.360915108305928101e+01
1.357675374329681617e+01
1.353132039184830582e+01
1.348916620617612949e+01
1.345700826212948620e+01
1.341853104898381055e+01
1.337561495444781201e+01
1.335949496204216658e+01
1.332001736047528873e+01
1.329305994914882483e+01
1.325470697182310964e+01
1.322062549063850234e+01
1.319496913605112987e+01
1.315587590532959084e+01
1.311828542242691675e+01
1.307795292234352758e+01
1.304310075401363100e+01
1.300276245491019544e+01
1.296339386270896554e+01
1.295629324192019638e+01
1.291780546674802288e+01
1.288979090261192439e+01
1.285593575529694377e+01
1.281679718269910673e+01
1.278258392111007957e+01
1.274944245760094574e+01
1.271363852729413502e+01
1.267254397663706023e+01
1.266631336824915799e+01
1.262942879512278793e+01
1.260384339752179095e+01
1.256607069128043719e+01
1.254596337589719823e+01
1.251283908835824121e+01
1.248730214288319651e+01
1.245695294752220228e+01
1.242600443341809324e+01
1.240638191236042509e+01
1.237563822459119400e+01
1.236774551494348273e+01
1.233681493309472366e+01
1.230566834772986340e+01
1.227104760479360657e+01
1.223921327490422861e+01
1.220856125004488035e+01
1.218615912723829808e+01
1.215740463405177429e+01
1.212755067350729554e+01
1.209908980741743179e+01
1.207137732268295593e+01
1.205722258062248287e+01
1.203449206429656648e+01
1.200814451769491065e+01
1.197762406957380676e+01
1.196092039405810681e+01
1.194098421818224764e+01
1.191929544632929705e+01
1.189331568322256949e+01
1.186944053587523307e+01
1.183922320531009120e+01
1.181686558842670998e+01
1.179010292457304487e+01
1.176234083896963867e+01
1.173536353836811585e+01
1.171012980500168155e+01
1.168022147553844903e+01
1.165999307351787984e+01
1.163307801463553481e+01
1.160641868474784211e+01
1.158360817483256611e+01
1.156069002972659199e+01
1.153304344812227811e+01
1.150669695083105637e+01
1.148719795505897956e+01
1.146132478615990458e+01
1.143619422576927391e+01
1.141013153374356826e+01
1.139547064995957193e+01
1.140303399287713404e+01
1.138186490370634729e+01
1.135953849352218725e+01
1.133715436866954995e+01
1.132878628340230520e+01
1.130610625647326906e+01
1.128566012597210211e+01
1.127185320466518981e+01
1.125010044132581122e+01
1.122696824040406405e+01
1.120884698159654569e+01
1.119604608257512801e+01
1.118013204042537900e+01
1.115696298649551466e+01
1.113913928900340622e+01
1.111689412762903295e+01
1.109250088847986326e+01
1.108986033347429512e+01
1.106732010483271722e+01
1.105363041259819035e+01
1.103162200223215272e+01
1.102092845158370871e+01
1.101239346941793862e+01
1.098955231370908514e+01
1.097029709590667856e+01
1.094708194812434954e+01
1.092459803140245889e+01
1.091775152581509900e+01
1.090908714795832601e+01
1.088647555293723101e+01
1.087007476349095825e+01
1.084951557198255578e+01
1.082827891258466302e+01
1.080997493274277943e+01
1.079074929970401087e+01
1.077164062675826273e+01
1.075141796293591767e+01
1.073856216048460510e+01
1.071899380563993631e+01
1.069888814292093215e+01
1.068684828784937757e+01
1.067138366531695937e+01
1.065051579589131592e+01
1.063018465190445738e+01
1.060727315488646738e+01
1.059190347833559720e+01
1.057125299478489211e+01
1.055605160259644393e+01
1.053984474074202637e+01
1.051830601317569780e+01
1.050576115974519809e+01
1.048457044532016980e+01
1.046569053034986574e+01
1.044647557810255201e+01
1.042732285041216400e+01
1.040832876686345898e+01
1.039057656575982946e+01
1.037590559058862283e+01
1.035830609439690697e+01
1.033926559050870608e+01
1.031886883255588927e+01
1.030175528631360038e+01
1.029006681719181415e+01
1.028013814932557679e+01
1.027214385088943338e+01
1.026126099792527846e+01
1.025037597111568743e+01
1.023225070352872379e+01
1.021496116468811444e+01
1.020979362372272981e+01
1.019085628926655218e+01
1.018170836123517375e+01
1.016709802298969301e+01
1.015153755045681372e+01
1.014845169048999551e+01
1.013918507058125762e+01
1.012198371965005705e+01
1.010661747733845672e+01
1.009306447379897875e+01
1.008018211643675244e+01
1.006459020855713504e+01
1.006095849523889463e+01
1.004500476610391146e+01
1.003515175498452017e+01
1.001832163008582199e+01
1.000489913068713754e+01
9.989204213208816796e+00
9.972064481487974419e+00
9.953744876211821691e+00
9.937817203943422939e+00
9.923143669682495727e+00
9.905677170605081017e+00
9.895199839934296193e+00
9.879675762259257255e+00
9.861243516700167078e+00
9.843936126493758820e+00
9.826225441068087818e+00
9.810349541275670049e+00
9.795628381381947136e+00
9.780279929935897343e+00
9.770090097110108118e+00
9.764957212935966524e+00
9.761618173413550537e+00
9.746822934176686104e+00
9.732025425203435276e+00
9.715211643389420004e+00
9.699376455167200817e+00
9.681003387099337942e+00
9.663866182156294116e+00
9.648538581721462393e+00
9.633440444458738483e+00
9.619448706895129320e+00
9.603246905458405536e+00
9.586109223696405834e+00
9.569312436309292735e+00
9.551832373549128619e+00
9.535758230052902462e+00
9.519563012116075029e+00
9.504478494507036856e+00
9.487776164113981281e+00
9.470432656188416232e+00
9.454485466391234993e+00
9.443638985037374312e+00
9.434537844803637441e+00
9.420682837649556163e+00
9.413183789803140300e+00
9.400164428067256495e+00
9.393779423864826228e+00
9.382668449841293778e+00
9.372865797082871708e+00
9.356931727249767405e+00
9.348858759110004968e+00
9.337625127686063564e+00
9.321709652514117650e+00
9.307456606532191756e+00
9.292472987352750735e+00
9.279796677442430308e+00
9.280383013657138136e+00
9.265677879715633836e+00
9.257808515247671011e+00
9.243603874172418244e+00
9.228821183671204409e+00
9.215059833588256311e+00
9.200066871764894572e+00
9.186259223001300711e+00
9.171750513417546102e+00
9.170808845014100541e+00
9.158399947074501668e+00
9.150416437618989818e+00
9.140523433286535493e+00
9.128608281578719286e+00
9.114779953536721990e+00
9.105464266823263486e+00
9.090055873647619578e+00
9.074869798195328130e+00
9.060338244065281543e+00
9.051379218953679029e+00
9.041659530428690417e+00
9.027743248985265367e+00
9.031053137290978583e+00
9.017223460114065503e+00
9.004237014642800574e+00
8.994841264131883563e+00
8.980360258739976231e+00
8.973941421592154910e+00
8.959285221662687704e+00
8.948821924805422157e+00
8.934291536793166344e+00
8.927538578088071830e+00
8.935896950311942533e+00
8.938404650702723941e+00
8.924242662442427587e+00
8.911799361846730605e+00
8.900318155090630512e+00
8.888294758921947647e+00
8.884950380969055317e+00
8.871871663476943226e+00
8.858035427986418853e+00
8.845471445341461347e+00
8.835905065360062594e+00
8.822815000873886149e+00
8.813126770673997967e+00
8.813558465409959908e+00
8.803490818890294278e+00
8.796469334459555256e+00
8.786121543758621755e+00
8.773892921244204501e+00
8.763404456568189005e+00
8.764932776431495043e+00
8.753737525869905056e+00
8.747342566974117162e+00
8.733424472739343969e+00
8.722263718695630885e+00
8.709652672066683365e+00
8.698503540809007006e+00
8.688541194646280275e+00
8.676590985487830920e+00
8.665083335584053970e+00
8.659442246480843153e+00
8.654914803830441983e+00
8.643457758695724635e+00
8.633016205849459723e+00
8.626226970281203776e+00
8.614192917536151128e+00
8.605493746130139954e+00
8.610112545539310602e+00
8.599898681005104351e+00
8.587116402240535962e+00
8.574313036740296212e+00
8.570685901278482177e+00
8.558610624481465479e+00
8.547985465320053322e+00
8.573843839646288600e+00
8.578673921998687391e+00
8.574584654427141572e+00
8.573588138004701875e+00
8.564674163233771509e+00
8.553283805905079973e+00
8.547372413010579706e+00
8.545287365571052618e+00
8.537961271736538293e+00
8.526658352981057121e+00
8.516577850634124758e+00
8.513093025551603077e+00
8.503955134575738484e+00
8.496203857745708632e+00
8.487023253195136618e+00
8.481970592217988880e+00
8.471572463002845055e+00
8.462880479826916158e+00
8.452672741841421811e+00
8.442694860203021179e+00
8.440378497564489990e+00
8.431353287507926453e+00
8.420578199725843760e+00
8.410232366251012337e+00
8.400610779003001127e+00
8.394702508046005818e+00
8.383276692154636223e+00
8.372281001373764298e+00
8.362251025280420080e+00
8.352568901673160795e+00
8.342899996247700400e+00
8.332387924195844064e+00
8.323018699312559221e+00
8.311961986824691451e+00
8.300449210287052182e+00
8.289880275667405485e+00
8.279607885240176657e+00
8.272713442218494251e+00
8.265325970470476236e+00
8.254633442207847338e+00
8.245278392711572479e+00
8.238166538464238187e+00
8.227562604921692113e+00
8.216692789370171113e+00
8.206223591986454124e+00
8.201744648587091291e+00
8.193195289849377616e+00
8.184172585204256833e+00
8.174764084963692667e+00
8.164037040325677452e+00
8.155275784793223792e+00
8.146734828792331129e+00
8.135918630756032499e+00
8.133989274316741458e+00
8.132918220133602105e+00
8.127864973036475149e+00
8.122829644619661948e+00
8.114053006484537534e+00
8.102948807864528646e+00
8.092538786112754678e+00
8.089697269931397372e+00
8.095589186939285753e+00
8.085558153448177521e+00
8.087248719606257907e+00
8.078330556091358972e+00
8.079684377288595343e+00
8.073957667187624310e+00
8.066214416236102025e+00
8.068733727833848235e+00
8.062553856730598767e+00
8.056522738085513780e+00
8.048844709311575585e+00
8.045922340446109544e+00
8.041003855780784804e+00
8.032111944482879906e+00
8.031929010840409333e+00
8.023072428690669611e+00
8.013577194877587573e+00
8.005638062567610902e+00
7.999930199415180354e+00
7.991776807662563265e+00
7.983031381865733245e+00
7.982969644319086733e+00
7.986234375262622365e+00
7.977090206528030691e+00
7.973897454561575948e+00
7.965259307061598903e+00
7.957873262142485693e+00
7.948664209464991082e+00
7.944210281121322659e+00
7.938704545602965013e+00
7.929457245496389639e+00
7.921083621354340742e+00
7.912640945183021302e+00
7.916445972330593328e+00
7.907294309687891598e+00
7.899705299009630366e+00
7.893295290783273188e+00
7.885955291201132589e+00
7.880066333742260731e+00
7.876026510691117366e+00
7.866867782824638056e+00
7.857094675537645401e+00
7.862095981348609541e+00
7.853821024845856869e+00
7.844270367495504992e+00
7.839725400195552751e+00
7.832167792669768147e+00
7.825365187189277094e+00
7.816339234606116904e+00
7.809213266559031474e+00
7.801664378279798306e+00
7.795171507197387051e+00
7.787894130458697717e+00
7.779125490600900861e+00
7.771629644832926509e+00
7.762998985935549712e+00
7.754956338759195766e+00
7.746623206318504984e+00
7.738470721024278909e+00
7.731170774272527524e+00
7.727092091838224874e+00
7.717965184450951810e+00
7.709501477376451639e+00
7.701610092406254715e+00
7.693345699971252394e+00
7.693131025129021694e+00
7.685754114391570191e+00
7.680205973261293728e+00
7.676056801713825983e+00
7.667957249078956927e+00
7.659615387391273345e+00
7.650921410609113238e+00
7.641947242576498489e+00
7.638883867823572871e+00
7.632703683787227966e+00
7.625552014072200180e+00
7.624030307683165475e+00
7.615812735775032039e+00
7.607765577501910848e+00
7.600170896446717173e+00
7.593547852578856450e+00
7.588277662833490034e+00
7.580631501137738759e+00
7.575023302192962937e+00
7.568219461984298846e+00
7.560099132364271668e+00
7.552379369109729623e+00
7.547538598274921462e+00
7.541063291201385077e+00
7.533585924525479705e+00
7.525738434750906869e+00
7.522003924756075044e+00
7.517589902362312060e+00
7.509928377154746038e+00
7.502455711069938360e+00
7.495288502226619798e+00
7.488012438683548488e+00
7.491418665064804472e+00
7.484149966231323781e+00
7.477545133992687276e+00
7.469584076498468228e+00
7.465211329343375724e+00
7.458040880181488141e+00
7.452042609785301863e+00
7.444225811554602501e+00
7.438750644732891715e+00
7.431445499178681580e+00
7.424196768524623735e+00
7.418117319054482017e+00
7.414576678013722777e+00
7.408206627046753034e+00
7.402405610175124551e+00
7.401181187879653400e+00
7.397371591815890213e+00
7.391738525322380404e+00
7.383833882815942218e+00
7.378037534546256104e+00
7.371569374389207674e+00
7.367648858701897119e+00
7.363220129407157977e+00
7.361217076479722898e+00
7.353926330529952260e+00
7.345989449615320410e+00
7.339536757076436935e+00
7.331826763780633804e+00
7.324594126070091527e+00
7.316611513812721235e+00
7.308597967702543663e+00
7.307152350699569254e+00
7.299186246507293419e+00
7.292714154004474203e+00
7.286896389173093347e+00
7.279592136881300135e+00
7.275419800051064811e+00
7.273123518549860833e+00
7.265371010423971043e+00
7.258267338736333230e+00
7.252345239222287354e+00
7.248574424661510029e+00
7.241121224905122666e+00
