4.456542036341853930e+01
4.439594138804609713e+01
4.403558526665716499e+01
4.318268076514436871e+01
4.230227020709143204e+01
4.153288413606286866e+01
4.093133357788524762e+01
4.038920351424089716e+01
3.993587620586511377e+01
3.940304699704174141e+01
3.888340146161942812e+01
3.835795250707900550e+01
3.789695463365408301e+01
3.751451664866012692e+01
3.712965840409268736e+01
3.675919009592041675e+01
3.639530578554545315e+01
3.599775398709199692e+01
3.562949502272222446e+01
3.526090460054589215e+01
3.494010766311285465e+01
3.460542027872631365e+01
3.426712768596474490e+01
3.394839158036036508e+01
3.363867957052101332e+01
3.334024551072917575e+01
3.302157887407678061e+01
3.271623168444875063e+01
3.242754883714967917e+01
3.215401067684400971e+01
3.189052461263750615e+01
3.164138776760766092e+01
3.136788177756185192e+01
3.110607084733596039e+01
3.087619455018363368e+01
3.063331454791539699e+01
3.037063555290697181e+01
3.012851500982118580e+01
2.989946442804464510e+01
2.967785661892687088e+01
2.945304516576737797e+01
2.918533162767681688e+01
2.896820183990879727e+01
2.875648157404821248e+01
2.857417581463559486e+01
2.836619110407516331e+01
2.814508545266381390e+01
2.792015805067930145e+01
2.768944318384810188e+01
2.751100948302973137e+01
2.733719965222005754e+01
2.712344339288308959e+01
2.694189006301556688e+01
2.673438095813969184e+01
2.658304387669670277e+01
2.638552801051551100e+01
2.621319594206707393e+01
2.602319703787718197e+01
2.585064630231303440e+01
2.567332633122691732e+01
2.550778257718816278e+01
2.533859947475232843e+01
2.516078137127683334e+01
2.499192177134470327e+01
2.482715004387578617e+01
2.466137175385501479e+01
2.450424525224567063e+01
2.439725722234731009e+01
2.425135075960748310e+01
2.410257608886541902e+01
2.398072759121718178e+01
2.382691713595777117e+01
2.368226041432115636e+01
2.354164828791605402e+01
2.339705481679434840e+01
2.324256493424001135e+01
2.308554736876184421e+01
2.294733275109232906e+01
2.281152854733093704e+01
2.265938324633368595e+01
2.252574335868683164e+01
2.240979116566531815e+01
2.226930556858857813e+01
2.215618383494908628e+01
2.201816452123475187e+01
2.189363262038243363e+01
2.175803348381106517e+01
2.161917114396273831e+01
2.153669815747898397e+01
2.141190205487753673e+01
2.130415607677953815e+01
2.117937277639975591e+01
2.104768152704912154e+01
2.093470208682211009e+01
2.082373493363833106e+01
2.072251812641638224e+01
2.062155631168831249e+01
2.050748172437346284e+01
2.039361389189816265e+01
2.026972710040900338e+01
2.015126010660340583e+01
2.005546735699932981e+01
1.996847392369269869e+01
1.987070328540354680e+01
1.976122974100686136e+01
1.964899480221922090e+01
1.956361376414773545e+01
1.945205773334141242e+01
1.936179029758017833e+01
1.925973846807488243e+01
1.917335115557718694e+01
1.908191071199074784e+01
1.898118311200470032e+01
1.888721163441594086e+01
1.879355597868127958e+01
1.868653860111222897e+01
1.860658859398127518e+01
1.852043938756918351e+01
1.843536479908748049e+01
1.834989767496075075e+01
1.824954067925157375e+01
1.815936860142046427e+01
1.806744311087670951e+01
1.797645726167829849e+01
1.789160635828562107e+01
1.780682586389109545e+01
1.772295866150086496e+01
1.767565799830259721e+01
1.759473783493520926e+01
1.751681110055098500e+01
1.743244002708126317e+01
1.735104946433357398e+01
1.727554179131869461e+01
1.718438572341012360e+01
1.712631049481261059e+01
1.704968043212405249e+01
1.697069611582971760e+01
1.689529603328631779e+01
1.682187442155369084e+01
1.675690586551182193e+01
1.668222405568205602e+01
1.661565603940763225e+01
1.654195982558880118e+01
1.647662289494155630e+01
1.640183889897020109e+01
1.633367887934622686e+01
1.627380601809965199e+01
1.620299621256162936e+01
1.612891350624476061e+01
1.607468319918061184e+01
1.601530612406388698e+01
1.595580694501456165e+01
1.593470705966994494e+01
1.586450175341025215e+01
1.583636762143775556e+01
1.576784558308850492e+01
1.571629774992388207e+01
1.566078486974800832e+01
1.562995097148678703e+01
1.557095743036156144e+01
1.551112930017000480e+01
1.544605842471601598e+01
1.539667304630595090e+01
1.533902864568216096e+01
1.529048310134207433e+01
1.524186326091112242e+01
1.518586797153324852e+01
1.512738376059397361e+01
1.508203797283646708e+01
1.504141060487439141e+01
1.499313730170178083e+01
1.493791870649674181e+01
1.490146585460480644e+01
1.485370944276190741e+01
1.479952094736096768e+01
1.474558533528554705e+01
1.468883162986413460e+01
1.463323840428471989e+01
1.457598280268676127e+01
1.452340804401599783e+01
1.448879026932494973e+01
1.443272091534298873e+01
1.437609568875499910e+01
1.432268302672119731e+01
1.427054944545909088e+01
1.422453155303999139e+01
1.417681543164706426e+01
1.413950733604903753e+01
1.409541909289714035e+01
1.404625775824287004e+01
1.402358622100237007e+01
1.399548127424450605e+01
1.394805209574794524e+01
1.390302622045823178e+01
1.387867013438214592e+01
1.382796741936382645e+01
1.380601155232929678e+01
1.377291665132407061e+01
1.373168891833392102e+01
1.368973112187989294e+01
1.365058879460033836e+01
1.361334089969189876e+01
1.356525345118606474e+01
1.352610251492216875e+01
1.348968618727106161e+01
1.345195659078438588e+01
1.342032376860908371e+01
1.338106783584502502e+01
1.334828652233470692e+01
1.331863750685142556e+01
1.328023642120825976e+01
1.326772317448776128e+01
1.323636594061628990e+01
1.319296742468206673e+01
1.315177529786662625e+01
1.311455410454530757e+01
1.307412998515188640e+01
1.304004992210225922e+01
1.300152160840317705e+01
1.298007687220413153e+01
1.295733303350563581e+01
1.291980189580178084e+01
1.288012607835946888e+01
1.284113283488861867e+01
1.280808671327894821e+01
1.277358985406683090e+01
1.273809911402893391e+01
1.270149153225525218e+01
1.266883736635815971e+01
1.262885003808847451e+01
1.259248647296725920e+01
1.256692738355499372e+01
1.254262269955167497e+01
1.251433816532150267e+01
1.248796965868658226e+01
1.245528091998230913e+01
1.242137584759893443e+01
1.238454577703555692e+01
1.238938096260666377e+01
1.239532006080091620e+01
1.236962120758851214e+01
1.233479202884183934e+01
1.229921222879640474e+01
1.227638855677193952e+01
1.224971304601784006e+01
1.221837890595651466e+01
1.219512831335447345e+01
1.217033637441637062e+01
1.214170141832863870e+01
1.211974862839152500e+01
1.209315677505568409e+01
1.206595784079235756e+01
1.203355570041411049e+01
1.200052558758030585e+01
1.197216696632182575e+01
1.194506768549675968e+01
1.192103469734141363e+01
1.191314167575016825e+01
1.188899249911021982e+01
1.186382893691968121e+01
1.183140840087198065e+01
1.180534495791976646e+01
1.178018707296676659e+01
1.175324378829453842e+01
1.174661099896815841e+01
1.171569577306747867e+01
1.168864359132849806e+01
1.166036387412467334e+01
1.163561180322288102e+01
1.161009614515118038e+01
1.158152825026374266e+01
1.155417486622112833e+01
1.153416233883921116e+01
1.150546844167492999e+01
1.149295677739312360e+01
1.146553880875229048e+01
1.144566588592603473e+01
1.141953092141142356e+01
1.139603304248732485e+01
1.136582319198177160e+01
1.133908625385092428e+01
1.131940553092165835e+01
1.129774285783595111e+01
1.127001061702891604e+01
1.124136669993079707e+01
1.121587114518142414e+01
1.119888964341518012e+01
1.118601331168442314e+01
1.115760225867715327e+01
1.113302445461287959e+01
1.111089586831966969e+01
1.108579800538660542e+01
1.106003880684787966e+01
1.106350277654990322e+01
1.104017527552245426e+01
1.101428879480831746e+01
1.100601283290109578e+01
1.098472827798175366e+01
1.096588178848566919e+01
1.094379815055587812e+01
1.092783326333655047e+01
1.091073508063607100e+01
1.088504846966794304e+01
1.086079034009162747e+01
1.083694084987014428e+01
1.081154638954221348e+01
1.079248279392931309e+01
1.077566052348751136e+01
1.075099016216583436e+01
1.072793772532152623e+01
1.070475324232859649e+01
1.068248145788853343e+01
1.066278009460096321e+01
1.063761213276265849e+01
1.061883519600750958e+01
1.060139291752457247e+01
1.057907395712533472e+01
1.055946214752450096e+01
1.053520321870036369e+01
1.051483501527613917e+01
1.049868433781529475e+01
1.047502576627026727e+01
1.045251937318898605e+01
1.043175260247971714e+01
1.041634896019138523e+01
1.039314055938355885e+01
1.037175190535907987e+01
1.036081836050824911e+01
1.033688502346812399e+01
1.032370974138221520e+01
1.032940129517107053e+01
1.031531302820380169e+01
1.029812039030640491e+01
1.028429281200417300e+01
1.026613232793723895e+01
1.024812921763232509e+01
1.023818677249651365e+01
1.021802358359405360e+01
1.019771608179162392e+01
1.018448204518665179e+01
1.016692597255602948e+01
1.014978799696493539e+01
1.013400622867354706e+01
1.011775663219565224e+01
1.010828569750770534e+01
1.008826202365627189e+01
1.007325044477950904e+01
1.005308546242546974e+01
1.003217318509220135e+01
1.001553125623954799e+01
9.999274937221763082e+00
9.997750658106117072e+00
9.985720486544400032e+00
9.972631484546370828e+00
9.955804699601234375e+00
9.941063037460502017e+00
9.920869716239293368e+00
9.903569831532166745e+00
9.887981251681134509e+00
9.872226608028896067e+00
9.865936557360029724e+00
9.848258309834600155e+00
9.830597796407438693e+00
9.812538851841374310e+00
9.797879838690432663e+00
9.787351863662424378e+00
9.773371370083587806e+00
9.754510335719755787e+00
9.735815677401864932e+00
9.736067936646698229e+00
9.720846631761268952e+00
9.705118584394968551e+00
9.692104329147356978e+00
9.671886783616457706e+00
9.653088241997906493e+00
9.636165756651182690e+00
9.624547062014890741e+00
9.609543673978034661e+00
9.599117168230081987e+00
9.581549318837817353e+00
9.564766981471484186e+00
9.547044290760135610e+00
9.540332879566047808e+00
9.524558863659919439e+00
9.508794744343711969e+00
9.510940025474338810e+00
9.495368403702620697e+00
9.482648797472220892e+00
9.469585441287966532e+00
9.472569991990939187e+00
9.463378541296989965e+00
9.447272538014400922e+00
9.444753059150921004e+00
9.430812542811228383e+00
9.415556806832366732e+00
9.407526443803666538e+00
9.409923218453036142e+00
9.393736991641004508e+00
9.380532638677548718e+00
9.365190200933232845e+00
9.355789988524618295e+00
9.343381105105157403e+00
9.330491403175306786e+00
9.318262138136647721e+00
9.305120298634014020e+00
9.296646345110026743e+00
9.282825907757036532e+00
9.272181393096763813e+00
9.266387185889339406e+00
9.252111399912044121e+00
9.253781526139718494e+00
9.245591865684783528e+00
9.239733803950949564e+00
9.228119500844726986e+00
9.213834540940101903e+00
9.202696786038332633e+00
9.195041347734003168e+00
9.182745624539387919e+00
9.170096441637403117e+00
9.156095699167655866e+00
9.150406029240702566e+00
9.136372260031075498e+00
9.124479994330448207e+00
9.112697048654847976e+00
9.102773976951688439e+00
9.088321699555212518e+00
9.078757026037848732e+00
9.064958441612208873e+00
9.050628795064083576e+00
9.037313212185479117e+00
9.033118181971000027e+00
9.019909431962611635e+00
9.005379311738510140e+00
8.991295285812009652e+00
8.980810397074353801e+00
8.968422119872931475e+00
8.954209131640538999e+00
8.938899991333300932e+00
8.927284253933184033e+00
8.913607522301175479e+00
8.899392670795359450e+00
8.887750330728071191e+00
8.873406165208397312e+00
8.867614723891767525e+00
8.853708237746777954e+00
8.839231411217744139e+00
8.833316981011433811e+00
8.821005052042387717e+00
8.811819968804138981e+00
8.798359544164844337e+00
8.786325927968031024e+00
8.775331897548774407e+00
8.763329823016265507e+00
8.749128817244315570e+00
8.735313360726069121e+00
8.740184595858639938e+00
8.727615097996036297e+00
8.716179804385706831e+00
8.705302243512086591e+00
8.694725426639129395e+00
8.685092270075674747e+00
8.674331304356812211e+00
8.661695854586888288e+00
8.655085015758766431e+00
8.646702282493745173e+00
8.636086830327005970e+00
8.624917157167288906e+00
8.614940861516744874e+00
8.618000754473326808e+00
8.605662422941252387e+00
8.596791249168679983e+00
8.588000071550876413e+00
8.577247224437652307e+00
8.578204619675512177e+00
8.566449289629105124e+00
8.560491602313307524e+00
8.548613863216926845e+00
8.538731765748504898e+00
8.527266113590840746e+00
8.516474412968550567e+00
8.505404175264168032e+00
8.493566929849905023e+00
8.491111726912185631e+00
8.483933389810047743e+00
8.474530198003744630e+00
8.464126143808503144e+00
8.452709686966779046e+00
8.444959840627612735e+00
8.432803915355105318e+00
8.424945333415040594e+00
8.414352457408185160e+00
8.402662044744154457e+00
8.392248374998072080e+00
8.381649803140955868e+00
8.371539813326618784e+00
8.362240208602509384e+00
8.366536767988954182e+00
8.356089700570914047e+00
8.348063942465204335e+00
8.337169695635051170e+00
8.325359249437083164e+00
8.330057384992731073e+00
8.323280960411711504e+00
8.335866670010949164e+00
8.326291219148926004e+00
8.316630683002308899e+00
8.320646676847029966e+00
8.318940344110371754e+00
8.314394542739654170e+00
8.305434213555964007e+00
8.302890707747522470e+00
8.294706861462438852e+00
8.285850065730361536e+00
8.276126846124608250e+00
8.266996967579963496e+00
8.259875267747457173e+00
8.249584682976930594e+00
8.239921883112520717e+00
8.230423669339751669e+00
8.226494116396375844e+00
8.215833609207043864e+00
8.206990140598323435e+00
8.197778240792541027e+00
8.187430079353205770e+00
8.184814970543390800e+00
8.177014024985064466e+00
8.166487486558738240e+00
8.155383856683188881e+00
8.148990483846537458e+00
8.139601040506770246e+00
8.134147485527590149e+00
8.124136893941749094e+00
8.113419218361160645e+00
8.107129114757933408e+00
8.096476352645698427e+00
8.085638785992959043e+00
8.074752530330000511e+00
8.064058808797025080e+00
8.054035033133301269e+00
8.048133002919682255e+00
8.038511027192189573e+00
8.039990157169722096e+00
8.034020095046994214e+00
8.025352313902844870e+00
8.016910381836897415e+00
8.006623599423139837e+00
7.999463872467938330e+00
7.989318730382998446e+00
7.980662988864145824e+00
7.971318833517989866e+00
7.963224864890541710e+00
7.953360228907914831e+00
7.943642936411530187e+00
7.934477481622271178e+00
7.928067600735501763e+00
7.918403981383372425e+00
7.909553854704101106e+00
7.906538888280999267e+00
7.897214499438931057e+00
7.888585101411748290e+00
7.878012719311335843e+00
7.870323581853582162e+00
7.864195696701787419e+00
7.856356746115456424e+00
7.846383211125888657e+00
7.838791865421474547e+00
7.836794125437590353e+00
7.828192972711167208e+00
7.820624829770420838e+00
7.810355598262685994e+00
7.803435865165758933e+00
7.795166671383899626e+00
7.786328918091897755e+00
7.777557093210949901e+00
7.771438475271339463e+00
7.763845411892669190e+00
7.754354477509057375e+00
7.747346821726824651e+00
7.739538042429447984e+00
7.738907278322501249e+00
7.730042862180556362e+00
7.724686854236823663e+00
7.714618109557126679e+00
7.705915681155423691e+00
7.697450813138790870e+00
7.703167362377832283e+00
7.695617718900357396e+00
7.691943200873746278e+00
7.682895779884070464e+00
7.674807226948160199e+00
7.669317020220440817e+00
7.664123321945373490e+00
7.655487690456245886e+00
7.647670233853911093e+00
7.639548491033787414e+00
7.643333710956938809e+00
7.635909369783862033e+00
7.627338127359787556e+00
7.620267850267168797e+00
7.612562988857318302e+00
7.607845183095039765e+00
7.598941686561577313e+00
7.592506500012794035e+00
7.585492188922501988e+00
7.577440253171237927e+00
7.572290851793101574e+00
7.563701073410653564e+00
7.557830177863787746e+00
7.552500931418350660e+00
7.546535019323948212e+00
7.537437951597178554e+00
7.528886426603136783e+00
7.522942389435129940e+00
7.515760020655887885e+00
7.507398369138616800e+00
7.500154988225165908e+00
7.491728217742813278e+00
7.494264279761959635e+00
7.485093469528206533e+00
7.478530657928331493e+00
7.470648426489318261e+00
7.462597626374300575e+00
7.457109226198883611e+00
7.454327593037926469e+00
7.447271685402570007e+00
7.438506917697889520e+00
7.432377801992846145e+00
7.424601109487874773e+00
7.416478575769874126e+00
7.408279923391509314e+00
7.400836971944718456e+00
7.392662700009538845e+00
7.384437802969610054e+00
7.390256917263911873e+00
7.384024541717097101e+00
7.377526675775659903e+00
7.370651038600827931e+00
7.364805986467240828e+00
7.357257462383626212e+00
7.350346334910545565e+00
7.344034338286532737e+00
7.336702727573104710e+00
7.333568841124096238e+00
7.325883229974742505e+00
7.344437751897332944e+00
7.340877600775085554e+00
7.342321235226560106e+00
7.334319999319212968e+00
7.325915822767761654e+00
7.318564254880774556e+00
7.328661989185572878e+00
7.321245275882196424e+00
7.315654179000578239e+00
7.309340520460894552e+00
7.307526906940949196e+00
7.300887514307444093e+00
7.294191058121879401e+00
7.288518355669793003e+00
7.289392683598708622e+00
7.282891014751485592e+00
7.280532152814675584e+00
7.279960980239193802e+00
7.276729965583083271e+00
7.278014732715541335e+00
7.274699155012013030e+00
7.267987320681766228e+00
7.262011792437344404e+00
7.254807307244347747e+00
7.247997001897269698e+00
7.242274900856544129e+00
7.235325783182737780e+00
7.229554858387767347e+00
7.221996496162614854e+00
7.216039656864503549e+00
7.210784219998922495e+00
7.205420846973987992e+00
7.203508279833270578e+00
7.198503229738229869e+00
7.192612614914584590e+00
7.187495013594354276e+00
7.181558516629293898e+00
7.177016415142920103e+00
7.172944158127820380e+00
7.168414400556751609e+00
7.161255958314743708e+00
7.156742082542830730e+00
7.149677095273994532e+00
7.143690336969958921e+00
7.139768885162584233e+00
7.139633116619089392e+00
7.134644349214941172e+00
7.128274015485661863e+00
7.121851271147759732e+00
7.114814094981536385e+00
7.107554828972191707e+00
7.101794946862882263e+00
7.094874523604157268e+00
7.087632019989054122e+00
7.080408481141728494e+00
7.073323715547178203e+00
