5.000000000000000000e-01
6.357369131330350420e-01
8.784903844341913626e-01
9.691348092614416876e-01
9.619642802784871272e-01
9.788211709145621109e-01
9.847866050319552533e-01
9.926712095449730100e-01
9.836947197374582563e-01
9.925623776039287360e-01
9.867305626704118149e-01
9.945880026845601574e-01
9.888391018030903146e-01
9.954360742805535844e-01
9.932438963226462025e-01
9.951764025448234241e-01
9.969255121609691406e-01
9.937499039675531387e-01
9.953866447495255398e-01
9.956866428651155454e-01
9.953471880974846808e-01
9.971777622193137569e-01
9.969749416919975182e-01
9.824764339999797480e-01
9.956696831726509211e-01
9.969134519352167434e-01
9.914440815746711211e-01
9.948554729797314256e-01
9.972185814449366914e-01
9.960050502195338940e-01
9.949248192778070710e-01
9.932352280353863305e-01
9.966685655724036863e-01
9.967474788764854043e-01
9.961939840926782308e-01
9.957250848347006800e-01
9.942961510195384989e-01
9.945768701684808422e-01
9.981306650083854315e-01
9.977853540734425986e-01
