5.000000000000000000e-01
6.468782714449513582e-01
9.659313987687553338e-01
9.817924510524431714e-01
9.758331340207084814e-01
9.890483003344103796e-01
9.949719875165071725e-01
9.973045105534225074e-01
9.973044525715681896e-01
9.839312567132119103e-01
9.959703480795689678e-01
9.975675162457905421e-01
9.973862359774510189e-01
9.965673872361644481e-01
9.969598084279522876e-01
9.938064362757671466e-01
9.972616619628885681e-01
9.963382429468697898e-01
9.936987929627425498e-01
9.951959134388896899e-01
9.985146498403327797e-01
9.972218284287932555e-01
9.975644432074981527e-01
9.982966090761900002e-01
9.991168783729126313e-01
9.978065464412912977e-01
9.981513645304700422e-01
9.990073796405415374e-01
9.973855691861229777e-01
9.987377060348963109e-01
9.985538745649553682e-01
9.976792762704913553e-01
9.979353531312376013e-01
9.983779866090903843e-01
9.985680511283991923e-01
9.973628982809830124e-01
9.990020163189929914e-01
9.981698027602260437e-01
9.988939091511315205e-01
9.988559600273095862e-01
