5.000000000000000000e-01
6.441848983360657366e-01
9.065008965444264488e-01
9.498280693057109536e-01
9.743214600990619534e-01
9.796168269140170803e-01
9.733223457718908067e-01
9.859163234865648828e-01
9.912478419878497649e-01
9.946329966037129600e-01
9.797840755735488516e-01
9.906928396758236666e-01
9.939812515673217552e-01
9.946938195691658047e-01
9.935168748940018668e-01
9.944098534363671194e-01
9.956567242281525454e-01
9.907538655777673453e-01
9.962710999592678807e-01
9.969616638472991177e-01
9.950615984727579910e-01
9.933471620056503193e-01
9.968327701845708377e-01
9.942463735973827710e-01
9.942722914863789674e-01
9.970817152772039060e-01
9.967652213239865944e-01
9.958132752355152162e-01
9.954261303924938353e-01
9.977248789991171041e-01
9.949148174078924489e-01
9.921143228226728672e-01
9.949534333230416472e-01
9.966761611953539601e-01
9.970068317120160950e-01
9.973868447869236320e-01
9.982689807224826017e-01
9.975865922759472593e-01
9.972217704469386046e-01
9.975855486025650976e-01
