1.022250964138146756e+01
9.739099966634935157e+00
9.369709488610675763e+00
9.176173966136646598e+00
8.997536459284152244e+00
8.857366087211953953e+00
8.606205336594292987e+00
8.483405586668492759e+00
8.263552952580933919e+00
8.106336479882552126e+00
7.961319856945684670e+00
7.829714590993063439e+00
7.686278397920217387e+00
7.527280702059313100e+00
7.390329847896882853e+00
7.257593899075319044e+00
7.125408287630037307e+00
7.005769059999944481e+00
6.894901184413710915e+00
6.782045050571104738e+00
6.674092062500015743e+00
6.557636759139911398e+00
6.455241671970235018e+00
6.363682114107508170e+00
6.263911095589504541e+00
6.175645216242743984e+00
6.086885897621122865e+00
6.007304406625689985e+00
5.924013491704354095e+00
5.832202234158339493e+00
5.757684037151048706e+00
5.680987610286781120e+00
5.601301751195025602e+00
5.535305743501631959e+00
5.463056879584584635e+00
5.393239010546776235e+00
5.335533940229407968e+00
5.270524387752628215e+00
5.209692271682944131e+00
5.144027905003683010e+00
5.084230504927601757e+00
5.030125841372226070e+00
4.972085250159137715e+00
4.922537931280580814e+00
4.864698942365050627e+00
4.816780823966317016e+00
4.775759018380450804e+00
4.726168502282965811e+00
4.674899869480085179e+00
4.622548037068439086e+00
4.571802643492183016e+00
4.526693555181412698e+00
4.478971490279629819e+00
4.430200630490752189e+00
4.394623504136542458e+00
4.355533896303342090e+00
4.313598668965008542e+00
4.270462483373982820e+00
4.227229930081776388e+00
4.182551601119073759e+00
4.140707169487831685e+00
4.100087613473350601e+00
4.061118366568964078e+00
4.022851524590591588e+00
3.990585880746571057e+00
3.951906696002928321e+00
3.918573277398480936e+00
3.885304083200121994e+00
3.851827809395262925e+00
3.817779033618720064e+00
3.784882307914515298e+00
3.750200329772029217e+00
3.719857181968134974e+00
3.690601946522641619e+00
3.655858554800636373e+00
3.623805001745220800e+00
3.594982009133990353e+00
3.565330949247360603e+00
3.532948721003259518e+00
3.508723995955592034e+00
3.483803279749610127e+00
3.461352080047046531e+00
3.433872733607268746e+00
3.407501234182786831e+00
3.382138823836666752e+00
3.356504571685236193e+00
3.331841847527571066e+00
3.304791101298206968e+00
3.279308311968325285e+00
3.254803991502210003e+00
3.230984939314972770e+00
3.206383086239858571e+00
3.185239428182711219e+00
3.160793072510031276e+00
3.137042287266055940e+00
3.116632839516262354e+00
3.099767909677733968e+00
3.081108507599196855e+00
3.061989173662551522e+00
3.039021805809008381e+00
3.015512172731718454e+00
2.997069835886646327e+00
2.975039990040326376e+00
2.956314512916753401e+00
2.934451207845219400e+00
2.919182130286910315e+00
2.898836644444566346e+00
2.879495082192061073e+00
2.860759884716748580e+00
2.844353182187921991e+00
2.824151537292607816e+00
2.813604977934875961e+00
2.798366930963784860e+00
2.777987620996312579e+00
2.760405933629420439e+00
2.742910052501984275e+00
2.727034191778364924e+00
2.714114746299644665e+00
2.696994059546911515e+00
2.679193735564123990e+00
2.661343905772282969e+00
2.644084260287173915e+00
2.628165712477237737e+00
2.614548742992563568e+00
2.600596277586379568e+00
2.585509464920049183e+00
2.572572321820556507e+00
2.557590649474859923e+00
2.541889518270976200e+00
2.526683428729542324e+00
2.513290910432795400e+00
2.498526917271047143e+00
2.485189345120015769e+00
2.470426915767043319e+00
2.457165643556654011e+00
2.443941024439377774e+00
2.432272585802154996e+00
2.419269562326295642e+00
2.406519637728524064e+00
2.394516256503691487e+00
2.385979807895967753e+00
2.372685080624486353e+00
2.359467443344121396e+00
2.348188349322306134e+00
2.335220973756527041e+00
2.322906048083947628e+00
2.311574954898893974e+00
2.301887098064800075e+00
2.289864872234903093e+00
2.280314179117079121e+00
2.271874399127534527e+00
2.260225722748383959e+00
2.250833689409813321e+00
2.238236593584096212e+00
2.230782112998491495e+00
2.219746405977454984e+00
2.208477336945546821e+00
2.197421047073496059e+00
2.187832891038718142e+00
2.176643644265213950e+00
2.166705365905688296e+00
2.156724220536788472e+00
2.145178895078788450e+00
2.134673352971448779e+00
2.127903284108018767e+00
2.119414020588984204e+00
2.109772226000008910e+00
2.100661551762782686e+00
2.090821663182998780e+00
2.080485770173967186e+00
2.071967137339591147e+00
2.062150968579461008e+00
2.054527786346346918e+00
2.045051441588398689e+00
2.038151972274269585e+00
2.028119333677054215e+00
2.019049185919955747e+00
2.011719444809630275e+00
2.003371327650091516e+00
1.993567775347501403e+00
1.987754118890864952e+00
1.979447084217523356e+00
1.970221886117456522e+00
1.962503016210581652e+00
1.956081673570984059e+00
1.948304986977483777e+00
1.941414748904080279e+00
1.937539148515016185e+00
1.930478898822222122e+00
1.925363316825568605e+00
1.921322022972539401e+00
1.913485961963717896e+00
1.905770769982822799e+00
1.897497811509011312e+00
1.890332008192389335e+00
1.884010272363306093e+00
1.875778840613957943e+00
1.867575677855040750e+00
1.860126096536202756e+00
1.853506092540041728e+00
1.847206222869128167e+00
1.841737746062474423e+00
1.833893071285336296e+00
1.826778336928692514e+00
1.822116871244400249e+00
1.816331877265414896e+00
1.809818949797735277e+00
1.802550483340417786e+00
1.795427598974705496e+00
1.790290798213891810e+00
1.785454451091356143e+00
1.779740691588103996e+00
1.773335200003065992e+00
1.768554870415353308e+00
1.764874413839592870e+00
1.760191562514934693e+00
1.755757154200727088e+00
1.749024092535158781e+00
1.743291810158389410e+00
1.738836226027469012e+00
1.732628376309986340e+00
1.727860605517665515e+00
1.721639597168841851e+00
1.715572729929100593e+00
1.709831027881442589e+00
1.704228384430937160e+00
1.698169966599771818e+00
1.692098355968525647e+00
1.686974693780476153e+00
1.681805160633137453e+00
1.676218080803594468e+00
1.671380262306827014e+00
1.666812613830416234e+00
1.662266587011760777e+00
1.658553308360565692e+00
1.653574408726535827e+00
1.647874891469270020e+00
1.642072793862419555e+00
1.636299573387284489e+00
1.633212704669472659e+00
1.628430972621115691e+00
1.622969787437060996e+00
1.617340733223200377e+00
1.611737394742670526e+00
1.606485632392395502e+00
1.601573082043614038e+00
1.595758600725462717e+00
1.591169977841528915e+00
1.586650074053130410e+00
1.583581618393928414e+00
1.578949877587698447e+00
1.573325453100294924e+00
1.567615818556863161e+00
1.564259223023651613e+00
1.561990172705388646e+00
1.558034064099409477e+00
1.554922111292591058e+00
1.553715147539935115e+00
1.551774779722080444e+00
1.547061070814458761e+00
1.543030270841393436e+00
1.538787665306624142e+00
1.537069569006674241e+00
1.532733963879597594e+00
1.528095515236917779e+00
1.526764252082750462e+00
1.523428865420169753e+00
1.519164357393979037e+00
1.515549950407138358e+00
1.511719182993570332e+00
1.506749973823169109e+00
1.502271801539281526e+00
1.498871957142925204e+00
1.496304281925499025e+00
1.492226071234591611e+00
1.489389571978643190e+00
1.484905097351880920e+00
1.480571322106688292e+00
1.476850138373215993e+00
1.473211259924323224e+00
1.469671401473577665e+00
1.467591980441557364e+00
1.463382341453150604e+00
1.459315970581108290e+00
1.455447527639326610e+00
1.451209252330492250e+00
1.449297335145705024e+00
1.445149170065548994e+00
1.442484468622376115e+00
1.439194778971793820e+00
1.435723289994486285e+00
1.431993687434715667e+00
1.427778865658645424e+00
1.425049237225061161e+00
1.420954934006034787e+00
1.416591205887222982e+00
1.412661562143740612e+00
1.408794615550708507e+00
1.405304162068403917e+00
1.401721929271474432e+00
1.397987627005747413e+00
1.395964128685414529e+00
1.392015476185795908e+00
1.390094119647311111e+00
1.386136370189309019e+00
1.384029353623532632e+00
1.380826381461024432e+00
1.377332973123208903e+00
1.373640795190534725e+00
1.371051329738062430e+00
1.367041007352197246e+00
1.364697974538636505e+00
1.361297763224308843e+00
1.358204784914271768e+00
1.355003211333615232e+00
1.353835872551620412e+00
1.354027609656137665e+00
1.350436136893279571e+00
1.349093427913101051e+00
1.346561656461907175e+00
1.344607817125482718e+00
1.341264598500349292e+00
1.338886890745634606e+00
1.335376499708599951e+00
1.333652944353223457e+00
1.330529478843870184e+00
1.326918368863967190e+00
1.324965478141565178e+00
1.321667912485576579e+00
1.318186629571479695e+00
1.315242718324895588e+00
1.312123102958646648e+00
1.308890814753776111e+00
1.305705271918177646e+00
1.302456154584513248e+00
1.299139242912245473e+00
1.295712383263397660e+00
1.292233114042903752e+00
1.289610618355874205e+00
1.286478481878711611e+00
1.283581990237622206e+00
1.280890589507905464e+00
1.279551902977744016e+00
1.276461247235827878e+00
1.276089405524751808e+00
1.273262160060766535e+00
1.270357242435516731e+00
1.267237548352632359e+00
1.265387617421142696e+00
1.263597477701842164e+00
1.260842693120695746e+00
1.257655430450017375e+00
1.254786582126861783e+00
1.253078629543847633e+00
1.249976129721454887e+00
1.247785516712217602e+00
1.245056037872888766e+00
1.244220549071180182e+00
1.241895684033867520e+00
1.239246305038020468e+00
1.236576939086399873e+00
1.236353108857905836e+00
1.233634206655319421e+00
1.233808335137434264e+00
1.231179313870421677e+00
1.228115867721423671e+00
1.227654327488140407e+00
1.227593138287677466e+00
1.224916725494366476e+00
1.223817991334318567e+00
1.221417010256134805e+00
1.220235915113560221e+00
1.217257563995665981e+00
1.214658453575685249e+00
1.212019445117708427e+00
1.209475873184154171e+00
1.206630064347254727e+00
1.204130568353405373e+00
1.201521182261635401e+00
1.198827818597439032e+00
1.196324909656182545e+00
1.195523465803170149e+00
1.194777052359349501e+00
1.192872545749856128e+00
1.190315790561321307e+00
1.188432169276369299e+00
1.185752676118314142e+00
1.183192661011114089e+00
1.180595221998135269e+00
1.179679427300663663e+00
1.177269647765396332e+00
1.175566884625842246e+00
1.173281203356836278e+00
1.171699321278000028e+00
1.169305378853258581e+00
1.166863836110793473e+00
1.164420395110286499e+00
1.161854870895871139e+00
1.159761949926851221e+00
1.158014790783606474e+00
1.156612256299422992e+00
1.154568614884621924e+00
1.152778088671170709e+00
1.151280913841798759e+00
1.148715791548197140e+00
1.146565956443271528e+00
1.144470521574463273e+00
1.142419594867543964e+00
1.139931233192718052e+00
1.138467538566459547e+00
1.136131719406122453e+00
1.135259677604018469e+00
1.132837513153189368e+00
1.130793379981630098e+00
1.128487316704139154e+00
1.126274818822659674e+00
1.125693646384642754e+00
1.123943664695568279e+00
1.121585015341800551e+00
1.119740933471746080e+00
1.117345425730259523e+00
1.115415078893904788e+00
1.113613378796581843e+00
1.111869036295124236e+00
1.110335625770887402e+00
1.108567357057850922e+00
1.107304089503927669e+00
1.105320417220084783e+00
1.104169793357083096e+00
1.102449082687413817e+00
1.100955069209549109e+00
1.098710976807416584e+00
1.097093824552043406e+00
1.096712368842412300e+00
1.094604195242726341e+00
1.092686998991790226e+00
1.091663043675229705e+00
1.089415010152045005e+00
1.087351771741875694e+00
1.085422537475501326e+00
1.084366995808879519e+00
1.082775275183553765e+00
1.080782120895828813e+00
1.079246834351401008e+00
1.078492949547563251e+00
1.077134417885155848e+00
1.075266099219657656e+00
1.074036471820991157e+00
1.071936843535340467e+00
1.070238725854256723e+00
1.068587098820834136e+00
1.067409482013562005e+00
1.066216558026222172e+00
1.065188019578732659e+00
1.063368991294572741e+00
1.062105831784092347e+00
1.060317735240685399e+00
1.058325530073783938e+00
1.057268551882830421e+00
1.055491869937785765e+00
1.055381584899541147e+00
1.053455252554228672e+00
1.051712100455862053e+00
1.049798892842420450e+00
1.048242492541677118e+00
1.046497291605462898e+00
1.045436863650017534e+00
1.043788296111223701e+00
1.041872616925870298e+00
1.040902409928946115e+00
1.038947759331871890e+00
1.036968866248512811e+00
1.035053556330238100e+00
1.033446525828932483e+00
1.032446233421104198e+00
1.031220411226786648e+00
1.029872160658612090e+00
1.027928607024742202e+00
1.026399906990551836e+00
1.024790873926813450e+00
1.024235760024013286e+00
1.022513704161353898e+00
1.021095863628838973e+00
1.019250882637584565e+00
1.017501151757315814e+00
1.017705852427366553e+00
1.015983590238807244e+00
1.014277735233179545e+00
1.012785724282148081e+00
1.010998456389082589e+00
1.009234386996614719e+00
1.007546286546850078e+00
1.005772072345704427e+00
1.004017664272642607e+00
1.002425898539589300e+00
1.000773469078843458e+00
9.990883597099027291e-01
9.974350338838495755e-01
9.960051964555109993e-01
9.954334156533498623e-01
9.939434625835490422e-01
9.922203526354633762e-01
9.905397146588283963e-01
9.888042026553263142e-01
9.874273761714053022e-01
9.857013336532595149e-01
9.847430955776780293e-01
9.830577726999645272e-01
9.814777794157075741e-01
9.800979145559630679e-01
9.785987213936930829e-01
9.783587232347367157e-01
9.768745842101895782e-01
9.752303117944356448e-01
9.737668691308253299e-01
9.723943506636346656e-01
9.707850986999140286e-01
9.691636361044174697e-01
9.689468877843023797e-01
9.693253080419772516e-01
9.681423671859522573e-01
9.665531429400177066e-01
9.653782349690768205e-01
9.646094650850222108e-01
9.644376471722511113e-01
9.629370167407477199e-01
9.615453175579278255e-01
9.599443824396802771e-01
9.592824733175898677e-01
9.579046794137985321e-01
9.568391527041736344e-01
9.555536142560842050e-01
9.544680180501132760e-01
9.529519925891161147e-01
9.524421950073012066e-01
9.514762723104635000e-01
9.498566054948683890e-01
9.487531238730408933e-01
9.473897822585919393e-01
9.460424160550910955e-01
9.448395654104468910e-01
9.433826040757750109e-01
9.420214649610375579e-01
9.406470785208780327e-01
9.403718769213854634e-01
9.394854653816926415e-01
9.379918339023806118e-01
9.366244627856201710e-01
9.365518405072800201e-01
9.353171529755606173e-01
9.341001889334139552e-01
9.326772963885725520e-01
9.311701081181243955e-01
9.296791552547160054e-01
9.292375148225827663e-01
9.285657637468186509e-01
9.278895884068532052e-01
9.268429669346668343e-01
9.259789077374570576e-01
9.245910099176614105e-01
9.235260490605764483e-01
9.225579405712583947e-01
9.213197736000505733e-01
9.213193508408941135e-01
9.199300278578828038e-01
9.185596494246833776e-01
9.174530867394544709e-01
9.162457984441559899e-01
9.160602371342498884e-01
9.149156499822083122e-01
9.138337620836751718e-01
9.125740165047367958e-01
9.118540115198091600e-01
9.108017802326525691e-01
9.094839018468651171e-01
9.085205219348051475e-01
9.072993282282391103e-01
9.058539281185755687e-01
9.050963594463242723e-01
9.040808478121081793e-01
9.029804037056735622e-01
9.018954237816860786e-01
9.006907063921869572e-01
8.995121659520797230e-01
8.981755161886818550e-01
8.970175473200719951e-01
8.957982540812237104e-01
8.949099683777378411e-01
8.936950603104761859e-01
8.923598836909238941e-01
8.920643140774501267e-01
8.915326535693738341e-01
8.902680931293351918e-01
8.889141661462546251e-01
8.876477786984461327e-01
8.872743553547982609e-01
8.860554871244733510e-01
8.848414916596096802e-01
8.838117928833559844e-01
8.825710385628176002e-01
8.812960847358899397e-01
8.801554168222568419e-01
8.789904659852171287e-01
8.777554739927313499e-01
8.767780505249208600e-01
8.764903055338925109e-01
8.752397740714195074e-01
8.740678372620105385e-01
8.739087094375449505e-01
8.730533484198583771e-01
8.717862527747396451e-01
8.707133804280463574e-01
8.694609842988392234e-01
8.683446616245678040e-01
8.670256639011983957e-01
8.657237118979355106e-01
8.652412355645089370e-01
8.644173863922990364e-01
8.632604284884616286e-01
8.624337861151042395e-01
8.613008289890072833e-01
8.600619829966001939e-01
8.598948405891235769e-01
8.596141630550535595e-01
8.583617114994176456e-01
8.576538851880162184e-01
8.564771243609775597e-01
8.552646288575873612e-01
8.544746805984787530e-01
8.540951416000603924e-01
8.529583220672247723e-01
8.524888849922306333e-01
8.516230882944672009e-01
8.504228778542580747e-01
8.498378086576018342e-01
8.486514412993907408e-01
8.477163017654126831e-01
8.467602426967764107e-01
8.460280444460056559e-01
8.458241707737109705e-01
8.449580716446628559e-01
8.438896722338095069e-01
8.428628019922039805e-01
8.421750921966260073e-01
8.409598005000873400e-01
8.404627566190858712e-01
8.393502467654027077e-01
8.385184252512432046e-01
8.375652538726393592e-01
8.369767837459445303e-01
8.360474960526075305e-01
8.354452870673205744e-01
8.343481878989856826e-01
8.334253825113845382e-01
8.323278185280252872e-01
8.311797879551487966e-01
8.307275352715542960e-01
8.295752316961244599e-01
8.288051289611525485e-01
8.288187032448420810e-01
8.281109593110509426e-01
8.272295648470258111e-01
8.264493910098599239e-01
8.255985845380388044e-01
8.255578070532254564e-01
8.248514007191782849e-01
8.245268945714154807e-01
8.246803975638055118e-01
8.243095908895156088e-01
8.232123125292901689e-01
8.223726567178304414e-01
8.214041570624569522e-01
8.203359963569970548e-01
8.195539385335628424e-01
8.185162657527642605e-01
8.175734688917787318e-01
8.171185219974150815e-01
8.163812065704509902e-01
8.155251247833659178e-01
8.146767296288650595e-01
8.156325132377071352e-01
8.150812206512824121e-01
8.144100520928125864e-01
8.133440927458476244e-01
8.123905751635024375e-01
8.114929877666309244e-01
8.124941816273917317e-01
8.117632023032281818e-01
8.110108211783053633e-01
8.101591065093761701e-01
8.090786421506224180e-01
8.080652728062966972e-01
8.075537796396394796e-01
8.065575976222500998e-01
8.055304357168371343e-01
8.045130834212490534e-01
8.035033450850621595e-01
8.028726751410520945e-01
8.020789827916798842e-01
8.013298705259318533e-01
