5.000000000000000000e-01
6.366792922155010137e-01
9.794965435566937995e-01
9.575932311982965350e-01
9.938374855588942847e-01
9.906096067235755642e-01
9.969142056993265388e-01
9.958593708099050534e-01
9.976340214329924017e-01
9.984152979325117139e-01
9.979558497168311559e-01
9.973683775662407491e-01
9.983890901342424851e-01
9.990044515568853312e-01
9.986009558308726053e-01
9.990366604771037107e-01
9.986329618146002618e-01
9.986773179333525707e-01
9.987328065681841949e-01
9.984083691008900363e-01
9.988749490846839940e-01
9.989774030217243306e-01
9.990228897866414437e-01
9.983013345973374975e-01
9.993824932487377355e-01
9.994517235831047453e-01
9.992668194488534272e-01
9.988747461481927159e-01
9.993265407590694593e-01
9.994548256123245711e-01
9.990949612318825723e-01
9.992766763641316441e-01
9.993361657469296278e-01
9.993350640916923711e-01
9.993740568888963560e-01
9.993461966077717973e-01
9.995145759134677066e-01
9.988178369579240323e-01
9.994135715227916439e-01
9.995335939617696619e-01
