5.000000000000000000e-01
6.409384942982093714e-01
9.101913836065004260e-01
9.472490943959085419e-01
9.755409924464140126e-01
9.748411804525771718e-01
9.837387569560107625e-01
9.909580196877387781e-01
9.936555384992262763e-01
9.939661183032769687e-01
9.905692513527891707e-01
9.933392764734276792e-01
9.910787958908259254e-01
9.958883907281216308e-01
9.964519743546257358e-01
9.953613646609292820e-01
9.953511308635966115e-01
9.947364652232085769e-01
9.902601500860302997e-01
9.923227965808096851e-01
9.914447483659990512e-01
9.962851605590032911e-01
9.960329105006590078e-01
9.963479838984390380e-01
9.978749940206214086e-01
9.971383925400548742e-01
9.907013919993737927e-01
9.929964587582313928e-01
9.970983560694678394e-01
9.976706949560134596e-01
9.970174423914034412e-01
9.854935487939047167e-01
9.984259665937544881e-01
9.973302544968550842e-01
9.980463014099737462e-01
9.974397532292268442e-01
9.974922268076207299e-01
9.978187806126070925e-01
9.973179623436843055e-01
9.966471702680644862e-01
