2.641747688013463247e+01
2.410024996508349204e+01
2.290854828349735683e+01
2.175213548277573494e+01
2.062038482988975474e+01
1.965566574830990376e+01
1.877277953601663540e+01
1.796305330638297448e+01
1.723730595403988630e+01
1.660963956296702548e+01
1.606056941553008244e+01
1.543127821797588517e+01
1.494764810369692931e+01
1.445741846718035539e+01
1.402941713211899710e+01
1.364902022124297076e+01
1.324113055371467418e+01
1.284292090746426673e+01
1.247740414911847218e+01
1.210308150302449981e+01
1.178604552226905788e+01
1.145360652880525265e+01
1.114048895234549441e+01
1.085177262340288884e+01
1.062596853693411170e+01
1.037085343723352615e+01
1.011297000771015142e+01
9.883086187259030098e+00
9.687445819905047273e+00
9.525698304382030912e+00
9.357712195159363588e+00
9.197171290756250173e+00
9.018457348946004259e+00
8.880099803813465087e+00
8.709594136771039885e+00
8.584335371558232453e+00
8.432117393457955856e+00
8.297810444913885419e+00
8.171096615281356890e+00
8.076631343653259520e+00
7.952713022631261452e+00
7.836698656827487675e+00
7.727833364196079025e+00
7.647636321945132210e+00
7.542228730840635720e+00
7.451403625761475524e+00
7.369994935392318425e+00
7.298642439298538953e+00
7.212266040106122489e+00
7.134027564497152696e+00
7.046248637922899682e+00
6.958303851281348429e+00
6.882762325553994032e+00
6.800702583904458365e+00
6.722234946068394557e+00
6.643096186310051721e+00
6.556469129945315721e+00
6.492654877924360690e+00
6.426623574066860911e+00
6.380624827311264013e+00
6.359839200607074972e+00
6.291726394843185410e+00
6.230463763346397954e+00
6.169777174391398056e+00
6.096167603277992342e+00
6.040475519801726811e+00
5.998779582111581909e+00
5.959102687421394151e+00
5.894711776497780775e+00
5.841959552650751952e+00
5.787005361576129658e+00
5.738978109512523851e+00
5.690419531170603840e+00
5.643823096057510647e+00
5.602819239631274151e+00
5.567958336776416495e+00
5.521072033534538903e+00
5.476051607224905915e+00
5.427919434834551637e+00
5.389325974461164570e+00
5.342121989777558255e+00
5.294555440523619261e+00
5.252971617387431458e+00
5.217247119766367014e+00
5.179710793814438219e+00
5.137049899173029566e+00
5.124971111653567668e+00
5.107389113788122437e+00
5.077186316397104271e+00
5.046891952299928263e+00
5.024047398274310794e+00
4.993577227816118125e+00
4.963187867095100181e+00
4.930026065390346268e+00
4.893400659630586347e+00
4.861546172595214266e+00
4.822719302568566846e+00
4.786077752823537423e+00
4.757072721461690357e+00
4.725106137438950249e+00
4.692600231001398114e+00
4.660339760559470967e+00
4.637748329632892741e+00
4.615318651877644562e+00
4.587061403268733351e+00
4.558847874582625082e+00
4.531694516333880429e+00
4.503466178289304622e+00
4.483106406817245038e+00
4.450255368242859610e+00
4.417138984144274971e+00
4.395151531021049607e+00
4.396678608980887581e+00
4.371070443948980255e+00
4.349701331329257847e+00
4.327030935732902428e+00
4.310283759814973692e+00
4.285012960011904681e+00
4.256047315822772070e+00
4.227368606721374711e+00
4.206028634568954594e+00
4.184508567224025199e+00
4.168859082025331730e+00
4.144870307081343519e+00
4.120028467027626817e+00
4.098644586064136064e+00
4.086679158967591263e+00
4.069676567118682975e+00
4.051703909012143612e+00
4.031171756471513490e+00
4.007445855706038174e+00
3.988393305306866754e+00
3.974171230445699976e+00
3.951088666647160963e+00
3.928394482502857166e+00
3.914041506221288991e+00
3.890930793507883401e+00
3.880445114937414175e+00
3.862198154158289043e+00
3.845419154380261606e+00
3.826336115232910284e+00
3.815196012857038355e+00
3.800080722151373713e+00
3.783614026980758549e+00
3.765448174949854732e+00
3.752089359668465907e+00
3.732670154185529388e+00
3.714383062113923550e+00
3.699580798982395446e+00
3.678785345261612605e+00
3.665797940929655052e+00
3.655521800190583370e+00
3.636475122045276009e+00
3.620438966974547590e+00
3.605612608412557485e+00
3.588101736330344238e+00
3.573794332631362369e+00
3.564910254880530704e+00
3.554908092339690295e+00
3.541088467091179748e+00
3.525328232983521826e+00
3.514073439258409426e+00
3.503407425676139386e+00
3.487370007919323278e+00
3.479261378370086089e+00
3.465750644853782259e+00
3.450887079252505707e+00
3.442880371377416093e+00
3.428846881104803845e+00
3.418753551185000017e+00
3.404765537130968411e+00
3.390590234595950214e+00
3.378129156724353876e+00
3.363433785288736821e+00
3.348945401664246813e+00
3.339848401803162670e+00
3.327439455797548629e+00
3.317967151557403849e+00
3.305461335639493292e+00
3.305933912926047658e+00
3.305081207109520136e+00
3.294412943135571759e+00
3.283017316075170555e+00
3.274010254473346482e+00
3.262154087316671891e+00
3.259631220514174199e+00
3.253916517726924695e+00
3.244275615406460478e+00
3.241393460093961565e+00
3.227639535122250880e+00
3.216999683631056595e+00
3.213237451828269364e+00
3.202223677425167558e+00
3.193050038236687982e+00
3.186170600173870326e+00
3.178105095994553153e+00
3.170411184255767179e+00
3.159602208132134660e+00
3.149126068524817246e+00
3.140168696824928052e+00
3.128091435926432684e+00
3.123461607602411316e+00
3.111994286620804573e+00
3.101930788372067038e+00
3.094610956464231677e+00
3.083136172070619629e+00
3.073812499648248764e+00
3.063929719422872289e+00
3.051785593286807874e+00
3.040226323700536692e+00
3.033480339351245725e+00
3.021680844628045648e+00
3.011007195595634567e+00
3.000640272462677505e+00
2.992816265584306024e+00
2.981693889206936010e+00
2.972445960497559270e+00
2.965402282416222057e+00
2.956414418851917247e+00
2.945186194091972354e+00
2.933759955858102675e+00
2.928712667346001108e+00
2.919249984561016475e+00
2.912597527986030332e+00
2.902534376057036347e+00
2.896289906135870673e+00
2.887357187382004309e+00
2.879275864548117347e+00
2.870669476284899435e+00
2.864761267636508180e+00
2.861103767818367061e+00
2.855615771597034502e+00
2.848811249984832816e+00
2.840561081320114312e+00
2.836764171908753962e+00
2.830255330772510014e+00
2.821309781422383978e+00
2.811691176661667235e+00
2.804467271420400198e+00
2.795562330009806473e+00
2.786163452956658126e+00
2.779588405937963635e+00
2.772417431454921477e+00
2.763691924569563696e+00
2.764776448326507818e+00
2.756118036146227634e+00
2.749979160234739428e+00
2.743798812775169349e+00
2.735511873650467329e+00
2.727449899280964818e+00
2.718992467136146285e+00
2.710203702674779169e+00
2.703552210869818229e+00
2.695845282354124350e+00
2.688433853096619419e+00
2.680459413484062026e+00
2.673294310125389650e+00
2.665266548099116228e+00
2.657215111789286155e+00
2.648593247275098150e+00
2.641700967441102499e+00
2.635897396207827814e+00
2.627646498160539412e+00
2.620923760012465742e+00
2.618507579450491729e+00
2.610413868604063659e+00
2.605362405638275813e+00
2.599289142585926804e+00
2.593793250981219156e+00
2.585997611822316244e+00
2.578009715921659062e+00
2.572621831540789827e+00
2.564644083676977715e+00
2.558919573144291526e+00
2.552493840497065847e+00
2.547603402340894441e+00
2.541868518997304704e+00
2.534088351913238668e+00
2.526248778997537414e+00
2.522799741440669319e+00
