1.531262175046052754e+01
1.372687360360232134e+01
1.259770602272757500e+01
1.160762431943748219e+01
1.077492855805379435e+01
1.008589358263673930e+01
9.440761955352428458e+00
8.899890049645847512e+00
8.413326687779937529e+00
7.933532854249740751e+00
7.524230607971277074e+00
7.176939948429987837e+00
6.824960761309068147e+00
6.506828653487892744e+00
6.245268177207772275e+00
6.011834118799683324e+00
5.762596856449165195e+00
5.522577787141536021e+00
5.328789698090575122e+00
5.123147323658280961e+00
4.978075562524108655e+00
4.806275511458925287e+00
4.653515842222283538e+00
4.558210205001203441e+00
4.434510696728677814e+00
4.341801069356544751e+00
4.232643222695608110e+00
4.129513396579353568e+00
4.017334252829366292e+00
3.940423740828593591e+00
3.854944332176579280e+00
3.760635938491345254e+00
3.671105299925439880e+00
3.591404640034500328e+00
3.534475859578071866e+00
3.462074976089568601e+00
3.412356215838818319e+00
3.354966611435999280e+00
3.301883972881296980e+00
3.261841278830525770e+00
3.204431531126183064e+00
3.154017061743207506e+00
3.137309797515134946e+00
3.096319952786674268e+00
3.044887500920640200e+00
2.998148959064892427e+00
2.959221973095336189e+00
2.920355718508605314e+00
2.880956055372892788e+00
2.849315000654823127e+00
2.806833393686809064e+00
2.771563084958265755e+00
2.743366653015211210e+00
2.707436988427657010e+00
2.673066359352937127e+00
2.647852654529585070e+00
2.613038388886384844e+00
2.585543211264530683e+00
2.563197620119809894e+00
2.536289144951973107e+00
2.506599344851270228e+00
2.486351251188430922e+00
2.454317327396829729e+00
2.431204087247568868e+00
2.404791836132120775e+00
2.378065188235453320e+00
2.354362122524589207e+00
2.330736981070183234e+00
2.315524330627269478e+00
2.288613134896410273e+00
2.268763110524707471e+00
2.247324957898825915e+00
2.226415089069870845e+00
2.208030599458367327e+00
2.184295135493818929e+00
2.163277817145642157e+00
2.148178232378865626e+00
2.130654290225541203e+00
2.110370595240692371e+00
2.094990672592949910e+00
2.075312669473863281e+00
2.053997766170894579e+00
2.037356115708575555e+00
2.051036974488301468e+00
2.039183157338855246e+00
2.036183095361626449e+00
2.020101796540830108e+00
2.003049947810796372e+00
1.996228426389460298e+00
1.979394189771719992e+00
1.964922969722347146e+00
1.951537282564284492e+00
1.940308016955734960e+00
1.925298808747422985e+00
1.915163000496753032e+00
1.904280117732612965e+00
1.887519197371295920e+00
1.875551060240236545e+00
1.867631551517688004e+00
1.860360154230162877e+00
1.847316042361163424e+00
1.836889001385473508e+00
1.823990603741754368e+00
1.811722453422461632e+00
1.806579402023513303e+00
1.793284670515109758e+00
1.790562383665915025e+00
1.781798448936520618e+00
1.768882399836679387e+00
1.755664988877934540e+00
1.751429085135534081e+00
1.742417976536454471e+00
1.735850153354891123e+00
1.727752019129933370e+00
1.719179290762063994e+00
1.711776445519359813e+00
1.702525129523905667e+00
1.695559316973192177e+00
1.686621269591418004e+00
1.675163578416174248e+00
1.662971923373505856e+00
1.656663737881948206e+00
1.649456710074651999e+00
1.644090542436185576e+00
1.634533262241119722e+00
1.628942106186876737e+00
1.618366082985088994e+00
1.609902303265108525e+00
1.604180454405484957e+00
1.593685433103700033e+00
1.585620114090033894e+00
1.581395324964343096e+00
1.576112597699999451e+00
1.567844818126437056e+00
1.559401933464428680e+00
1.551543483828280889e+00
1.544339421529307588e+00
1.534758925040436983e+00
1.525788670366842403e+00
1.516491934515333595e+00
1.510801867738294391e+00
1.505412778014282749e+00
1.499933304087857522e+00
1.496097341554370130e+00
1.490421383537499089e+00
1.483122027185665326e+00
1.475472193343608573e+00
1.467909970935294739e+00
1.461127428413200535e+00
1.452401538786189938e+00
1.449427463648029990e+00
1.445051669561052909e+00
1.438346717250316820e+00
1.432139894487018061e+00
1.424939276833186996e+00
1.421090891653578048e+00
1.416998258764951446e+00
1.412921782287880346e+00
1.405976085555069588e+00
1.399475243204266972e+00
1.393296458321825915e+00
1.392006111810074831e+00
1.387273249245634998e+00
1.381867584206958099e+00
1.376063447529593864e+00
1.369404937616323092e+00
1.364558217307430210e+00
1.359587544507416368e+00
1.355818383226739643e+00
1.351251323588578579e+00
1.344840290353964685e+00
1.340169564272316816e+00
1.334005235329554617e+00
1.329490204733654313e+00
1.325702124745715471e+00
1.320803787449585709e+00
1.315713936360169756e+00
1.310222306093949740e+00
1.304283552170804272e+00
1.298910673536546767e+00
1.293311326580955933e+00
1.290031061716173433e+00
1.287168797497434625e+00
1.284341896097882296e+00
1.279119902361249173e+00
1.275825991875071619e+00
1.269968600424655092e+00
1.263800727388198597e+00
1.260024925858386879e+00
1.254399627000650330e+00
1.249941726639918427e+00
1.245668809046136971e+00
1.240096991435625906e+00
1.234425107013056744e+00
1.233071339092192797e+00
1.228643297044260008e+00
1.226589405455516646e+00
1.224449475373948104e+00
1.223488797385560378e+00
1.218801211645612836e+00
1.213747235130194779e+00
1.208976553051919200e+00
1.203592755358416921e+00
1.200449545801795193e+00
1.196047184938179964e+00
1.195774678585897588e+00
1.191901037039842182e+00
1.188162749760050652e+00
1.184843680482073447e+00
1.180423702259964847e+00
1.175498589661434057e+00
1.170784982999951263e+00
1.166108688851033026e+00
1.161367669934392222e+00
1.158097199197747784e+00
1.154610566257666671e+00
1.152181591332010369e+00
1.150893315380795201e+00
1.146590268787005318e+00
1.142472062434512159e+00
1.139235737337982002e+00
1.136218230457844980e+00
1.132193746825384650e+00
1.130396637830158646e+00
1.126652062966172041e+00
1.123960751224796661e+00
1.121304774857860398e+00
1.117877331675496189e+00
1.114269101405479523e+00
1.111650503262522349e+00
1.108129728152359439e+00
1.105108915385188295e+00
1.101127531252843461e+00
1.097071936479786958e+00
1.093586011080688980e+00
1.089788595194581378e+00
1.085868068038755130e+00
1.082360078900628686e+00
1.078367476132387370e+00
1.074467102254944351e+00
1.071336853681456702e+00
1.068373938618390140e+00
1.064524421122186482e+00
1.061752479589606502e+00
1.059263497278649213e+00
1.058585772568161776e+00
1.057327436981720270e+00
1.053930000394703415e+00
1.050555777221875209e+00
1.048982238861920102e+00
1.045351216894406354e+00
1.042911401144783090e+00
1.039521759045988203e+00
1.036088045765864774e+00
1.035061719061919572e+00
1.031903801227461281e+00
1.028520158953646346e+00
1.026815704845921662e+00
1.023741475464780892e+00
1.021188695817832448e+00
1.017783353115853773e+00
1.014724354996917599e+00
1.012780082815967431e+00
1.010728637564755950e+00
1.007389644761658376e+00
1.004486623820777247e+00
1.002219555311643306e+00
9.987614637417230323e-01
9.956078025873354997e-01
9.928572296257626162e-01
9.919409170935824527e-01
9.891357161501569406e-01
9.874741612874174956e-01
9.848823052427340130e-01
9.820795998792006820e-01
9.807803773609509168e-01
9.779057138852967901e-01
9.755517929638376495e-01
9.724641884754587906e-01
9.700081072036410568e-01
