2.800786996318175071e+01
2.743343295474006638e+01
2.685632915812393406e+01
2.676096694390349384e+01
2.638458284391417763e+01
2.609800218962171670e+01
2.587356142843689000e+01
2.563284970290775533e+01
2.548913249958953742e+01
2.529662474679588158e+01
2.513139960680789287e+01
2.498317132106151561e+01
2.480674688760434776e+01
2.463531104778979852e+01
2.455758962411539059e+01
2.438754730109448943e+01
2.420643294123604861e+01
2.403203668063229159e+01
2.387172154256469980e+01
2.373238055600782559e+01
2.354678289357410748e+01
2.340958562786137165e+01
2.331127434612925597e+01
2.317852740334796025e+01
2.303826620666939462e+01
2.289870988696202048e+01
2.275592347839565477e+01
2.261625854434974059e+01
2.245871462377233385e+01
2.231265001690915639e+01
2.218384282046956102e+01
2.203763096265061350e+01
2.191291818229440480e+01
2.178586607825854315e+01
2.167466985845740979e+01
2.154341219868152990e+01
2.141850138062422815e+01
2.132729866969560817e+01
2.119863540601459562e+01
2.104754201691865134e+01
2.089510266255439674e+01
2.079180162985191060e+01
2.064489110594934473e+01
2.054618762455183045e+01
2.039719617461165058e+01
2.026571679612792565e+01
2.014044912711817759e+01
2.001094751009443229e+01
1.987818336994747526e+01
1.975550121891573951e+01
1.964394150311595411e+01
1.951903945371089577e+01
1.940305963361111807e+01
1.928836481392900382e+01
1.916573673728356297e+01
1.904656836673673936e+01
1.893280942478599727e+01
1.880833193883432486e+01
1.869590690898575502e+01
1.857809207842052501e+01
1.846266524188930447e+01
1.835654944692553769e+01
1.824655932727694108e+01
1.813902923691269820e+01
1.802574820509269671e+01
1.791187019263005453e+01
1.779798461145807309e+01
1.768624338923959272e+01
1.757009629899962277e+01
1.746842311142322401e+01
1.735348937156824434e+01
1.724316157801526117e+01
1.714304706261612310e+01
1.702819124773009918e+01
1.692241853215056935e+01
1.680284961668255406e+01
1.669295257052071335e+01
1.659943986338863198e+01
1.651184573851900339e+01
1.642113997053247587e+01
1.632302967269479055e+01
1.621352517999874365e+01
1.611244866572811674e+01
1.601860619693352561e+01
1.594933022088773988e+01
1.583918391938711778e+01
1.573188902788168342e+01
1.563827724797987884e+01
1.554312115530819760e+01
1.545902694687510603e+01
1.538386967303322450e+01
1.530453591735246555e+01
1.521576265626571178e+01
1.514270556822950731e+01
1.506776419158367375e+01
1.496960004173498682e+01
1.489806633316910833e+01
1.480917254678489137e+01
1.474169905133392433e+01
1.465571938651204675e+01
1.458606077781456101e+01
1.450502268252620475e+01
1.442192728131330171e+01
1.434150508862314588e+01
1.426500278589936421e+01
1.418944813758557899e+01
1.412829795777598285e+01
1.406205472806348133e+01
1.397784654520455661e+01
1.389534460732790322e+01
1.382292839449695521e+01
1.376623715488563704e+01
1.371097096411170035e+01
1.364499995755116402e+01
1.357198537341858824e+01
1.350052108915984661e+01
1.343913998789633624e+01
1.337202909614029345e+01
1.332268685380646112e+01
1.324925489543680968e+01
1.319932204676977960e+01
1.312930614972595222e+01
1.307801738566465133e+01
1.302746657905508521e+01
1.296480385984827244e+01
1.289961425552575491e+01
1.284458692772148325e+01
1.278707816665596830e+01
1.273902417116909191e+01
1.270003354867857581e+01
1.263957074258147095e+01
1.258208694475974987e+01
1.253142957394656420e+01
1.248758835491498687e+01
1.244515226073170844e+01
1.239305851682492410e+01
1.233926163804823339e+01
1.228565013775060777e+01
1.222895233842730178e+01
1.217129825182589720e+01
1.211855448739035168e+01
1.206870540182138463e+01
1.201872142523497722e+01
1.196462965775618770e+01
1.192000050128615207e+01
1.186465562212998748e+01
1.181317075855836407e+01
1.179090184669197505e+01
1.174211309106648393e+01
1.170293708306977543e+01
1.167328048199524382e+01
1.162367244039754866e+01
1.157284043546337671e+01
1.152538828091181955e+01
1.149859170634557337e+01
1.145628510390275778e+01
1.140990428622312791e+01
1.136654237031881109e+01
1.134879124205605017e+01
1.129817686271760735e+01
1.128566858941470308e+01
1.124463006591380676e+01
1.120091385660218819e+01
1.117146781169044623e+01
1.112686395240278081e+01
1.108609685511155618e+01
1.104629001892856621e+01
1.101904351353351608e+01
1.099018219333639479e+01
1.098600209163438457e+01
1.095789283536750425e+01
1.092012320110829471e+01
1.087820479456775935e+01
1.083555776699977180e+01
1.079997160020823976e+01
1.081155000400087651e+01
1.078566064122618329e+01
1.074841963032983294e+01
1.072908611982710703e+01
1.071837529301488345e+01
1.070477222662536398e+01
1.067324273282810942e+01
1.063837521402402331e+01
1.060268014823391702e+01
1.056664336052367581e+01
1.053819823215654949e+01
1.050892544648995219e+01
1.049360165171719217e+01
1.046674136852361059e+01
1.043137193028131549e+01
1.040026296922472149e+01
1.036390352945011095e+01
1.033156844762312865e+01
1.030037349388046763e+01
1.026881916603759848e+01
1.025329399670193276e+01
1.022369288555522893e+01
1.019311431607148322e+01
1.016418033987669389e+01
1.013624964656658634e+01
1.010319792149464746e+01
1.009268359710865504e+01
1.005802726665419655e+01
1.002602925848555770e+01
1.000214290714857768e+01
9.968793145345566487e+00
9.940632627195402193e+00
9.906174291406244947e+00
9.879433643012974997e+00
9.850228148962848707e+00
9.817321637948783319e+00
9.797439474484821886e+00
9.764557468651567262e+00
9.740008293994236510e+00
9.707635515986536845e+00
9.690154866628249763e+00
9.679951140279259292e+00
9.661524922371883761e+00
9.635162834990756764e+00
9.604089896456509123e+00
9.575465062617025680e+00
9.547774766885700259e+00
9.522945827736721824e+00
9.504500686780112062e+00
9.474895293366573767e+00
9.448123224490544203e+00
9.421132253188728711e+00
9.390863553689124288e+00
9.370780172706353994e+00
9.353578167072146954e+00
9.356781353997094541e+00
9.345836784709842249e+00
9.319024300153788687e+00
9.301672609341068210e+00
9.274430378744220604e+00
9.246995699288484971e+00
9.223312227426287535e+00
9.205065076002419744e+00
9.181848446795342511e+00
9.161051355141967889e+00
9.136782777235680442e+00
9.137788332745447661e+00
9.120302114950453287e+00
9.103181092795086471e+00
9.079324109369041551e+00
9.073375500645216363e+00
9.047166228475388650e+00
9.024420238736704292e+00
9.000548134477833528e+00
8.977550294443339851e+00
8.961120384220308210e+00
8.942664608887975319e+00
8.917364473755341692e+00
8.915545893957437684e+00
8.892200468754655418e+00
8.867913443593101519e+00
8.850903389266893129e+00
8.825509297699897004e+00
8.801045334781989027e+00
8.778887590751468295e+00
8.782745048821935185e+00
8.759217860922721144e+00
8.738533754932971576e+00
8.735434766119123395e+00
8.711309601904765998e+00
8.690997395722327212e+00
8.679565626250658639e+00
8.657397839236805837e+00
8.638748778653543070e+00
8.621030243537108007e+00
8.605941373355733504e+00
8.588467820495734983e+00
8.565759504605873431e+00
8.548803458678836620e+00
8.529952370272502193e+00
8.512547280119248327e+00
8.493422057333342323e+00
8.474784732471679405e+00
8.453455460691507994e+00
8.433614466081458261e+00
8.412321370086772276e+00
8.392499147739265197e+00
8.401363660980367243e+00
8.378593698357954977e+00
8.357946295106335910e+00
8.339049838398164383e+00
8.318311548517023368e+00
8.300282525874390416e+00
8.288104250170439613e+00
8.268239061299928139e+00
8.251061494870462809e+00
8.230943981921999608e+00
8.217066003403445507e+00
8.199927765006421509e+00
8.185668969395729633e+00
8.167389222967118556e+00
8.149907495115790823e+00
8.134482651178441159e+00
8.115969678690548861e+00
8.101274771755209159e+00
8.083092448387082740e+00
8.063411061271555269e+00
8.043622259378215844e+00
8.033632790713909344e+00
8.015383352349465085e+00
7.998781805843256265e+00
7.980183990703531016e+00
7.964288909424105611e+00
7.947662746386664701e+00
7.934240206386523830e+00
7.916851023888894723e+00
7.913719604990063772e+00
7.895599710369020308e+00
7.879782520195664830e+00
7.867608459260460485e+00
7.850579115801844310e+00
7.832258858297500126e+00
7.814180522527719219e+00
7.798362717294394564e+00
7.782074144253970260e+00
7.764926968616308933e+00
7.756713452930569908e+00
7.740689224775795019e+00
7.723901093705602072e+00
7.707162199711924622e+00
7.696400604578705007e+00
7.694440051567240424e+00
7.681030818466060062e+00
7.665428226797595279e+00
7.652308467801458569e+00
7.635977381244883233e+00
7.619074852919952789e+00
7.606521384173020373e+00
7.596436523487505532e+00
7.580974532918714814e+00
7.563904308528765164e+00
7.548471213443330718e+00
7.536935621264251317e+00
7.532658060246784970e+00
7.530248267306204113e+00
7.514333373937579275e+00
7.497517893810207390e+00
7.487263390251674089e+00
7.471393198705153615e+00
7.459018045538321040e+00
7.445927691162322226e+00
7.430409385582897208e+00
7.428588963706727277e+00
7.413578176736200120e+00
7.402122428644808849e+00
7.416666881930156663e+00
7.408845819725746296e+00
7.400441799130025089e+00
7.385016594252542532e+00
7.373523083681327250e+00
7.369267123103185213e+00
7.357035788386594000e+00
7.362215277426544802e+00
7.350770162812743536e+00
7.336221421683114308e+00
7.322632145045074203e+00
7.310479357337847262e+00
7.302058620851229698e+00
7.293580735249485691e+00
7.288030757757120170e+00
7.273943478383325889e+00
7.259441969242823589e+00
7.245596670459343969e+00
7.240045434521467982e+00
7.230850423861213017e+00
7.216725264888358637e+00
7.208983594460648625e+00
7.196595185747503010e+00
7.185189839133506062e+00
7.172728738430534712e+00
7.162031263454538887e+00
7.149031503899866635e+00
7.137477913327530565e+00
7.123822943630422344e+00
7.114970328516442066e+00
7.130329008753686360e+00
7.117604402224795734e+00
7.104404073492628591e+00
7.097466373968370767e+00
7.092724587634291034e+00
7.078889677705386241e+00
7.071900906038483647e+00
7.060569902105448215e+00
7.048176290365761432e+00
7.036379045007628008e+00
7.023696164159216160e+00
7.013349656714298774e+00
7.004824070366796995e+00
6.995956439186906017e+00
6.985857612461136235e+00
6.976843256778272107e+00
6.963608410590023112e+00
6.952033353577062869e+00
6.952268304233585106e+00
6.941746221585793464e+00
6.929041625637027302e+00
6.916357403178174046e+00
6.909106458533745609e+00
6.902175656401169590e+00
6.895546302905078306e+00
6.889001586415469447e+00
6.879033214802150020e+00
6.867634896954773360e+00
6.857391325843432028e+00
6.845114123792418681e+00
6.834483024035868937e+00
6.823712597285680026e+00
6.820863131941544033e+00
6.809526069419828076e+00
6.797543995750944923e+00
6.798504219055212516e+00
6.787327094448386333e+00
6.780951694817334285e+00
6.769256474603213114e+00
6.757448890108335604e+00
6.749695253541571738e+00
6.738769856413171055e+00
6.729415990908400147e+00
6.718950841513701810e+00
6.715838984050567007e+00
6.703474149673888327e+00
6.702344913080244382e+00
6.690272137390634200e+00
6.679443985008179929e+00
6.682115573889584326e+00
6.672396178528368083e+00
6.679606095450316694e+00
6.675219070311095848e+00
6.665020844222945939e+00
6.659852500644307227e+00
6.649338389974222885e+00
6.641067452122533687e+00
6.640416412129064305e+00
6.636561407363555709e+00
6.642161319784495532e+00
6.634849019677705684e+00
6.628619322902838285e+00
6.621013483209394757e+00
6.614961240021129285e+00
6.607136860196150430e+00
6.599568564611272947e+00
6.589625180286719619e+00
6.579797378851095502e+00
6.573991806583677544e+00
6.564723999441124391e+00
6.556475275664311653e+00
6.547603916829060289e+00
6.540461468669599654e+00
6.533402702386299055e+00
6.524366541922579366e+00
6.515831202172241987e+00
6.505509533498721630e+00
6.497774273474144380e+00
6.492926578276364324e+00
6.483061598855429430e+00
6.472722627383136640e+00
6.485699709301790072e+00
6.474911902479393966e+00
6.466153261439221644e+00
6.455852883594973335e+00
6.446511823052802015e+00
6.440797145851253624e+00
6.437521275116045771e+00
6.435291815065891541e+00
6.427659259656408608e+00
6.428134604283680886e+00
6.420142660951343672e+00
6.415798472757429316e+00
6.406792721183122374e+00
6.398186191900805397e+00
6.391289331372263405e+00
6.395220987510156441e+00
6.386741009840741334e+00
6.377331322041113637e+00
6.367299066080058800e+00
6.360818216847124340e+00
6.352255933882828387e+00
6.344882871115182787e+00
6.336172540502253980e+00
6.328005055284328328e+00
6.321203005401804909e+00
6.313397857690604908e+00
6.311322583150110965e+00
6.303881778269325054e+00
6.295097006752747859e+00
6.285884351244739321e+00
6.281155254182793968e+00
6.277814796687497534e+00
6.272926466196224737e+00
6.264866571810356000e+00
6.256525170817968551e+00
6.256067389126772404e+00
6.247120941018842188e+00
6.242351582453303571e+00
6.234380683459148642e+00
6.226920603698522960e+00
6.219091463876309511e+00
6.211618436202802407e+00
6.203772154555990070e+00
6.197838799712372726e+00
6.189601605775605364e+00
6.188431803090799654e+00
6.187217817948889476e+00
6.178854150994447458e+00
6.170652979456092702e+00
6.168183006287352832e+00
6.160325788157703819e+00
6.154117866273010051e+00
6.146164416564219302e+00
6.149545410586505945e+00
6.141760677793349110e+00
6.134383287545940533e+00
6.126565641831416720e+00
6.117856950002454219e+00
6.111694508997697284e+00
6.107310387922315620e+00
6.100523596393379933e+00
6.097733385725619293e+00
6.093282716496305262e+00
6.084306495060920028e+00
6.075519830473995242e+00
6.067727769918982439e+00
6.059786093699784715e+00
6.051811764834113205e+00
6.043703138343681225e+00
6.038682085901291074e+00
6.048114504110997380e+00
6.044560197309513327e+00
6.043543692026309699e+00
6.041634437903809385e+00
6.034868750684192484e+00
6.028110957005303305e+00
6.020460151199777954e+00
6.018209916932900860e+00
6.010356923556346764e+00
6.009694044697447168e+00
6.005102868719324860e+00
5.999869074164316807e+00
5.992523538264984850e+00
5.986452696528816730e+00
5.981972344078091197e+00
5.979500158481832806e+00
5.974385952038551828e+00
5.967178593312564061e+00
5.960612412499046719e+00
5.954160206217797402e+00
5.954266812394650721e+00
5.947745794819927490e+00
5.942383341660122831e+00
5.934549789385814123e+00
5.930702724781180102e+00
5.932361642221732900e+00
5.932055641608061869e+00
5.928822902491240221e+00
5.920626349628885343e+00
5.914577687765404157e+00
5.909180323680359059e+00
5.904053630046854018e+00
5.897904746124441822e+00
5.896847982671130417e+00
5.889707027386348770e+00
5.883741813216237126e+00
5.878527524261873083e+00
5.871572892540139144e+00
5.864753435241566670e+00
5.857247664111923768e+00
5.852346458574294807e+00
5.845760630136109803e+00
5.838167501925767056e+00
5.830567896751746915e+00
5.824102422030827952e+00
5.820902392750487486e+00
5.818542854683762755e+00
5.811410876335949993e+00
5.811750215127486463e+00
5.804960583681537223e+00
5.799117886165960911e+00
5.798569411376479188e+00
5.792891533073079913e+00
5.785648514119799302e+00
5.779380415926375747e+00
5.773556743973393246e+00
5.766320292376224899e+00
5.761073225619169236e+00
5.754303836780866988e+00
5.750172408310161742e+00
5.749427068330668966e+00
5.742480020501752769e+00
5.735361178370384394e+00
5.732837635019590650e+00
5.725588154590767864e+00
5.719065029540414180e+00
5.712022475336561378e+00
5.709163636513702400e+00
5.705654429851394482e+00
5.704625013482930385e+00
5.698659544376806885e+00
5.692484314648905475e+00
5.698686211106201327e+00
5.697288018313835245e+00
5.691271653171560807e+00
5.685205122559789714e+00
5.679646332486075089e+00
5.674679351768832980e+00
5.671814538487724988e+00
5.667157183613306337e+00
5.674632155679484313e+00
5.671976962613744178e+00
5.666927001915902373e+00
5.665117003722912159e+00
5.664855404247204795e+00
5.662380233191615986e+00
5.657132372704554157e+00
5.652780872450142269e+00
5.647547611328599615e+00
5.641058137450162491e+00
5.637626745163401232e+00
5.632233240160982923e+00
5.626801896798957259e+00
5.620536309660318253e+00
5.618291003993189037e+00
5.612548090911646526e+00
5.606781211529261455e+00
5.603774979945608692e+00
5.597921641947680271e+00
5.593385843892462184e+00
5.586639015267047093e+00
5.582175442554702549e+00
5.577796450149913099e+00
5.571370490795227504e+00
5.568107722158787354e+00
5.563669991511015489e+00
5.557285486229157634e+00
5.550838840964349430e+00
5.545916849133043058e+00
5.540076838340664445e+00
5.536261347519875642e+00
5.531425844980869755e+00
5.526017735523073959e+00
5.542827090687310054e+00
5.537981547285835582e+00
5.535160753112258192e+00
5.534342277685427192e+00
5.532088083497403552e+00
5.526232024057981640e+00
5.523560399382774655e+00
5.521585030471804600e+00
5.518522033331484167e+00
5.513712850318275294e+00
5.507637678430975292e+00
5.503604024857145838e+00
5.500243156535082889e+00
5.494461190058680167e+00
5.490950191073649123e+00
5.486294743960132614e+00
5.480985595052705328e+00
5.475571022499739371e+00
5.475302789679753701e+00
5.469764628353736668e+00
5.464136334152268404e+00
5.458540389424018535e+00
5.452848041581007443e+00
5.447798364890178213e+00
5.449174077679542094e+00
5.442995943808615067e+00
5.439524893442084341e+00
5.434895974630049587e+00
5.429046193566490430e+00
5.423485905590607281e+00
5.419073650434093281e+00
5.414126020517815441e+00
5.408651645818457254e+00
5.404307418510608585e+00
5.399056372023506967e+00
5.393110385336559176e+00
5.387444611831012864e+00
5.381820729076046916e+00
5.375891155884378492e+00
5.370074227521537402e+00
5.364700852523368368e+00
5.359644704858104625e+00
5.354534799819567148e+00
5.348998040335662729e+00
5.344079672705233541e+00
5.339203737531323490e+00
5.333381880476208536e+00
5.328162198134162253e+00
5.322844401207901477e+00
5.317094815012103126e+00
5.311654606438128035e+00
5.306307602844192672e+00
5.301335062753051552e+00
5.296709681077552467e+00
5.292449134879462669e+00
5.286510826038440136e+00
