5.000000000000000000e-01
6.304456630297547992e-01
8.265782153475069727e-01
9.506689221608096707e-01
9.721729714685790613e-01
9.898079206112444517e-01
9.879621842344439298e-01
9.879903344248418540e-01
9.937467149655513365e-01
9.913386125811926020e-01
9.932297487501284827e-01
9.944771703695329812e-01
9.930510196833900460e-01
9.900977719022832080e-01
9.861701680459097341e-01
9.952734931603149926e-01
9.886330922737730509e-01
9.822730626450454361e-01
9.894857154453513548e-01
9.953933706446569385e-01
9.971266512145026129e-01
9.947024008836433673e-01
9.861420178555121430e-01
9.939287489980013213e-01
9.965920875062150852e-01
9.728904099462074573e-01
9.971365951025626950e-01
9.957114011170205004e-01
9.926967505519150858e-01
9.968486282217980943e-01
9.888580328786106266e-01
9.853679600968877628e-01
9.854186942196440091e-01
9.972928272097244529e-01
9.941074200828851071e-01
9.983068428735225597e-01
9.900002464228822019e-01
9.951573844965219129e-01
9.943401882380910051e-01
9.895394646245454506e-01
