5.000000000000000000e-01
6.353464053424481284e-01
8.911316463512745090e-01
9.722512179813328492e-01
9.834458036357522914e-01
9.894288352460097746e-01
9.899226956923833365e-01
9.867983434584147728e-01
9.942255001297343187e-01
9.706066786399196733e-01
9.939707278607159413e-01
9.947002265640968455e-01
9.936269824358470171e-01
9.904966290799295248e-01
9.944958985085614600e-01
9.919700929594085226e-01
9.965732144125497571e-01
9.966775817507910196e-01
9.971771244189132632e-01
9.980469392103739068e-01
9.934912179233509333e-01
9.890061185352043704e-01
9.961428151060124359e-01
9.964702386388177846e-01
9.981946479849130860e-01
9.954322764690788361e-01
9.982252334132033500e-01
9.875515277493908117e-01
9.979718527086948177e-01
9.974812392461780419e-01
9.978170991388243261e-01
9.981800655484865947e-01
9.967633659046400973e-01
9.991641625753221456e-01
9.989898111386040780e-01
9.966307614032187123e-01
9.974552633753268616e-01
9.921625927166092263e-01
9.963002358411937598e-01
9.986932339524347002e-01
