2.750658437718509930e+01
2.706830690478549428e+01
2.698811741216507087e+01
2.669591980479719240e+01
2.646951560351740085e+01
2.625580070250331843e+01
2.594448548707677560e+01
2.578515161267273115e+01
2.552114416663938457e+01
2.535640196048418460e+01
2.518700508673371274e+01
2.500224792246989125e+01
2.479201826362984207e+01
2.462514988002268979e+01
2.446892914049427148e+01
2.429824215804900334e+01
2.411432838873546913e+01
2.396977863883489590e+01
2.382508900798629625e+01
2.369483368458676509e+01
2.355518842668151436e+01
2.340194208956891231e+01
2.324718683507280659e+01
2.308783513704044665e+01
2.294084709239960773e+01
2.280353963490583880e+01
2.266041240911774679e+01
2.253362635777584444e+01
2.239564497947736754e+01
2.229241218826186355e+01
2.214120219446733628e+01
2.201504829638343352e+01
2.184610168489796322e+01
2.171944144592117709e+01
2.159693065111654775e+01
2.148407265490400064e+01
2.135783540011146897e+01
2.122651260926901529e+01
2.111148255104020777e+01
2.097368311759167980e+01
2.082846208007446620e+01
2.069722585047781038e+01
2.057990876898871235e+01
2.042387021751054021e+01
2.030549999407103101e+01
2.016711646485642717e+01
2.002219883151712665e+01
1.988917005122290860e+01
1.979998208614118127e+01
1.968266528591850673e+01
1.957412762621278191e+01
1.943054668117098771e+01
1.929611034698410066e+01
1.916617906805112170e+01
1.902694876399710466e+01
1.890801880837416604e+01
1.877042311800070351e+01
1.866403001177078025e+01
1.851509294366139358e+01
1.839092989897024566e+01
1.825561901100114781e+01
1.815271246955431650e+01
1.803169645593959203e+01
1.793270954085347313e+01
1.782306153468873333e+01
1.772580268380005819e+01
1.761961486557270362e+01
1.749017911378753709e+01
1.742578048119089473e+01
1.735922713067011713e+01
1.726588263519508715e+01
1.718065782699468969e+01
1.710449882351764472e+01
1.698590264836579777e+01
1.689292236290900462e+01
1.679879075324720006e+01
1.670487855076815009e+01
1.660506616061384833e+01
1.651527294744161267e+01
1.642324961836138186e+01
1.631033921001467135e+01
1.623373171545036442e+01
1.616820677255002892e+01
1.606235369512110722e+01
1.594710445120719200e+01
1.586642259069100724e+01
1.576680339523324470e+01
1.567958590322699663e+01
1.559060705094532473e+01
1.548370363694076168e+01
1.541349685637944589e+01
1.530639790389465560e+01
1.522188480941191813e+01
1.513500528632890330e+01
1.507190727176410050e+01
1.497191503443993099e+01
1.488700377512406980e+01
1.481875998496441937e+01
1.474257586648522533e+01
1.470770891013642334e+01
1.461253307621665165e+01
1.452342233497371282e+01
1.445651145618774436e+01
1.437375517600296426e+01
1.431401255744729539e+01
1.422643208781830992e+01
1.414360794279821576e+01
1.407442252608080935e+01
1.401628353052721465e+01
1.393038988435453440e+01
1.387153358775311318e+01
1.379620016027396012e+01
1.376244458729328990e+01
1.370132145220542874e+01
1.364057204354330644e+01
1.359042697494888152e+01
1.354926247000260808e+01
1.350490942402619332e+01
1.345495928949702247e+01
1.341060021104556732e+01
1.334113387375212234e+01
1.330596039053671475e+01
1.326881453062152438e+01
1.323986916600435215e+01
1.318094648166360372e+01
1.315317615266842921e+01
1.313579457264304295e+01
1.306924334537022148e+01
1.301066865276293072e+01
1.294878483114810841e+01
1.288966968493428489e+01
1.284213246274722486e+01
1.278496734790978628e+01
1.272250786412162427e+01
1.266761408500621044e+01
1.261472098430368582e+01
1.256093412679495280e+01
1.249676732024129677e+01
1.243802189691457549e+01
1.241506492441526355e+01
1.235438224544268415e+01
1.231297472607711896e+01
1.226139902172219465e+01
1.221228546073627186e+01
1.218332825341221692e+01
1.212421331633109212e+01
1.208159697517181463e+01
1.202369948885776729e+01
1.196739707048804569e+01
1.192239312184407751e+01
1.186980587737075510e+01
1.181676159794659497e+01
1.177485572886248910e+01
1.173060537348297316e+01
1.169110740799764692e+01
1.163681941481022442e+01
1.159045628047104692e+01
1.154518771982847802e+01
1.149206284127710198e+01
1.144276475711692598e+01
1.140352940093351997e+01
1.135097664398992556e+01
1.131106884166036153e+01
1.127009634952127115e+01
1.122204924333642673e+01
1.117398376081737155e+01
1.114987589394649348e+01
1.113337039809420936e+01
1.110445715684543266e+01
1.106402533670108568e+01
1.104896969919526839e+01
1.101122646785236014e+01
1.096308852778498455e+01
1.093183598163036585e+01
1.089369543733756451e+01
1.084906637934012430e+01
1.080309743802278710e+01
1.076766616899589835e+01
1.079746568425551700e+01
1.076149708174710362e+01
1.071684867109014583e+01
1.068330923394543142e+01
1.065818982813670068e+01
1.061334042444028469e+01
1.058205789049705459e+01
1.054486874308383015e+01
1.050785791764404919e+01
1.049433383945317644e+01
1.049112332236424194e+01
1.045985258652400596e+01
1.043625776315892928e+01
1.040196547198656063e+01
1.037356482092454613e+01
1.033359641973503962e+01
1.029771163078398111e+01
1.026124671442079439e+01
1.023071045762337583e+01
1.021871880250994913e+01
1.018375735704313634e+01
1.016725899472558048e+01
1.013716212137423689e+01
1.010486058086123329e+01
1.007634482011611254e+01
1.004140087505787449e+01
1.003159581709967441e+01
1.002164973589788310e+01
1.002564981722375137e+01
9.994161828691995098e+00
9.959860436923923643e+00
9.950238701854591028e+00
9.923823634885751588e+00
9.899136604666283645e+00
9.867881838116408844e+00
9.849235537184629408e+00
9.821641801792244664e+00
9.793153124725607839e+00
9.759851193687953952e+00
9.732455047172560825e+00
9.705900000115189385e+00
9.687017146322515870e+00
9.663203999207523154e+00
9.631363654454792922e+00
9.628463645677065585e+00
9.607074920919098204e+00
9.582289923568202639e+00
9.552507425165945421e+00
9.528290383782374917e+00
9.510524246153453376e+00
9.502953414904776963e+00
9.471030616407370317e+00
9.469199442469696137e+00
9.442040575063341379e+00
9.411704135477723554e+00
9.384328199235516976e+00
9.376497030166001778e+00
9.351540159347154102e+00
9.323060443049053347e+00
9.307935273414438271e+00
9.281624060220098116e+00
9.271737778947370501e+00
9.261460064835290495e+00
9.237553197581661379e+00
9.230321754457204264e+00
9.202046191979727396e+00
9.186660262402734034e+00
9.159010787395086339e+00
9.150665564436415877e+00
9.129154565765597695e+00
9.105042481828279577e+00
9.080995044616473777e+00
9.064914022481003641e+00
9.045872380456874140e+00
9.019202300495255287e+00
9.009907742314958057e+00
8.987372842016398522e+00
8.967004225998737255e+00
8.959784632314105934e+00
8.935436080270966031e+00
8.917146583828953865e+00
8.891255625493510450e+00
8.868875643639469786e+00
8.842911114525300320e+00
8.821859540779213305e+00
8.800274310842279846e+00
8.782753974580312928e+00
8.761960041575703073e+00
8.739601283965903633e+00
8.718035031747380259e+00
8.723530121582317776e+00
8.718212939405232120e+00
8.695262030827210609e+00
8.689754909509273872e+00
8.671112751730001733e+00
8.656712793282062890e+00
8.635920634653796668e+00
8.619642452493712526e+00
8.601663748314583913e+00
8.579561184353826420e+00
8.557671077611573196e+00
8.541583357398097931e+00
8.523697314859505880e+00
8.511619768153595444e+00
8.492182912200437528e+00
8.472570177018823756e+00
8.450103456055265028e+00
8.433457941270452451e+00
8.428927719438073396e+00
8.421293647764626300e+00
8.408013096160942723e+00
8.386703257529806166e+00
8.366426602403056023e+00
8.346941509147749017e+00
8.332154534994870687e+00
8.314784619057833837e+00
8.308005815958059870e+00
8.310808228718824964e+00
8.291775301675562204e+00
8.277824443285975775e+00
8.280821312249898369e+00
8.264103233050391850e+00
8.245512166017066491e+00
8.254282117050937728e+00
8.234304868487205553e+00
8.216816162289902081e+00
8.202396585873225732e+00
8.197451026049609624e+00
8.197107584374533573e+00
8.190029298136147773e+00
8.176754129173311014e+00
8.161631817224234808e+00
8.145607676984974788e+00
8.141410055456587358e+00
8.121621525920541984e+00
8.102391763392185808e+00
8.086803848657048377e+00
8.074944731971674727e+00
8.060101712419200481e+00
8.042943377635268121e+00
8.027238047158718359e+00
8.010255968732765908e+00
7.992026774132828137e+00
7.973906118451109748e+00
7.957360636704274626e+00
7.942593013143018688e+00
7.925136947552918087e+00
7.905886098259763628e+00
7.902170299408155962e+00
7.884533874878054682e+00
7.872837765586969461e+00
7.857252975880108181e+00
7.838723584415369317e+00
7.823003376767446504e+00
7.808550914818892963e+00
7.791047591293308372e+00
7.791575310226437345e+00
7.776105819992364943e+00
7.758382322720266622e+00
7.747468844223849516e+00
7.730563086668257533e+00
7.714433698363692749e+00
7.700560232502306590e+00
7.683441429493879760e+00
7.667988842587460496e+00
7.651319999431829721e+00
7.638382697209519456e+00
7.624206688205156013e+00
7.609421854708289246e+00
7.594255195569678207e+00
7.579507526083890667e+00
7.562572865824013668e+00
7.548207994676339183e+00
7.539931477448197583e+00
7.524169759977032079e+00
7.522162918939361731e+00
7.508965657768739810e+00
7.494334672700427191e+00
7.489645088234320625e+00
7.475880933246643600e+00
7.467050600004514038e+00
7.451382232903134728e+00
7.435349977496841234e+00
7.424516372533543240e+00
7.412942574195469092e+00
7.398695678169175949e+00
7.387810999167577997e+00
7.374122397548456220e+00
7.358639914090693068e+00
7.346246272017617152e+00
7.348230486555734409e+00
7.333347976255711664e+00
7.318505738821859730e+00
7.307827037837158812e+00
7.306399043250272562e+00
7.300817543779809071e+00
7.285794360697011918e+00
7.279658705317244127e+00
7.274772234258803039e+00
7.262950278747855037e+00
7.252606239596711468e+00
7.253445995396597290e+00
7.239500010302519328e+00
7.228197808457071716e+00
7.222660279547854500e+00
7.215140602175216245e+00
7.205018823452125076e+00
7.199836594104388254e+00
7.190855396929486609e+00
7.177166520565840813e+00
7.169266634499894764e+00
7.156411141128280917e+00
7.156255021903868752e+00
7.144095033610131651e+00
7.131035400868075413e+00
7.118931282088005297e+00
7.108090821275439453e+00
7.109080547577725895e+00
7.095372233804934758e+00
7.087907884762300270e+00
7.079665189907041523e+00
7.067783596052792383e+00
7.066446938974221048e+00
7.056557029617104959e+00
7.043731635876812724e+00
7.036958498644120930e+00
7.026567196833810591e+00
7.022414317464305000e+00
7.010171136588569496e+00
6.998085415070473658e+00
6.986936636212985441e+00
6.976587778493916758e+00
6.966323882241609589e+00
6.957547320267252644e+00
6.961102691317610613e+00
6.948666765092046838e+00
6.944531577800804101e+00
6.936187757646023577e+00
6.924005015521852435e+00
6.911497791996779050e+00
6.900180255075623492e+00
6.887652243220055759e+00
6.875976600377027736e+00
6.865265938989605132e+00
6.857779325873290865e+00
6.846695373374703131e+00
6.834358794554422190e+00
6.833148460337159946e+00
6.823352939560703767e+00
6.813406864988960976e+00
6.810159525578970197e+00
6.800920544001643364e+00
6.790226113669668884e+00
6.788058575405283790e+00
6.785702088656917930e+00
6.774057158928909139e+00
6.765147945518018346e+00
6.753506791831502376e+00
6.744090792772373888e+00
6.733452929919083729e+00
6.723441056543630445e+00
6.711952684638171185e+00
6.702544797898458029e+00
6.701458159062585018e+00
6.697117117163367439e+00
6.688453425120256313e+00
6.685109923145433619e+00
6.677012273967426914e+00
6.666632950817092507e+00
6.666269130942894527e+00
6.657094179873555007e+00
6.654788784441861615e+00
6.646968941685727827e+00
6.641332141380718923e+00
6.636810078801339330e+00
6.628222827490377611e+00
6.618215373331419293e+00
6.608927408151421545e+00
6.598423864938613548e+00
6.588252664184231833e+00
6.578952972185370562e+00
6.573205997513942300e+00
6.562728384060017461e+00
6.551613005775848819e+00
6.540691213491527378e+00
6.531701137946701152e+00
6.520935353001485524e+00
6.510455023585945966e+00
6.502591283065630279e+00
6.496752638486996467e+00
6.486713912540184701e+00
6.482848547037836973e+00
6.476382230196811918e+00
6.465470275477682272e+00
6.455033460391829792e+00
6.445479910445345517e+00
6.441841375117065560e+00
6.434629980708741037e+00
6.424935040784975904e+00
6.414295833776976430e+00
6.405154005744001289e+00
6.394336927271512039e+00
6.391530626367707413e+00
6.388876277323635833e+00
6.379150439845719056e+00
6.371796523853484828e+00
6.361627369811764687e+00
6.361248953862678412e+00
6.351510299535643611e+00
6.346555666284187325e+00
6.337609928028700601e+00
6.329016348500533518e+00
6.319449241522431926e+00
6.317605324132784084e+00
6.309522254258626006e+00
6.299776875378659824e+00
6.290711899044768352e+00
6.282403451718673537e+00
6.272359641831879884e+00
6.281232743075187308e+00
6.276516400556012343e+00
6.267353074534208979e+00
6.259909337026539511e+00
6.254530158801191675e+00
6.245990124156916679e+00
6.270988233190084138e+00
6.264849899884240791e+00
6.258856480443730774e+00
6.251747303147358714e+00
6.245139885927874168e+00
6.237008823321682272e+00
6.230252119663226118e+00
6.228590994449283436e+00
6.227419731123168489e+00
6.219475821207024246e+00
6.211667582305778978e+00
6.209590274572819091e+00
6.203098490419889366e+00
6.198036211759444747e+00
6.190387857958403295e+00
6.190310864488161258e+00
6.183142533219295522e+00
6.175271271632376546e+00
6.167252185102070960e+00
6.159706477910886768e+00
6.151203204569672067e+00
6.143265030257686554e+00
6.134615812623759545e+00
6.127562360748799009e+00
6.121233795203900208e+00
6.114239208526963232e+00
6.112139496129037397e+00
6.104280435906505708e+00
6.100182558684606349e+00
6.092048677034456183e+00
6.088832376402311120e+00
6.080251681217348825e+00
6.072064880709137746e+00
6.063492620103510866e+00
6.058255729279307999e+00
6.049872410355841446e+00
6.050733557303830779e+00
6.041965518709930372e+00
6.034870980409272612e+00
6.026754882642932465e+00
6.025296414529996980e+00
6.029557552405548471e+00
6.023768476446498710e+00
6.020478641147812837e+00
6.013605828186245006e+00
6.007222073568462051e+00
6.000859752155156102e+00
5.993651753679733574e+00
5.986387540422748899e+00
5.985247755723638541e+00
5.977455428886607081e+00
5.970024394582315708e+00
5.968250926980529059e+00
5.960909088948202594e+00
5.953172010294915495e+00
5.950708896597540765e+00
5.943585490653291004e+00
5.936178200357786316e+00
5.932300160177117476e+00
5.924901090616123689e+00
5.931579816531940885e+00
5.926698819201837942e+00
5.922641633728749078e+00
5.916022648255638394e+00
5.910684791057884802e+00
5.904211973210049536e+00
5.897084190183392138e+00
5.891903266432336750e+00
5.884451069799982115e+00
5.878488439682908684e+00
5.872758476617852885e+00
5.867255573192848850e+00
5.864871020901987642e+00
5.857484599066123288e+00
5.851744351145740985e+00
5.846040009871918741e+00
5.843496992025285941e+00
5.837650252058915967e+00
5.831468394863871474e+00
5.824733241304643094e+00
5.819060092436565412e+00
5.823628305761684665e+00
5.816821067156215719e+00
5.817051128458295750e+00
5.809973485385471648e+00
5.802721135764279836e+00
5.804475668604315963e+00
5.797693473497468553e+00
5.799914776389510251e+00
5.795389230918706502e+00
5.789442261859607974e+00
5.784211015286973456e+00
5.778433739757502963e+00
5.771863740328996073e+00
5.767071049071942568e+00
5.759858678216358108e+00
5.753744518604852587e+00
5.758157911288193098e+00
5.754346760111670456e+00
5.749823620597966034e+00
5.743207386919722879e+00
5.738318596935101823e+00
5.731564875686054883e+00
5.727244241923699519e+00
5.720853169904764002e+00
5.716797073165610144e+00
5.710412817419938669e+00
5.705325438846568176e+00
5.704300508883574317e+00
5.701479822319196700e+00
5.695986459608652908e+00
5.688977672869527602e+00
5.681850098032289687e+00
5.674784153549804699e+00
5.673004286761705650e+00
5.666689558021063000e+00
5.664961735997755099e+00
5.658581752809283216e+00
5.652582100928531084e+00
5.647114769521626165e+00
5.640315742351028838e+00
5.633923038645872516e+00
5.628049662768828121e+00
5.621408113461083822e+00
5.615146586264691209e+00
5.609586997757927129e+00
5.606492013096307403e+00
5.600128690862417713e+00
5.597573574134640850e+00
5.591083156514559782e+00
5.586501439503453348e+00
5.580209813495205395e+00
5.574215360638855365e+00
5.571753334297354421e+00
5.565235979975478031e+00
5.559331136868103762e+00
5.554065313453213193e+00
5.549371067241758659e+00
5.542891564707361773e+00
5.536031409218817423e+00
5.529591443144771468e+00
5.527166734359599154e+00
5.520598943370822909e+00
5.517839813372347635e+00
5.511725522995834403e+00
5.507017199346794456e+00
5.500435927304608619e+00
5.496200117356789150e+00
5.491203024773236407e+00
5.484583661783680064e+00
5.477749075017607439e+00
5.473015707297884447e+00
5.467539679114019613e+00
5.461953996328707817e+00
5.455840867013970197e+00
5.453390356274428363e+00
5.450213567845035634e+00
5.443597183739976586e+00
5.437604859318206252e+00
5.435632170532567642e+00
5.429289453527036180e+00
5.424001167422716208e+00
5.417589797422643905e+00
5.411485275192019273e+00
5.405062044849821667e+00
5.399562391108681858e+00
5.396042244989451397e+00
5.389674055686842991e+00
5.383892905024779907e+00
5.378233507313415096e+00
5.375806172398241323e+00
5.378697509787078168e+00
5.375162534985411078e+00
5.385721294418918781e+00
5.379606909538547477e+00
5.373235642903178011e+00
5.370276371693290862e+00
5.363595962976734910e+00
5.360234242264350080e+00
5.357388870143377169e+00
5.352373992662432300e+00
5.347430634255703197e+00
5.348208761532577959e+00
5.344279609598311609e+00
5.340265516754075570e+00
5.334871164583502967e+00
5.330357909938522099e+00
5.327467223946981356e+00
5.322202681013543213e+00
5.318645811059266926e+00
5.312461355179905809e+00
5.307319767322836945e+00
5.302049790710821497e+00
5.302548924721537382e+00
5.298608720938898564e+00
5.293332620031026003e+00
5.293278314986264554e+00
