2.798585323708537231e+01
2.740726674641814853e+01
2.715749249197228110e+01
2.675817444360823316e+01
2.657995059417565642e+01
2.623226316435861349e+01
2.607825202807876508e+01
2.587083697110355374e+01
2.565980758589763511e+01
2.545405942325442439e+01
2.524591031413290310e+01
2.506906876082015856e+01
2.484895718539266696e+01
2.467627383237746130e+01
2.448699888322697049e+01
2.431362115781714905e+01
2.412876552176854261e+01
2.396599967839560819e+01
2.383209526894601638e+01
2.368853624455696405e+01
2.355713823389967132e+01
2.337866439117108897e+01
2.320070362253092355e+01
2.303632841500036221e+01
2.291220258764189310e+01
2.274727823682273709e+01
2.258598802500281622e+01
2.245510547382142263e+01
2.232279879853307136e+01
2.218238491513681510e+01
2.201300056853245835e+01
2.187166545567825082e+01
2.174875535791921521e+01
2.160564542489972339e+01
2.147134234659009877e+01
2.133655860597786003e+01
2.118634585383687252e+01
2.106269826059116212e+01
2.092958601213239689e+01
2.078300225659707223e+01
2.063462393013231377e+01
2.047805787463392235e+01
2.035093405382775700e+01
2.021796348215486461e+01
2.007324464049209212e+01
1.993630936167723888e+01
1.980950785537944014e+01
1.967916177562157998e+01
1.957477797173796219e+01
1.942214443159722137e+01
1.928582971521366218e+01
1.913229885313458567e+01
1.899671500445245442e+01
1.887907897441149530e+01
1.874295624542867955e+01
1.863468101084411188e+01
1.852068645188028029e+01
1.839599168412869901e+01
1.828222123391512355e+01
1.816834114976488124e+01
1.805961012370155316e+01
1.792823321900593925e+01
1.781711537289089975e+01
1.767233091491686281e+01
1.758505192904907233e+01
1.747487907641404448e+01
1.735893180432421445e+01
1.723727053593310643e+01
1.711206509044054158e+01
1.698512034820457828e+01
1.686603142153428436e+01
1.676953446164148431e+01
1.663433466767677160e+01
1.653247552124255293e+01
1.640504431475419267e+01
1.630966020495521818e+01
1.618374450229728723e+01
1.610017431268470744e+01
1.597380945618368919e+01
1.587925515166434387e+01
1.577734272748599054e+01
1.566046404667397240e+01
1.556652021051480261e+01
1.547379466638346557e+01
1.540981363294587858e+01
1.530935961253190314e+01
1.521353049403186475e+01
1.513367752242567832e+01
1.503348634119664062e+01
1.494805819321685192e+01
1.488275982096600636e+01
1.485171972991809675e+01
1.475132155326553729e+01
1.466465856448242810e+01
1.458139615501370834e+01
1.454095639384672012e+01
1.444808022966400607e+01
1.435116660398608701e+01
1.425396707219890757e+01
1.416784923039253208e+01
1.412243682304233339e+01
1.402767105458859120e+01
1.394878203264661742e+01
1.392403098008225903e+01
1.383405843868349017e+01
1.374306634747152955e+01
1.367903393103709853e+01
1.361747574548970263e+01
1.352926514122850499e+01
1.345150363394246007e+01
1.340868029199334543e+01
1.333037091690653853e+01
1.326146547305967616e+01
1.321334624235071864e+01
1.314338783542564215e+01
1.309105019217701127e+01
1.306356596758238453e+01
1.299811842777732274e+01
1.293394345468971629e+01
1.292730238516990937e+01
1.292780688828776015e+01
1.286658140303994813e+01
1.281732254560733253e+01
1.275015981885497496e+01
1.269060240738040868e+01
1.262501018937346231e+01
1.258988699662737076e+01
1.254212944499845328e+01
1.252321340734175692e+01
1.246164983825347150e+01
1.239945286063112206e+01
1.235383609756839363e+01
1.230706711268132558e+01
1.225842596587128597e+01
1.223695417977083011e+01
1.217940100968543682e+01
1.212419317940303998e+01
1.207724117641082628e+01
1.201638483038674821e+01
1.197106400679715854e+01
1.194680609303402719e+01
1.193780486085350923e+01
1.189177117388759974e+01
1.183463065524726865e+01
1.181081531965658193e+01
1.177100362997366645e+01
1.174983733708667799e+01
1.169564768931642895e+01
1.165281942757712486e+01
1.160478332523130263e+01
1.155206068395287033e+01
1.151157888705306220e+01
1.147000362549784391e+01
1.141768694079910418e+01
1.138676266623836142e+01
1.134052578521605703e+01
1.129604846726539336e+01
1.127905151821244623e+01
1.125108834460331231e+01
1.120314938942506267e+01
1.115697720664685733e+01
1.113117846608855110e+01
1.110312782767902817e+01
1.106044689457653263e+01
1.103093340465603234e+01
1.098968107308150266e+01
1.094516011214172657e+01
1.093270689198056544e+01
1.090175537199810485e+01
1.089263402319381768e+01
1.088278750113697235e+01
1.084702957246422095e+01
1.083745212568083360e+01
1.080664790868198111e+01
1.077250951280035096e+01
1.073273704731385791e+01
1.071344228653014596e+01
1.068595226162457479e+01
1.064645368993119767e+01
1.060550449387861249e+01
1.057064694389690196e+01
1.052938540136133838e+01
1.051168512161230595e+01
1.047743653475637338e+01
1.043722536425597802e+01
1.039778757322140024e+01
1.036540373671284776e+01
1.033146593113972678e+01
1.030572067966619798e+01
1.026850739635182919e+01
1.023546844928376487e+01
1.020380289927823014e+01
1.017052266408748373e+01
1.013297690566223075e+01
1.009772356002447502e+01
1.010375773202211391e+01
1.008502302529855754e+01
1.005066635736481651e+01
1.003119946984153010e+01
9.998031745652609104e+00
9.965151771619639831e+00
9.934165398753897591e+00
9.899336126657839685e+00
9.876724868100996702e+00
9.850312951471911660e+00
9.813483549661343730e+00
9.779120649161116674e+00
9.749890642986972722e+00
9.717961148339796296e+00
9.686430010452527384e+00
9.657266102159995924e+00
9.631287556845830267e+00
9.628728874271249794e+00
9.600976713742348068e+00
9.590724799366945774e+00
9.560931805412591800e+00
9.540646163986938433e+00
9.529597008712284989e+00
9.509301943812410229e+00
9.482196294105525780e+00
9.454715820853056840e+00
9.427325556179599886e+00
9.431643046020926846e+00
9.403293900873419986e+00
9.376205548801257450e+00
9.347117075855656765e+00
9.320221409739650298e+00
9.297618567093467234e+00
9.268460219711100123e+00
9.237489417717215545e+00
9.218477258281865261e+00
9.189462328339223163e+00
9.184736317138620265e+00
9.158814412287428652e+00
9.131013698158318093e+00
9.105349685881057198e+00
9.082059720855982121e+00
9.079262164898649345e+00
9.049045281043285982e+00
9.024837631788267700e+00
9.012293130864328816e+00
9.031419440790209308e+00
9.018692536443911223e+00
9.018709498387575962e+00
8.999990486119829214e+00
8.988308286531923486e+00
8.962307699106814241e+00
8.939955107334096596e+00
8.913228638544941518e+00
8.890440804765383120e+00
8.867560248027363201e+00
8.845112222929804702e+00
8.819231505640507507e+00
8.798703438544704269e+00
8.774174787464371406e+00
8.784290252387272346e+00
8.758647138812923671e+00
8.733642231570510006e+00
8.709531662051730905e+00
8.691768802392013882e+00
8.671464984869340142e+00
8.648981500110084042e+00
8.629200287009769710e+00
8.634502632944300871e+00
8.617495052148960610e+00
8.602698349352234430e+00
8.581692446930155427e+00
8.562329337814599484e+00
8.543398246002036345e+00
8.542442666683818686e+00
8.519059658794896350e+00
8.495610114537557322e+00
8.476037776969862492e+00
8.454203570422961889e+00
8.431864917799599013e+00
8.410463860709537443e+00
8.399654759987223329e+00
8.381412310176155955e+00
8.366320646228277980e+00
8.345997699751322330e+00
8.325578781148891494e+00
8.323378031923565956e+00
8.302692224339965676e+00
8.305753701264313449e+00
8.307985041556973371e+00
8.285545180355635253e+00
8.265713492507176241e+00
8.246205538220145570e+00
8.229288273797179087e+00
8.214893364680957433e+00
8.210255203982450567e+00
8.189045485498724020e+00
8.168133697695726170e+00
8.149304243673027415e+00
8.128570834457907068e+00
8.111336607770022411e+00
8.091352100936028080e+00
8.076936292717480370e+00
8.056606897635324671e+00
8.037888540816977567e+00
8.018901149071362866e+00
8.002829175219398294e+00
7.997485530784123497e+00
7.978250124521096609e+00
7.958446778872725780e+00
7.946601825161958566e+00
7.929131950995713218e+00
7.939111839811857863e+00
7.944146021965821092e+00
7.929475057774849844e+00
7.910160585557203916e+00
7.909824423421789596e+00
7.892806427255727897e+00
7.886546282505978667e+00
7.873907790489043101e+00
7.858300301935766008e+00
7.849684142561724975e+00
7.837641902270065408e+00
7.821819705573957116e+00
7.805728379219945445e+00
7.787511625817766792e+00
7.785557842816519525e+00
7.781871271730943285e+00
7.779040433674333066e+00
7.764951768309460434e+00
7.747910180411304637e+00
7.747522902999194550e+00
7.729279616773427897e+00
7.718955844215258821e+00
7.702883540359484194e+00
7.703749717936027253e+00
7.690160685859634526e+00
7.678352641567498971e+00
7.664518574319862942e+00
7.650457817742628563e+00
7.633963654468574944e+00
7.617950015567302557e+00
7.605594414953523064e+00
7.589537794173877749e+00
7.578569794243704472e+00
7.561281499100460657e+00
7.545431846832984846e+00
7.529231919767336301e+00
7.516594795484188296e+00
7.500808238146963625e+00
7.492691552842257074e+00
7.479373300109832812e+00
7.463763344311346692e+00
7.447181828719000585e+00
7.432023516507078043e+00
7.420345692162267248e+00
7.418292785771555486e+00
7.411086750992209815e+00
7.400151080061212028e+00
7.406994486887654716e+00
7.400647989350483513e+00
7.387019889704662390e+00
7.378479132148416220e+00
7.368772901883003712e+00
7.359578368916809943e+00
7.346833795635282272e+00
7.335054940450959293e+00
7.325869814563204407e+00
7.310556117636076046e+00
7.310523757784824106e+00
7.296148484916633592e+00
7.283681958471240669e+00
7.282944239821993015e+00
7.276626695235295372e+00
7.262860952252453650e+00
7.250114210849482710e+00
7.238874962430628557e+00
7.223993805246498923e+00
7.209528336157241313e+00
7.211939325083005947e+00
7.198458580145294938e+00
7.193128757339008139e+00
7.182399053161284463e+00
7.178117856448021250e+00
7.165452140196249431e+00
7.156800898247515974e+00
7.154100963263418933e+00
7.146500300076946921e+00
7.136432209136945204e+00
7.133239388670443049e+00
7.119630069468093403e+00
7.107829736978553470e+00
7.095434199699989009e+00
7.081600513268068831e+00
7.067860717622714617e+00
7.056754424327417397e+00
7.044651087366001541e+00
7.043467490569220502e+00
7.029262586609617891e+00
7.025154964877585506e+00
7.021552071516720339e+00
7.028546334881534463e+00
7.022569794531379195e+00
7.013236549608529380e+00
7.003361645960715975e+00
6.991969285000049439e+00
6.981996703375052959e+00
6.970775646490304567e+00
6.958040573819887165e+00
6.949731423257693663e+00
6.939564582109200686e+00
6.928415291495447548e+00
6.915557598072575196e+00
6.905067952685010724e+00
6.893671720806217706e+00
6.901597635698971445e+00
6.888904488874043608e+00
6.877267084375337625e+00
6.864358493411533146e+00
6.852498611993521394e+00
6.841089150308019562e+00
6.837123902003718001e+00
6.827490212674883985e+00
6.816387940124021938e+00
6.811865382391490975e+00
6.802300173091916591e+00
6.801081991902933055e+00
6.818005655682428667e+00
6.805454860125511374e+00
6.799110643059392167e+00
6.801491681724176175e+00
6.790510662024883182e+00
6.779437411228442123e+00
6.768150092850956590e+00
6.762125119297158982e+00
6.768334426270319781e+00
6.787053259341286449e+00
6.781719078352939967e+00
6.774809012998225910e+00
6.773771016252166710e+00
6.772852241946083929e+00
6.762244820671041268e+00
6.750984465136463442e+00
6.743279674153187742e+00
6.734291100420475296e+00
6.724105667018284826e+00
6.714983920866337996e+00
6.704174924047742401e+00
6.699025415032028974e+00
6.696516351036530423e+00
6.688618542334154426e+00
6.684361110228131508e+00
6.681258091605593918e+00
6.670735857483848008e+00
6.661150207936231027e+00
6.651283734491923560e+00
6.640340150977410261e+00
6.630091988758202604e+00
6.619356888049122034e+00
6.610546527193750244e+00
6.602414970017746576e+00
6.598974106681488649e+00
6.595383838997710413e+00
6.584908262141213164e+00
6.576605613954132679e+00
6.567893762646543898e+00
6.559899519924753619e+00
6.551646503799262611e+00
6.544351082913485662e+00
6.536127016452818239e+00
6.527199005248395025e+00
6.520270414042426133e+00
6.511113823462721939e+00
6.500906198899651045e+00
6.492079894696230369e+00
6.483550885910281281e+00
6.474886205513174176e+00
6.465118254344540460e+00
6.458129200794773261e+00
6.450267913197917480e+00
6.449450930584999853e+00
6.440427421202312708e+00
6.430714194256600180e+00
6.421296857943845637e+00
6.412657890072809508e+00
6.402994056349359475e+00
6.403077591415915926e+00
6.392953307847042410e+00
6.386796212388466287e+00
6.378111812913882517e+00
6.367790188155448838e+00
6.363432887533291726e+00
6.355411673991774535e+00
6.357815321921340690e+00
6.351610160540881012e+00
6.342435213716010267e+00
6.332786210214147893e+00
6.325685885128884856e+00
6.316352515806651802e+00
6.314951811127675008e+00
6.305651339431436853e+00
6.296592103548458219e+00
6.287607643849900008e+00
6.278189933959626323e+00
6.270923696173031026e+00
6.265900592276949510e+00
6.256043469256503009e+00
6.247275002358268381e+00
6.239446674309451879e+00
6.229801459878799186e+00
6.221583379854010332e+00
6.211952448055692244e+00
6.203225584997689168e+00
6.196844373916754023e+00
6.196423895133350790e+00
6.188805438519991320e+00
6.179212435050363439e+00
6.170326476318607867e+00
6.165230886310635761e+00
6.158615417943287262e+00
6.149605389521500598e+00
6.151667094722678364e+00
6.142419983400971617e+00
6.143339529320821057e+00
6.137347192836543286e+00
6.129276301885561828e+00
6.122525470430296046e+00
6.114917722238871534e+00
6.109209115176250648e+00
6.100227865350205114e+00
6.093377146738427008e+00
6.087124221765050081e+00
6.079833458293555815e+00
6.075427190459733673e+00
6.067633542281942738e+00
6.059127784446783238e+00
6.051421715717685501e+00
6.044236297300746408e+00
6.036000789396974930e+00
6.029421210322641222e+00
6.020716487306148501e+00
6.012093510954885645e+00
6.005791783859297794e+00
5.997303702439993778e+00
5.988853867897992345e+00
5.987783763313791141e+00
5.985783233359311062e+00
5.983929210641458774e+00
5.976842007061965667e+00
5.969246872006787719e+00
5.961761196492105341e+00
5.954229660663010293e+00
5.946402850670119200e+00
5.944768445881543961e+00
5.945746887337856279e+00
5.940666100684648399e+00
5.938487122391968853e+00
5.940611956640228897e+00
5.932879707017110427e+00
5.926165681149888620e+00
5.917540465688242435e+00
5.921198752892670392e+00
5.914679885475994325e+00
5.909931956134671260e+00
5.903941978283937964e+00
5.896034308075222441e+00
5.889088974479255612e+00
5.885634912535926411e+00
5.880280000292863463e+00
5.876172988003155240e+00
5.874120479967309016e+00
5.882690570375445738e+00
5.878229388523661392e+00
5.871168726002014893e+00
5.864411520199475980e+00
5.868842316478090737e+00
5.863293500590637919e+00
5.856025990686395843e+00
5.851032733301565258e+00
5.846748604762941781e+00
5.840535188802659761e+00
5.834892289967631207e+00
5.827614352087682192e+00
5.820620632472708778e+00
5.814463415252348888e+00
5.808235064859088581e+00
5.801979911375185317e+00
5.795642950149026973e+00
5.788497655744437864e+00
5.781164922217929103e+00
5.774324628086600519e+00
5.766911593729449947e+00
5.761903254886575176e+00
5.755281750840854471e+00
5.753609329655337667e+00
5.745825223659883463e+00
5.738276922919664180e+00
5.731112437087923617e+00
5.724044006526938233e+00
5.722952808722613582e+00
5.721376749871994072e+00
5.716483163958650415e+00
5.714283937261426694e+00
5.708632609995400564e+00
5.702255839757233602e+00
5.697058716063248873e+00
5.691396337559773144e+00
5.685749351230374948e+00
5.685690792425050155e+00
5.680312965056076635e+00
5.673479801804405476e+00
5.674257266987763337e+00
5.669492598807362782e+00
5.663107760681200809e+00
5.663437621723321769e+00
5.656816924762677168e+00
5.652911353276112827e+00
5.646553657605399401e+00
5.642911870193525914e+00
5.635676029611696336e+00
5.632573248431760327e+00
5.646524344711639110e+00
5.641065140124382538e+00
5.635712361054399544e+00
5.628801674906039665e+00
5.622517848746847235e+00
5.619022341221410421e+00
5.617701145266202012e+00
5.616849948121595659e+00
5.611313690023353118e+00
5.606976687534963588e+00
5.602404122304332823e+00
5.595858666847344232e+00
5.593616844505682195e+00
5.592271531378377070e+00
5.587229287129064303e+00
5.586298196200888633e+00
5.580733261537521805e+00
5.576474525236570834e+00
5.572327595150233570e+00
5.571127230175077827e+00
5.565097254023266160e+00
5.558909645228798269e+00
5.554334448341042396e+00
5.547972959934866388e+00
5.542925508699342529e+00
5.536755471327879263e+00
5.531853200042795571e+00
5.528240994238235118e+00
5.522023424847851913e+00
5.516103224766738755e+00
5.509998295376998811e+00
5.503841425841504709e+00
5.502634883445102432e+00
5.502364123430051102e+00
5.495831355829547071e+00
5.489013106270684617e+00
5.483910852589450435e+00
5.477451142596696521e+00
5.471647521291145289e+00
5.467559411405260583e+00
5.461425285053562284e+00
5.455374934454160218e+00
5.448854811724767266e+00
5.443003049027042017e+00
5.442155701119998135e+00
5.437230264984099115e+00
5.431450103673733487e+00
5.425860265702628027e+00
5.421777979907336231e+00
5.419430351200824170e+00
5.412669574658217186e+00
5.406369892608981154e+00
5.400129429785105017e+00
5.393602982316720862e+00
5.387487491828456321e+00
5.382241107635537425e+00
5.375955406333920550e+00
5.370422089174465619e+00
5.364549286389030947e+00
5.360171665960048237e+00
5.355850631199316148e+00
5.352233416650398645e+00
5.347311999365222057e+00
5.341586308784714632e+00
5.336474504243386541e+00
5.330732240728872640e+00
5.325976188076595008e+00
5.326112441933327446e+00
5.320881425710441981e+00
5.316036099983363350e+00
5.311381101582901110e+00
5.306205632353050206e+00
5.302059294165982095e+00
5.299092366254676278e+00
5.292728687716492963e+00
5.291944170220843624e+00
5.288457681326129922e+00
5.284057207002015311e+00
5.278512428891344754e+00
5.272351040051018956e+00
5.266924603198712695e+00
5.261718645497158064e+00
5.256929267627358016e+00
5.251700343790856707e+00
