5.000000000000000000e-01
6.382396419040661240e-01
9.561455692441050980e-01
9.811002926634109222e-01
9.892272613285675309e-01
9.924764774863709116e-01
9.939350400292229493e-01
9.921078288549599611e-01
9.926024720563700887e-01
9.951780260367515396e-01
9.951760836446233993e-01
9.955560097467498482e-01
9.954768935061772961e-01
9.956715096010702037e-01
9.963931517631552381e-01
9.973125700312088782e-01
9.965388601637119592e-01
9.969567643805867796e-01
9.984264304485911401e-01
9.979141027815344733e-01
9.984444917962924659e-01
9.980794090489381043e-01
9.988132853823394885e-01
9.979198719760650205e-01
9.983784214730001549e-01
9.990573020173333374e-01
9.984030637611960302e-01
9.981277079338021219e-01
9.979974806884186478e-01
9.987671028351677860e-01
9.991198644384239325e-01
9.990607809286085050e-01
9.991677284593787345e-01
9.993755354261885104e-01
9.992627607190329719e-01
9.993358178558017224e-01
9.994024100157856694e-01
9.991867175167534754e-01
9.987589273936723355e-01
9.985594698139219627e-01
