2.804175864323016398e+01
2.681747467226010428e+01
2.659198015422684236e+01
2.648514358075206587e+01
2.635388293018298000e+01
2.608999073079457176e+01
2.588852909289801119e+01
2.574795326436044718e+01
2.553793082224098043e+01
2.538394278761940726e+01
2.519525197951070083e+01
2.504697969493015464e+01
2.485174219778680182e+01
2.461950698599556020e+01
2.444784013086018959e+01
2.428369145010557517e+01
2.415413094403694316e+01
2.398660987380185716e+01
2.384334362959594600e+01
2.365367702450079790e+01
2.350740737692850857e+01
2.335327515234824602e+01
2.316531355930172609e+01
2.302328395713120202e+01
2.288538720488953970e+01
2.274966227043955413e+01
2.258227903674773174e+01
2.242317437957203197e+01
2.227363433238059542e+01
2.212581648802639478e+01
2.199499474470916383e+01
2.187002665352187947e+01
2.172411323529023264e+01
2.156561916080229580e+01
2.145032753810909654e+01
2.134621678535640044e+01
2.121424232659571985e+01
2.108780244177259178e+01
2.096025806343968512e+01
2.081932545113497213e+01
2.066682481570910568e+01
2.051775809905472414e+01
2.036483564494259468e+01
2.025997889785801220e+01
2.012081895911081730e+01
2.001961110832993640e+01
1.990515102327483632e+01
1.975587065412885934e+01
1.963724581729340812e+01
1.951078455008331147e+01
1.938222304468455803e+01
1.926008670672140610e+01
1.912875350824777598e+01
1.903495152996109852e+01
1.894180692350914796e+01
1.880448182003526014e+01
1.869923138720205458e+01
1.858000705895741334e+01
1.843355435158629518e+01
1.832080171327805473e+01
1.822913537859904309e+01
1.810948937871470932e+01
1.800745098212611950e+01
1.792868607472134457e+01
1.779905199787131309e+01
1.772115419470788567e+01
1.764945330343094909e+01
1.755694128219744954e+01
1.741641872486799159e+01
1.730744461573642923e+01
1.717976457504554944e+01
1.708563943037325572e+01
1.699336622754021064e+01
1.689709314797776685e+01
1.676956844280647019e+01
1.666179100717952011e+01
1.653859805075139633e+01
1.645270463247331350e+01
1.635667442315102349e+01
1.623628906397019733e+01
1.615704503603292963e+01
1.604752499516006736e+01
1.594680573641190513e+01
1.586050651880309914e+01
1.574445092332071816e+01
1.566522319541649644e+01
1.556138388847385734e+01
1.547883339528093671e+01
1.538782784532217285e+01
1.529392618696356543e+01
1.518419038334156390e+01
1.508040606911505854e+01
1.498916777941257017e+01
1.491773631428087654e+01
1.483784407333541111e+01
1.475900986695803141e+01
1.466052202232467216e+01
1.455702189126860446e+01
1.448854509507592070e+01
1.440500588472727550e+01
1.433550284419322196e+01
1.425634104285109771e+01
1.416682481179351427e+01
1.408805090733085841e+01
1.400420194661224649e+01
1.391875729757047431e+01
1.385827933890229779e+01
1.379735720624295148e+01
1.371343766478828563e+01
1.371449284263784207e+01
1.363765762496340450e+01
1.358219826019546339e+01
1.355120708901609916e+01
1.347556442024937695e+01
1.340505942664977646e+01
1.334026329285116219e+01
1.331580923427208241e+01
1.328792580959425962e+01
1.321314994430609246e+01
1.316217576416440238e+01
1.312357133253709840e+01
1.305239767741314338e+01
1.303646136943492451e+01
1.298733406724117678e+01
1.292184694216097540e+01
1.285841151872729426e+01
1.281723501273825150e+01
1.275738121039671746e+01
1.269940430915898766e+01
1.263396091433537016e+01
1.257521806281001453e+01
1.252115112193460078e+01
1.245568000639967998e+01
1.239533605755790191e+01
1.236614677797605033e+01
1.230742240953662048e+01
1.225514132343613127e+01
1.220410240877735752e+01
1.219157489155721841e+01
1.213299767434931553e+01
1.208277972796621569e+01
1.203667940574571382e+01
1.199700724001105279e+01
1.193945749961602765e+01
1.190690721353715453e+01
1.185221712734018418e+01
1.179707396307581924e+01
1.175365464477838096e+01
1.171605427128874233e+01
1.166152261632021414e+01
1.161522644568493945e+01
1.157958822307875302e+01
1.152880179133445004e+01
1.147642950253160876e+01
1.143496312649523361e+01
1.139543712675014753e+01
1.134849129083210251e+01
1.129707021489157803e+01
1.125438845899295082e+01
1.124392694131736903e+01
1.120796271237035313e+01
1.116673880408472286e+01
1.113967084479993908e+01
1.110741173118654501e+01
1.106776186263632766e+01
1.103105054160888443e+01
1.098479627201597708e+01
1.093629303254459195e+01
1.091360875463263191e+01
1.088926198306290338e+01
1.087708513958367540e+01
1.088567867234989706e+01
1.084094534427259759e+01
1.080388266223555327e+01
1.076072472022936033e+01
1.072286152286408090e+01
1.069089043984254950e+01
1.065211492278134386e+01
1.062964401698223149e+01
1.059040799444706415e+01
1.054721544431355440e+01
1.050789029843577893e+01
1.046595347787851260e+01
1.044117154276524140e+01
1.040504501168422635e+01
1.039362041352821109e+01
1.037514611231856598e+01
1.034219331374577777e+01
1.030418680989653524e+01
1.026332412091792712e+01
1.022894071069307920e+01
1.019377025967538941e+01
1.016985950622133217e+01
1.013238329989576947e+01
1.010068282084117186e+01
1.009531839193425462e+01
1.005626629691809804e+01
1.001772712196215132e+01
9.984186716341397982e+00
9.947361983839156707e+00
9.911734995203588028e+00
9.877965767460777258e+00
9.888724792985675194e+00
9.860523189013688850e+00
9.836863765126514281e+00
9.807560922795001801e+00
9.782648226354709209e+00
9.751157946838839408e+00
9.729421317395400948e+00
9.699508885965158811e+00
9.668114307634766647e+00
9.667635550740365957e+00
9.669751497125586681e+00
9.645650275792769790e+00
9.621874902349636827e+00
9.587148848337958995e+00
9.566968131009652154e+00
9.553389274416801413e+00
9.526380603751489318e+00
9.497275154694744259e+00
9.483207114210181032e+00
9.457173797529193848e+00
9.451892510605709674e+00
9.426063186443739639e+00
9.396829941926691632e+00
9.385419860543938952e+00
9.354686675235324600e+00
9.325722790641361115e+00
9.296034659316054771e+00
9.269875966129481171e+00
9.285499957132728355e+00
9.259775808362070038e+00
9.229939832004037115e+00
9.200417539254686972e+00
9.176446880830447128e+00
9.147577981018669036e+00
9.123266050787487202e+00
9.095540431755436472e+00
9.085556208194834227e+00
9.074782829729759470e+00
9.045777349658639110e+00
9.017277957758295770e+00
9.001203220640073610e+00
8.977992451041981070e+00
8.955953585139090123e+00
8.929654122539799843e+00
8.905435542966099405e+00
8.886156110207936720e+00
8.879936150236771297e+00
8.858123010922874130e+00
8.832042139030701122e+00
8.808785479372245319e+00
8.785768836181611974e+00
8.764076649034054256e+00
8.765461882237573832e+00
8.742089235388673885e+00
8.726888700210302829e+00
8.729711726502412006e+00
8.726991740192495683e+00
8.708820297345502226e+00
8.687040765083107630e+00
8.665858022331951460e+00
8.643355765051163431e+00
8.647137525894308396e+00
8.626804950089614010e+00
8.602472437731467636e+00
8.589303454315118103e+00
8.576045074856585515e+00
8.554490251516700283e+00
8.532088486712506636e+00
8.517472633382190850e+00
8.496745075960269844e+00
8.477778969818842825e+00
8.462547553668395395e+00
8.447855208033184127e+00
8.427183271554415711e+00
8.409196854310462044e+00
8.386377925946220557e+00
8.366931244988922600e+00
8.345320087752940097e+00
8.329060558735246644e+00
8.309322316965859656e+00
8.289855335210059906e+00
8.267404727543702592e+00
8.251145289338511546e+00
8.229448755362211543e+00
8.210119913023202542e+00
8.190395257836177834e+00
8.168110202819999444e+00
8.158247150934245795e+00
8.157506629855189928e+00
8.136035727145610963e+00
8.113819379661888931e+00
8.107514598960566587e+00
8.093429080772711615e+00
8.075954558785941373e+00
8.063268473599377373e+00
8.050192099718158190e+00
8.032791042440221574e+00
8.012770235858097223e+00
8.000345932509322466e+00
7.982073593734194894e+00
7.962962395319673092e+00
7.945356410918638979e+00
7.926526166677787089e+00
7.910353920277302109e+00
7.897408247097046363e+00
7.877710072621180615e+00
7.864288850139372400e+00
7.846334829632302110e+00
7.828197333470584773e+00
7.813694030913251432e+00
7.798607580882807255e+00
7.781165094042941099e+00
7.771367254486774456e+00
7.752224329479614262e+00
7.752155550281341512e+00
7.739576132986657697e+00
7.741147823966316288e+00
7.729191661349028131e+00
7.711390111789543589e+00
7.697280206204752950e+00
7.680662355042808365e+00
7.665252001889829359e+00
7.653424981420510420e+00
7.635801499116417368e+00
7.618657061181479229e+00
7.604238444353701887e+00
7.586405681533187284e+00
7.572873990417341439e+00
7.556922817036962670e+00
7.547128096368361128e+00
7.530209309088511382e+00
7.514232895765693421e+00
7.504714325360988703e+00
7.487961358729002370e+00
7.486841150065551176e+00
7.488356190105807997e+00
7.475853051761737866e+00
7.462066586666180612e+00
7.446628199922875169e+00
7.438716861896415899e+00
7.423702894681431630e+00
7.408889410844387235e+00
7.394243433496662021e+00
7.383950886104945432e+00
7.368489873625458486e+00
7.368331136998765629e+00
7.354546898127936494e+00
7.345201048022046209e+00
7.329141918808927514e+00
7.330315264839380340e+00
7.331861824705229402e+00
7.319602637255753663e+00
7.312942600373842694e+00
7.313923317560792725e+00
7.301149796605951536e+00
7.287931792097904982e+00
7.275409513149018181e+00
7.260880237023757289e+00
7.249167694324494704e+00
7.240056229290654066e+00
7.229184117967948353e+00
7.216671963042506022e+00
7.220848604402662296e+00
7.214390570839115391e+00
7.208102406989005395e+00
7.201528715922878021e+00
7.192381256028088643e+00
7.183823379780875484e+00
7.171818733462623108e+00
7.161441040870784036e+00
7.150865335450188986e+00
7.151941070260206423e+00
7.140353661536212648e+00
7.144001996148660716e+00
7.131558099836650122e+00
7.122376729482372326e+00
7.110254404536951789e+00
7.098741328175012910e+00
7.121587158460249256e+00
7.108486318051496333e+00
7.114003532104423932e+00
7.106922889099825724e+00
7.096454131921204223e+00
7.087457832756673071e+00
7.090606719377359646e+00
7.077017830580508928e+00
7.065630915580126903e+00
7.054175712576240542e+00
7.068126048392048943e+00
7.055119408297855443e+00
7.048659525416261395e+00
7.037826759136156518e+00
7.025627677033075891e+00
7.021524429016535507e+00
7.010676453013052978e+00
6.999316594067510167e+00
6.991180832602465145e+00
6.979084679851494499e+00
6.974013182520312881e+00
6.962603743899647313e+00
6.950649017565062593e+00
6.938860305046176791e+00
6.925656974300879121e+00
6.912918081935153225e+00
6.913485609563065459e+00
6.902949939277593039e+00
6.912316720295958561e+00
6.901059422414520306e+00
6.888240296302978294e+00
6.876317350496696790e+00
6.864297364267796020e+00
6.852965542906784613e+00
6.841888073634335043e+00
6.831471706395774390e+00
6.819365408504014958e+00
6.809552195696422672e+00
6.796943528333988738e+00
6.794604368478126766e+00
6.783267392133873308e+00
6.772655457336527185e+00
6.765055355574306262e+00
6.753821649655434634e+00
6.741247884858615258e+00
6.728947213833461838e+00
6.722403732250602282e+00
6.710674189786033139e+00
6.709821273899457594e+00
6.700399209990311356e+00
6.689990349716178564e+00
6.678375768234351639e+00
6.668066273948804579e+00
6.665677284703066974e+00
6.664073947119947938e+00
6.655067045577394147e+00
6.649241212448869121e+00
6.638789435363221969e+00
6.637259862218621187e+00
6.626809095079312151e+00
6.616635234162325574e+00
6.607707921022432096e+00
6.600127898243369096e+00
6.590822815846542504e+00
6.581471581834607676e+00
6.570298156628002317e+00
6.559054608826183852e+00
6.549949973449815666e+00
6.539612116626144278e+00
6.538457798302650836e+00
6.528775969011259228e+00
6.530456539350435463e+00
6.520718683684913586e+00
6.510892167596434632e+00
6.506827169007442180e+00
6.497914766219104798e+00
6.487957511141179801e+00
6.477090747205502375e+00
6.469403931773578975e+00
6.461892088643010901e+00
6.454754378476634358e+00
6.444222813501323088e+00
6.435800317943986215e+00
6.428870424753164947e+00
6.418493263262468496e+00
6.409204779072436686e+00
6.406985492563721962e+00
6.397194146754821453e+00
6.397625089784091834e+00
6.388223450879615406e+00
6.388751299804484418e+00
6.379350693542219730e+00
6.372281273593468853e+00
6.363941834913062756e+00
6.355804784650255890e+00
6.346309221919042010e+00
6.336360380485409394e+00
6.327041382636813260e+00
6.317807368518802313e+00
6.309049125662424373e+00
6.299669837363244262e+00
6.294470521516044137e+00
6.285380087928102988e+00
6.277978579575757223e+00
6.296641872739017209e+00
6.292247100120825998e+00
6.288319439709569636e+00
6.287483125600164868e+00
6.284525319611815597e+00
6.284231751826529155e+00
6.285439655036298312e+00
6.279175004203148447e+00
6.271769627734506081e+00
6.262984986014555666e+00
6.255506263984369042e+00
6.247681003441403647e+00
6.242460110766852921e+00
6.234331786288867860e+00
6.225832923513827666e+00
6.216854458928033900e+00
6.208900715967114792e+00
6.201701088408709595e+00
6.193538246379351797e+00
6.200499764468998087e+00
6.197425693724393447e+00
6.193283544786157613e+00
6.184696591931820642e+00
6.176270169362958917e+00
6.167383181203742737e+00
6.163374927530701264e+00
6.155744993749284966e+00
6.147066316647922690e+00
6.138414509619357418e+00
6.130842006769122499e+00
6.122181134748879927e+00
6.122400638064936729e+00
6.123013856405265187e+00
6.114799761860156835e+00
6.107022837091275136e+00
6.098593590299071998e+00
6.089266752153629447e+00
6.087866614238392593e+00
6.079742705199430830e+00
6.071565223037145742e+00
6.062484524179697409e+00
6.060171584766807840e+00
6.060580253828599773e+00
6.051920356380907862e+00
6.043719030583988072e+00
6.036851012006964723e+00
6.028746864442833697e+00
6.020866527246225175e+00
6.012820827406602398e+00
6.004271828813578793e+00
5.995586530318094631e+00
5.986864552082129087e+00
5.978372308691048076e+00
5.969882857921902541e+00
5.961440722603518871e+00
5.953773735702398540e+00
5.946309668524314418e+00
5.941085873250415261e+00
5.933671352931857434e+00
5.926708470155839237e+00
5.925039979513390342e+00
5.928902952078423993e+00
5.920926693241870709e+00
5.919588848235361134e+00
5.910823297255479503e+00
5.907513023733123703e+00
5.902518584421920345e+00
5.894996476501617622e+00
5.900864485633636747e+00
5.895438330656598502e+00
5.887799254819777062e+00
5.880203586085429812e+00
5.878506210595708659e+00
5.877358796256565654e+00
5.878322396388474758e+00
5.871338488183118542e+00
5.870356321439380132e+00
5.863406474777256960e+00
5.856847147269748532e+00
5.850837431531645372e+00
5.843820139680879322e+00
5.837779352278617218e+00
5.832708942394019935e+00
5.826142188433578006e+00
5.820093572868582754e+00
5.813082762690590322e+00
5.805643541517461870e+00
5.799297995554742791e+00
5.793051895657304939e+00
5.787107610137664615e+00
5.781337219138278805e+00
5.773339068624918191e+00
5.770299915191469786e+00
5.763630817553182517e+00
5.762911188450256184e+00
5.755917847085174621e+00
5.752442242785742899e+00
5.746115254014867446e+00
5.738576963453672519e+00
5.731921622747937484e+00
5.724260208161298991e+00
5.717172925679810724e+00
5.710025429826477428e+00
5.702795026235520481e+00
5.701080929941364950e+00
5.702657057964335863e+00
5.696282151013935646e+00
5.690564278102112183e+00
5.684376663802785501e+00
5.677017569578572953e+00
5.676456494958099341e+00
5.668884433335339423e+00
5.671454392019097845e+00
5.663763121519586718e+00
5.656913008835592116e+00
5.649914143426068236e+00
5.649980951417311381e+00
5.643845121192661907e+00
5.638249762150844724e+00
5.632007434152740188e+00
5.629163115547931362e+00
5.621820773406272842e+00
5.618262047115813118e+00
5.611640675259521593e+00
5.605948382226662474e+00
5.599457499443416530e+00
5.601499828292080707e+00
5.594453760041707469e+00
5.588750889866826554e+00
5.582175399650654235e+00
5.577240390306426931e+00
5.570534200148848925e+00
5.563831150029767691e+00
5.556714061072762334e+00
5.549401958011527469e+00
5.543124523504770806e+00
5.536026410379783158e+00
5.532221949444100950e+00
5.526058219824492745e+00
5.522519550901321850e+00
5.518224532852588737e+00
5.511967425336227855e+00
5.505030624423036478e+00
5.498098662956770966e+00
5.491458409870616286e+00
5.490609688464654248e+00
5.483877626144840534e+00
5.476746306859743285e+00
5.477883238931879006e+00
5.471096734369823800e+00
5.468531889210225039e+00
5.462774362847412135e+00
5.456608211521992047e+00
5.449550460230675242e+00
5.450603925459487797e+00
5.448164100648300590e+00
5.441518117308931757e+00
5.438085032115538731e+00
5.432070257132412650e+00
5.425263522642876701e+00
5.418659728390203156e+00
5.413718988817349143e+00
5.409140526646287306e+00
5.403474919249253716e+00
5.399392439080084927e+00
5.393322292152660680e+00
5.388162945053591280e+00
5.381999309167873058e+00
5.375877104745284463e+00
5.371142962467895465e+00
5.366252655415362227e+00
5.366502156823246494e+00
5.360493769442342682e+00
5.354234973875535708e+00
5.348792442570048600e+00
5.366406171795116364e+00
5.361546785359347922e+00
5.355499283002150612e+00
5.353341830810803614e+00
5.358569072770623443e+00
5.353450469490869779e+00
5.351043688840143808e+00
5.346386421324238469e+00
5.340959646122170668e+00
5.341995395771652611e+00
5.336772817693930193e+00
5.332460538099673464e+00
5.327407177311215491e+00
5.321522827870308170e+00
5.319838238909243344e+00
5.318226307482266435e+00
5.315830578350686508e+00
5.312180890414810897e+00
5.306731996226068837e+00
5.301125338166293943e+00
5.296491703911187621e+00
5.291371969996525593e+00
5.285798078570663527e+00
5.284882153382824299e+00
5.281914063838975437e+00
5.282386278656986178e+00
5.276614186947697682e+00
5.279611094656255332e+00
5.274926401998644820e+00
5.271187988600783747e+00
5.279812839562978866e+00
5.278975535279863962e+00
5.280388231633572182e+00
5.276520825901108935e+00
5.275005750725331843e+00
5.271052192766371824e+00
5.267137761212024039e+00
5.263522196397897979e+00
5.261059829630155171e+00
5.257389978885233184e+00
5.256133785781697654e+00
