5.000000000000000000e-01
6.360383318040618850e-01
9.518642180929476337e-01
9.834562983514306689e-01
9.788268821272381182e-01
9.918109037776630110e-01
9.932436064133732811e-01
9.952194250809209830e-01
9.950187788731515992e-01
9.930186658085351503e-01
9.947544395981275933e-01
9.938817257139377359e-01
9.946313441208574080e-01
9.956509550336221093e-01
9.958866802634118720e-01
9.975574274030941657e-01
9.971536127768815261e-01
9.970880932812073993e-01
9.974286497040750765e-01
9.966850324191043331e-01
9.980794960217198586e-01
9.978794876143509684e-01
9.980985720518764648e-01
9.946329966037126269e-01
9.980790321668836507e-01
9.965564286656489745e-01
9.964246359101921469e-01
9.988657879516602556e-01
9.985899682694298063e-01
9.988535247894172464e-01
9.967396223351900897e-01
9.989825054249273917e-01
9.989790555045799936e-01
9.988171991575236497e-01
9.991246769323542942e-01
9.971948088845598024e-01
9.975635444887521741e-01
9.991777303292932455e-01
9.988951847519320637e-01
9.992268409601214874e-01
