9.447357819047313754e+00
9.294468137709241518e+00
9.176976154639856276e+00
8.944474330433402898e+00
8.883795276066479119e+00
8.689331487390779429e+00
8.479893714641658420e+00
8.320646674752540051e+00
8.149278393637178652e+00
7.989409531046057111e+00
7.835294364999956684e+00
7.703528355901511304e+00
7.573060728929781327e+00
7.445939976362227597e+00
7.313187654516814185e+00
7.214611537327942692e+00
7.109303235083332062e+00
6.999907408124403929e+00
6.892295887633351548e+00
6.794410752793915265e+00
6.701648385455498236e+00
6.604176432849631517e+00
6.513855907714198423e+00
6.417189953310034056e+00
6.330881397862678561e+00
6.245888042842578258e+00
6.159833954529449151e+00
6.077771852333418323e+00
5.995272103663230823e+00
5.911551797421723542e+00
5.838304243327123721e+00
5.766277326274365400e+00
5.693848544824626323e+00
5.621891389733265854e+00
5.558919229602951262e+00
5.487479770313492544e+00
5.419893373480807242e+00
5.358145491102630942e+00
5.310198332770210250e+00
5.245622457425344720e+00
5.188518451425125022e+00
5.129682549711096051e+00
5.075006646614113492e+00
5.021231151586241559e+00
4.964057214377431748e+00
4.912843806948075986e+00
4.862869423267836666e+00
4.810942966452295799e+00
4.763591501371474024e+00
4.715819565676418357e+00
4.667331767634259165e+00
4.619981029721271781e+00
4.579104943940756733e+00
4.532731107585206587e+00
4.491994496591866337e+00
4.448059836603770911e+00
4.407192843884319089e+00
4.365702553927742535e+00
4.322768529248218528e+00
4.282130150827807569e+00
4.244266854815489154e+00
4.202765388227095222e+00
4.164562897846708189e+00
4.123647870779221236e+00
4.091200860954614882e+00
4.058882554978787027e+00
4.025728852776903288e+00
3.988982229560003034e+00
3.956861265015494844e+00
3.920961288269525280e+00
3.887956893149714599e+00
3.853136243313476594e+00
3.819400031554442965e+00
3.792839736185935617e+00
3.760592467233312863e+00
3.726656941884024743e+00
3.697471162471257511e+00
3.668087913044074888e+00
3.638161438748495069e+00
3.612160968312815523e+00
3.581451289195319188e+00
3.556199797679421071e+00
3.526583995497123869e+00
3.499959779194011134e+00
3.470103129033404787e+00
3.440837844105994137e+00
3.415123604330527751e+00
3.389104253297751335e+00
3.360950316761478263e+00
3.338328095348711777e+00
3.311505335389835825e+00
3.287065122830489017e+00
3.262793455938073794e+00
3.236689484924872851e+00
3.214475666922036901e+00
3.198232316637360739e+00
3.174338763960115717e+00
3.149095026000775732e+00
3.129417646049518886e+00
3.106242666034671807e+00
3.085774757561461357e+00
3.067077773360356918e+00
3.054375338939961271e+00
3.036660436350146153e+00
3.014723930946537234e+00
2.995947026754998355e+00
2.974094870288337855e+00
2.954145501425041065e+00
2.933934558856858832e+00
2.917531001351389541e+00
2.900469535306790192e+00
2.883396108209179687e+00
2.863834816465805400e+00
2.847359930815839046e+00
2.830074579711098437e+00
2.812904855175977215e+00
2.794194675838997277e+00
2.775530176770536261e+00
2.757331218141427343e+00
2.742729596836916972e+00
2.730155896186118536e+00
2.715706347882826943e+00
2.699722872278655483e+00
2.681654170899563372e+00
2.667256544686301911e+00
2.651658956170456438e+00
2.639747260742899115e+00
2.625428443405801726e+00
2.610161534078999868e+00
2.595090431556354549e+00
2.579514701092382012e+00
2.564997351648406809e+00
2.551174538540899484e+00
2.536032044418736753e+00
2.522541493828525105e+00
2.507677495590223682e+00
2.493354177103002112e+00
2.481159303212402634e+00
2.467551616859541053e+00
2.456030659647886694e+00
2.444508388629704321e+00
2.432853156416424856e+00
2.422694565614646578e+00
2.409378382547854969e+00
2.400964380432647705e+00
2.388191330910308885e+00
2.376091672179282188e+00
2.362959341878996700e+00
2.355504017985279308e+00
2.343896773561798597e+00
2.335453908354923946e+00
2.322662619240273951e+00
2.315057603413928078e+00
2.304552915329201923e+00
2.293039534183657135e+00
2.282534059143114469e+00
2.272353704301887323e+00
2.261305991036810070e+00
2.249914370931430430e+00
2.243358473072014192e+00
2.232681235170138834e+00
2.223822472394074712e+00
2.212204841000361188e+00
2.200905599905377930e+00
2.192628916712638709e+00
2.182763887597718000e+00
2.171765387966032801e+00
2.160504372979542786e+00
2.151473520951905360e+00
2.141124546943714790e+00
2.132205679099945517e+00
2.124486419180002805e+00
2.115726545506818379e+00
2.105310233483197901e+00
2.097548403381936488e+00
2.088788936656973405e+00
2.079381979195850771e+00
2.071421445000968031e+00
2.061561617038287775e+00
2.052789982922113676e+00
2.044435177065033304e+00
2.037084856632259022e+00
2.027926504541362807e+00
2.019769256350051556e+00
2.014110484463154105e+00
2.006191667481340257e+00
1.999025485080119680e+00
1.991646153836091671e+00
1.984067763975255971e+00
1.975954192775605467e+00
1.967879261056556306e+00
1.962361510222146110e+00
1.955312968485660718e+00
1.947984708754073147e+00
1.944323464841075877e+00
1.937376088656841411e+00
1.933082684044437727e+00
1.926648398673625806e+00
1.918463386989125663e+00
1.911822490159488241e+00
1.904046048097185917e+00
1.896178636996798117e+00
1.888422231542393304e+00
1.880745671767759086e+00
1.874164575505991470e+00
1.871216438867424836e+00
1.863588740021735912e+00
1.856183086977458707e+00
1.849003617522543053e+00
1.843219051564650490e+00
1.835723912384487733e+00
1.828052143191921441e+00
1.823353706629872839e+00
1.819477493108392352e+00
1.812958369807835757e+00
1.805425563459270411e+00
1.798941328224783920e+00
1.792735691023706446e+00
1.786412065548663941e+00
1.783100396940664023e+00
1.778164043384974136e+00
1.771564934465384322e+00
1.767465581057055202e+00
1.762104066707940841e+00
1.755837275930805186e+00
1.750812507168389986e+00
1.746015123095643107e+00
1.741854272971100182e+00
1.735084696088604606e+00
1.728646276100138213e+00
1.723360385199880218e+00
1.718053727730132874e+00
1.712016421288109713e+00
1.706748948978874747e+00
1.703579519096418249e+00
1.697512116774753776e+00
1.693636211017400139e+00
1.687704266824572974e+00
1.683694104311035611e+00
1.677707252642955282e+00
1.671895746786420611e+00
1.666326334232331563e+00
1.660418486051532749e+00
1.654907757759834785e+00
1.650818607906774593e+00
1.647655255049280010e+00
1.641657454186391307e+00
1.636268855318159687e+00
1.632725886362937251e+00
1.627214707943044569e+00
1.624006806977256190e+00
1.618774156340173631e+00
1.613889371274660034e+00
1.609147345585739020e+00
1.607309611395796978e+00
1.603372472158840933e+00
1.598735777205918751e+00
1.593258637378219156e+00
1.587855841138141599e+00
1.584716450287706691e+00
1.579890414534468324e+00
1.575593096590888198e+00
1.570363963802055896e+00
1.566186466067823968e+00
1.561159346570750950e+00
1.563646060159721074e+00
1.560440843864582705e+00
1.555736038074172711e+00
1.550718413624260661e+00
1.547482483760409089e+00
1.542610193788380490e+00
1.538800723733442899e+00
1.534027576111003599e+00
1.531907633058253060e+00
1.527629316993987629e+00
1.523344577180450354e+00
1.521005864528496065e+00
1.518363731427547325e+00
1.513572079998787290e+00
1.510163382088970607e+00
1.507116447948950055e+00
1.503008426275087350e+00
1.498353693116538432e+00
1.496154008766198862e+00
1.491382797148573580e+00
1.487848357988009296e+00
1.486937644710136341e+00
1.483346947622099510e+00
1.479043957874266235e+00
1.476227172150170963e+00
1.472018194085626952e+00
1.468522976212524922e+00
1.465582305284342413e+00
1.462537429492164032e+00
1.459887696810186153e+00
1.456094916563621666e+00
1.453127965591929138e+00
1.450087349110097401e+00
1.447651098083414523e+00
1.443517606686291144e+00
1.440221487088372943e+00
1.436058772371561654e+00
1.432549856849284931e+00
1.428440937850561587e+00
1.424578239471751440e+00
1.421109705871757001e+00
1.417095952937396763e+00
1.413489238330292164e+00
1.411409433974957217e+00
1.407464329371121314e+00
1.403826451742649306e+00
1.400146962143784757e+00
1.398184125781128273e+00
1.394291106189095464e+00
1.390674416358888443e+00
1.387054169415916416e+00
1.385426160519870109e+00
1.382657184191235400e+00
1.378872780711519308e+00
1.376158998281586499e+00
1.372341860739228814e+00
1.370475471749174279e+00
1.366853634460734712e+00
1.366994136322300379e+00
1.363203456450780671e+00
1.361441246866906818e+00
1.358195491532294463e+00
1.354680943190978093e+00
1.350987194618114007e+00
1.347413150819450456e+00
1.343889845681413897e+00
1.340341319643866269e+00
1.336943042510666091e+00
1.333884828835072645e+00
1.330955861497006509e+00
1.327585316059281872e+00
1.324390201617433371e+00
1.322936230710676675e+00
1.320593708921775855e+00
1.319140162630826341e+00
1.317737566349084455e+00
1.315564523121681484e+00
1.312252499261316929e+00
1.308683751730788991e+00
1.306954510694442684e+00
1.305620740787773570e+00
1.303006207401276262e+00
1.300919918117764418e+00
1.298068785062927999e+00
1.294952254943246173e+00
1.292281799880377058e+00
1.289029203608933027e+00
1.286552779264990898e+00
1.283484728006289766e+00
1.280578707083085632e+00
1.277386707030969237e+00
1.275400148165472647e+00
1.275654400780731557e+00
1.272749363909187803e+00
1.270017004633235302e+00
1.267727371611119258e+00
1.265245700711407517e+00
1.263600208355792898e+00
1.261722238446627342e+00
1.258609979224370123e+00
1.256994400272231305e+00
1.255043077557899567e+00
1.252555918528555301e+00
1.250483154355076509e+00
1.248166888513964068e+00
1.245464552382850698e+00
1.244411032193546207e+00
1.241447627468198700e+00
1.239498811029751124e+00
1.236844833719302983e+00
1.235393188253915531e+00
1.232732807223463123e+00
1.230009682584381148e+00
1.227489843884425724e+00
1.225494931341861049e+00
1.223322024009547704e+00
1.220835740304162087e+00
1.218206734011875181e+00
1.216496431136749878e+00
1.215017175891428325e+00
1.213199759929412203e+00
1.212590327309260196e+00
1.209957660295851500e+00
1.207975335190246247e+00
1.205924456961259050e+00
1.203347391898057506e+00
1.201657252685232269e+00
1.199231726069672543e+00
1.196653378324585404e+00
1.195247194590923323e+00
1.194401532980822633e+00
1.192170754474395578e+00
1.189749702235972650e+00
1.187684710771744312e+00
1.185504969658843555e+00
1.186691229626266830e+00
1.184590766278671881e+00
1.182289460538170855e+00
1.180918522428536122e+00
1.179745079612521730e+00
1.178530371386952380e+00
1.176130706242407786e+00
1.174252171895594277e+00
1.172321556472371684e+00
1.170123798696008688e+00
1.168060794774409272e+00
1.166303865388716554e+00
1.164147837257654139e+00
1.162003619249781350e+00
1.160548881442627911e+00
1.158447443270910204e+00
1.156054828725100903e+00
1.153901107940167980e+00
1.152432320588315351e+00
1.150205585290968280e+00
1.150703425325289242e+00
1.148519474683371566e+00
1.146376855915054449e+00
1.144179795075938477e+00
1.144450356511662159e+00
1.142359584191511956e+00
1.140238055945131279e+00
1.138051110855204939e+00
1.136838454160105316e+00
1.135156161419766496e+00
1.132994401004925100e+00
1.131250794310870278e+00
1.130595836796797649e+00
1.128468856339214010e+00
1.127802949814201705e+00
1.125479061675006109e+00
1.123896722206494614e+00
1.121674596852162420e+00
1.119728971874852874e+00
1.117449514492091733e+00
1.115210167775476435e+00
1.113346646429750564e+00
1.111157893207578296e+00
1.110080067764537715e+00
1.108915371568782948e+00
1.107117159237352766e+00
1.105513953062081001e+00
1.103660437797996163e+00
1.101470521172190242e+00
1.099400536721566235e+00
1.098640114426309378e+00
1.097437246534034738e+00
1.095472890370866814e+00
1.093784498349226197e+00
1.093161104179050547e+00
1.091147324421131604e+00
1.089559223644538610e+00
1.089003121316351574e+00
1.086901855033217457e+00
1.084759900854968206e+00
1.082927874436439897e+00
1.081012951113356824e+00
1.078960606143999579e+00
1.077032426700962997e+00
1.076137487658442415e+00
1.074245919827752305e+00
1.072513494002177881e+00
1.070653679514151912e+00
1.069133477861689885e+00
1.067505034270419317e+00
1.065554258345803307e+00
1.063868199823448712e+00
1.062693044981600332e+00
1.060859713380069014e+00
1.059894064682729509e+00
1.058786577823856323e+00
1.057525660126704903e+00
1.056243297437293949e+00
1.054339571982984447e+00
1.052829336768924540e+00
1.052339806374626541e+00
1.050446573891428370e+00
1.048682108064073359e+00
1.047125937500454906e+00
1.045462095839323036e+00
1.044334280908228552e+00
1.043119587146108751e+00
1.041348348004082158e+00
1.040089292102027940e+00
1.039478313377659724e+00
1.037628941453671683e+00
1.036519851728832098e+00
1.035705188309175240e+00
1.033877673595547719e+00
1.032852590490243250e+00
1.031068310007744238e+00
1.029967179188840731e+00
1.028780786087086563e+00
1.027215800848610971e+00
1.025343214132713898e+00
1.024413093721302737e+00
1.023328371900142253e+00
1.021666664259184953e+00
1.020043638100387007e+00
1.019718996922955423e+00
1.018059188039659002e+00
1.016894075498085748e+00
1.015182019034264638e+00
1.013426225331036212e+00
1.011580346104422379e+00
1.010022579088765138e+00
1.008402614483076887e+00
1.006590475485222180e+00
1.005068053831263297e+00
1.004267310319946871e+00
1.002869982226502144e+00
1.001822827085194101e+00
1.001428468597062471e+00
9.998714675343853830e-01
9.985305059899307611e-01
9.980103313601852433e-01
9.974348766718813541e-01
9.958402211504608914e-01
9.945309150991833436e-01
9.947971336539171983e-01
9.933055371842772763e-01
9.922547661722946888e-01
9.906642873125015569e-01
9.893388467432839839e-01
9.876869040204313555e-01
9.860628700345976938e-01
9.847062032427691403e-01
9.833507960999235964e-01
9.820595899383603999e-01
9.812513593768306119e-01
9.804424598841773308e-01
9.788791663730120884e-01
9.772436022164864289e-01
9.758027622861189521e-01
9.745808106415694283e-01
9.739274741896416510e-01
9.726704296328863020e-01
9.714454619196356555e-01
9.708044753658002790e-01
9.692801803367100399e-01
9.676955607326874764e-01
9.670544757928284385e-01
9.660790072069882495e-01
9.656258014016457780e-01
9.640468652943628980e-01
9.624937238979291987e-01
9.615730719952111372e-01
9.605025905970148159e-01
9.589328683228699468e-01
9.576160358400692685e-01
9.561799673974988867e-01
9.548385773084689943e-01
9.533726756195601837e-01
9.521579536337433369e-01
9.514391832343787048e-01
9.502057139502610994e-01
9.488291589755795119e-01
9.475708667288037512e-01
9.467468746857229389e-01
9.454662245149014765e-01
9.442090604682307209e-01
9.428091830583972266e-01
9.417702306777410159e-01
9.403368228832248432e-01
9.389059299726992824e-01
9.385899501661256750e-01
9.375233590340932288e-01
9.363471611237865755e-01
9.350943174934541746e-01
9.343656969497061704e-01
9.335204665933523049e-01
9.322300351358112636e-01
9.310642180654418176e-01
9.296745623529130143e-01
9.282674139493370946e-01
9.284641479513684459e-01
9.283614258965924293e-01
9.270841373132288066e-01
9.258700370857870787e-01
9.244680699597875861e-01
9.234449109830429325e-01
9.224150593963277300e-01
9.211502453705145976e-01
9.203901309105138040e-01
9.195384053669858337e-01
9.193958302946904082e-01
9.180481073934082525e-01
9.167278555884541547e-01
9.154896076712514263e-01
9.158099574581129998e-01
9.146199759570287080e-01
9.132874962231281035e-01
9.125726315326129212e-01
9.112826160001304965e-01
9.100463298021989056e-01
9.089454112969810318e-01
9.076094039751233522e-01
9.071577359438927068e-01
9.058938010940468244e-01
9.046412900026432613e-01
9.045211817347040828e-01
9.032127455139293826e-01
9.020947638438006067e-01
9.008996144243676119e-01
8.997155035375177246e-01
8.986912672720841488e-01
8.982488586345190873e-01
8.969758826374715222e-01
8.957203971455043323e-01
8.947741795040798918e-01
8.936687336000491699e-01
8.927011651496244982e-01
8.914061208924417556e-01
8.903732389129613845e-01
8.891540769544777900e-01
8.879652044191441718e-01
8.867885259576768764e-01
8.860292321913637581e-01
8.849484054576738368e-01
8.848631039577726787e-01
8.837852635590216499e-01
8.825995640479177284e-01
8.814636309606349585e-01
8.817453545813660476e-01
8.807359500360633087e-01
8.798996400549603525e-01
8.790831197039405964e-01
8.779512859796356761e-01
8.770865065062967147e-01
8.760488721516788146e-01
8.748587762970686521e-01
8.738547912987434385e-01
8.732606184850574271e-01
8.722315152363218083e-01
8.716081542484401812e-01
8.703199387115527763e-01
8.693906869571472740e-01
8.683102519216877591e-01
8.675021711604947727e-01
8.664696440653483211e-01
8.656150121220216320e-01
8.644034606696617828e-01
8.632608748440437907e-01
8.621300163404105321e-01
8.609873521452612311e-01
8.599709852305748026e-01
8.588196074941074620e-01
8.575885111400077809e-01
8.564720651629658121e-01
8.558249137968432230e-01
8.546653073154063529e-01
8.535817067682421877e-01
8.529122270681721574e-01
8.523294094965548906e-01
8.512107842957827852e-01
8.500423617649522923e-01
8.501820010805315464e-01
8.491915941001689783e-01
8.480533359522846037e-01
8.469992694114528708e-01
8.463199820329733170e-01
8.451748783965046252e-01
8.441442416881208555e-01
8.431554470605316931e-01
8.423215917072373049e-01
8.415767502149729129e-01
8.411268776628864074e-01
8.401522680442977675e-01
8.396637901847232577e-01
8.388379150019907859e-01
8.390924893033011589e-01
8.382206780217850151e-01
8.373345969812414635e-01
8.363629668865860678e-01
8.354232476671826779e-01
8.344628637153822526e-01
8.340589878016774206e-01
8.330016273685328931e-01
8.323604840784395442e-01
8.319849697225134566e-01
8.309982849205682642e-01
8.300373639472801157e-01
8.289937668271393223e-01
8.287238799913692056e-01
8.278529660970315174e-01
8.281523094015325048e-01
8.274221748706862556e-01
8.263557640018217576e-01
8.254513289997922332e-01
8.246243786418948618e-01
8.240243191002147860e-01
8.232145791460294681e-01
8.256323546129912261e-01
8.256983233312900072e-01
8.249689395919906909e-01
