1.002612668482821157e+01
9.729111447614947394e+00
9.624994026431950900e+00
9.296088939027503883e+00
9.010737890933466332e+00
8.867158954895552725e+00
8.720424063427115513e+00
8.531647420981355978e+00
8.339435539450027690e+00
8.143569244781035721e+00
7.994541213716969352e+00
7.838613255121701151e+00
7.666431160280921198e+00
7.541120981732015061e+00
7.407228255823893548e+00
7.275854615834460581e+00
7.149404687484581800e+00
7.036988624589843866e+00
6.918972158376362813e+00
6.800396566627654238e+00
6.702563880028447940e+00
6.595392244213132749e+00
6.499558186591349873e+00
6.405179074079159207e+00
6.318849868221247945e+00
6.217380098792778753e+00
6.124085879572835012e+00
6.039769569279456185e+00
5.957776705730523759e+00
5.882307373100091219e+00
5.801876601452137905e+00
5.722429244829386086e+00
5.645604582574082819e+00
5.572381797446634977e+00
5.499976329240504391e+00
5.426290484785175394e+00
5.359971868675857287e+00
5.299108841453004537e+00
5.241724900509733942e+00
5.184241804990193714e+00
5.125677839524704460e+00
5.065412680417971103e+00
5.008008728633059015e+00
4.956368303841435008e+00
4.899947940775646771e+00
4.848455801958202471e+00
4.798097944006979532e+00
4.750483558750811852e+00
4.696768633979202967e+00
4.650205858712981311e+00
4.599608938876126984e+00
4.553319845490429785e+00
4.506920657513326489e+00
4.459185464647209329e+00
4.413201333295785567e+00
4.361807984398098803e+00
4.323951557575080429e+00
4.282125763696601695e+00
4.241214987327121655e+00
4.201363524483304523e+00
4.163455679858637737e+00
4.121528954483030027e+00
4.080230872877972814e+00
4.044325183072737140e+00
4.008851819203682609e+00
3.974826956349290619e+00
3.943978167550789671e+00
3.910105625506336668e+00
3.875999694839812104e+00
3.843181328356835902e+00
3.807462611244609274e+00
3.775475399396557741e+00
3.739546577475886924e+00
3.705813633562660137e+00
3.672049258260965399e+00
3.646734395477317925e+00
3.614789020620011506e+00
3.586670127765154703e+00
3.556142548152177341e+00
3.524099536394396992e+00
3.491266193822212482e+00
3.465832376943259074e+00
3.438197772261526897e+00
3.437480759859965040e+00
3.410350957493035295e+00
3.382993466819900430e+00
3.357312924827140055e+00
3.330273491009958953e+00
3.303372755045525189e+00
3.280107814398981692e+00
3.259146901581102540e+00
3.236965582386319262e+00
3.212977506866687705e+00
3.190398053482389251e+00
3.166305181750299624e+00
3.145187638440417821e+00
3.123924292570661621e+00
3.103876319121155802e+00
3.085574260124758439e+00
3.064718139265480090e+00
3.046641151032584816e+00
3.027566045289163288e+00
3.006162063587189959e+00
2.990149047180306496e+00
2.969348155652292487e+00
2.948044984526971390e+00
2.930614710012228841e+00
2.910289584896450954e+00
2.891691563481496807e+00
2.875969065312846240e+00
2.861194387939981709e+00
2.845807416986172012e+00
2.827887752637987528e+00
2.808799380629504405e+00
2.793924904897451711e+00
2.778595403126767671e+00
2.761187549528063556e+00
2.745570992035907487e+00
2.730507564859757874e+00
2.713729864669753855e+00
2.696502518931769288e+00
2.685994184139004926e+00
2.668670354331383443e+00
2.653000633453355128e+00
2.636623744738069597e+00
2.622152409163427844e+00
2.607802671887805346e+00
2.592271370226623350e+00
2.578394564443785342e+00
2.562400138754699519e+00
2.548726361234822768e+00
2.533973086076110270e+00
2.519471582588452385e+00
2.508815201506190196e+00
2.495053338531548537e+00
2.483130101555939717e+00
2.474131208851070962e+00
2.461760371699248662e+00
2.450899645027362794e+00
2.437467383950909117e+00
2.423140475064331945e+00
2.411998216065471823e+00
2.397898303483329219e+00
2.385008844101945247e+00
2.372936724174648848e+00
2.360979111345414161e+00
2.353956236125391843e+00
2.340195910481015051e+00
2.328192186986242529e+00
2.317799635984643558e+00
2.307922674233034765e+00
2.296181413019450002e+00
2.287831713989375793e+00
2.275350919785816828e+00
2.265482284531462387e+00
2.254030549894218360e+00
2.244443806159730936e+00
2.232685710323915274e+00
2.221542647628082623e+00
2.213494423068852690e+00
2.203221632002493990e+00
2.191366299682923735e+00
2.182440606663285099e+00
2.173889625876607390e+00
2.165489996630479919e+00
2.155665648031335202e+00
2.145849580505957643e+00
2.137174330050724436e+00
2.126533098123846166e+00
2.118674106044519334e+00
2.108138818011858984e+00
2.098149880420196567e+00
2.091278682897835584e+00
2.081989868095200258e+00
2.072083172282340957e+00
2.062065808693712921e+00
2.054188032309096190e+00
2.047037433227066217e+00
2.044063142535181399e+00
2.036392938009041309e+00
2.026877782598893063e+00
2.020668180665004421e+00
2.013883345869302399e+00
2.007811415208419437e+00
1.999674643510133132e+00
1.991419718445998299e+00
1.983663085431846218e+00
1.975667022941218764e+00
1.967741649715563090e+00
1.959921721123951466e+00
1.950658769078438048e+00
1.942058211768477261e+00
1.935590096458585041e+00
1.933121819594134871e+00
1.928384938964235351e+00
1.921336978714112798e+00
1.914759344166461874e+00
1.908334651643933011e+00
1.900748636522683777e+00
1.893159971559955634e+00
1.889037967844164889e+00
1.881892067520760659e+00
1.873900933215354447e+00
1.867302286118228238e+00
1.861150234326875541e+00
1.853514180212939788e+00
1.846803993589288595e+00
1.839180494920620745e+00
1.831745932478180849e+00
1.829241000024247610e+00
1.821922059806917460e+00
1.816634877478537025e+00
1.810083869222318675e+00
1.803169688905781554e+00
1.796360984381056403e+00
1.790004945103689682e+00
1.784608472186361539e+00
1.780317688195613757e+00
1.775392371090426025e+00
1.770598974894380673e+00
1.765036687265057580e+00
1.758634547706780848e+00
1.752799903311607510e+00
1.746845381441589407e+00
1.741624853205036683e+00
1.736201037151629434e+00
1.729600533298845777e+00
1.723572980770945895e+00
1.722886434034923919e+00
1.716089832492259770e+00
1.711301353429395045e+00
1.707293936921812971e+00
1.703785605706966910e+00
1.699324421480482572e+00
1.695055563478861105e+00
1.689427483980121547e+00
1.683286748929753607e+00
1.677366447882716383e+00
1.673208189551535385e+00
1.667805141451168982e+00
1.663345131802633325e+00
1.658280523517187799e+00
1.653067448112505167e+00
1.649147473668834074e+00
1.646292899061045034e+00
1.642059504832754646e+00
1.637311595373781348e+00
1.632486194265303281e+00
1.627583161414141832e+00
1.623655976874265772e+00
1.618179069593512986e+00
1.612704729058913378e+00
1.607430158150876753e+00
1.608003096511012142e+00
1.605823780191706129e+00
1.600505030273331686e+00
1.596319220324098120e+00
1.591191912203506531e+00
1.588325200301238471e+00
1.582947172832130711e+00
1.579053046483095413e+00
1.574894337714247028e+00
1.572334388144249528e+00
1.567044802663146941e+00
1.562763512530722432e+00
1.559352241264482464e+00
1.556109366805551231e+00
1.551490636233344045e+00
1.547806689066969499e+00
1.542831680710153641e+00
1.539397958118545295e+00
1.536109732098412062e+00
1.532186605043586614e+00
1.527270988416185471e+00
1.522645483005499623e+00
1.518079612376214582e+00
1.514116531446451086e+00
1.509434834890326593e+00
1.504850492803667450e+00
1.501286500539777080e+00
1.498844715779780179e+00
1.494021024585826085e+00
1.490781619797532098e+00
1.486290022716105330e+00
1.482569986773645043e+00
1.479254918400702445e+00
1.474960312169859122e+00
1.470994084133677493e+00
1.466859662322039348e+00
1.463768509442702204e+00
1.459439906253337860e+00
1.454962073844474846e+00
1.451634810931195174e+00
1.447365194757844309e+00
1.444481607624391373e+00
1.440095221088532274e+00
1.436890690979192309e+00
1.433004573082687028e+00
1.430025917392451884e+00
1.426186102541339817e+00
1.424765372637287530e+00
1.421172193867909384e+00
1.417463427807228893e+00
1.415583172565584302e+00
1.413393010375886050e+00
1.410426143712349978e+00
1.412235561411090856e+00
1.408804825872041144e+00
1.404924621106162785e+00
1.403683363238521498e+00
1.399780463024380417e+00
1.397773625905138095e+00
1.394442691453491312e+00
1.390871138519806038e+00
1.387899765018304254e+00
1.384411920512743865e+00
1.380899231888433887e+00
1.377709820759202008e+00
1.375270275739385095e+00
1.371749869084518014e+00
1.368278457570772044e+00
1.365672390406417858e+00
1.362995292653486956e+00
1.359460669397928756e+00
1.356237282710264447e+00
1.352678791749853060e+00
1.350603947703824304e+00
1.347377379358076332e+00
1.344244380806709938e+00
1.340794186703009094e+00
1.339512639002839123e+00
1.336245470175838390e+00
1.333248366067996349e+00
1.329894580519928482e+00
1.329150563850047151e+00
1.325665276854799401e+00
1.322456217319117666e+00
1.319620367117877668e+00
1.316546467661605435e+00
1.313674579001831599e+00
1.310400488568637112e+00
1.307575523316464094e+00
1.304692037049510089e+00
1.304373783928790775e+00
1.302367651304805030e+00
1.300188849780542277e+00
1.297402136439028242e+00
1.294258115087467020e+00
1.290983995171113063e+00
1.289232642438082888e+00
1.286382538462159664e+00
1.283267575783739289e+00
1.280097846837580100e+00
1.277774490958348164e+00
1.275131545925529686e+00
1.273197684827916953e+00
1.270548928057550819e+00
1.267984861713045364e+00
1.265352447383756074e+00
1.262692962299953425e+00
1.261049505117151526e+00
1.258891916767988395e+00
1.257157559039306483e+00
1.255397040289549127e+00
1.253256472916054243e+00
1.250770413735097009e+00
1.247827675547507731e+00
1.245095574758137369e+00
1.242696365089320132e+00
1.241020596598395809e+00
1.238373748892987347e+00
1.237090504920359990e+00
1.234584565353780361e+00
1.233052380020460914e+00
1.230311409658431776e+00
1.227694906105138761e+00
1.224690231405543450e+00
1.221903213836715629e+00
1.219881157965098994e+00
1.217492469775889985e+00
1.214806372066396634e+00
1.213050934763228339e+00
1.210731884536995873e+00
1.209810532869705746e+00
1.207870034093848632e+00
1.208050923623149586e+00
1.205471417490786568e+00
1.202693266135274275e+00
1.200357426334593969e+00
1.197952738277022977e+00
1.195429957481219052e+00
1.192911042056182591e+00
1.193290164119619856e+00
1.191082175146005673e+00
1.188998642460301181e+00
1.187646422319625916e+00
1.185263560524807191e+00
1.183012620223089284e+00
1.181049224700355893e+00
1.178878932211408825e+00
1.176876708973318530e+00
1.174596943129813997e+00
1.174117415107092777e+00
1.171582099699051138e+00
1.169641923674201722e+00
1.167832143744283124e+00
1.165525360297784863e+00
1.163009713093632103e+00
1.160726861572617397e+00
1.158662976745630013e+00
1.157463629112872816e+00
1.155309726788295466e+00
1.152999007703005674e+00
1.150724604406795804e+00
1.148495846568208911e+00
1.146788256386978455e+00
1.145653795195212155e+00
1.143356785552073207e+00
1.141030039922554140e+00
1.138906354670272236e+00
1.136969259717588887e+00
1.135724158099240766e+00
1.134496087037448531e+00
1.132466675705359638e+00
1.130412573616249361e+00
1.129911793365727890e+00
1.128505932433106596e+00
1.126277635527022092e+00
1.124024378928420331e+00
1.121754704187795548e+00
1.119779604091231340e+00
1.119107550398308115e+00
1.117809990269581277e+00
1.116302814924938769e+00
1.114237614661809816e+00
1.112282503918559540e+00
1.110122461277665007e+00
1.108722695027441807e+00
1.106513949093388849e+00
1.104640041761391744e+00
1.102533032516900047e+00
1.101211381711693749e+00
1.099699920109446172e+00
1.098486950762240344e+00
1.097127396693559076e+00
1.095078136340841946e+00
1.092957502149395799e+00
1.091109932908069791e+00
1.089715314559726922e+00
1.087588311266356245e+00
1.085634237105694400e+00
1.083397532751846359e+00
1.081267614222414242e+00
1.079119356940061669e+00
1.077324677415451459e+00
1.075999866833683649e+00
1.074245838496054484e+00
1.072648344842389134e+00
1.070880704770260872e+00
1.068968555399517628e+00
1.066954622139182796e+00
1.065287788629975863e+00
1.063831984412443310e+00
1.061885670868222498e+00
1.060684577934194461e+00
1.058747126636315539e+00
1.057004721684146720e+00
1.055772992299388591e+00
1.053809991637932875e+00
1.051854573866469522e+00
1.049951575103539314e+00
1.048961564788275513e+00
1.047851914468347356e+00
1.047047469307665457e+00
1.045180327126671305e+00
1.043332746246966147e+00
1.042121996555564145e+00
1.042217740579246099e+00
1.040509743621689021e+00
1.039783961957296832e+00
1.038257304285297833e+00
1.036414501246583741e+00
1.034764418024432198e+00
1.033092815782897800e+00
1.032512477428191078e+00
1.030603397238925911e+00
1.029160205327558586e+00
1.027260864561644338e+00
1.025408125828089601e+00
1.023990390651996263e+00
1.022172349480652498e+00
1.020679251446089619e+00
1.019257206121079840e+00
1.017374157536484303e+00
1.016157314067896111e+00
1.014479328503143929e+00
1.013528722213813849e+00
1.013717139993477456e+00
1.012005839616443081e+00
1.010712956889482816e+00
1.008989781165517297e+00
1.007586695035499913e+00
1.006646223169691767e+00
1.005220731147641766e+00
1.003787566648039142e+00
1.002150779316257845e+00
1.000585350207991109e+00
9.989641381479005267e-01
9.973448836773718407e-01
9.957770609726125377e-01
9.943075546737185633e-01
9.926014473511926006e-01
9.908556296211615821e-01
9.893391863613659742e-01
9.876699691219861243e-01
9.875609918954946220e-01
9.864192746343186657e-01
9.846377342482970363e-01
9.829525650700953188e-01
9.816555739444888795e-01
9.803602705042711030e-01
9.790621606788808551e-01
9.774573760339027029e-01
9.758659646811511656e-01
9.748445182126256325e-01
9.746591784901710298e-01
9.743149237313526445e-01
9.730255538541849880e-01
9.728832292216094135e-01
9.716971033607860742e-01
9.701153896835814638e-01
9.688139096158580044e-01
9.675889284494585407e-01
9.662241519838082882e-01
9.646288840539790632e-01
9.630599175341023610e-01
9.617662212852386983e-01
9.616500462107583358e-01
9.605157341187138265e-01
9.589263364442734972e-01
9.573128492595197603e-01
9.563926743243340578e-01
9.547630951611514316e-01
9.542610289278730118e-01
9.527645472352997968e-01
9.530570550239751970e-01
9.520977693183019230e-01
9.505964655162718602e-01
9.492497093429276278e-01
9.479146754649756534e-01
9.475414718604240338e-01
9.474680629343212868e-01
9.465437888171992498e-01
9.450973513259165459e-01
9.435521683415349914e-01
9.422225172099734092e-01
9.407916717775210991e-01
9.393296385264680026e-01
9.378854878568929632e-01
9.376274022475883374e-01
9.363954588967112747e-01
9.351460138987540693e-01
9.338900877432493308e-01
9.326717694287597338e-01
9.320942132188712037e-01
9.311699333021461467e-01
9.297028579947883564e-01
9.290685006259979950e-01
9.298837858928676869e-01
9.290930922780442636e-01
9.277206479078701218e-01
9.273715819029471064e-01
9.260267815480482945e-01
9.246395693463739240e-01
9.238624652366757006e-01
9.225848839164418891e-01
9.214764478626777944e-01
9.206024356777481321e-01
9.195618282726819581e-01
9.185832575913747133e-01
9.177633530039862597e-01
9.171164152094580801e-01
9.157645166347767596e-01
9.146163189751352895e-01
9.132430092910307495e-01
9.123422967775219883e-01
9.109477713840686830e-01
9.098386169085765918e-01
9.089241434693134947e-01
9.087417899687060263e-01
9.075947515697582180e-01
9.066820486693086822e-01
9.054366669293572034e-01
9.043335542352889389e-01
9.032450018705449057e-01
9.019730297944470454e-01
9.011580258692706291e-01
8.998474250965304844e-01
8.985905655322840024e-01
8.974182611613626959e-01
8.961881925389241221e-01
8.948577970536945037e-01
8.936795115269861034e-01
8.927468382658942936e-01
8.918798771076783538e-01
8.918177269280668229e-01
8.913736189955479006e-01
8.902128862358648087e-01
8.903635293579356125e-01
8.890581663934861156e-01
8.878345437783803362e-01
8.867924042774069093e-01
8.857382041718914190e-01
8.852806299596879258e-01
8.843140326295643172e-01
8.832557479254495858e-01
8.824124224847723630e-01
8.811459795750103963e-01
8.800624388838892420e-01
8.791508368016274222e-01
8.778669888797102638e-01
8.766797543208983967e-01
8.754184039799740580e-01
8.746001543964802005e-01
8.742553660495946399e-01
8.730777326512105807e-01
8.723831920376614590e-01
8.716154826099015152e-01
8.703969752156974771e-01
8.691206187014498541e-01
8.683270152058130131e-01
8.684915244832136505e-01
8.673134814052532171e-01
8.671328526454314956e-01
8.660850419905004038e-01
8.651221469335949044e-01
8.638560723316093259e-01
8.627497696744792499e-01
8.618004085350885468e-01
8.611987304604432625e-01
8.611011468020646209e-01
8.600468950638572307e-01
8.591968796472067016e-01
8.582696290553473162e-01
8.572866363994389172e-01
8.563279251904870604e-01
8.553618775454941980e-01
8.542185248576854573e-01
8.530368455795812599e-01
8.524106603237010527e-01
8.513342736661666521e-01
8.503275160064013294e-01
8.491940721148653060e-01
8.486331321035159858e-01
8.474625789248700913e-01
8.473227336150980227e-01
8.465226571750245066e-01
8.453543794403648448e-01
8.446470427971309869e-01
8.441475758655718753e-01
8.434648076223811852e-01
8.423370990614087450e-01
8.420431800898084962e-01
8.408932112537021997e-01
8.404089036796714707e-01
8.394206631689630216e-01
8.390906130978645905e-01
8.392755394882739362e-01
8.401652254763276595e-01
8.391089406722157529e-01
8.403731743062855530e-01
8.393407289725430820e-01
8.384179779462955784e-01
8.373642752392823629e-01
8.367332278210609653e-01
8.359839305241417717e-01
8.350606876671586853e-01
8.339476204294162809e-01
8.331979195989203113e-01
8.326793721922748359e-01
8.316225538647279425e-01
8.307697526955230005e-01
8.303827250597947129e-01
8.295090444035934096e-01
8.290964670403774273e-01
8.283325705354609436e-01
8.275219381559102416e-01
8.278960589042568818e-01
8.270869947087060581e-01
8.262707574872469873e-01
8.256132067158451493e-01
8.249205491572229043e-01
8.240472188820539001e-01
8.229800218517346888e-01
8.223356958460439348e-01
8.214433921888911749e-01
8.204644152259720213e-01
8.201135799982380847e-01
8.191216806957467567e-01
8.185943758138699566e-01
