2.787137359915747581e+01
2.749950084044931486e+01
2.715600773609417828e+01
2.693780551656321620e+01
2.650844576468960412e+01
2.634226136850288569e+01
2.615229878031275845e+01
2.598031767494794053e+01
2.577849454028106990e+01
2.558835940004821907e+01
2.540863834292290946e+01
2.523777941810716285e+01
2.503665211058071449e+01
2.483344470097529921e+01
2.465667625363740356e+01
2.449306113851468680e+01
2.431713292275372496e+01
2.414418311671040485e+01
2.397000450947431105e+01
2.380662875601696271e+01
2.364864723780359057e+01
2.350339968915560718e+01
2.333663542394648260e+01
2.315303970371505216e+01
2.301580864910111401e+01
2.289028898655303479e+01
2.274944817107301986e+01
2.264015818297584204e+01
2.249349157299105073e+01
2.237134626685070060e+01
2.226687987409717095e+01
2.216270028392220226e+01
2.206057172764593943e+01
2.192885637814321598e+01
2.177968645315859675e+01
2.164112307744097663e+01
2.150739277027941654e+01
2.140350423449153894e+01
2.127350324257458070e+01
2.115066889364778646e+01
2.103380834312293146e+01
2.090617472052895209e+01
2.078132233498351056e+01
2.066543716193850599e+01
2.052864557712879190e+01
2.041289005822853397e+01
2.029107172295429962e+01
2.018691485140456976e+01
2.006995299981715064e+01
1.995139833467452917e+01
1.985479886954756878e+01
1.972515777315560825e+01
1.961590136460050360e+01
1.948607619657519763e+01
1.939084984964885194e+01
1.926406346378661638e+01
1.914736396986194933e+01
1.902855731700368480e+01
1.889685161038035943e+01
1.875860359858698345e+01
1.863812685686653481e+01
1.852228017038008900e+01
1.842824505132213986e+01
1.830954185533122924e+01
1.821684218178489090e+01
1.811089441000719447e+01
1.796601692057372190e+01
1.785697549762877756e+01
1.775793621957312141e+01
1.763726023198734438e+01
1.753431706847872462e+01
1.741210943355828888e+01
1.729770897345531822e+01
1.717658382692523489e+01
1.707879812386678964e+01
1.697019096841323815e+01
1.685235278181260909e+01
1.674849152308891220e+01
1.667705172045610951e+01
1.658850491943547567e+01
1.648237246464814376e+01
1.639900899196354445e+01
1.631744015862541275e+01
1.619708249176536441e+01
1.610983557236892949e+01
1.602309648658189190e+01
1.592769492732307945e+01
1.581640677223414926e+01
1.574210758493262396e+01
1.565907280075438202e+01
1.555523941578618441e+01
1.545045045177405107e+01
1.537211076171158908e+01
1.530040415164132916e+01
1.520491889319620782e+01
1.512564647369141646e+01
1.503861562463546164e+01
1.496397525857078037e+01
1.490234447816693475e+01
1.483348163681030840e+01
1.473568904746309727e+01
1.465510370900373971e+01
1.457848798302483040e+01
1.450151967850685786e+01
1.441866703883017564e+01
1.433022839380695324e+01
1.425982626259940567e+01
1.417953784066770240e+01
1.409925033108909354e+01
1.402680031096491398e+01
1.395003917531302129e+01
1.388469667242104499e+01
1.383010565804984360e+01
1.376360063927263333e+01
1.374395249984412537e+01
1.366458810222775533e+01
1.358318603786190870e+01
1.352747866765125373e+01
1.346603463883813490e+01
1.339175707741187793e+01
1.334147304680302248e+01
1.329664489213648437e+01
1.324710349059524184e+01
1.318230054642060622e+01
1.312642797356049940e+01
1.309698881946251525e+01
1.304943826328118739e+01
1.300471423563580942e+01
1.293692988687818257e+01
1.288252912525064175e+01
1.282911575518144431e+01
1.276745135028501998e+01
1.270805133815309240e+01
1.265175779110592913e+01
1.261294128309691054e+01
1.256152205799249266e+01
1.254923900667336767e+01
1.249057428800317915e+01
1.242992630284710387e+01
1.236900502093731902e+01
1.231518026475816185e+01
1.225325014697800263e+01
1.220010684646050159e+01
1.214526771737050304e+01
1.208334134114506142e+01
1.206513132022160129e+01
1.203141416660977114e+01
1.197378210767174700e+01
1.197112104019386969e+01
1.193895081706324923e+01
1.189525659378218236e+01
1.185748452758901728e+01
1.180572056900829914e+01
1.175672726048503414e+01
1.171073477476360480e+01
1.166083927776972295e+01
1.162041074199253998e+01
1.157723116192840429e+01
1.152930528585790526e+01
1.149087796751674695e+01
1.145991844196823983e+01
1.142631629959373285e+01
1.138286133443446957e+01
1.134516279376289916e+01
1.129680978851243367e+01
1.127262599657302466e+01
1.125392590383183133e+01
1.121306551425312392e+01
1.118504028345354406e+01
1.116061136729932457e+01
1.112420546467929761e+01
1.108915411112123017e+01
1.107236576679868811e+01
1.102973271040998071e+01
1.100875417331781847e+01
1.097033456529515227e+01
1.093268799080901843e+01
1.089352642065946242e+01
1.086228210746326361e+01
1.082023184058796339e+01
1.080059810575055934e+01
1.076364541877122072e+01
1.072484311221311160e+01
1.068940662788799578e+01
1.065084657984812111e+01
1.061607720171615910e+01
1.057634089974546043e+01
1.054425163967106904e+01
1.051149608062278062e+01
1.047210610179800661e+01
1.043942821927400111e+01
1.040213972640540874e+01
1.036397060084703803e+01
1.033426809039816874e+01
1.031386037608308470e+01
1.028756342609386998e+01
1.024846026290260248e+01
1.021286210747168077e+01
1.019017466768585045e+01
1.015768326101160213e+01
1.013583938560276643e+01
1.009930364113450452e+01
1.006750311656487895e+01
1.003536524167174093e+01
1.000524792105205307e+01
9.976112642977453149e+00
9.943756727845514121e+00
9.909657184860277468e+00
9.877217990457317853e+00
9.846923670262055950e+00
9.811730960820835179e+00
9.782098218607561790e+00
9.771949517732529955e+00
9.744411020902679965e+00
9.714786580837785124e+00
9.712043742536605961e+00
9.679318277310787977e+00
9.657780632863113723e+00
9.628132112799898223e+00
9.602987638410162674e+00
9.574262239155032717e+00
9.551900938179118228e+00
9.526813382518714235e+00
9.499342708949065184e+00
9.468883597332348856e+00
9.463839554499367424e+00
9.444631514679080908e+00
9.414667870235204461e+00
9.393470575969704583e+00
9.372099867550163665e+00
9.349350849917914985e+00
9.321148829463776764e+00
9.303830385593244046e+00
9.293499003885992593e+00
9.266030987740915492e+00
9.244582859628327043e+00
9.232102122157913371e+00
9.209702262945423712e+00
9.185749881211464185e+00
9.180677620456069832e+00
9.170267582650330596e+00
9.170297938813027017e+00
9.142474694023489334e+00
9.122319400833813319e+00
9.101528814899646491e+00
9.086809742589835537e+00
9.066093053012158620e+00
9.044115485421011513e+00
9.020702354074998652e+00
9.010957146837705878e+00
8.987736200686123667e+00
8.964564712089112319e+00
8.954179291202253310e+00
8.938030613701329230e+00
8.919367799149725329e+00
8.898221504061654130e+00
8.873360526981832308e+00
8.850754676343413507e+00
8.829431700534756899e+00
8.821923710393674511e+00
8.804023477719750801e+00
8.785631483827209820e+00
8.770437870804876468e+00
8.749868469531433490e+00
8.727320052091245728e+00
8.711881881747329359e+00
8.695586531454384982e+00
8.675808665540776232e+00
8.656861510280576155e+00
8.634033579337840436e+00
8.610388075757819948e+00
8.592991253097379101e+00
8.568766981084431578e+00
8.546921169414309460e+00
8.529557267726428194e+00
8.511399819647664344e+00
8.500517732015115513e+00
8.478092763295501655e+00
8.458582750083740720e+00
8.437686991588622121e+00
8.417123139770824380e+00
8.395983259435322310e+00
8.393159070455785908e+00
8.378025062109346166e+00
8.358614242230963498e+00
8.338538695577117466e+00
8.319087647162888288e+00
8.300355526264286965e+00
8.281793907683409728e+00
8.278621089302882652e+00
8.257918084849940499e+00
8.238693574653382257e+00
8.219913003765601189e+00
8.201120720310207446e+00
8.181346040938748843e+00
8.160735859351696320e+00
8.155791470000695043e+00
8.140633732070309492e+00
8.130940686584676058e+00
8.119505284390401201e+00
8.101963922108261329e+00
8.087584679790046138e+00
8.069165255211068200e+00
8.056452562998719813e+00
8.037813862011956800e+00
8.036507087134559413e+00
8.024363454563271603e+00
8.012707084100108901e+00
7.994900524030120970e+00
7.975123967714814910e+00
7.957802504489307260e+00
7.940705101877266969e+00
7.926074710588418171e+00
7.908620248079201609e+00
7.898891267000559324e+00
7.896227684287606685e+00
7.883554014521028108e+00
7.878420181757528340e+00
7.864485777485724860e+00
7.856091344652486264e+00
7.849660688797054142e+00
7.833948974809294086e+00
7.821711640046889791e+00
7.805496933001863979e+00
7.790103526535350653e+00
7.781056881597049113e+00
7.771452896346660921e+00
7.754402599901713877e+00
7.758648023215820366e+00
7.762548928071771215e+00
7.745195280302011653e+00
7.731446134173866724e+00
7.727839587327500759e+00
7.721793321834955037e+00
7.707106971840217646e+00
7.696068241006106980e+00
7.680069545467579140e+00
7.665249685293144211e+00
7.649627922662783241e+00
7.648761358792447673e+00
7.634306887061284463e+00
7.617736513485425576e+00
7.604003071767601263e+00
7.589200386297455303e+00
7.578120136802162676e+00
7.565269604162899952e+00
7.563067182057868543e+00
7.550540002994288180e+00
7.546073680220414914e+00
7.535206087275342135e+00
7.519517046235467461e+00
7.526648856561533485e+00
7.515505853964367766e+00
7.503434937077122946e+00
7.488486956690221241e+00
7.492916891928835810e+00
7.486634245543653421e+00
7.479531925919163271e+00
7.468756993767148522e+00
7.464285187040251124e+00
7.458408697711158553e+00
7.446583453141156106e+00
7.433760586672665482e+00
7.420839967537922632e+00
7.427856365674237793e+00
7.424003799489240052e+00
7.411429350388897497e+00
7.396485461946112672e+00
7.385111602817002741e+00
7.387939644142059947e+00
7.384576785046014002e+00
7.369691601746701792e+00
7.358088323400017394e+00
7.366518703206236474e+00
7.353701494505360259e+00
7.340676783984521947e+00
7.326499066232883273e+00
7.312373090185669611e+00
7.309724772931979864e+00
7.298775246876929579e+00
7.287938299899606953e+00
7.278825322727884739e+00
7.267607143187204244e+00
7.256835996285207813e+00
7.246385935509773724e+00
7.233915720998654209e+00
7.221831741037283869e+00
7.211056656437915713e+00
7.201173134563338074e+00
7.194918316283327897e+00
7.188463992652217804e+00
7.187817915846444805e+00
7.175596237547149592e+00
7.170370270657485889e+00
7.158451993776354882e+00
7.147296125543893375e+00
7.136073352368359046e+00
7.124809748892921846e+00
7.124004016232292180e+00
7.112608454318531059e+00
7.100634229507850392e+00
7.121562626851016375e+00
7.111254192572708632e+00
7.101375704638952513e+00
7.096194562310012444e+00
7.085798718630869075e+00
7.075828407821454391e+00
7.067607917521624650e+00
7.055665447325647932e+00
7.043474329683473201e+00
7.032267799745781645e+00
7.020093519974826002e+00
7.008040748230136785e+00
6.997824730032522034e+00
6.986697101298335433e+00
6.979667093943344724e+00
6.966880694591283785e+00
6.955898192820627379e+00
6.954412137744718336e+00
6.942475376019890732e+00
6.934216808392083209e+00
6.924565126719826935e+00
6.912391863712794127e+00
6.907839132921169245e+00
6.897089656578049954e+00
6.893336781138495795e+00
6.882471334699082455e+00
6.870962806698857506e+00
6.861023677053074366e+00
6.851052717353251609e+00
6.840693060604785103e+00
6.830598714763904233e+00
6.820943893799797486e+00
6.810549744190135257e+00
6.814094735382536072e+00
6.813207329453683236e+00
6.801763292251659543e+00
6.792212367222189684e+00
6.784938689565141345e+00
6.782677981408273382e+00
6.773559332266420263e+00
6.773448088886958374e+00
6.763098783149184001e+00
6.764777014900913876e+00
6.755539655777026198e+00
6.747268432141835248e+00
6.737657309203245681e+00
6.728242865766945080e+00
6.730618044810976919e+00
6.721462823308377743e+00
6.711955438634342741e+00
6.704738829035530756e+00
6.697822948934842202e+00
6.687972027815167309e+00
6.677752751701794054e+00
6.669402080157715851e+00
6.661455896409075983e+00
6.653706349423633704e+00
6.645408694529087335e+00
6.639356773669484291e+00
6.629612396025401644e+00
6.621030351411739900e+00
6.618526037797925810e+00
6.607529710103500875e+00
6.597927207241087721e+00
6.597762671081862429e+00
6.597790217033949745e+00
6.592369709410632161e+00
6.584350497621856313e+00
6.576154087781789670e+00
6.566699086800871221e+00
6.560019144025333482e+00
6.554264715285698095e+00
6.554754091913485681e+00
6.545113835753906706e+00
6.541228983759257432e+00
6.540470199404873064e+00
6.530410701243820171e+00
6.528638981516683870e+00
6.520184568047823426e+00
6.539036314814165252e+00
6.529431434229212350e+00
6.521900052098263068e+00
6.525481278403914231e+00
6.529111143201099310e+00
6.522112176951093687e+00
6.517457852743532065e+00
6.508650916571599332e+00
6.499862652152476272e+00
6.490458834888424455e+00
6.483372581716857042e+00
6.474280557546377324e+00
6.465536127096023655e+00
6.460256506015003453e+00
6.454486563371670371e+00
6.445361577577725321e+00
6.441802183145015626e+00
6.439819255207332560e+00
6.430266497598402964e+00
6.422382530513748300e+00
6.413099492437761562e+00
6.403539979123686443e+00
6.395599370635072667e+00
6.391350741427140214e+00
6.383637498145996680e+00
6.381878517419381502e+00
6.373623211509491959e+00
6.364214027299807341e+00
6.362445638148929383e+00
6.353344140805870843e+00
6.349003751235410498e+00
6.350202602615966363e+00
6.349364845221279197e+00
6.341443814708452642e+00
6.338449012384811176e+00
6.330106488594933190e+00
6.328069670126780899e+00
6.319312038487222338e+00
6.312222917140739575e+00
6.305008261582916163e+00
6.297204250564319317e+00
6.289815265148105183e+00
6.281167110515276875e+00
6.275590070928099173e+00
6.266871400721221619e+00
6.263495636469880168e+00
6.254926223211972669e+00
6.247843202330974677e+00
6.239247798978890813e+00
6.230844496453909365e+00
6.223157832738601236e+00
6.214522465831434417e+00
6.205681057119019073e+00
6.204963174812682780e+00
6.204343929009946912e+00
6.201532889198176690e+00
6.193038558023911122e+00
6.187670944897568859e+00
6.179632759339832582e+00
6.170972592252378597e+00
6.163948896260048826e+00
6.161111220168297820e+00
6.153327421949148501e+00
6.145162696495726884e+00
6.145134125902712796e+00
6.141058924111525208e+00
6.133032963379658753e+00
6.129767291927566752e+00
6.138571205674743680e+00
6.131387342074678060e+00
6.137430882087337558e+00
6.134470831092524001e+00
6.132911921934687705e+00
6.124595923966130506e+00
6.119197473192602210e+00
6.112044651577810406e+00
6.104859006653557074e+00
6.101948944454051116e+00
6.095929163764275849e+00
6.089833875489842008e+00
6.082926416474970566e+00
6.075772135652083072e+00
6.075480153162902575e+00
6.068159240515266006e+00
6.060910194768526438e+00
6.054937814131070795e+00
6.047886036301390433e+00
6.041779251414791219e+00
6.034617840662851229e+00
6.028901716348671336e+00
6.022076161183034237e+00
6.019034530019994556e+00
6.022002542758226440e+00
6.014296574648581029e+00
6.007075168016442035e+00
6.000308864875663062e+00
5.995019599585476477e+00
5.987269424325359246e+00
5.980514240897495171e+00
5.974555493599654987e+00
5.966963160964438906e+00
5.959557596688229708e+00
5.953360727943720399e+00
5.951823012153344195e+00
5.946719778788582822e+00
5.939816512959201766e+00
5.931757861114848929e+00
5.926391893739102912e+00
5.922351824260863040e+00
5.914955852935723790e+00
5.908002005810730317e+00
5.901763259089347180e+00
5.894126995090248400e+00
5.886044124845157377e+00
5.879420985623056595e+00
5.873043166483215671e+00
5.865631458034672896e+00
5.862040001603864958e+00
5.854557351594823267e+00
5.849885928917006872e+00
5.843317496909369524e+00
5.836398374663397171e+00
5.829729593841556756e+00
5.826094409040014632e+00
5.821694783874274748e+00
5.819461172196662702e+00
5.812412902196804509e+00
5.806089853983896987e+00
5.798992812923457585e+00
5.792172811889843231e+00
5.786650002260937953e+00
5.779473165953472602e+00
5.776076935197340667e+00
5.770342841630202280e+00
5.767721207465538846e+00
5.760261972439976397e+00
5.754801488111511709e+00
5.747263933609815467e+00
5.742712056035807144e+00
5.735641867728183740e+00
5.728680612903334968e+00
5.721719162918518897e+00
5.715560629700926931e+00
5.714618012328569030e+00
5.707659552307108086e+00
5.700623763735674032e+00
5.693257846883634343e+00
5.686106254037549768e+00
5.680467295897642543e+00
5.673665491453678378e+00
5.667972484193836813e+00
5.665463601269984828e+00
5.663306060055177227e+00
5.656222741364522300e+00
5.652709788470492214e+00
5.647550673088528761e+00
5.643854576547143509e+00
5.638854690902383560e+00
5.632536628703353365e+00
5.626266516369651249e+00
5.619586912760157205e+00
5.612916976752830855e+00
5.606840469918864756e+00
5.600291833278926212e+00
5.593459423407984410e+00
5.592737545247310038e+00
5.587604151911240713e+00
5.581626374713143157e+00
5.574808989617847210e+00
5.570816384221614292e+00
5.564281894092291125e+00
5.576279253375518330e+00
5.575649559655165177e+00
5.572850656505182521e+00
5.566515784322588978e+00
5.571899163939916022e+00
5.565673431866932752e+00
5.564991810718949772e+00
5.558762360747510733e+00
5.559153425175622942e+00
5.553916095738800074e+00
5.550249608055199957e+00
5.544744593120748632e+00
5.538106581254122140e+00
5.532189295443203925e+00
5.526147494023377682e+00
5.520838337426590137e+00
5.518422297185614056e+00
5.513554595301315864e+00
5.507774610036695329e+00
5.502478656298073645e+00
5.499234959777544951e+00
5.495466291242398604e+00
5.492260830966842811e+00
5.489168732850814081e+00
5.482975139348489790e+00
5.477078074476911418e+00
5.472922180216375665e+00
5.468446008562589000e+00
5.480625026705827629e+00
5.478900633364294670e+00
5.475900282839278432e+00
5.471996807906400306e+00
5.466444315174028290e+00
5.465035567362367175e+00
5.464789517925741968e+00
5.459339583702523591e+00
5.454715110151002300e+00
5.452228375207528899e+00
5.446733335332916148e+00
5.441287448712115449e+00
5.436366793845968104e+00
5.432760934938543507e+00
5.427202035861547813e+00
5.422438905730099457e+00
5.417149066914650035e+00
5.411720866112569972e+00
5.406012552132649418e+00
5.402546687349509824e+00
5.397459643681704833e+00
