4.282342058338252144e+01
4.372716742076844554e+01
4.298922419652992488e+01
4.275164910455093548e+01
4.160605094703633711e+01
4.115009274755013280e+01
4.083586622983195014e+01
4.028277409324876146e+01
3.971399769975391081e+01
3.936424612056364936e+01
3.884013157540491079e+01
3.836766251440364783e+01
3.792393546721470443e+01
3.753357256587995749e+01
3.711241498281023610e+01
3.671454034079994955e+01
3.626555065078525075e+01
3.587746647643254505e+01
3.552915720274008748e+01
3.516111678449527744e+01
3.480627733730977980e+01
3.448098605732368327e+01
3.413282335246552890e+01
3.381140572389286092e+01
3.351876863291908393e+01
3.321921608128880621e+01
3.291757429125797074e+01
3.265258052515599019e+01
3.238516871422717713e+01
3.206674984912205417e+01
3.179068522076371650e+01
3.151899961281343110e+01
3.128689693961721119e+01
3.102735489885442277e+01
3.077781390200024347e+01
3.054124474790082644e+01
3.031662938731675183e+01
3.007178120877552985e+01
2.982337072639727538e+01
2.959961577912935837e+01
2.939071328879238720e+01
2.915569260780869243e+01
2.892815758230767287e+01
2.871553090360887239e+01
2.850124772853434507e+01
2.827004138566207558e+01
2.805651795440439500e+01
2.787983693628038750e+01
2.767457129424009210e+01
2.749142178719162644e+01
2.730757251310461697e+01
2.713602374648339222e+01
2.693235643183077599e+01
2.676335498849357108e+01
2.658809819800260854e+01
2.639438739326732275e+01
2.623508487553968394e+01
2.605129036369067919e+01
2.587456982302308006e+01
2.571265701819395488e+01
2.554108060102052846e+01
2.537561747470970985e+01
2.520361334673812692e+01
2.502578555750200096e+01
2.487984307403050011e+01
2.472587658074564132e+01
2.457398508513892565e+01
2.446369398554002927e+01
2.430988703432164044e+01
2.417586988128626757e+01
2.401633430109470524e+01
2.385975431599532470e+01
2.373656014575831819e+01
2.358062152070131390e+01
2.343479294739443475e+01
2.327768765301364340e+01
2.315865421352671305e+01
2.303904658537506833e+01
2.287855617947310094e+01
2.273304179332059860e+01
2.260415663100342698e+01
2.245639863174416817e+01
2.231616882349464248e+01
2.219936615416848369e+01
2.206737185449587457e+01
2.193290229242641942e+01
2.179127640969590018e+01
2.166967463384654025e+01
2.153882968259245345e+01
2.141102842680779972e+01
2.128756171657130380e+01
2.116824150415261485e+01
2.105082729961306853e+01
2.092279100206565801e+01
2.079897429771202155e+01
2.067854995935370610e+01
2.057153354348813323e+01
2.044583877863234989e+01
2.032482924729680462e+01
2.021207373679947494e+01
2.009675810572239030e+01
1.998912406232748751e+01
1.989715735693441445e+01
1.981049623394391901e+01
1.969506038220936261e+01
1.959642600443113736e+01
1.949989732669765274e+01
1.939487514452034844e+01
1.928876868597362204e+01
1.919950811561385251e+01
1.909314570974005676e+01
1.899403725695354694e+01
1.889705081211667448e+01
1.880236058011570321e+01
1.870616391090275243e+01
1.862667267084260914e+01
1.854431640597284670e+01
1.844757459957967427e+01
1.835325896901788312e+01
1.826484837787139170e+01
1.818389600882678536e+01
1.811482466151417015e+01
1.804395702862332485e+01
1.795467071508002022e+01
1.787208398409978116e+01
1.780963507120933187e+01
1.771695442223726147e+01
1.763666611080359914e+01
1.758460355183184731e+01
1.751952280910366966e+01
1.744524244207227781e+01
1.736552189820403314e+01
1.730071502723897936e+01
1.721789210580028495e+01
1.715152109036170458e+01
1.707393942707951240e+01
1.702225184603711838e+01
1.694601562992754751e+01
1.687776043844185381e+01
1.679686580318309908e+01
1.672736437417633937e+01
1.664941663628707857e+01
1.658012925089251510e+01
1.651071079728891533e+01
1.644009208549838164e+01
1.636958684988070445e+01
1.629674683439955274e+01
1.623374147775873055e+01
1.616258903630632560e+01
1.611265257522148175e+01
1.605764815288197056e+01
1.599405043088780154e+01
1.592949243030578188e+01
1.587702209770372797e+01
1.580555176574462628e+01
1.574514779052277902e+01
1.569921641416144809e+01
1.563488771238106878e+01
1.556700899767615454e+01
1.550690589769896555e+01
1.544087821550065698e+01
1.537924188575067674e+01
1.532966536305945660e+01
1.526461645007162282e+01
1.520880196401877704e+01
1.515993641541175663e+01
1.509716035252065858e+01
1.504057670035646765e+01
1.499591683715696000e+01
1.493893970399990856e+01
1.488295694047412709e+01
1.483984908597700070e+01
1.478758878744400995e+01
1.472949265516603745e+01
1.468175777167862961e+01
1.467162197314847383e+01
1.461887130659573231e+01
1.456844910703319940e+01
1.452766962155297747e+01
1.448171231450375274e+01
1.443901786971606782e+01
1.439535810675680061e+01
1.434186677585292102e+01
1.431034962018407697e+01
1.425669553847267501e+01
1.420380920398902092e+01
1.415317742543661339e+01
1.410422351266707786e+01
1.405791490490774009e+01
1.401348772606021065e+01
1.396924071040533732e+01
1.391876005050258946e+01
1.387295954087578842e+01
1.385441119414657507e+01
1.380585162494734419e+01
1.377188936189418556e+01
1.373994725776893233e+01
1.372028893620691647e+01
1.367760715418800288e+01
1.364237011522627974e+01
1.360952549146480095e+01
1.356260512400521989e+01
1.352388304520076900e+01
1.347602740287363154e+01
1.343238160886360255e+01
1.339338941342156808e+01
1.337304534046814375e+01
1.334346441570662378e+01
1.330878969670569134e+01
1.326639619005107029e+01
1.322668795271717457e+01
1.318444729508617463e+01
1.315197675922046727e+01
1.311473430867398626e+01
1.308995491780670406e+01
1.306174420140210657e+01
1.302030465277452542e+01
1.297926816261791139e+01
1.293935651191550917e+01
1.290466677008744334e+01
1.286370099011574375e+01
1.283611328094206527e+01
1.280309979334685977e+01
1.277360683227525229e+01
1.273487846755489095e+01
1.269404999018085078e+01
1.266045587647234427e+01
1.262699267210487086e+01
1.259047117552795747e+01
1.255426776784549681e+01
1.252029618181738613e+01
1.248974181070531841e+01
1.245324576222516733e+01
1.243732603316927943e+01
1.240026368659488476e+01
1.236792290753697543e+01
1.233536523184435474e+01
1.229731115055922253e+01
1.227484599370508178e+01
1.224399791357062206e+01
1.220919356524820643e+01
1.217642556364437390e+01
1.214938463262557100e+01
1.211483354404795953e+01
1.209621190141174374e+01
1.206241322864005028e+01
1.204722678196084829e+01
1.201466629691537236e+01
1.198494571660015851e+01
1.195368007957697465e+01
1.193686464177398854e+01
1.192381880236276004e+01
1.189483193309759557e+01
1.186409432237265804e+01
1.183161246584440462e+01
1.180248620574965202e+01
1.177146874702316381e+01
1.174204876147674526e+01
1.170962125762887496e+01
1.168053945097089752e+01
1.164916192730590261e+01
1.164879953733078466e+01
1.162113843587879281e+01
1.160359425174451609e+01
1.157591198973772784e+01
1.155207583762715728e+01
1.151986287488478666e+01
1.149726508105152334e+01
1.148217852738151556e+01
1.145324687082906223e+01
1.142367228208650509e+01
1.139921235919760711e+01
1.137022806413957277e+01
1.134415442164953447e+01
1.131622490289207938e+01
1.128538846162871678e+01
1.125547297455156937e+01
1.122612678913779760e+01
1.119654549504773478e+01
1.116827545171672043e+01
1.114632210914972710e+01
1.113780027466737721e+01
1.111605942866566998e+01
1.110735562276828681e+01
1.108669241349304890e+01
1.105771652195911692e+01
1.102965518877395468e+01
1.100426718895211309e+01
1.097911304342152583e+01
1.096123444223256627e+01
1.095201063530185159e+01
1.094481213434469780e+01
1.092028904564241110e+01
1.089905540016146013e+01
1.089087868698055139e+01
1.087141225253221499e+01
1.084984236511591327e+01
1.082620582834726441e+01
1.080288507830531053e+01
1.078035166261556554e+01
1.076594819833548655e+01
1.075063809473552645e+01
1.073488718187741142e+01
1.071367079694225133e+01
1.071093216855628505e+01
1.069693907895956642e+01
1.067496435756485518e+01
1.065243084611682001e+01
1.062961857308289204e+01
1.061172943793636669e+01
1.059397120868192665e+01
1.057496362395865397e+01
1.055560679483416919e+01
1.053374030427262831e+01
1.051576803863512133e+01
1.049232611979016205e+01
1.047178873901210139e+01
1.044650939556003699e+01
1.042701107502183966e+01
1.040494095034257960e+01
1.038843949296869162e+01
1.036550578046475657e+01
1.035487603032595949e+01
1.033431514914665250e+01
1.032540410953911270e+01
1.035836794014014117e+01
1.033931145665525797e+01
1.032125241546001426e+01
1.030610391560315620e+01
1.028893323102721347e+01
1.027060103162540372e+01
1.025876009565899594e+01
1.025250146222055037e+01
1.025182034993154190e+01
1.024238045155548527e+01
1.022736213708903108e+01
1.021281371203910915e+01
1.021537141253556236e+01
1.019855183749322158e+01
1.018806275539551010e+01
1.018104763729300366e+01
1.016838675513088575e+01
1.015543462409628184e+01
1.013809413105432533e+01
1.012586276868590573e+01
1.011559438804576239e+01
1.010043715048236201e+01
1.008396893821633888e+01
1.006414566278898626e+01
1.004563905084586040e+01
1.002885368185324388e+01
1.001893276975030567e+01
1.000686941516266870e+01
9.994375382344655279e+00
9.979250711170260857e+00
9.961887260562043878e+00
9.945435695348296079e+00
9.936969224537637757e+00
9.919464567525812626e+00
9.904266644200609093e+00
9.890101677553589710e+00
9.874872205836815908e+00
9.858024596140882778e+00
9.840923886073092319e+00
9.822632975547383793e+00
9.809558155966806581e+00
9.793739817258009239e+00
9.777035106222712102e+00
9.760291621797371420e+00
9.750392614464093555e+00
9.736521494160529144e+00
9.720871351353476797e+00
9.706246298161309127e+00
9.695738597315342489e+00
9.684783636131228945e+00
9.681419546354124606e+00
9.663969102230348440e+00
9.649042688312295724e+00
9.633899371213784590e+00
9.618475857948149965e+00
9.601736180578591018e+00
9.587667802648518034e+00
9.571672091085869027e+00
9.556173889067054006e+00
9.549613806498575386e+00
9.533588591596780404e+00
9.516854051468042641e+00
9.501895918108635541e+00
9.493876230243984082e+00
9.487229637170766949e+00
9.490008893024144854e+00
9.478680128790049508e+00
9.465721567238452039e+00
9.448962543986429097e+00
9.431302163630963520e+00
9.421164929142346267e+00
9.407590432193243757e+00
9.390413470853964384e+00
9.375438369919292469e+00
9.358966183870327527e+00
9.352994785252528587e+00
9.337193323382948051e+00
9.327261706742351777e+00
9.313898953820602955e+00
9.301513876919743851e+00
9.284973973280932213e+00
9.276138313903468102e+00
9.259863042810499323e+00
9.244036977996657356e+00
9.228712000696544848e+00
9.220641359408473292e+00
9.204935061446393618e+00
9.190323832909580659e+00
9.181992178101115343e+00
9.169332252565549624e+00
9.154744612100646606e+00
9.139696283230517082e+00
9.125432030863700916e+00
9.112382576150203306e+00
9.096623763926372064e+00
9.089251920391832940e+00
9.074359601078718640e+00
9.059882859658330290e+00
9.043690543523801750e+00
9.031262473565913496e+00
9.022612722034864419e+00
9.016771069879935041e+00
9.007135276025854509e+00
8.994662750391649197e+00
8.984711785738888068e+00
8.969469541472978591e+00
8.958888402078599711e+00
8.944101653781345362e+00
8.931632743556855658e+00
8.923704120717310673e+00
8.913595480098242874e+00
8.900858712699779574e+00
8.885851947280185570e+00
8.871513231060376370e+00
8.857634477685182972e+00
8.843792683774346131e+00
8.839883177686846949e+00
8.828314122065011205e+00
8.813874472665315096e+00
8.809665088688133139e+00
8.796503704605678209e+00
8.787076614923591933e+00
8.778015448349211880e+00
8.783582575798391190e+00
8.774732434833126149e+00
8.762431635190248258e+00
8.750307597278325744e+00
8.740420015031723722e+00
8.727193894610195457e+00
8.724408795525066651e+00
8.710725112120998759e+00
8.700250640288967219e+00
8.689404635336547500e+00
8.676566765998593667e+00
8.666337271961674915e+00
8.653188163960750856e+00
8.644550827259903869e+00
8.632033007851928730e+00
8.618586072441946300e+00
8.606142636150558189e+00
8.594616836242142455e+00
8.582547575828618491e+00
8.573399913351105184e+00
8.563108150974690247e+00
8.550965240960069380e+00
8.537965577402095718e+00
8.529416319683809533e+00
8.519940343538085159e+00
8.509165611759790693e+00
8.496689713725436022e+00
8.485346951079254296e+00
8.475213125972228312e+00
8.463569128277860898e+00
8.452825643016145918e+00
8.441042861553409438e+00
8.430674667560532853e+00
8.420807478891124020e+00
8.410086346488979459e+00
8.396528692437978947e+00
8.384360817031517144e+00
8.374207943619467187e+00
8.363142832489534939e+00
8.350602386758701812e+00
8.344113154474781524e+00
8.332989016199389809e+00
8.322317671893094015e+00
8.310620184575062908e+00
8.303367761259146107e+00
8.295592562190611474e+00
8.284124654070010862e+00
8.274566977486998098e+00
8.264500475664716461e+00
8.258181993832042878e+00
8.249438090428219184e+00
8.238521658577637297e+00
8.245315047839854472e+00
8.233867435394094159e+00
8.222013179637691849e+00
8.210521594857750571e+00
8.216398625096866581e+00
8.205999220257947258e+00
8.210581512880404276e+00
8.205927998013976321e+00
8.215199778539863829e+00
8.205985908140187135e+00
8.202351380608185138e+00
8.199057097725187759e+00
8.191751025879607795e+00
8.184086053258445403e+00
8.175534799471071423e+00
8.165513478961711868e+00
8.154554839085433215e+00
8.144322405438327195e+00
8.135311377666770483e+00
8.127416784472606182e+00
8.118280508210705904e+00
8.108138651851387380e+00
8.097762854922835984e+00
8.089876503440255107e+00
8.085081538364633502e+00
8.078980763204292259e+00
8.068765266058170127e+00
8.067726831670793075e+00
8.061413318002118800e+00
8.052522260872219562e+00
8.045430501831255299e+00
8.039240553899489328e+00
8.031230761049609868e+00
8.024293422886142224e+00
8.017456939206406119e+00
8.007542265268066117e+00
7.997836415421236467e+00
7.987529769684186043e+00
7.979661189803737287e+00
7.982848558103441405e+00
7.977175947302417747e+00
7.973779753802409331e+00
7.968409927497192236e+00
7.960510897644350159e+00
7.953727334012046235e+00
7.944145960425085917e+00
7.935836095341486818e+00
7.926495371812346313e+00
7.916019787386473716e+00
7.906538211977664155e+00
7.902887778920729467e+00
7.897880494984791611e+00
7.891304694947691267e+00
7.883825659506766392e+00
7.877786954712297174e+00
7.869127695877372375e+00
7.862351844569240633e+00
7.854022263693955175e+00
7.844774928449957052e+00
7.835371302757075718e+00
7.828244366539717447e+00
7.818731076836417770e+00
7.812765103660213484e+00
7.805621867148275328e+00
7.796595589773112955e+00
7.786492574659571453e+00
7.778488245535754686e+00
7.772313987355990328e+00
7.762269232340839764e+00
7.754268899360527101e+00
7.745502243479836402e+00
7.735624835460892079e+00
7.727707391571144058e+00
7.720539700439963404e+00
7.713624802390337543e+00
7.703939496033541445e+00
7.695672926672735947e+00
7.687190985832256906e+00
7.679222579728517850e+00
7.686042600472521968e+00
7.693769847927677041e+00
7.690271947856648360e+00
7.682108549940624975e+00
7.678494172419598307e+00
7.670416657783011516e+00
7.668078205057279106e+00
7.672108558224659092e+00
7.667012407915166250e+00
7.660923576967669568e+00
7.656009064508071837e+00
7.647398703378356366e+00
7.642632333998161442e+00
7.645636618275465146e+00
7.637807315517852302e+00
7.632911618670415344e+00
7.624995211674729489e+00
7.618890661031281653e+00
7.613368673003583886e+00
7.604893590059710107e+00
7.596182837963181278e+00
7.588120537261899834e+00
7.585092411781849009e+00
7.579116121283106189e+00
7.570250189813132913e+00
7.563380203751799868e+00
7.555668896650981736e+00
7.547070793196354543e+00
7.539606403975311011e+00
7.531236157067298542e+00
7.525796824567281718e+00
7.517995497970948016e+00
7.511863353186714498e+00
7.509810684709977480e+00
7.501424536714357494e+00
7.500358725578810670e+00
7.493070481657544413e+00
7.485138068919900967e+00
7.480899337979730390e+00
7.473754139697784460e+00
7.467954699475636282e+00
7.459795408738374434e+00
7.451620252316792481e+00
7.448883003423980576e+00
7.444494349655173870e+00
7.437199352655031070e+00
7.430632610211398870e+00
7.423803476563231030e+00
7.417256958173569004e+00
7.409479082238815906e+00
7.401893372785465885e+00
7.395844914860236763e+00
7.388275322664680900e+00
7.379959300282035173e+00
7.371397456455715869e+00
7.375619368009872723e+00
7.368946769716226086e+00
7.362432787478383034e+00
7.353977691248927862e+00
7.349845790957214575e+00
7.345147063664275500e+00
7.340038695042154338e+00
7.334459550678554152e+00
7.326181223102292250e+00
7.321788602506445365e+00
7.314203337111366388e+00
7.309104438541635496e+00
7.301960890835418994e+00
7.294971755655808465e+00
7.292037736967135864e+00
7.286406185857549289e+00
7.278088109830890495e+00
7.270038438277201642e+00
7.262022373653601370e+00
7.257033397794918628e+00
7.249274263122940987e+00
7.241436904296387311e+00
7.233149672470218228e+00
7.227198089015330673e+00
7.220000136122592949e+00
7.214597315724218696e+00
7.210986011853014688e+00
7.203894845742188302e+00
7.196569169632915930e+00
7.188938952574609687e+00
7.184308872774765042e+00
7.176424782882074638e+00
7.169754935786552430e+00
7.162056055029005996e+00
7.156146496766996989e+00
7.155336469048404702e+00
7.148823187752590513e+00
7.143718094332413671e+00
7.136957771565398012e+00
7.131337043849916846e+00
7.123906857606836063e+00
7.116645527124419779e+00
7.110037161829694696e+00
7.109920577751923432e+00
7.105324743628594675e+00
7.098415452809417658e+00
7.092643164643011033e+00
7.085766436128330348e+00
7.079090883902186881e+00
7.075690502913566604e+00
7.069556876785902944e+00
7.064660531662621423e+00
7.059228712723660593e+00
7.053219776133343721e+00
7.045964386833063031e+00
7.038061742910001861e+00
7.032351521051193544e+00
7.025550451288726350e+00
7.018989281905697375e+00
7.013094940308327807e+00
7.008196300209250218e+00
7.003517509544466613e+00
6.997449049026725376e+00
6.990370208428394960e+00
6.983163966388502786e+00
6.975223430623897158e+00
