2.783112620356137867e+01
2.653315913521397817e+01
2.632967701631546475e+01
2.641963630611821756e+01
2.621504392235869219e+01
2.598266132054451916e+01
2.588613908043241807e+01
2.579774553608826793e+01
2.556723582107905202e+01
2.538962761190816408e+01
2.517457200026325737e+01
2.499052359395717460e+01
2.478779077450074908e+01
2.461243977836551267e+01
2.444630440587190634e+01
2.428318014507531686e+01
2.411539163633080562e+01
2.395161538990392813e+01
2.380339545490347675e+01
2.366668049014711528e+01
2.349752283223743277e+01
2.331792067615608488e+01
2.316612800370619496e+01
2.300568979873542474e+01
2.286807009399542778e+01
2.276371095530550548e+01
2.261901262741834273e+01
2.246951452197244947e+01
2.233832595287323386e+01
2.221945983724500806e+01
2.207041022370389882e+01
2.194339957828598386e+01
2.180783495866017319e+01
2.166257638392307072e+01
2.151642149667128479e+01
2.137950498172647329e+01
2.123756124871836803e+01
2.114130105768202839e+01
2.100139220403882945e+01
2.084914698488158180e+01
2.073488003196458251e+01
2.060551455564863943e+01
2.047111121552137902e+01
2.034363705539675493e+01
2.022130688475878912e+01
2.009858292836404203e+01
1.997359056377697328e+01
1.982743549510966830e+01
1.968828368543512042e+01
1.956619352990065153e+01
1.942898857920973654e+01
1.930131605928864502e+01
1.921330197217530866e+01
1.910216954948079859e+01
1.897998600472879716e+01
1.887499528720644904e+01
1.874286388954564231e+01
1.861268384063157200e+01
1.850191627126424621e+01
1.838760509184316660e+01
1.825571919364787021e+01
1.812979414214679608e+01
1.802077095001426343e+01
1.790922587846674219e+01
1.779599359066520137e+01
1.766472124401551369e+01
1.754033503833835184e+01
1.743021426046093580e+01
1.729691156204487257e+01
1.719221090333691393e+01
1.711736792900030224e+01
1.701478894557050126e+01
1.689525246895960109e+01
1.676385624994651025e+01
1.666419051456826850e+01
1.655679124908110822e+01
1.644413008042490887e+01
1.633991722920714551e+01
1.624541546631565581e+01
1.614546457071747909e+01
1.604794076404024494e+01
1.593503585783021137e+01
1.582222302846624729e+01
1.575451048315438918e+01
1.566854228192290854e+01
1.560101996111315614e+01
1.551094920276607603e+01
1.542216718746087523e+01
1.533067117457905049e+01
1.524288024768555871e+01
1.517435413124708887e+01
1.509536145921581429e+01
1.501118372003223023e+01
1.492926631626874290e+01
1.484346004390129359e+01
1.476072997966807243e+01
1.468785244927007838e+01
1.464813900764353072e+01
1.457436385811365831e+01
1.451695661693511141e+01
1.449687981059386743e+01
1.440021667259648552e+01
1.431393880433516586e+01
1.425766287002204535e+01
1.419946420703088563e+01
1.413954380799824584e+01
1.407319159700083411e+01
1.402251932133137657e+01
1.396884995688674280e+01
1.389740515099206597e+01
1.383218248667840200e+01
1.375883171088550050e+01
1.368571537822209017e+01
1.362425634610458225e+01
1.357121308463259268e+01
1.349920370471429365e+01
1.344203539792364310e+01
1.338071173685760584e+01
1.331850094975898635e+01
1.324409094397912945e+01
1.318983578413811131e+01
1.313611127029537151e+01
1.308699191884227631e+01
1.304300000215810407e+01
1.298017863628969515e+01
1.291794590400118992e+01
1.284917536053742282e+01
1.278464075302903247e+01
1.271723573501934546e+01
1.265966318616115949e+01
1.261387354576264030e+01
1.255825827692321717e+01
1.249740681976023815e+01
1.245909040574601789e+01
1.244580791069381753e+01
1.238701011221486681e+01
1.233399906451456829e+01
1.227735357787690873e+01
1.225460649409543734e+01
1.220110434380033482e+01
1.216900711167890137e+01
1.213041799297277201e+01
1.207834887966129500e+01
1.206047744504484065e+01
1.200502883113851027e+01
1.195367044398780898e+01
1.191285760305724217e+01
1.185731977823953898e+01
1.181792612955718624e+01
1.177061121754793938e+01
1.173162400827631835e+01
1.170451217710349567e+01
1.166706351735280833e+01
1.162076152976310262e+01
1.157402680338653056e+01
1.153250134187820741e+01
1.148115979402721187e+01
1.143608597192142184e+01
1.140171559898583098e+01
1.136080612981906413e+01
1.131937240214812412e+01
1.127335059705251119e+01
1.124334773868869597e+01
1.120894924956420269e+01
1.116229383420169441e+01
1.112156943292874267e+01
1.107447254878921328e+01
1.104318034226655243e+01
1.099739858166356932e+01
1.096881769067910994e+01
1.092839204809102860e+01
1.092001589912480775e+01
1.088426320177260465e+01
1.083921339953395346e+01
1.080000782175113727e+01
1.076052143514633741e+01
1.072761244378344792e+01
1.068929820867727720e+01
1.065783551019170972e+01
1.062104373025843529e+01
1.060775079229489926e+01
1.059368496563996764e+01
1.055520917237602774e+01
1.051842373031787758e+01
1.047838546038457785e+01
1.044902003948654290e+01
1.042268546524123529e+01
1.038741365053935262e+01
1.036280280506409746e+01
1.036024331662511777e+01
1.033723218327377324e+01
1.030691544576718144e+01
1.027649067537827676e+01
1.024023579925665572e+01
1.020374278431020088e+01
1.019486323560764340e+01
1.018233199836488545e+01
1.015531942863903758e+01
1.011717049449532979e+01
1.010379081592772899e+01
1.007072089451594898e+01
1.005656423625274165e+01
1.004688982264209507e+01
1.001640019301410156e+01
9.987885704012791521e+00
9.965743107175557114e+00
9.932571879968168815e+00
9.935092386221956673e+00
9.915388683137624781e+00
9.880205123200052952e+00
9.854984980955620699e+00
9.828622119153452630e+00
9.799108648290484780e+00
9.771156595209173901e+00
9.739244656077925555e+00
9.708143607478465498e+00
9.680361211999557014e+00
9.654403748663849427e+00
9.629395209349864260e+00
9.601779169058572094e+00
9.573028851774887826e+00
9.542247705940216207e+00
9.515037186919798273e+00
9.487820690365479592e+00
9.468858589956225202e+00
9.445143825429719087e+00
9.423439139655480190e+00
9.396764754017315369e+00
9.378342895484779618e+00
9.356037465012811083e+00
9.336766418153816360e+00
9.309407772050782626e+00
9.318660850329260725e+00
9.295951422505904560e+00
9.271466455651538041e+00
9.249645435365641433e+00
9.232569969966423429e+00
9.218736503605279964e+00
9.204584460177576588e+00
9.192027159390420366e+00
9.167464211637497584e+00
9.155413653227913784e+00
9.127556073425537875e+00
9.105810854776519747e+00
9.082054467937192399e+00
9.059209261644834754e+00
9.044614332964318493e+00
9.023090299972343686e+00
9.003490142792887951e+00
8.990781790726918743e+00
8.965344547978020273e+00
8.950851388406105613e+00
8.926406495095994487e+00
8.915062893717637493e+00
8.894915151724349656e+00
8.893124995691534806e+00
8.872238043866046198e+00
8.853368735829599601e+00
8.849352118962602987e+00
8.824909839990418448e+00
8.800750926607031843e+00
8.779841063086774255e+00
8.758583252777533801e+00
8.736979574690186823e+00
8.721189858599396771e+00
8.699633078219939364e+00
8.685496438629931149e+00
8.667369810937419317e+00
8.643972203425670742e+00
8.637178786001175723e+00
8.616579524686693858e+00
8.598237936361938338e+00
8.590940006653724481e+00
8.585385702932967433e+00
8.566749154452246273e+00
8.546281266866808224e+00
8.534938121202660710e+00
8.521769804632517875e+00
8.503581916156973008e+00
8.499726347983250108e+00
8.484947536215724284e+00
8.469483762079015321e+00
8.450274682753882161e+00
8.430226039206567989e+00
8.420699298005464684e+00
8.402119906630645119e+00
8.402693078036394425e+00
8.381719342155319552e+00
8.364450854877711450e+00
8.344539294131660512e+00
8.326865546867010082e+00
8.309749580387473245e+00
8.291550971500026179e+00
8.276030968130548615e+00
8.284349745760833272e+00
8.265402095316774833e+00
8.268591441396505815e+00
8.251280763966503784e+00
8.231417768764778486e+00
8.217355434328597497e+00
8.201926592264657145e+00
8.185954372288033909e+00
8.172103316104582404e+00
8.157080851668624177e+00
8.141854126349235443e+00
8.122252981137256356e+00
8.112562147121257894e+00
8.094864185208455964e+00
8.079834416869735136e+00
8.063612678106871101e+00
8.047336007168027550e+00
8.028542357423393838e+00
8.013769780275291410e+00
7.995816571298270503e+00
7.981140182569473218e+00
7.961234064831208102e+00
7.945698678860694031e+00
7.949426959928336700e+00
7.934893399324289831e+00
7.919000597708249600e+00
7.912079848825319672e+00
7.899712359739560874e+00
7.882778196605984000e+00
7.880302814688978863e+00
7.866276289636648933e+00
7.850389905654139966e+00
7.833827052339565888e+00
7.817872585201875779e+00
7.804390235513216645e+00
7.794385619058700421e+00
7.777657911644720201e+00
7.772802108377324437e+00
7.757069180913760853e+00
7.740527895963508875e+00
7.744359014640163963e+00
7.737668731195728178e+00
7.721891597261104856e+00
7.706446634511086913e+00
7.691038303349994720e+00
7.675564298133745744e+00
7.660694991963969969e+00
7.646592071562715809e+00
7.638018136127696422e+00
7.621988241809423137e+00
7.611750579361948432e+00
7.600200860576710404e+00
7.583663151980087669e+00
7.575878727068690033e+00
7.572851132804851559e+00
7.557203205048014460e+00
7.544797823155690253e+00
7.530933380993198867e+00
7.519245895458382734e+00
7.506994945305446976e+00
7.493936397973583574e+00
7.478764344971366107e+00
7.474683503448788180e+00
7.463181060444914472e+00
7.448478339445432361e+00
7.436122704859212895e+00
7.422644631390024728e+00
7.408621914112096363e+00
7.410496792811682276e+00
7.395381020240081149e+00
7.380890002523437410e+00
7.371569220761126751e+00
7.365363628855802425e+00
7.350453298997330798e+00
7.337920049477713924e+00
7.324736137330139840e+00
7.335985966577396766e+00
7.321872199143689031e+00
7.307811656005163137e+00
7.297952343418570464e+00
7.287866288962169037e+00
7.274351295948853213e+00
7.262438760049585440e+00
7.249401209626919140e+00
7.236351242343115331e+00
7.228744034550375730e+00
7.216079657652123558e+00
7.203611036350774377e+00
7.192903266083644276e+00
7.180684554552697385e+00
7.175812631605396952e+00
7.169641647715853772e+00
7.163779191379903821e+00
7.151509261741637147e+00
7.138775153146164065e+00
7.128845253598581344e+00
7.117114039096669842e+00
7.106081737683163091e+00
7.115418901891446879e+00
7.102185653584418112e+00
7.088344699758449607e+00
7.075275066405392721e+00
7.071036182193974007e+00
7.057718146297564665e+00
7.045646622192006880e+00
7.032600536078478015e+00
7.023179447642350581e+00
7.009300859138306805e+00
6.997553679758823364e+00
6.995827896803612944e+00
6.982517163430526530e+00
6.972453625470074634e+00
6.959053678357575379e+00
6.947813069977590850e+00
6.943501772101372538e+00
6.932673377996789732e+00
6.929732620628968220e+00
6.920653039288592545e+00
6.909336497009973321e+00
6.896977154468684645e+00
6.887479572772483571e+00
6.876615069436744498e+00
6.864542957500949782e+00
6.852004285543316087e+00
6.840021655363331732e+00
6.829785449108131345e+00
6.825944463687403818e+00
6.813571030224379932e+00
6.802983091091651779e+00
6.811588992569705958e+00
6.800729370032509102e+00
6.790682204356380147e+00
6.780754337512915342e+00
6.775530960081639797e+00
6.765196877259072927e+00
6.758700696282113896e+00
6.749950644923168319e+00
6.748705142416139502e+00
6.738137246756898513e+00
6.729279453380551779e+00
6.720815765291006549e+00
6.711486466114899407e+00
6.702908491218510179e+00
6.697362010080562200e+00
6.687828788860316287e+00
6.685270759929089479e+00
6.677407850874343076e+00
6.666689246022328597e+00
6.656347818169733088e+00
6.653410326502036121e+00
6.666057172517435347e+00
6.655875820914186392e+00
6.646314661637410026e+00
6.635603652868216962e+00
6.625002650523862613e+00
6.614586893727756767e+00
6.606271266318831437e+00
6.595549083882793262e+00
6.587663612808451141e+00
6.581995683820683674e+00
6.572301060469730061e+00
6.564018250975030000e+00
6.554550075935686948e+00
6.556044270884056502e+00
6.547761306094264100e+00
6.541133065015049652e+00
6.532974393592804851e+00
6.525096633375479627e+00
6.515991483370568105e+00
6.510185942213959187e+00
6.506669498768363091e+00
6.495602401909392754e+00
6.485878440658430222e+00
6.476492693409001689e+00
6.466061624960687482e+00
6.460460249637637986e+00
6.450141428904998087e+00
6.439661340538622269e+00
6.432936161617902826e+00
6.425851767920248925e+00
6.424432243708886325e+00
6.415872543980257525e+00
6.409457492849058191e+00
6.399960728572560598e+00
6.390568087007412856e+00
6.386759503568567808e+00
6.376871147723965905e+00
6.367838586802584189e+00
6.361119083312417821e+00
6.356453654723289937e+00
6.347180659802030611e+00
6.338157049358030370e+00
6.333711579925548563e+00
6.338192204683713804e+00
6.328677229426457274e+00
6.319890049225601381e+00
6.310404822725219631e+00
6.307488970093461766e+00
6.301149015212423876e+00
6.294464908404192371e+00
6.292086565288570910e+00
6.286943777596665228e+00
6.278679830241672200e+00
6.272126132259337794e+00
6.262650137841785813e+00
6.255419640999357433e+00
6.256585970108473838e+00
6.249507987100500372e+00
6.240794882373608132e+00
6.233605845643673149e+00
6.225188258569828825e+00
6.217146185167980121e+00
6.208686319954074939e+00
6.200198689860342505e+00
6.193474791087018261e+00
6.184291564681511311e+00
6.177543256664866256e+00
6.170474363527209682e+00
6.162943147795242993e+00
6.155195859028510519e+00
6.146735863211402418e+00
6.141178825548099240e+00
6.133816118888043789e+00
6.126229068474839501e+00
6.123652297227469177e+00
6.121846682689090713e+00
6.116169145619884340e+00
6.107774589541125287e+00
6.101847043770810330e+00
6.096739864537950027e+00
6.089695433894965149e+00
6.088273364163114820e+00
6.081195843287972025e+00
6.073468831965542769e+00
6.066120750972655351e+00
6.057991141180292693e+00
6.053258364208922160e+00
6.063697517393039860e+00
6.055450737352435553e+00
6.048988219645111464e+00
6.042647661813062676e+00
6.041752575133632952e+00
6.036995190572747916e+00
6.031184466332452310e+00
6.025614111328217781e+00
6.018198053656551139e+00
6.012946515345039877e+00
6.006989582490524171e+00
6.012659190754100713e+00
6.008405309494038171e+00
6.008178148781280647e+00
5.999970407997254007e+00
5.992308223694111646e+00
5.985449896080422327e+00
5.985733536790620590e+00
5.982368210966487965e+00
5.975495225451615156e+00
5.969810032413809253e+00
5.963016177138093177e+00
5.956148075672519582e+00
5.949916501901749477e+00
5.942373997279298159e+00
5.936205730016159698e+00
5.934467047163257014e+00
5.933424670765366393e+00
5.927138089936825338e+00
5.922679218301962756e+00
5.914967514443400631e+00
5.917121919047660050e+00
5.909048896376195792e+00
5.908539492620818123e+00
5.902165117740414857e+00
5.894003243579152951e+00
5.887878571501671487e+00
5.882630181490257293e+00
5.880226496770667666e+00
5.875319514367102869e+00
5.868550306502629432e+00
5.862120684333273601e+00
5.855614071856542147e+00
5.850659298850820811e+00
5.845728416681567730e+00
5.839324786736487027e+00
5.831805481720672368e+00
5.824610958389000004e+00
5.819695502993424974e+00
5.816553764312866193e+00
5.811647313605941889e+00
5.808937275426238500e+00
5.801878245681180601e+00
5.794655564835228034e+00
5.787301615213853445e+00
5.783006523858947645e+00
5.789709436354633532e+00
5.783487296870149841e+00
5.776812602147444409e+00
5.772043477842157877e+00
5.767627496621392069e+00
5.762491817233378555e+00
5.756447446004918866e+00
5.749859288018931203e+00
5.750218775474333910e+00
5.749822956003640684e+00
5.743404241520851272e+00
5.737873196154309241e+00
5.735941413619139340e+00
5.731019242218072129e+00
5.724157978896105448e+00
5.720477531038244301e+00
5.714393731771527207e+00
5.711250062228044655e+00
5.708369050966906499e+00
5.702213691671831342e+00
5.695610089487184169e+00
5.688825585270901541e+00
5.685803282800452330e+00
5.681778972671883032e+00
5.678472723466704508e+00
5.671696332846789979e+00
5.664859203890918238e+00
5.675073218695430910e+00
5.672872408371355313e+00
5.667369324949682152e+00
5.661857956939488901e+00
5.657998176563846293e+00
5.655328586258586476e+00
5.649212789290213088e+00
5.642751574960731098e+00
5.639455527245677224e+00
5.635831297772223358e+00
5.630897903548711447e+00
5.628155318209770108e+00
5.625883271917916595e+00
5.619921893204685936e+00
5.615973704970002700e+00
5.612522956472747460e+00
5.606892643782435570e+00
5.601129580811616826e+00
5.595918584946052654e+00
5.589986195104902578e+00
5.584100396401297850e+00
5.578638572405801632e+00
5.572382654157711279e+00
5.566451535110415350e+00
5.563544034447512665e+00
5.557434502081107119e+00
5.558496095469940279e+00
5.555903390795513985e+00
5.550053045302007604e+00
5.547240571665222220e+00
5.541950274388558917e+00
5.536502314193780805e+00
5.533815147942250157e+00
5.527480196499953813e+00
5.522990377506275195e+00
5.517110039116420062e+00
5.511783502440193772e+00
5.506595220173311489e+00
5.501543559625818425e+00
5.497829494423127628e+00
5.492305622934286369e+00
5.486007427310841678e+00
5.481039588183117317e+00
5.475076338764655937e+00
5.469706779369952088e+00
5.463698765247160694e+00
5.460186425208020999e+00
5.454237203062413109e+00
5.448398791848371836e+00
5.443047062361229038e+00
5.437476894075311762e+00
5.433861140753647234e+00
5.427197157728592458e+00
5.421103164023053367e+00
5.418436585311641629e+00
5.418804918842228702e+00
5.412478497282368295e+00
5.406414381218255905e+00
5.400585542310858855e+00
5.394685408460743403e+00
5.405029387856153278e+00
5.399193260643325942e+00
5.396096666171578349e+00
5.403427155612170907e+00
5.397601765262697526e+00
5.392509482290407163e+00
5.387299530008953674e+00
5.383880948141970713e+00
5.382581712524678430e+00
5.382100406233837120e+00
5.377412293055243708e+00
5.384454076692557933e+00
5.380001803301934338e+00
5.374441955003767646e+00
5.379567743031825167e+00
5.374027252208581906e+00
5.369663181553807618e+00
5.364945025892475350e+00
5.364568884223084311e+00
5.362221358940995941e+00
5.357044305364204284e+00
5.352850163557100416e+00
5.348696742381415348e+00
5.346471183424230667e+00
5.341699260801172855e+00
5.337944345094540743e+00
