4.445053523927799688e+01
4.398227674379705832e+01
4.347764617429456990e+01
4.270543288255906589e+01
4.160840499614064925e+01
4.130961811572287701e+01
4.057419455828592447e+01
3.993073269935265301e+01
3.943954932368669830e+01
3.917468778393736528e+01
3.876614434200673287e+01
3.834341584883762266e+01
3.794137405647297356e+01
3.755612973566915258e+01
3.715703432421638297e+01
3.675932561784772901e+01
3.633834154317032272e+01
3.596988841920998681e+01
3.558000526110275530e+01
3.520333038883179455e+01
3.484124057354886617e+01
3.452560065460944116e+01
3.418216733151518127e+01
3.387153199623985245e+01
3.358665718576432369e+01
3.328332836273061446e+01
3.297732234730651157e+01
3.268192083624761324e+01
3.239274363028540193e+01
3.212467213583230574e+01
3.187140215682946831e+01
3.163879837557607644e+01
3.136075076431804121e+01
3.110962095823764528e+01
3.086498094785978097e+01
3.061375537309961103e+01
3.036948638280283319e+01
3.014569731116847251e+01
2.992860506965854483e+01
2.971327297975888015e+01
2.950291793982675870e+01
2.931163785535954247e+01
2.909195714581927206e+01
2.887988982472531418e+01
2.866870095616846825e+01
2.848376831008104304e+01
2.829297547366946475e+01
2.809706568695778373e+01
2.792669701768756596e+01
2.774888025528173330e+01
2.757618328818803732e+01
2.738878508096465936e+01
2.719689041503715643e+01
2.700045329709967135e+01
2.680592365734273130e+01
2.662922448847714563e+01
2.646404406131673426e+01
2.628958619594148516e+01
2.612528869545926113e+01
2.597824235501826351e+01
2.581034339260798305e+01
2.565716265306458155e+01
2.550139538336645018e+01
2.533717729276278163e+01
2.516037763927650772e+01
2.502085402487407251e+01
2.486304938191932479e+01
2.469594809079150366e+01
2.454816457645873840e+01
2.439731280222245857e+01
2.424882206368951287e+01
2.412045633534910039e+01
2.396259817381055157e+01
2.381992713087952396e+01
2.369663766219694523e+01
2.356378608334704339e+01
2.340470787409518749e+01
2.329527055232739841e+01
2.319694865862326338e+01
2.306541147322627694e+01
2.293002833192988277e+01
2.280460971235464740e+01
2.266855293206385014e+01
2.253210017286800237e+01
2.240225080673977232e+01
2.227487386503581135e+01
2.215889083895583767e+01
2.202468986982562171e+01
2.188459164279367641e+01
2.174361949384531201e+01
2.162579520966811941e+01
2.151307274456024388e+01
2.139107791027690908e+01
2.126782882399223240e+01
2.115270049108120887e+01
2.102979019356952151e+01
2.091911621807496147e+01
2.078903661825909310e+01
2.066436896191665795e+01
2.054547541815797373e+01
2.042160977217659834e+01
2.032113614167945670e+01
2.023147115088543657e+01
2.012018987946120063e+01
2.001987489407192911e+01
1.990424695641052111e+01
1.979628048346925695e+01
1.969351689752421564e+01
1.958378643256639862e+01
1.951679164745465656e+01
1.940867304426107154e+01
1.933276689152062033e+01
1.924340828268204717e+01
1.914494502635112028e+01
1.906347337353995641e+01
1.897471049276618515e+01
1.888410453136629030e+01
1.880175293681613269e+01
1.870738392180878762e+01
1.863368270389111458e+01
1.853666396398402583e+01
1.844436391606241088e+01
1.837582938748338179e+01
1.829950440290629388e+01
1.821109905417454300e+01
1.811920100923226329e+01
1.804133281177932702e+01
1.794801230774641709e+01
1.786373407281271142e+01
1.777212649276694378e+01
1.769815203899504041e+01
1.760828542363066873e+01
1.752295011053346130e+01
1.744413294965787031e+01
1.738763152057092043e+01
1.732960401335106226e+01
1.725366824842073399e+01
1.718854117210775456e+01
1.712176551061312679e+01
1.706537597825460040e+01
1.698710551019690840e+01
1.691593315700597699e+01
1.684107147787540626e+01
1.676355065707077330e+01
1.669748498596089092e+01
1.662201830090941712e+01
1.655464322090979223e+01
1.648652618244726753e+01
1.641454521520939025e+01
1.634481375919677149e+01
1.629043211018860049e+01
1.622559546432233901e+01
1.617169838000187809e+01
1.611307211288260888e+01
1.606586511985410226e+01
1.599308634876066293e+01
1.592449282970131463e+01
1.585920611266298152e+01
1.581655708877841704e+01
1.576523475343373093e+01
1.572122410595490649e+01
1.565539723287518115e+01
1.559619445490751488e+01
1.553044544441562991e+01
1.547695337254578440e+01
1.541545161075577042e+01
1.536060667185183881e+01
1.529912019577399285e+01
1.525548408805906142e+01
1.520384398528346104e+01
1.514854351972520163e+01
1.510727864286036848e+01
1.507031950840034717e+01
1.503716710467954165e+01
1.498339761340032794e+01
1.496079256851048100e+01
1.490692708662222010e+01
1.485545081508863952e+01
1.481043068820047637e+01
1.475872570540354722e+01
1.472276670878586735e+01
1.466899653000217718e+01
1.461209936931308562e+01
1.456226692291152602e+01
1.451382092376679545e+01
1.446170078840463447e+01
1.443612615925163567e+01
1.438947332901029519e+01
1.436221942600428036e+01
1.431278818978328538e+01
1.426807108296030613e+01
1.421797265690055134e+01
1.418013860327203979e+01
1.414766417733632409e+01
1.411305739022420624e+01
1.406795276852230003e+01
1.402112104339434318e+01
1.397121915504283507e+01
1.392489660043003497e+01
1.389174144208982042e+01
1.385655575954484320e+01
1.381498103331710148e+01
1.377407948829110573e+01
1.373513494740617880e+01
1.369470419007933693e+01
1.366147948335932227e+01
1.363361516190413703e+01
1.358855912171163993e+01
1.354984793989147462e+01
1.350336634140579228e+01
1.346038075246055854e+01
1.341761703083713364e+01
1.337949544337473107e+01
1.336222821938188510e+01
1.331912345030054290e+01
1.329242290533166049e+01
1.325250695223709840e+01
1.321182116906084225e+01
1.319397376952568557e+01
1.315516187932713876e+01
1.312534897221295260e+01
1.308729122480153428e+01
1.305419326369084132e+01
1.302119898895917949e+01
1.298083154258897842e+01
1.294293765288811215e+01
1.290047099791295082e+01
1.286439569365144564e+01
1.283691702811299429e+01
1.281788474382392273e+01
1.278110782010750945e+01
1.274312461444950806e+01
1.271415720272794303e+01
1.267589344741980817e+01
1.265192273013360946e+01
1.263050922787330066e+01
1.259714029518444356e+01
1.255764359459789503e+01
1.252040268704584847e+01
1.249114227281686418e+01
1.245927358083922698e+01
1.242452888920176868e+01
1.239685604868503788e+01
1.236126394200002387e+01
1.233095672650966179e+01
1.229729700764759848e+01
1.226284670309159175e+01
1.222781224440014292e+01
1.221359394121718900e+01
1.219623610638982214e+01
1.216330233055178134e+01
1.213028443155034530e+01
1.210027504328505010e+01
1.209301667707425842e+01
1.206138701757460829e+01
1.203304779309320871e+01
1.200653738797923253e+01
1.198193920019096836e+01
1.196018348906730999e+01
1.193159139554576598e+01
1.190238166847484536e+01
1.193010219158406038e+01
1.192657174827426303e+01
1.189515579035073678e+01
1.186411640572383597e+01
1.184396902202650637e+01
1.181968600412276871e+01
1.178958573774764140e+01
1.177091948190662229e+01
1.174272887838820623e+01
1.171610807745753746e+01
1.168762206515667046e+01
1.166509838604466864e+01
1.164126677597260695e+01
1.161339046593274560e+01
1.159503038155088461e+01
1.156780120450166827e+01
1.154468287246488245e+01
1.151891754463801121e+01
1.150537915698680713e+01
1.148234300146684106e+01
1.146261660537215832e+01
1.144369368959784872e+01
1.141972198068029343e+01
1.139156544831705453e+01
1.136770901852996296e+01
1.134031924067442354e+01
1.131466420869136869e+01
1.129833847010051429e+01
1.127441351262883096e+01
1.124756931047331143e+01
1.121904737405878194e+01
1.119077581864107884e+01
1.116426559468539459e+01
1.113985413077021214e+01
1.111886191896952703e+01
1.109370812240677040e+01
1.106918238048589309e+01
1.106152551030124798e+01
1.103351691612223640e+01
1.100954273526299509e+01
1.098147669438240648e+01
1.095524239734044691e+01
1.092760867438062533e+01
1.090068731819806835e+01
1.088645033568375275e+01
1.086092889075284695e+01
1.084026925313767720e+01
1.081679708594697509e+01
1.079217610712711739e+01
1.076761589520707041e+01
1.074365479487037156e+01
1.072050783082773684e+01
1.070244695180402950e+01
1.069397206995971317e+01
1.067246630509616701e+01
1.066181765383998403e+01
1.063880064304258255e+01
1.063812775401659394e+01
1.062082277246379824e+01
1.060610817868787770e+01
1.060363655877286249e+01
1.059142027461389013e+01
1.057048120815611369e+01
1.055618215345637267e+01
1.053315560906852433e+01
1.051520516994539456e+01
1.049562042630353886e+01
1.047981470900268164e+01
1.045804244722728882e+01
1.044414538367323253e+01
1.042319903048776197e+01
1.040602899581937457e+01
1.039765804029805984e+01
1.037772563023881389e+01
1.036076257242140386e+01
1.034688179465059399e+01
1.034487262843352973e+01
1.032625450309740245e+01
1.030549035724826190e+01
1.028820276376645104e+01
1.027163856869205638e+01
1.025656281287942306e+01
1.023654699383022226e+01
1.022461332389934618e+01
1.021284851347490985e+01
1.019532429366926785e+01
1.017914707269411601e+01
1.016388825682032859e+01
1.014752613216781185e+01
1.012676360854560897e+01
1.010945639593125023e+01
1.009001399547578792e+01
1.007195526531717711e+01
1.005560467415762993e+01
1.003881936317517543e+01
1.002025439054519040e+01
1.000015165871635325e+01
9.983848145825255926e+00
9.965223808442006614e+00
9.962672278583287522e+00
9.950246253209076741e+00
9.931205589596569183e+00
9.911393036225261355e+00
9.897087518094590308e+00
9.883325020022507346e+00
9.891748278583296639e+00
9.872847837534049376e+00
9.858773788119577830e+00
9.841138217717054104e+00
9.840908976500553962e+00
9.822937183252619775e+00
9.805209082731780157e+00
9.789216358744106117e+00
9.781973834314513283e+00
9.764280984120432549e+00
9.749506320852106001e+00
9.731586558679863330e+00
9.714607480542472473e+00
9.696724977603853546e+00
9.679496997733309627e+00
9.660235678011993343e+00
9.643924517052191447e+00
9.628425881103000350e+00
9.613796585325516730e+00
9.601352358594596126e+00
9.585862838001339981e+00
9.571143721456511599e+00
9.553291752382701674e+00
9.538720633474417454e+00
9.520761639357571582e+00
9.523997932516204301e+00
9.507839379995656870e+00
9.496517358433564482e+00
9.480068933367935102e+00
9.489064774387202306e+00
9.473072334727129729e+00
9.456345730112637682e+00
9.439977209011344073e+00
9.426070101534808288e+00
9.413240565331394194e+00
9.399044497900044703e+00
9.383897615048422125e+00
9.371581763724524450e+00
9.356001472842336852e+00
9.339993588011909154e+00
9.325751065231347781e+00
9.310821089302697473e+00
9.296410971439838633e+00
9.281970086233654271e+00
9.275831819000506684e+00
9.264724104579379116e+00
9.253613808384036687e+00
9.242839774141703657e+00
9.228365045192870042e+00
9.214765605780135260e+00
9.201474986037707637e+00
9.195491627297586845e+00
9.181696987911386998e+00
9.177698740278639633e+00
9.164576404908675755e+00
9.149536064472002295e+00
9.141596957079958230e+00
9.125898024966495825e+00
9.112824324757443861e+00
9.097096675614997352e+00
9.083408913381127547e+00
9.068885478990251769e+00
9.054655661963126434e+00
9.039983151395189154e+00
9.027700363466031774e+00
9.012964180207850617e+00
8.999601959706986065e+00
8.988212193804148598e+00
8.982790457732805933e+00
8.966842353537046506e+00
8.953689759567044604e+00
8.942075167842984840e+00
8.929373057355153520e+00
8.916000366134513300e+00
8.903090811672557336e+00
8.890497288033737178e+00
8.879720638641318331e+00
8.866919448735888665e+00
8.851725674067896676e+00
8.837421016967379472e+00
8.834907390263408544e+00
8.821280413374653406e+00
8.811522852980948173e+00
8.802254713285517340e+00
8.788819880389189265e+00
8.774971770970003249e+00
8.762637032159075190e+00
8.750811745505455264e+00
8.740383481278126254e+00
8.730450482486299180e+00
8.718500454802956767e+00
8.715404297332586481e+00
8.701830413304950440e+00
8.688967536341721143e+00
8.679350928707965096e+00
8.666206768539490568e+00
8.653276886369216214e+00
8.642158339975873460e+00
8.629959712766282820e+00
8.619107394331805949e+00
8.605447430752883875e+00
8.591280513676553099e+00
8.578681598458983260e+00
8.569056346508709510e+00
8.557584696874059205e+00
8.543851146898287396e+00
8.530856460505692240e+00
8.517532950755505539e+00
8.512415714705991121e+00
8.504621550770760763e+00
8.492057054656058313e+00
8.485862158681271694e+00
8.473816944848691080e+00
8.468500502490989845e+00
8.464523576413736095e+00
8.455022849456833356e+00
8.447881415565820618e+00
8.436777863456143223e+00
8.431822614937939164e+00
8.420255893045961670e+00
8.418252905296938593e+00
8.407216458935383940e+00
8.395686965759965759e+00
8.392666811011926242e+00
8.381179695188098577e+00
8.371682188447913120e+00
8.366320865329148759e+00
8.357468012279650083e+00
8.347581467602951832e+00
8.338413297896206444e+00
8.334409900927317594e+00
8.323179902160537935e+00
8.312299129222621374e+00
8.307754272145711383e+00
8.295975269355785997e+00
8.284898872366323275e+00
8.275232784667704067e+00
8.265093057293560364e+00
8.257124393228163939e+00
8.246853273698816267e+00
8.239990707354939659e+00
8.230125423596524215e+00
8.221057389527306469e+00
8.213064738078381666e+00
8.202377783586941362e+00
8.191976508818665792e+00
8.181333986464103702e+00
8.171883049668494436e+00
8.163085979391944136e+00
8.152695881953796686e+00
8.147193974923435889e+00
8.136856001562383867e+00
8.124807492790711905e+00
8.115068846376331635e+00
8.103987545241121637e+00
8.093962835842322789e+00
8.082821196086714011e+00
8.073319455052342164e+00
8.063555095514740145e+00
8.058670565342316294e+00
8.048871836276742187e+00
8.040557161955408816e+00
8.029821432571985440e+00
8.020280577904825847e+00
8.009632920428710889e+00
8.001501089892705920e+00
7.990953001631818431e+00
7.979628209096536473e+00
7.971972917746139586e+00
7.962090764823065214e+00
7.958932033402180473e+00
8.000836936286177092e+00
7.990019830557577585e+00
7.983645752480517110e+00
7.987955649578120543e+00
7.983874517421543082e+00
7.978729250106577631e+00
7.985115035267739358e+00
7.994636671715230847e+00
7.986384057062115183e+00
7.977767877353085346e+00
7.969205187563270343e+00
7.963353719705027700e+00
7.957052579670748749e+00
7.950747917375412754e+00
7.944190956608658816e+00
7.936446351733012605e+00
7.929569798089041832e+00
7.927522378862800423e+00
7.918975652379574015e+00
7.912737292703893033e+00
7.906444043420776779e+00
7.904240055324325276e+00
7.897892105428698351e+00
7.890525436776753665e+00
7.889805322364142448e+00
7.882547793369895750e+00
7.880287504888777939e+00
7.875240947276619607e+00
7.867885053007307228e+00
7.860328081656952293e+00
7.852865267664337345e+00
7.845238189099668524e+00
7.840004511423642519e+00
7.833460391213574958e+00
7.824568756801892455e+00
7.815886525259103657e+00
7.809765768303923217e+00
7.800894171410403644e+00
7.792118318386101805e+00
7.782607595971255066e+00
7.773675073470962538e+00
7.769417393036833985e+00
7.760833079974575277e+00
7.752532569197884804e+00
7.745033976756740657e+00
7.735600379218348088e+00
7.732146151344809759e+00
7.724835951291781910e+00
7.719579699401340811e+00
7.713087993814654375e+00
7.704612107702172530e+00
7.695823660229702767e+00
7.691241266178902691e+00
7.685954939652042128e+00
7.677941439678816593e+00
7.672344969084955224e+00
7.664303053239816421e+00
7.656454786966985004e+00
7.649536591403663266e+00
7.640767069779236920e+00
7.633739132708103448e+00
7.629373358505992186e+00
7.624426900703713095e+00
7.617222315665117094e+00
7.614161891701962226e+00
7.607318121118495036e+00
7.599508638980310593e+00
7.594019422945810227e+00
7.592593951298849397e+00
7.585385807027884120e+00
7.581200291607807173e+00
7.573024589757734404e+00
7.565295028808982636e+00
7.560954978047742969e+00
7.556445145748192260e+00
7.548296908726480403e+00
7.578881181431243341e+00
7.571989549081219906e+00
7.573803151120693578e+00
7.564913524954977930e+00
7.558285902739634743e+00
7.550536593974994659e+00
7.542990812088457453e+00
7.535840166332474332e+00
7.530594466134785669e+00
7.522427725494194917e+00
7.524291367639107442e+00
7.521899599106890655e+00
7.514670296190947951e+00
7.508207876863740360e+00
7.501687841105727728e+00
7.509066298947280949e+00
7.502376897912354181e+00
7.499223107284688439e+00
7.492548731679147700e+00
7.485281723068125892e+00
7.478145909964193372e+00
7.473668805806233273e+00
7.468496113910293666e+00
7.461181461456723341e+00
7.457426380351075856e+00
7.449576326713482466e+00
7.443178163938708458e+00
7.435430096538238942e+00
7.426932974501292861e+00
7.419329458912598874e+00
7.412606439505109002e+00
7.407518594267193279e+00
7.401679086711819622e+00
7.398699438243473203e+00
7.393506490807237874e+00
7.387597244860497625e+00
7.393035644171254361e+00
7.385611880403315510e+00
7.382647733001477697e+00
7.377972506655205542e+00
7.370196111277961037e+00
7.363122118938246530e+00
7.356614846475952874e+00
7.353457599903832964e+00
7.345823076483193326e+00
7.338856955297757168e+00
7.331899965041249523e+00
7.324863362928851096e+00
7.317648165461352328e+00
7.310188930334924784e+00
7.304303624224528946e+00
7.296430000811011674e+00
7.288534158717917322e+00
7.281725095584626217e+00
7.274336928071729602e+00
7.267855739469216481e+00
7.263119066311093164e+00
7.257254775822588932e+00
7.249564269839281927e+00
7.253184793924215334e+00
7.250624829345754918e+00
7.245746364394645589e+00
7.241704361101126253e+00
7.241686156144159447e+00
7.237921663545632711e+00
7.233166420334688596e+00
7.227014247068842323e+00
7.225264574698698539e+00
7.220402243167306722e+00
7.212671346127609517e+00
7.206544745521676454e+00
7.206419738568471622e+00
7.199666935372979637e+00
7.194055902990701412e+00
7.189429247878889484e+00
7.182270719954776617e+00
7.175317764516929486e+00
7.167757788191179813e+00
7.160666083029268769e+00
7.154755855341828230e+00
7.147850265719347895e+00
7.142119359935114709e+00
7.136499834760308580e+00
7.129181882880978982e+00
7.123401453870760847e+00
7.118450145161673959e+00
7.114372615754003704e+00
