2.815091877295567357e+01
2.760764321419478762e+01
2.711694003658848828e+01
2.692510375494351749e+01
2.665411882959980971e+01
2.639263962903983440e+01
2.608708960194604032e+01
2.583497608280937285e+01
2.555706622221523716e+01
2.537185952793337762e+01
2.521844186806713140e+01
2.497745569001810395e+01
2.483818654003299997e+01
2.467473061193049588e+01
2.451279985559222041e+01
2.434849247536090644e+01
2.417077896428176942e+01
2.401365104253660121e+01
2.382661075791437355e+01
2.365839828026374292e+01
2.352240677109791989e+01
2.335483233904625422e+01
2.320180264956172422e+01
2.304491207541873621e+01
2.290947003740729571e+01
2.278721548358327098e+01
2.265260167085359910e+01
2.250795207451456648e+01
2.236387356925485292e+01
2.222312082410349277e+01
2.208943087175136810e+01
2.195660606847036078e+01
2.183771004677875993e+01
2.169815124121739558e+01
2.156652805348035074e+01
2.147098280649148805e+01
2.133691913077039004e+01
2.123682417304086201e+01
2.112475770204282810e+01
2.100812562282964535e+01
2.087650613104301556e+01
2.075446185561254353e+01
2.063981669938286956e+01
2.050154380064061144e+01
2.037612516999051948e+01
2.025915487197632103e+01
2.013677190569404374e+01
2.001566470789231644e+01
1.990192555004079722e+01
1.975832434267241666e+01
1.964699385066979431e+01
1.954240779169682085e+01
1.941470453355296399e+01
1.928509162345310912e+01
1.916326571210030494e+01
1.904675794657742927e+01
1.892758795941518457e+01
1.881349225914456369e+01
1.867736921476024747e+01
1.857408176975960146e+01
1.845130295691732414e+01
1.835776746284837913e+01
1.825342171415756098e+01
1.816471449437974428e+01
1.804191034305720720e+01
1.792071973036869537e+01
1.780785481679742333e+01
1.769345667757917795e+01
1.756813811593396224e+01
1.744148741450498363e+01
1.733069918602818404e+01
1.722495759591081566e+01
1.711334923654614570e+01
1.699673784006346366e+01
1.689243386000274683e+01
1.680247226886869072e+01
1.668711964779334878e+01
1.657232493006783969e+01
1.646375578185656607e+01
1.636396923422942962e+01
1.626021217371645733e+01
1.617669167768513461e+01
1.608597517301401325e+01
1.598375269288010081e+01
1.589996552810452535e+01
1.581697420191970238e+01
1.573455933112155591e+01
1.563882662213313424e+01
1.554346005393322017e+01
1.545754323647685347e+01
1.536354974229556092e+01
1.527337786456021718e+01
1.519072305110486099e+01
1.510024976899095428e+01
1.502421988262798003e+01
1.494887249175342880e+01
1.486446046793219899e+01
1.477315237530299719e+01
1.470929279144712076e+01
1.461888076736903308e+01
1.457506047308448949e+01
1.450882959984747700e+01
1.443352864152442550e+01
1.435253198681796505e+01
1.427165295117258381e+01
1.418752305989042739e+01
1.410767104767119484e+01
1.402627808426079348e+01
1.394459404358142685e+01
1.387760759463715665e+01
1.382548396376187938e+01
1.376645169323859541e+01
1.371560968202777353e+01
1.367945357911547077e+01
1.360677873783660630e+01
1.353014232626684610e+01
1.345112185724644149e+01
1.341622995038393817e+01
1.335024138753024481e+01
1.328370462648411987e+01
1.321217078614555440e+01
1.315820778580332018e+01
1.309278307625779902e+01
1.302886709241374774e+01
1.296935436418192289e+01
1.290448024074811784e+01
1.286331788546778654e+01
1.283980132176406386e+01
1.279644101158943670e+01
1.275631459826521841e+01
1.270437971587095483e+01
1.264068118222701287e+01
1.258071303895819426e+01
1.253909004818003758e+01
1.248997173858393950e+01
1.242683961802453041e+01
1.237132240355740365e+01
1.233119452215012224e+01
1.226740202954708181e+01
1.220823202692454679e+01
1.214879505093447776e+01
1.209546778287818469e+01
1.207125094048899960e+01
1.203587177237604244e+01
1.199319033978850868e+01
1.194684958690567278e+01
1.189505689448991532e+01
1.184685358514749076e+01
1.179972176650578142e+01
1.176684778843413781e+01
1.172615003211341467e+01
1.167415443694294197e+01
1.163123183820212425e+01
1.157624540383577383e+01
1.152806457810829244e+01
1.148053949349162828e+01
1.144433761369376334e+01
1.140497217550802844e+01
1.136921316135136273e+01
1.132959126577184428e+01
1.129924590824457908e+01
1.125731721883613901e+01
1.122198655935924094e+01
1.118593986246922967e+01
1.114994634496603076e+01
1.110271344690449524e+01
1.105691180762944192e+01
1.101951269727133287e+01
1.097565686683476471e+01
1.096034410430093153e+01
1.092025053264982404e+01
1.087675082445277752e+01
1.084733565891818152e+01
1.082183220106006338e+01
1.077839932954964297e+01
1.076613432001501813e+01
1.072967382583897944e+01
1.071170753231695194e+01
1.066772719186737994e+01
1.065444005989513876e+01
1.062958174478830387e+01
1.062441416103281711e+01
1.059950170181484097e+01
1.058330715627340801e+01
1.054608894029126098e+01
1.051910180703419506e+01
1.048293478400574408e+01
1.044451747643669215e+01
1.041544228453470389e+01
1.038439096224780300e+01
1.036182209323299652e+01
1.035125960042384996e+01
1.032914394373610456e+01
1.029800069908792182e+01
1.026188287001651567e+01
1.022347620412698355e+01
1.019834130528171379e+01
1.016642500174572383e+01
1.014489915340519843e+01
1.013195878154237484e+01
1.010176162217894635e+01
1.006637034736775682e+01
1.003133877539473318e+01
1.000756153365477275e+01
9.976103001711388529e+00
9.944073332311132773e+00
9.918827746889109065e+00
9.884234746577032382e+00
9.854906845632134704e+00
9.826553909178418422e+00
9.795437068869293995e+00
9.762403577700375479e+00
9.728472248769111985e+00
9.701517799754565630e+00
9.668935949016407960e+00
9.646994532656053778e+00
9.614609664754095064e+00
9.582612058444530234e+00
9.559670830397166696e+00
9.528931230489853021e+00
9.528032658172445934e+00
9.495934589306409990e+00
9.472600446230561744e+00
9.444836365816268398e+00
9.446548135062725393e+00
9.417047267554162104e+00
9.395482011331401040e+00
9.364017893669835502e+00
9.338000041967289278e+00
9.313288938157100461e+00
9.287687333769335751e+00
9.265488759850750711e+00
9.238575019174314562e+00
9.222612376609449214e+00
9.225388782872697035e+00
9.201007168445695328e+00
9.178068734843924048e+00
9.160635937788404348e+00
9.139702136246731001e+00
9.125414652540024818e+00
9.100610983209397986e+00
9.082493388099278420e+00
9.054531173830836721e+00
9.034676164670973009e+00
9.013305749377844123e+00
9.003668469134929353e+00
8.978799199977510526e+00
8.956957258358464458e+00
8.951680776076884172e+00
8.936003706609232822e+00
8.910843444108117239e+00
8.891316304844202989e+00
8.871825072879643059e+00
8.850094152813067439e+00
8.827673303254417903e+00
8.810162890346667552e+00
8.793853565021530372e+00
8.775810112394882623e+00
8.766324833000719963e+00
8.757486739447362112e+00
8.734575608549873138e+00
8.733339706537464053e+00
8.710841990586846606e+00
8.689685944676543983e+00
8.667383937586089715e+00
8.660197424383612841e+00
8.637362953272203825e+00
8.628034282903282559e+00
8.615423553372359322e+00
8.602632292445644424e+00
8.578897149663603727e+00
8.556369682099596474e+00
8.539923741683232095e+00
8.520046767624227968e+00
8.505100130285491389e+00
8.486490810646744265e+00
8.470271663070173318e+00
8.449313811475242630e+00
8.427824810892607488e+00
8.416192848075082722e+00
8.395505758011791997e+00
8.373240004526191882e+00
8.357911273015245612e+00
8.345808544758476444e+00
8.335975855458199746e+00
8.332511285695213488e+00
8.310512599309486603e+00
8.289374830364904412e+00
8.296372362185621796e+00
8.277698592728320648e+00
8.259791202410612598e+00
8.243124020417869957e+00
8.223047282300873562e+00
8.206009348876527554e+00
8.192884962810159877e+00
8.174345610339834423e+00
8.155733235303197048e+00
8.138264299248600508e+00
8.138013254023238829e+00
8.120325887920637697e+00
8.108713042493048917e+00
8.109260299298295394e+00
8.092887884541648091e+00
8.076290303885514277e+00
8.066703138115361327e+00
8.049346728872095014e+00
8.032168158533728786e+00
8.023655095997687781e+00
8.005039809711378851e+00
7.990107406926498790e+00
7.973234111480528519e+00
7.965953085931865019e+00
7.966200813392833702e+00
7.960782776614218292e+00
7.944837988749670288e+00
7.928226250875790804e+00
7.914277960516444388e+00
7.910293950436956045e+00
7.904472354682236634e+00
7.889129579843158879e+00
7.890011064384343520e+00
7.878045439721472754e+00
7.866900824344235765e+00
7.862077872172829274e+00
7.845248759245249559e+00
7.830563766013498572e+00
7.876910412535973016e+00
7.861682609076060757e+00
7.851963904592841992e+00
7.841228263897847661e+00
7.830039925335492867e+00
7.817853266347217556e+00
7.808770607516323459e+00
7.796511715197593340e+00
7.785563679135159454e+00
7.772581907121729472e+00
7.763507946099309720e+00
7.747302577328961881e+00
7.733596747110929925e+00
7.716292283109578598e+00
7.705055241313546688e+00
7.702890198579252612e+00
7.704435625451177216e+00
7.688964308539427250e+00
7.676971900117374403e+00
7.661477563611605923e+00
7.648212562739239218e+00
7.633241705875241756e+00
7.624268985487364425e+00
7.609464683886154823e+00
7.601718767600898374e+00
7.593316637401562375e+00
7.580442467440017928e+00
7.570236099906638927e+00
7.555038728990338015e+00
7.541575107616201201e+00
7.527554843939316953e+00
7.512661447672767778e+00
7.499563586251538183e+00
7.487921307511602897e+00
7.486644936868121825e+00
7.478142080966623695e+00
7.462526856422972976e+00
7.447748578874817227e+00
7.437015468146812580e+00
7.422496346773148623e+00
7.408713270874999424e+00
7.395193896611204742e+00
7.382734442885430681e+00
7.372019039422822217e+00
7.360881779346893694e+00
7.346391179204052158e+00
7.331895596854820063e+00
7.317779801104233428e+00
7.303251242527043274e+00
7.291363865572437319e+00
7.279203471118234070e+00
7.267244155257258420e+00
7.254542837166705560e+00
7.242166522138406393e+00
7.227537859616596450e+00
7.226426888429362094e+00
7.213507608966307494e+00
7.214831695553171720e+00
7.209852688970330270e+00
7.198911853775626035e+00
7.184865228550788352e+00
7.171785301970406756e+00
7.158871685769420345e+00
7.145316555091845601e+00
7.139087569875754546e+00
7.128023180123910230e+00
7.116488680669097455e+00
7.106798871211598367e+00
7.094470574736977397e+00
7.085988491442963166e+00
7.081672347649794474e+00
7.087162242110881749e+00
7.081795267120818416e+00
7.076085822684434312e+00
7.064522638474492133e+00
7.061210487993467844e+00
7.061907143310744317e+00
7.051090769955082216e+00
7.049992600136755883e+00
7.039039533359254364e+00
7.032229908729171086e+00
7.021108297372431473e+00
7.012356584928616243e+00
7.005616699659123370e+00
6.994594717253067806e+00
6.983284524049082620e+00
6.972163219718694904e+00
6.964064625288892252e+00
6.959176735100552236e+00
6.950017625933212706e+00
6.943836179699864886e+00
6.938640452323882712e+00
6.928136388891558362e+00
6.916265053884656844e+00
6.905861744179917494e+00
6.894646863510724977e+00
6.883438517472424856e+00
6.873464783379946041e+00
6.863826859882655285e+00
6.853411100741413797e+00
6.842131619490443128e+00
6.831281302605389349e+00
6.819800913765395656e+00
6.815545898423767568e+00
6.807706089677680872e+00
6.797037145196945573e+00
6.789312730387529804e+00
6.782430724557797497e+00
6.770843041376281235e+00
6.761757903343838194e+00
6.752477830980486928e+00
6.740759883341201686e+00
6.732343777960275055e+00
6.722682591224310222e+00
6.712214185647703779e+00
6.704298398583918406e+00
6.701979099237011184e+00
6.690269730665796111e+00
6.679443098768262033e+00
6.670693814864644189e+00
6.659535580175560909e+00
6.650279663783201123e+00
6.643952215114222071e+00
6.636258482318756258e+00
6.641355880402728395e+00
6.633879143951115331e+00
6.622606790026245527e+00
6.621393866192032185e+00
6.611899625402917202e+00
6.601402649758686181e+00
6.590928570165889511e+00
6.582524168284188626e+00
6.577226519384309356e+00
6.572437598123043401e+00
6.566547065310564868e+00
6.556723531982873610e+00
6.546075562506983303e+00
6.538185983104201071e+00
6.530563290239682850e+00
6.521374682610943552e+00
6.516567131826345616e+00
6.507552095636027545e+00
6.498181099910055103e+00
6.492127036424202302e+00
6.485277519463301665e+00
6.478273932838951588e+00
6.468660092414299179e+00
6.459846242266165106e+00
6.452788828057771653e+00
6.443900557976953714e+00
6.435156211493858081e+00
6.435478421125521820e+00
6.426310143613564563e+00
6.416007891040974798e+00
6.406636572666513985e+00
6.396685621520351361e+00
6.387894410302023651e+00
6.378718521975704547e+00
6.369578951912693299e+00
6.366313871914415223e+00
6.356625241738967702e+00
6.347616311033661418e+00
6.338213634969648957e+00
6.353093888757904040e+00
6.343420763275720020e+00
6.335256790338970490e+00
6.335849046719663313e+00
6.331970344345771551e+00
6.338801562801057443e+00
6.329994354037874693e+00
6.321894007267796489e+00
6.315202077879106923e+00
6.307794811226111520e+00
6.304728214440871170e+00
6.302918421510987912e+00
6.294527814293328305e+00
6.287578617320341401e+00
6.278822560094699412e+00
6.272929383133025283e+00
6.264200509531954175e+00
6.256366791368488833e+00
6.247828820310003195e+00
6.240169749123317011e+00
6.233212194172931042e+00
6.225163864060434982e+00
6.224580899832297121e+00
6.216848286050434602e+00
6.217216567269096217e+00
6.213085998007378485e+00
6.206338087369162260e+00
6.200162675948458713e+00
6.191634538551022082e+00
6.183565501508816453e+00
6.185178774291983927e+00
6.177743447473054594e+00
6.171642429592630208e+00
6.163593490212383230e+00
6.156529843012902070e+00
6.147946303615833941e+00
6.139727903970368494e+00
6.132689119543895728e+00
6.126707636008273283e+00
6.120620664944524059e+00
6.113230693326427101e+00
6.104147267049030212e+00
6.096775588044075711e+00
6.089260598963088356e+00
6.081650580758115154e+00
6.074243248555471375e+00
6.068002822193452772e+00
6.060345571403847664e+00
6.055458265652006844e+00
6.047652292670110619e+00
6.042555413033100287e+00
6.034599542487087298e+00
6.032632556206902308e+00
6.027544209694269739e+00
6.020322043248552468e+00
6.011837155365319596e+00
6.006326989337303246e+00
6.001177141250270353e+00
5.993052151319185228e+00
5.986876276106261052e+00
5.995772885487355097e+00
5.987262801697540660e+00
5.981392546893129492e+00
5.977949934533064003e+00
5.972501604241722717e+00
5.965533262511343970e+00
5.958722806851085352e+00
5.955748807365671915e+00
5.950458820845510033e+00
5.945046282097621315e+00
5.938948836619987404e+00
5.945539877337698620e+00
5.945677813189065297e+00
5.942065081196685306e+00
5.940153577383358474e+00
5.935920474489278398e+00
5.929005708437362188e+00
5.928611440129806454e+00
5.921923355448837079e+00
5.915106573274828250e+00
5.914924459106122079e+00
5.909295601378535601e+00
5.902668770086376249e+00
5.901541541724362183e+00
5.895160914667960661e+00
5.891584086662689401e+00
5.886068281617731657e+00
5.879840707667443489e+00
5.874016946449253318e+00
5.869327342014435622e+00
5.863506123035450379e+00
5.861420424705439558e+00
5.855058674691765219e+00
5.848511282895112018e+00
5.841394588291460188e+00
5.837818085761029785e+00
5.830297735046681140e+00
5.823604738865225450e+00
5.817943001854222196e+00
5.810426460410024418e+00
5.807797493325865368e+00
5.801067345837202183e+00
5.797008269316474838e+00
5.789403393661743280e+00
5.784246291646173432e+00
5.778791269077393267e+00
5.773358921647817610e+00
5.767130128519173837e+00
5.759987580385000250e+00
5.756025042317109985e+00
5.751044211337323020e+00
5.743826962707823114e+00
5.740001674216058447e+00
5.732454259393032103e+00
5.725840230402558184e+00
5.720029610686791166e+00
5.713584154477461041e+00
5.707711417837120216e+00
5.702333664595426121e+00
5.696714663367482778e+00
5.691572947964437468e+00
5.684374040452374821e+00
5.678453832228374409e+00
5.672040774019481368e+00
5.670304292632229348e+00
5.669685116630219568e+00
5.667437875566029071e+00
5.664456099847106074e+00
5.658969927056498150e+00
5.651847293809646011e+00
5.646156160789107759e+00
5.639653834339092064e+00
5.632683398425562871e+00
5.627728310549399815e+00
5.620866256920220572e+00
5.619432025598363190e+00
5.614191988672492251e+00
5.606749831749821666e+00
5.600863013352729070e+00
5.593815385032741894e+00
5.590543016024199119e+00
5.585710469577706228e+00
5.579378896006748079e+00
5.580406034805857729e+00
5.577255181762533098e+00
5.571437594454379472e+00
5.565841287853730890e+00
5.560798972329849654e+00
5.555003144484967237e+00
5.549294690035338817e+00
5.549236732139554817e+00
5.543228761697709395e+00
5.538823912385498538e+00
5.534001883840837799e+00
5.528070075732611777e+00
5.527067235872554107e+00
5.522425754827835931e+00
5.519247914437444003e+00
5.513864921139615127e+00
5.513814948130832505e+00
5.507070214620737758e+00
5.500452085572813843e+00
5.495763612183716340e+00
5.490084674413452603e+00
5.484652892427630988e+00
5.480223801321756127e+00
5.475203062785072738e+00
5.469241777494531220e+00
5.499624899239355713e+00
5.493806782652103315e+00
5.495108903093364638e+00
5.498693300380053550e+00
5.492746773549570527e+00
5.486357096610684714e+00
5.480962684503273508e+00
5.475659474250670122e+00
5.471356778378607011e+00
5.467838226484850850e+00
5.467883764584239081e+00
5.462955819531855717e+00
5.457158878087623677e+00
5.452058692299378784e+00
5.446580629306541077e+00
5.441389363559061110e+00
5.437322589709254750e+00
5.432044877121233739e+00
5.426235660315294140e+00
5.422507639124849455e+00
5.420624082032666990e+00
5.415246193730358648e+00
5.413989415748267753e+00
5.409161696628551397e+00
5.404846899019401185e+00
5.401818746280042660e+00
5.396756766788350035e+00
5.390537456122915572e+00
5.384724613311550279e+00
5.379258090488226784e+00
5.373513030815090907e+00
5.371484583161436177e+00
5.367227822783639191e+00
5.365938662182946572e+00
5.359972944840287745e+00
5.354234759369948193e+00
5.350299188877984946e+00
5.346952467557745337e+00
5.341086969264854822e+00
5.341084433162508915e+00
5.335312857947990928e+00
5.331874059857858228e+00
5.328478461087176044e+00
