2.607941656272884856e+01
2.672614149021829277e+01
2.642739104496536129e+01
2.617920373701048575e+01
2.613683471809373415e+01
2.598620598582960639e+01
2.568553364907523928e+01
2.531364498899464266e+01
2.505564264349238357e+01
2.484475554231408623e+01
2.466686924977016204e+01
2.442196339091287882e+01
2.425676095304571334e+01
2.408436328278505911e+01
2.390707049952822416e+01
2.370794025149429984e+01
2.355332521697561177e+01
2.339678845194389467e+01
2.322055717667435104e+01
2.302759964129873183e+01
2.286007814842833596e+01
2.270780841477404266e+01
2.254831094788124801e+01
2.240422643937226965e+01
2.225635154527053672e+01
2.209001406281200275e+01
2.194150143474225345e+01
2.180910145476035922e+01
2.165941957447930477e+01
2.150765229536817813e+01
2.135301419982231863e+01
2.121173332984477256e+01
2.107601770890482484e+01
2.092976319618044556e+01
2.079507173220159544e+01
2.065819869796838759e+01
2.051843549275445255e+01
2.037971947433652176e+01
2.024773150817185297e+01
2.012800780781951815e+01
1.998624798568810590e+01
1.986094980596654480e+01
1.972177366965604151e+01
1.959460554344725480e+01
1.947728643916502023e+01
1.936255355360365371e+01
1.924090157336798868e+01
1.912106875425753216e+01
1.900462538417331615e+01
1.888857033808317354e+01
1.876351960617686743e+01
1.865171781891151426e+01
1.853616205406412121e+01
1.841581864203298124e+01
1.829248746571182238e+01
1.818272490159026233e+01
1.807083765411143261e+01
1.795788601307053156e+01
1.784965325957294624e+01
1.772236997560278837e+01
1.760569766654025514e+01
1.748901453348018720e+01
1.738015031128655963e+01
1.726306398988418778e+01
1.715308123564480169e+01
1.704996658669132259e+01
1.693137002845487515e+01
1.682520432665988963e+01
1.671692951843040476e+01
1.661293411238060713e+01
1.649275162997466282e+01
1.638724573843488486e+01
1.628187467574528569e+01
1.616966093603506494e+01
1.606601820635898648e+01
1.595556899257967132e+01
1.584763707784721021e+01
1.575221027770051130e+01
1.565058478362093197e+01
1.555393330764370319e+01
1.545147269803236867e+01
1.534096228675363882e+01
1.524415729177254697e+01
1.515154594837721014e+01
1.506082746009125017e+01
1.496686620746462459e+01
1.486770896441355916e+01
1.476589807316595682e+01
1.466783487888270265e+01
1.459131329437436619e+01
1.450758786742959217e+01
1.442848113298277113e+01
1.434693700153856177e+01
1.425247889792612987e+01
1.417588220006242317e+01
1.409741614734434734e+01
1.401709073676359196e+01
1.394800824596653044e+01
1.387352902111098096e+01
1.379136071874511948e+01
1.370600432019714177e+01
1.363916356709617261e+01
1.356337870359509701e+01
1.349076475993968494e+01
1.341023404939582520e+01
1.332636711716195421e+01
1.324845903941101710e+01
1.318370583292565890e+01
1.310323642966007895e+01
1.302784443256012281e+01
1.295814768597976219e+01
1.288540637555020751e+01
1.280634359983790560e+01
1.274476826587578593e+01
1.271038612317013516e+01
1.264692452837251224e+01
1.257623508300889981e+01
1.251026423180084457e+01
1.244002459057045407e+01
1.237223199862454237e+01
1.231047774324239974e+01
1.224362667543650751e+01
1.217869700654293830e+01
1.211126503146564914e+01
1.204667537737116056e+01
1.198417842431332048e+01
1.193189033076329153e+01
1.187842053370058615e+01
1.181662897006225244e+01
1.175648642276925315e+01
1.169393522217243664e+01
1.164244996352527295e+01
1.158213113106833525e+01
1.152360058427073852e+01
1.148158101269566878e+01
1.142293174974069636e+01
1.137170599588085373e+01
1.133645905226041961e+01
1.129392737946850467e+01
1.124920054823650872e+01
1.120310186100499195e+01
1.115661940611138547e+01
1.112419696862587593e+01
1.107803775678260294e+01
1.103062042589421665e+01
1.100401981130699092e+01
1.095856264706043426e+01
1.092368125038164628e+01
1.087752014116432875e+01
1.083185571656247070e+01
1.078417337767592876e+01
1.073517144771143883e+01
1.068522374345257298e+01
1.064549667671313848e+01
1.059557452896978447e+01
1.054739938149374190e+01
1.050392186894602453e+01
1.046358820311365534e+01
1.043830169853021772e+01
1.039222867551992735e+01
1.034965061751148063e+01
1.030523946219984843e+01
1.026845556521640113e+01
1.023689444349818700e+01
1.019585720919072003e+01
1.015150163742895195e+01
1.011131145764843353e+01
1.006988556055430983e+01
1.002865030022061532e+01
9.994836671131340111e+00
9.952685212805981507e+00
9.914908907133270333e+00
9.877036238980082317e+00
9.839914508904733736e+00
9.810240822348749390e+00
9.776137837993793767e+00
9.752046279274175333e+00
9.721787119705540547e+00
9.687204897843287199e+00
9.657307199130583442e+00
9.633082690721954222e+00
9.595341286482318210e+00
9.556268134921392488e+00
9.519194173129868375e+00
9.482055251020966580e+00
9.444969430740485450e+00
9.407677013447800718e+00
9.376512848419121582e+00
9.347486271521752599e+00
9.310445102872446199e+00
9.279601446098718398e+00
9.252916071826255973e+00
9.224587335152465428e+00
9.187346802285691894e+00
9.155756731740098076e+00
9.120975238642547112e+00
9.100594042932108607e+00
9.087843000880441835e+00
9.057923678384319999e+00
9.025300833269472633e+00
8.994168045545873014e+00
8.979457341276988913e+00
8.955506293570941523e+00
8.936560548546365723e+00
8.903328446976010113e+00
8.874868656325899607e+00
8.855257247908769003e+00
8.828340029835137770e+00
8.809289180957620147e+00
8.780510881852780614e+00
8.751100771442324344e+00
8.721615934625342348e+00
8.692102857155981965e+00
8.661755598902384889e+00
8.636209496342862835e+00
8.621985739585939612e+00
8.605528358658093069e+00
8.577401822478014637e+00
8.548791705566497257e+00
8.521476261289153697e+00
8.502957308340253206e+00
8.485643046017731450e+00
8.460146696126217947e+00
8.442858161340122791e+00
8.418350648072266296e+00
8.389524598296462798e+00
8.373672565036214266e+00
8.355507057419913508e+00
8.338681768333563227e+00
8.316098735947672793e+00
8.289953746397987544e+00
8.266867756997489991e+00
8.240732626101932468e+00
8.220936122409884916e+00
8.195015023496702966e+00
8.170251840537950727e+00
8.147016316033413474e+00
8.123108287285051077e+00
8.103062571154870497e+00
8.077684957714998504e+00
8.059137715763382559e+00
8.043229087010203671e+00
8.019819577904305774e+00
7.997619611179952237e+00
7.979663435071320698e+00
7.960489589415745471e+00
7.938381456659637792e+00
7.922045648892560799e+00
7.899484827377397878e+00
7.882585009803477760e+00
7.859600585818339091e+00
7.840350405312354276e+00
7.816950670793883837e+00
7.799289103010285551e+00
7.778511365544665601e+00
7.767698949128182484e+00
7.748560260063128702e+00
7.729728869273150060e+00
7.721784186284152973e+00
7.701034565582198788e+00
7.687317873181279460e+00
7.673796663367606463e+00
7.657748889598461339e+00
7.636582311589132921e+00
7.631791592413414982e+00
7.609315044459058264e+00
7.591577263600360226e+00
7.576100471185848839e+00
7.558194968851207562e+00
7.539292825448905333e+00
7.532273325587054202e+00
7.511926279946743890e+00
7.492755851467271633e+00
7.474307697276272755e+00
7.454999283926102116e+00
7.437902926299331696e+00
7.418701465579099263e+00
7.399278673713022947e+00
7.390984757376264369e+00
7.375395858408254846e+00
7.355987695252343528e+00
7.337063475848013105e+00
7.320411152234941099e+00
7.312683406856606894e+00
7.300948743703880695e+00
7.285995384182077039e+00
7.271399408505553552e+00
7.252514114165721004e+00
7.243081682122964438e+00
7.226686906250320952e+00
7.218156952497128742e+00
7.203724027180629541e+00
7.188555278891052502e+00
7.169640163816257683e+00
7.150351327629533849e+00
7.131887208957451207e+00
7.117317573554738708e+00
7.114693964530784065e+00
7.104275712116703723e+00
7.087544607999712198e+00
7.073061871362940067e+00
7.055492576901517765e+00
7.039654194237682461e+00
7.027043246720414693e+00
7.011406915219081881e+00
6.993721181335613046e+00
6.990560094062945318e+00
6.974006514734303330e+00
6.957009897757490791e+00
6.941499625186836830e+00
6.933899734251961711e+00
6.920402333678219442e+00
6.910296750040681779e+00
6.895442115989050436e+00
6.880007415325935405e+00
6.868470492679685790e+00
6.855023327388685139e+00
6.841196448181446677e+00
6.828195529997716839e+00
6.813211706518139898e+00
6.799865225286638726e+00
6.784026624323996835e+00
6.768499192925719221e+00
6.756981742210252939e+00
6.741708252016848313e+00
6.731308508529284751e+00
6.719193834521802522e+00
6.708607706934159864e+00
6.694341648362904351e+00
6.679192152466615795e+00
6.664953032062667759e+00
6.652813634508962792e+00
6.637755596214533149e+00
6.624632588796409927e+00
6.609884774197887225e+00
6.595070515100247555e+00
6.581249585580802197e+00
6.565358798666970586e+00
6.551822769694093829e+00
6.536374153847097190e+00
6.522280929739460831e+00
6.506575583134911689e+00
6.517037203818820679e+00
6.513109281470980783e+00
6.501486653644405145e+00
6.491230271249867734e+00
6.476800382946389156e+00
6.466624342304837292e+00
6.454857594425114975e+00
6.440882996518907611e+00
6.426952904131332467e+00
6.414228288741704809e+00
6.401232863826920472e+00
6.390122328940388563e+00
6.378382996857432374e+00
6.363828135474324910e+00
6.350781874161476992e+00
6.347395289570179955e+00
6.334360333053977499e+00
6.330363510943762151e+00
6.323438907757486405e+00
6.312989620376704636e+00
6.302294616564728003e+00
6.288578777362103800e+00
6.278654531469189060e+00
6.266293580796135743e+00
6.252837180098469894e+00
6.243750461913558425e+00
6.234360098437802478e+00
6.227747821567655606e+00
6.214463894460827476e+00
6.211285459513522511e+00
6.202858695870037131e+00
6.192674093467540608e+00
6.182708046836860483e+00
6.171928284980410240e+00
6.164267370111071287e+00
6.155923638139393361e+00
6.149538491773780535e+00
6.139738480940269305e+00
6.131268149919569588e+00
6.123175022114942578e+00
6.113806767579909263e+00
6.106282797166548981e+00
6.102654753465467152e+00
6.091967204111941037e+00
6.081664714205413880e+00
6.073742211751103959e+00
6.062237200441170870e+00
6.050422473332322859e+00
6.039100686208572100e+00
6.029189545146463658e+00
6.024437940865327690e+00
6.014041516140746779e+00
6.009570261413303527e+00
5.997833596800994371e+00
5.986322838884897912e+00
5.974894453001596162e+00
5.963234686096360093e+00
5.954180744044300866e+00
5.946081730587906122e+00
5.939876783184994125e+00
5.930448971233986732e+00
5.920496225664939161e+00
5.911080388743179981e+00
5.904071351898027231e+00
5.897277071152292827e+00
5.888894138492037911e+00
5.878065877358103819e+00
5.867967536052140609e+00
5.857005323777009664e+00
5.846631679207197507e+00
5.835423978401548695e+00
5.825549134481864400e+00
5.817843208160693003e+00
5.808372918473574842e+00
5.799227832945406114e+00
5.798141738346169305e+00
5.788635199889163196e+00
5.777926587994103080e+00
5.766587571718571503e+00
5.755610941931308844e+00
5.746515604666947219e+00
5.743363448898205270e+00
5.733235473253558645e+00
5.725065202879553006e+00
5.717239628405071272e+00
5.709492079693355926e+00
5.702367650505506091e+00
5.693458002111195349e+00
5.684220513238933847e+00
5.674848985155509062e+00
5.665804706509413258e+00
5.660316507299823385e+00
5.653268266888233029e+00
5.653356003300883614e+00
5.643109509411297964e+00
5.633622180980475846e+00
5.629367998863597400e+00
5.622186291144115167e+00
5.612136925856614056e+00
5.602696295378895464e+00
5.597390232969502222e+00
5.592219977223186866e+00
5.585499049690725748e+00
5.579442431328737406e+00
5.570553981414633427e+00
5.561227446568310029e+00
5.560655602689457133e+00
5.552623411071807347e+00
5.546277034056775079e+00
5.539762616042561483e+00
5.536138451370326230e+00
5.526420108719210411e+00
5.521876946276651488e+00
5.513564639925980337e+00
5.506077530074459325e+00
5.498947890803540517e+00
5.493306664809902706e+00
5.484341281192620876e+00
5.478109460294634303e+00
5.469381889244463224e+00
5.460277085001310482e+00
5.452115516812764184e+00
5.443535282233877837e+00
5.434393740584003929e+00
5.425413417704894492e+00
5.419659953635405536e+00
5.412465491411277085e+00
5.404756505677243972e+00
5.398909536602992887e+00
5.391982677752857001e+00
5.388127873323786510e+00
5.379873509045343560e+00
5.372322754888141816e+00
5.366312617283703901e+00
5.358041004692099207e+00
5.349665018188043852e+00
5.341388221095244582e+00
5.333623509814676034e+00
5.325606863431056937e+00
5.317581694930822778e+00
5.309388937177785373e+00
5.300981329134502040e+00
5.294667741669529804e+00
5.287404641948192818e+00
5.281492785169635162e+00
5.272578072068856869e+00
5.264807870640022536e+00
5.257549568905394821e+00
5.253862147489950729e+00
5.247517752675894265e+00
5.239154581250431875e+00
5.236776542503774223e+00
5.231100672175801769e+00
5.223527504700741453e+00
5.216208611775910775e+00
5.208884923583015691e+00
5.203521996585932285e+00
5.198457036713842072e+00
5.194402807798208954e+00
5.186460810423733747e+00
5.178745375531684125e+00
5.173978776416990222e+00
5.171501801790343578e+00
5.163225122319025751e+00
5.156847905986832181e+00
5.153252483855949251e+00
5.146298935708689015e+00
5.140584742044571165e+00
5.133064608760533609e+00
5.132951167866346864e+00
5.126425866519749519e+00
5.123914854243460937e+00
5.117883259391119211e+00
5.112603041363158241e+00
5.106689366791360207e+00
5.099959966259193678e+00
5.093766493182352306e+00
5.087586873308625357e+00
5.079798199727919794e+00
5.074141689820654832e+00
5.068837448676713819e+00
5.065922180810475517e+00
5.061517091926609702e+00
5.054719038344789972e+00
5.046765497550450341e+00
5.041407145685646185e+00
5.034048100160127603e+00
5.027440482105059338e+00
5.019781364374281907e+00
5.013257457419443064e+00
5.006165822096580342e+00
4.998640486791487980e+00
4.992254458222101121e+00
4.986961265147440869e+00
4.983184372208306456e+00
4.978589653431957807e+00
4.971322103784718394e+00
4.964647653833417884e+00
4.958833997860793374e+00
4.952259924673558800e+00
4.951946382921570411e+00
4.944627159019143292e+00
4.937048163195671968e+00
4.930871664669342458e+00
4.924234737383586413e+00
4.917709713788484649e+00
4.919722574983884655e+00
4.914081687621620453e+00
4.908183509798511146e+00
4.904506022518667407e+00
4.900589249401835268e+00
4.896710565387234482e+00
4.893506074165687281e+00
4.888164313286807783e+00
4.883463321707450788e+00
4.877520555756079013e+00
4.876007721028929431e+00
4.869188592733898702e+00
4.863525924375324827e+00
4.858761768077540566e+00
4.853837695884358538e+00
4.850406589634546073e+00
4.843862028658103114e+00
4.838068422981391947e+00
4.831907394131524036e+00
4.830509286584320883e+00
4.831398572926384638e+00
4.824695939352573681e+00
4.818983747163023246e+00
4.812638849349762715e+00
4.806156465269190825e+00
4.801518677707719895e+00
4.797650318603029262e+00
4.795612056018905278e+00
4.789618863546364125e+00
4.783321067157388029e+00
4.777246415866486906e+00
4.772950395897047393e+00
4.767414457775062786e+00
4.761972635736325010e+00
4.757235434738192659e+00
4.751315526007052981e+00
4.751648323786863415e+00
4.746276876303387127e+00
4.742369604228708901e+00
4.736636421790299423e+00
4.734648066614975725e+00
4.728967049083093066e+00
4.724851670080574273e+00
4.719755873950060909e+00
4.718260214014597054e+00
4.711999858456567658e+00
4.706273705112085537e+00
4.702953159066272093e+00
4.696669832965754132e+00
4.691718776924860279e+00
4.688392067333976954e+00
4.685729169613132683e+00
4.682235023128247242e+00
4.679355551037684080e+00
4.676864679448920370e+00
4.671858328990150966e+00
4.668601543328858128e+00
4.665104400980907506e+00
4.659954059666747916e+00
4.654324157745535651e+00
4.650280350228006121e+00
4.645793974070424603e+00
4.642148917052962176e+00
4.639093621214900764e+00
4.633887715803059137e+00
4.629765523422014972e+00
4.623877411402813387e+00
4.618565027343641383e+00
4.616333378130884846e+00
4.612836333044606718e+00
4.608218226897712100e+00
4.603458708485868023e+00
4.602752897919470954e+00
4.597037560846290560e+00
4.591841381608096739e+00
4.586569014380420306e+00
4.581464797844757797e+00
4.576563591395899522e+00
4.572026128519190991e+00
4.566217269226979347e+00
4.560229988191481176e+00
4.555185176490208043e+00
4.550120130904152127e+00
4.544452326401866138e+00
4.539441738720269903e+00
4.533997779526403704e+00
4.530734775222058808e+00
4.526171195166046601e+00
4.521922420965768907e+00
4.516753454071641194e+00
4.511312266362244472e+00
4.507592253132299831e+00
4.502428379528480740e+00
4.496768661087574337e+00
4.493696734123070691e+00
4.488339654525118405e+00
4.484227961802354834e+00
4.480768000900845038e+00
4.475318438340661231e+00
4.470137877469609222e+00
4.464896964448371364e+00
4.461415900700890447e+00
4.457144032830533398e+00
4.451854081170012911e+00
4.446567276462470630e+00
4.442650948467943728e+00
4.439981688588464870e+00
4.435322941690605703e+00
4.432633842039891192e+00
4.427301873951511091e+00
4.421706959217906352e+00
4.416835444252412479e+00
4.414609559115505455e+00
4.409456128838025180e+00
4.407538561579364078e+00
4.402706899188173040e+00
4.399214023251182937e+00
4.393822385685384191e+00
4.388715798372977872e+00
4.384089154260703225e+00
4.382603652512479186e+00
4.378162367935813926e+00
4.374022885488233037e+00
4.371189676960439918e+00
4.366195537715006125e+00
4.361360269608858253e+00
4.356447720673956248e+00
4.353393143634085583e+00
4.348078988536535405e+00
4.343525095129294300e+00
4.338147137677839105e+00
4.333139700835782371e+00
4.328345617950897228e+00
4.323105249380485127e+00
4.317939374324852864e+00
4.312555673708355464e+00
4.308745934882859174e+00
4.303967002275749465e+00
4.299982998220231778e+00
4.296828300490615149e+00
4.291744053702827522e+00
4.287207492777419304e+00
4.283108421910164942e+00
4.278596138557294815e+00
4.273993922095902676e+00
4.268756002349396006e+00
4.264541215143212050e+00
4.260674487388392606e+00
4.255532095955958383e+00
4.253125601721551519e+00
4.248367954350872111e+00
4.243707125234942978e+00
