2.771080829772605014e+01
2.696463928719472136e+01
2.685968189065680178e+01
2.657491217590242627e+01
2.633156979922388530e+01
2.604571335953831834e+01
2.580351284358214770e+01
2.564680867628366556e+01
2.541840919913896002e+01
2.521259743179062696e+01
2.505484015388871555e+01
2.481044160555014599e+01
2.464478961026637549e+01
2.447147943549587268e+01
2.432007800414976728e+01
2.416937916713995094e+01
2.402046209378217867e+01
2.385915577752713901e+01
2.372754673257963631e+01
2.357133084679497159e+01
2.343999681407345292e+01
2.327483448985710268e+01
2.313059132992225031e+01
2.298899558312393054e+01
2.284583674561960720e+01
2.269566379917675647e+01
2.254223708871660747e+01
2.240478706889811988e+01
2.228785725234723358e+01
2.215455689223612623e+01
2.202545343772311170e+01
2.188296417043362396e+01
2.175910941947924471e+01
2.162246182322328281e+01
2.149268924095612832e+01
2.136717997005938585e+01
2.123700219081848672e+01
2.110627652592894421e+01
2.096714311948215226e+01
2.083622624441287030e+01
2.069985516838058359e+01
2.056336578108671276e+01
2.042526019788811098e+01
2.028497472702014548e+01
2.013915879940589804e+01
2.001803409203061790e+01
1.987173072765835258e+01
1.973735510853054720e+01
1.961880783191032762e+01
1.949017754425189963e+01
1.939184969696768945e+01
1.929099788216056766e+01
1.915766250068494259e+01
1.903100338600135899e+01
1.893459556029435120e+01
1.881099841305713127e+01
1.867967473097844078e+01
1.855191607942665399e+01
1.843124446382089587e+01
1.830343631109442981e+01
1.815944134193486903e+01
1.804970317553235759e+01
1.793927774581246837e+01
1.784525868973068441e+01
1.772233493033135687e+01
1.762278935018954940e+01
1.751751372728913481e+01
1.743020927574781709e+01
1.733232494812073199e+01
1.720419310690170178e+01
1.711270335395865061e+01
1.701459746214775848e+01
1.690520152555193079e+01
1.679272471056663463e+01
1.667233606595425144e+01
1.657512828989963438e+01
1.649835916116301604e+01
1.641371090725029092e+01
1.630393287072595854e+01
1.620682632099901710e+01
1.611036697419351427e+01
1.599104295088880967e+01
1.591830365953897974e+01
1.580949085644361141e+01
1.571777989068915815e+01
1.566722635865850322e+01
1.556117470748952947e+01
1.547287722129212106e+01
1.538345187336269504e+01
1.531714258867482137e+01
1.523542431597083358e+01
1.516328392549002757e+01
1.508233778616436105e+01
1.499709878669082919e+01
1.492679521313117164e+01
1.487356582341229760e+01
1.479990480628207195e+01
1.471702953982561191e+01
1.466596271106026528e+01
1.458567379446386525e+01
1.449704379159302370e+01
1.441375943020266526e+01
1.435889235073517334e+01
1.427158418443934274e+01
1.420777994518448928e+01
1.412981097883844051e+01
1.409499464289805637e+01
1.402034674282801952e+01
1.398364049240400675e+01
1.393815773817986781e+01
1.386170736947885196e+01
1.378415300223528916e+01
1.371000762715349275e+01
1.363781567620771895e+01
1.357246497045582601e+01
1.350954764519347506e+01
1.347024268536220504e+01
1.344829789279181931e+01
1.337662833332012013e+01
1.332662618604017091e+01
1.325543090236502231e+01
1.321189742807371381e+01
1.314761001458034073e+01
1.311484804928077530e+01
1.305944412896515061e+01
1.299028094225716323e+01
1.293011217925699796e+01
1.286279731246399294e+01
1.279771453245940904e+01
1.273390673080702129e+01
1.267489874024053798e+01
1.261210825542038982e+01
1.256457813264891143e+01
1.253639083761911266e+01
1.249454799580340136e+01
1.243548363076208574e+01
1.241082033586603117e+01
1.237392371643407252e+01
1.234050884050599173e+01
1.228460265743289526e+01
1.226448267827163541e+01
1.220572011769970011e+01
1.217109886071223990e+01
1.211476682815157346e+01
1.205942815344634766e+01
1.200367811339265245e+01
1.198545389663651584e+01
1.197385326451857779e+01
1.193023437480071003e+01
1.189201329456981071e+01
1.183964059085616505e+01
1.179818475955752888e+01
1.176162580452406381e+01
1.171060082592827101e+01
1.165898144279649884e+01
1.164189884214292725e+01
1.160816958611582628e+01
1.161312375549021958e+01
1.156872425870851551e+01
1.151832003797145276e+01
1.147515425115201282e+01
1.142764703982576258e+01
1.138046748203806224e+01
1.133952401088881601e+01
1.129737983986865046e+01
1.125753541368855082e+01
1.122510029469509618e+01
1.117851964850241586e+01
1.113759917642172681e+01
1.109990947092636482e+01
1.105364703803204485e+01
1.103735079542492059e+01
1.099436895002435399e+01
1.095235691973048731e+01
1.092236283250089102e+01
1.087599669885790199e+01
1.083400619723374092e+01
1.079961898452698854e+01
1.077608632902551022e+01
1.073949142253037259e+01
1.069443932202719871e+01
1.067395530575992701e+01
1.063582656666143222e+01
1.059547486136842309e+01
1.058771381278794443e+01
1.055278329448949037e+01
1.050933763427960344e+01
1.047676946628695127e+01
1.044002651192266207e+01
1.040124964705203148e+01
1.037409707500884792e+01
1.035454822855971102e+01
1.034092699713796648e+01
1.031467991148359786e+01
1.030050619223963793e+01
1.026758791209296184e+01
1.023911957006894902e+01
1.021415876748495855e+01
1.019747887571943679e+01
1.016284606180065353e+01
1.015015050860171897e+01
1.011652277102245989e+01
1.009668729141530541e+01
1.006446318851741495e+01
1.005108233363462844e+01
1.002169160298481998e+01
9.989102546594022414e+00
9.975958751483315012e+00
9.942789377786949601e+00
9.911943647497404086e+00
9.876346390154003174e+00
9.850564029964834489e+00
9.821398592454142928e+00
9.788127214337942306e+00
9.757845781990715395e+00
9.725624871391964632e+00
9.716283106706747219e+00
9.688089916676641877e+00
9.657560688051626485e+00
9.626241481996320459e+00
9.594944953853740799e+00
9.584162523262831357e+00
9.554432513228219293e+00
9.538860631762801745e+00
9.508363728391193703e+00
9.483443977861073293e+00
9.461102454215041035e+00
9.432737002591998987e+00
9.408892940895142942e+00
9.379077232240035755e+00
9.349912158266086237e+00
9.336127567445400288e+00
9.310808496808574475e+00
9.286658670342175625e+00
9.273690465430972196e+00
9.257522232469719725e+00
9.252905442999313834e+00
9.229729614942629112e+00
9.212671965171239208e+00
9.195084158195237833e+00
9.175043488740980635e+00
9.149759371279985842e+00
9.132607814501346510e+00
9.104002030952159430e+00
9.082245856501627301e+00
9.053690194968252669e+00
9.046326084246361532e+00
9.038038554517061840e+00
9.015665159443127408e+00
8.997386770725496419e+00
8.979158538753408081e+00
8.955377963789628026e+00
8.945172364258338504e+00
8.920353251467945555e+00
8.898679371694342422e+00
8.880080761273477563e+00
8.856188542587640100e+00
8.832488418021197774e+00
8.810557519735700893e+00
8.817389768479207746e+00
8.793378637828551447e+00
8.775142917585530000e+00
8.755198292583298070e+00
8.734213318812200200e+00
8.713981434057822995e+00
8.699533177903365555e+00
8.693840808657691710e+00
8.690987688507702202e+00
8.673595002948346178e+00
8.652847397563832033e+00
8.629591098338885047e+00
8.610858863738961588e+00
8.598219485488126423e+00
8.579296872103943983e+00
8.556836188086480277e+00
8.547532068310299991e+00
8.542045320506893802e+00
8.523701520454235236e+00
8.514146827653714666e+00
8.491301750811631521e+00
8.469377062043509596e+00
8.453536629296044325e+00
8.431820310692922149e+00
8.410161511073702911e+00
8.413967517979417110e+00
8.394144501846396267e+00
8.377485840581567089e+00
8.370724516561431017e+00
8.352880201763168699e+00
8.337480323864275178e+00
8.325020952369603933e+00
8.304849880353891933e+00
8.285411861641142295e+00
8.275675808536016476e+00
8.270915402692212481e+00
8.252794464334559876e+00
8.235555712244250870e+00
8.217100085948077393e+00
8.199970264199201608e+00
8.181359874138159682e+00
8.164417380859232409e+00
8.147630381279064693e+00
8.130898105510883767e+00
8.124369475523133488e+00
8.107302259561222968e+00
8.095011601814670499e+00
8.077960540663854161e+00
8.063797881559871428e+00
8.070337623870392108e+00
8.070906220567858114e+00
8.056870171389642010e+00
8.036643487217252968e+00
8.022715248514435515e+00
8.009503971832701907e+00
7.992825711993988946e+00
7.977373911032065834e+00
7.959293205100533619e+00
7.945952767295216823e+00
7.927281645565878776e+00
7.909465758810987346e+00
7.899808950829098286e+00
7.882516233745445078e+00
7.870354387574520771e+00
7.852879011513185681e+00
7.837458420474427534e+00
7.825072899780253444e+00
7.808939400395631836e+00
7.797130566243918537e+00
7.782788047991471281e+00
7.769743828378147477e+00
7.753395683422279916e+00
7.746049825916837328e+00
7.741772040347110639e+00
7.724478629670812779e+00
7.719680244572061589e+00
7.709739231914516822e+00
7.694802668514196142e+00
7.680272751693664190e+00
7.669100895102084259e+00
7.654628723366307952e+00
7.641162581407477283e+00
7.626150884125428853e+00
7.625030571523151224e+00
7.624209840066254351e+00
7.613771625497925299e+00
7.601803584856905438e+00
7.587980299729209399e+00
7.573273906165456815e+00
7.559247775007556847e+00
7.558897669026500843e+00
7.544078374452863223e+00
7.533049418409357045e+00
7.525268635148957941e+00
7.510528745227942338e+00
7.498507699029357987e+00
7.484527188813347109e+00
7.470076979305543041e+00
7.475112369051979400e+00
7.481106485784638771e+00
7.467015293369272833e+00
7.452869581066382310e+00
7.447570147001788321e+00
7.445957859294874304e+00
7.432529423854539630e+00
7.420615898517437081e+00
7.416475368272912760e+00
7.410525560699672276e+00
7.396581615391227160e+00
7.382876588119932748e+00
7.369863513529836041e+00
7.355173407428162946e+00
7.342708554181676561e+00
7.332546448963113583e+00
7.322097334571771476e+00
7.308747817066886476e+00
7.304454282115230512e+00
7.303275852184724748e+00
7.290769697270439664e+00
7.278365355715184393e+00
7.264090140640356630e+00
7.249698774041711147e+00
7.240235443438828078e+00
7.237519551866647305e+00
7.225749425262773862e+00
7.216976744571589997e+00
7.205298626013636465e+00
7.191426815878407375e+00
7.177822457190415228e+00
7.164268474176154200e+00
7.166653166823515164e+00
7.155700707771534219e+00
7.142759937528079917e+00
7.129053763357235063e+00
7.116643946986425107e+00
7.120855526763333110e+00
7.115206685141378884e+00
7.104473227097736654e+00
7.092043174280245665e+00
7.080521436547149605e+00
7.071948519623885154e+00
7.061661975761223786e+00
7.050148387777730896e+00
7.037734542248180958e+00
7.024482036712898392e+00
7.013675497249209911e+00
7.001112556036046541e+00
6.989168057497740172e+00
6.979177049759762497e+00
6.993877865198759203e+00
6.990225312050591278e+00
6.978017228532789495e+00
6.968000149930481335e+00
6.964246924313402864e+00
6.957696259558347585e+00
6.950545880676376242e+00
6.945737949609752881e+00
6.933517703730794679e+00
6.923240617235761896e+00
6.919941995275184610e+00
6.916441380403309580e+00
6.905931394382258226e+00
6.905273548176014131e+00
6.895964573787915164e+00
6.886288308362383148e+00
6.876547357174999320e+00
6.865170506917571025e+00
6.854367674149749234e+00
6.844153412138224368e+00
6.832391540049493450e+00
6.822069427699867461e+00
6.809413408983078675e+00
6.800097173053104349e+00
6.792662974000982956e+00
6.792830916733413993e+00
6.782105343641737782e+00
6.771584773823225767e+00
6.763218758364598848e+00
6.754050298314072442e+00
6.743269842985762708e+00
6.743810814380443830e+00
6.734576114887362408e+00
6.724363383573565223e+00
6.723044522860674554e+00
6.722264058406393517e+00
6.712680733198420846e+00
6.702669560364887147e+00
6.691582876024540383e+00
6.681046489916369957e+00
6.672434334074522688e+00
6.662597538184232171e+00
6.651267160076521634e+00
6.648212173673367253e+00
6.639038362281362460e+00
6.628380669671690484e+00
6.620036419869212097e+00
6.610060278983789672e+00
6.599883873650983723e+00
6.591031487651640042e+00
6.586161055362067529e+00
6.582416853102753151e+00
6.571327411114327610e+00
6.578482235287488322e+00
6.568494739025481088e+00
6.564891220075979916e+00
6.556445188851424355e+00
6.547621438818934436e+00
6.546503082112448801e+00
6.537374014815556578e+00
6.528633806540307560e+00
6.543658303977668567e+00
6.537301408391483548e+00
6.528474946839040172e+00
6.521076047093654182e+00
6.510645494045016690e+00
6.502058994522471380e+00
6.491785139266702309e+00
6.487345549995117366e+00
6.479537912279967671e+00
6.474420704199244980e+00
6.468424278327350230e+00
6.459191243709542007e+00
6.450377501942804237e+00
6.442166611508248764e+00
6.433519088208433878e+00
6.425341317085069726e+00
6.426646366631797669e+00
6.416967934558689635e+00
6.409301231187333414e+00
6.401715877354992479e+00
6.392431495027105726e+00
6.383821964852382180e+00
6.374566172683649334e+00
6.364539548694549964e+00
6.370916551012894224e+00
6.361322229023736341e+00
6.355371771918342461e+00
6.348679192768808655e+00
6.341229987301541193e+00
6.361445229685500635e+00
6.359341974411243825e+00
6.353690427568325916e+00
6.346862878168113120e+00
6.341157428881103897e+00
6.332629286887800468e+00
6.325198047791832145e+00
6.321167910419978497e+00
6.319142739302487932e+00
6.311079383563888534e+00
6.305123934598300117e+00
6.299315205622201042e+00
6.290295304276047439e+00
6.282806338627006326e+00
6.278019201449474451e+00
6.269511845353493484e+00
6.260428496010630894e+00
6.251912076746720892e+00
6.245542126153376117e+00
6.237321430604060524e+00
6.229539515866255428e+00
6.223031631503231687e+00
6.214668230065184318e+00
6.208950492643868557e+00
6.203123882992684912e+00
6.196966206693944379e+00
6.190210519953948776e+00
6.183072487003351547e+00
6.174065579981302676e+00
6.165642620412519648e+00
6.157374932606425766e+00
6.150989822079849567e+00
6.141838262439888396e+00
6.143259989173339264e+00
6.134494748058915370e+00
6.140263080334693591e+00
6.132094563496787387e+00
6.127782548288939424e+00
6.123097259941043369e+00
6.123904194538798862e+00
6.119822657862351356e+00
6.117590511108748075e+00
6.110937147889479171e+00
6.105340742389082642e+00
6.097361120786092492e+00
6.089779767038165481e+00
6.083507511063865003e+00
6.075960617522381924e+00
6.072190087106148937e+00
6.064778842911501044e+00
6.058011599427945093e+00
6.049901154994222097e+00
6.042514841555564509e+00
6.034536722258110331e+00
6.028750320952846131e+00
6.022044049538016530e+00
6.014734235956203712e+00
6.009338101712534019e+00
6.003729754034385913e+00
6.000572396049780544e+00
5.994607116638060340e+00
5.987585223577274185e+00
5.981426096743817311e+00
5.974898382740208014e+00
5.966938579028115086e+00
5.960193802645149752e+00
5.963466288648557878e+00
5.957767254587718497e+00
5.950059464043102153e+00
5.942221377488403178e+00
5.937594922329485492e+00
5.939172853776013561e+00
5.931498192004898584e+00
5.924176391154964527e+00
5.924117152366994432e+00
5.916697055859488685e+00
5.916830410061218792e+00
5.911014715542703080e+00
5.913454828956884235e+00
5.906266254899318113e+00
5.900312921121420473e+00
5.895456580031727789e+00
5.888310791250758847e+00
5.887895852304366962e+00
5.881012950649134652e+00
5.873351406435642907e+00
5.866888622098926476e+00
5.860304216661723409e+00
5.854986016439069019e+00
5.847523706817418621e+00
5.841371709327617623e+00
5.834838133489617107e+00
5.829016660785926618e+00
5.823466016213328267e+00
5.819356011038362197e+00
5.812764182025556892e+00
5.805437028352267603e+00
5.802105829740124676e+00
5.795737022869947630e+00
5.790875734965674759e+00
5.785249035320766176e+00
5.778521446210991286e+00
5.771861628345787310e+00
5.764239896225692661e+00
5.757032077005796999e+00
5.753866306912063244e+00
5.747952998751999054e+00
5.759512362961503484e+00
5.754422188640722524e+00
5.749740312404282072e+00
5.742609230569271084e+00
5.736042428103771407e+00
5.735108468798046033e+00
5.729302575493563587e+00
5.722253642979603150e+00
5.715465710175124059e+00
5.711177871779543835e+00
5.706206902364852951e+00
5.706164101970643721e+00
5.707120007191764266e+00
5.713740693306035290e+00
5.706820961551700933e+00
5.700562460145031984e+00
5.694322810073519925e+00
5.689195458854729992e+00
5.683087061828858921e+00
5.677700770742093006e+00
5.672538891565824137e+00
5.666406401485198252e+00
5.659721485972296406e+00
5.652697822206818934e+00
5.646081284188204208e+00
5.641683949692587241e+00
5.640143009380325978e+00
5.633162954283868373e+00
5.627437814929529658e+00
5.623001625126962111e+00
5.618696968475609843e+00
5.613648735923077560e+00
5.607264430935482658e+00
5.601929376975097519e+00
5.595708507610194893e+00
5.589238146416986908e+00
5.583649199765645221e+00
5.577155172162771457e+00
5.576908419467952349e+00
5.572247198455142936e+00
5.565614882835888011e+00
5.560147755002950554e+00
5.554834500878982340e+00
5.549250805832223854e+00
5.543162080153223314e+00
5.538337845134593707e+00
5.538505090120860785e+00
5.532395938740044095e+00
5.532532310034731893e+00
5.526281121564278642e+00
5.519487718112819685e+00
5.516807916430995995e+00
5.510311573023130016e+00
5.504649755882602413e+00
5.502068172009976443e+00
5.496227416869055027e+00
5.489982671752647647e+00
5.485283548758743244e+00
5.479378442211704225e+00
5.478521375104177693e+00
5.475942146515390796e+00
5.469340164813791816e+00
5.468990485722163619e+00
5.462513139498367920e+00
5.463310193135504811e+00
5.457244848930995929e+00
5.452618240755891854e+00
5.449333832675575806e+00
5.444543811410722078e+00
5.439618688687968273e+00
5.438857005314997828e+00
5.436091793415221751e+00
5.433019265780841600e+00
5.431421546263211830e+00
5.425423772646652765e+00
5.419893900099917339e+00
5.416922533903159476e+00
5.411617329341575910e+00
5.405445875252847365e+00
5.401959298707209811e+00
5.396020321042247936e+00
5.390707432829244361e+00
5.386894161263399816e+00
5.380854216532799050e+00
5.374632043670239945e+00
5.369682692840664018e+00
5.365779140280710457e+00
5.360271000453663781e+00
5.361466698678703402e+00
5.356006772678286509e+00
5.350168928415928171e+00
5.346441517078474703e+00
5.341342680286985001e+00
5.335666655494943456e+00
5.329903054708440280e+00
