5.000000000000000000e-01
6.478562513861286787e-01
9.583434584146891533e-01
9.834356278202736057e-01
9.853544213338438773e-01
9.931138720137531184e-01
9.946169646209214177e-01
9.930860117326285597e-01
9.942740599329438211e-01
9.946748305117909528e-01
9.949777277201098391e-01
9.960149941075940871e-01
9.953767008614654577e-01
9.973286020139997543e-01
9.968102442340669445e-01
9.972240897211216426e-01
9.979387160788032451e-01
9.972574002965771678e-01
9.969434575449610536e-01
9.978901562755930765e-01
9.976885243762966260e-01
9.982693865954648249e-01
9.976091472173784780e-01
9.987040765592407610e-01
9.983078865469051655e-01
9.984468690523300438e-01
9.989679229885006784e-01
9.980530273051049228e-01
9.983907136261706006e-01
9.975260012379125740e-01
9.985652100175251844e-01
9.985256663927023491e-01
9.983140036325627298e-01
9.989461508021064695e-01
9.989430197819592072e-01
9.991594080632466568e-01
9.992384663219645580e-01
9.993935098011080820e-01
9.991093117408905711e-01
9.992538315134276150e-01
