2.795673842307138557e+01
2.672636901380506202e+01
2.654339783878943138e+01
2.631319983586354638e+01
2.611143201251849177e+01
2.581707530624209213e+01
2.539961043263679841e+01
2.521224294370893659e+01
2.501583106235512943e+01
2.476573841648354701e+01
2.452540359480376608e+01
2.437368813334474282e+01
2.419215463333670613e+01
2.399944722902099770e+01
2.381065039797831062e+01
2.364976746609084302e+01
2.346955802470870722e+01
2.330948790343214583e+01
2.314435850185854449e+01
2.296556306791010371e+01
2.281906523164228062e+01
2.265269052549298578e+01
2.249079448436211592e+01
2.234811770181970658e+01
2.219501637819963591e+01
2.203566327833518912e+01
2.188160401918252163e+01
2.172066486336831304e+01
2.157742356961347951e+01
2.144544268617723759e+01
2.128380974065344944e+01
2.114197058025694531e+01
2.099524285709165738e+01
2.085202304643978621e+01
2.070775799771268311e+01
2.055868651101690858e+01
2.041492539190023336e+01
2.027505007566346862e+01
2.012991710830692327e+01
1.998737154720806330e+01
1.983565625202370697e+01
1.971171683182335244e+01
1.958601603884723730e+01
1.945796271672931255e+01
1.934061487739432650e+01
1.920556543286501494e+01
1.906483268780258911e+01
1.893475747821252497e+01
1.879643048352612666e+01
1.867361406082413566e+01
1.854412927329541816e+01
1.842501857922476205e+01
1.830638004726097634e+01
1.817442649103522356e+01
1.806804121685867059e+01
1.793221074971915385e+01
1.781053820119899100e+01
1.768273425012906586e+01
1.756660224790387659e+01
1.745254358438855746e+01
1.733906800441390672e+01
1.725852533564454205e+01
1.717076110177586301e+01
1.706185594040730180e+01
1.694309041441205110e+01
1.685722729858372659e+01
1.675754744276598629e+01
1.665335146839210623e+01
1.654295261367856185e+01
1.643605575163947563e+01
1.633636433573350644e+01
1.624510475877646698e+01
1.616023112134811868e+01
1.606637634827653827e+01
1.597781449055394098e+01
1.587499220690824764e+01
1.577453952004260174e+01
1.568436432990604068e+01
1.559885611791676396e+01
1.549437174644649495e+01
1.539675902316045608e+01
1.529719298346932455e+01
1.520424362702958376e+01
1.511934872714900102e+01
1.502585262626937457e+01
1.493440545016874310e+01
1.483829114322959697e+01
1.474166971213287347e+01
1.465100986796959859e+01
1.456438473545113688e+01
1.447526878681320106e+01
1.439134207715603786e+01
1.430344324863680150e+01
1.421350667221315156e+01
1.412669440538471122e+01
1.404668097401126481e+01
1.395869609813049550e+01
1.388216146809040730e+01
1.379421951751072406e+01
1.371128067226520919e+01
1.363743866430070462e+01
1.356201264193223999e+01
1.348625243430588583e+01
1.341249535046135399e+01
1.333824351100363614e+01
1.326632903284487952e+01
1.319848966027080728e+01
1.313544119668027754e+01
1.306623695945324393e+01
1.299887500723558809e+01
1.294995773638020253e+01
1.288135270965196355e+01
1.280912905729411833e+01
1.274898788032016483e+01
1.271442843148170887e+01
1.264761107698425491e+01
1.257995565095766288e+01
1.252643398344838488e+01
1.246661823782519640e+01
1.240175579638170156e+01
1.233721665344069329e+01
1.227325749806110267e+01
1.221148054480476297e+01
1.214924465119137587e+01
1.208514731423151645e+01
1.203426647328650212e+01
1.197544433279837861e+01
1.191025380559656455e+01
1.186205077999222013e+01
1.181388574214230047e+01
1.175027563103900086e+01
1.169196037769219032e+01
1.163459327721917980e+01
1.157644532563221240e+01
1.152004331478417143e+01
1.146439666889381215e+01
1.140915879308032466e+01
1.135474531668536002e+01
1.130486108109320931e+01
1.125534092047143275e+01
1.120328097440651227e+01
1.115616200945969183e+01
1.111472844162967988e+01
1.106026061553258266e+01
1.100825663274133781e+01
1.097035005009736253e+01
1.093289063394692384e+01
1.088242568295026658e+01
1.083714441478891466e+01
1.078590646394721198e+01
1.074158845302619270e+01
1.070196596973017478e+01
1.065629105099177210e+01
1.060748850755327055e+01
1.055943633099780676e+01
1.052393865938807949e+01
1.048660532889107522e+01
1.043805545767290965e+01
1.040301216358844805e+01
1.036292969867275282e+01
1.032288459410778181e+01
1.027657052066186338e+01
1.023208981120995631e+01
1.019862268688510021e+01
1.016586808068521286e+01
1.012738921366618072e+01
1.008691373872709640e+01
1.005155045133212965e+01
1.001373593247172344e+01
9.973951275406601980e+00
9.931444156859029704e+00
9.895363118263247770e+00
9.856309666630037825e+00
9.819358449416194290e+00
9.780649588369014324e+00
9.745287103511452997e+00
9.716565959086803872e+00
9.678334070634990738e+00
9.638472267961661899e+00
9.610402057179681989e+00
9.588299915195705125e+00
9.554141650626620574e+00
9.519061206819456444e+00
9.485007208969060244e+00
9.449462869827399913e+00
9.415927571367726401e+00
9.385003100675808341e+00
9.348618739526315835e+00
9.311883762918821361e+00
9.280885027572747248e+00
9.244790298119426097e+00
9.221936446202994020e+00
9.188860477266869609e+00
9.154842703044954177e+00
9.120743833226320874e+00
9.085218159141255967e+00
9.052264825150498240e+00
9.024668198865400726e+00
8.991573799884605478e+00
8.957742136804737854e+00
8.924815706595898845e+00
8.906127220746105522e+00
8.879037708269827078e+00
8.849827843385682513e+00
8.819067482206182973e+00
8.785933854390432174e+00
8.777900604516570837e+00
8.744925230159363849e+00
8.713465425508648110e+00
8.683924608661291344e+00
8.656067671960908427e+00
8.645409304578858922e+00
8.614436297030541922e+00
8.584076057730930742e+00
8.559008274704126507e+00
8.534395578539941241e+00
8.513885050266248200e+00
8.491588335863120562e+00
8.462460064989356212e+00
8.448809002343466545e+00
8.429812547721397209e+00
8.409582215826761242e+00
8.393153190718672718e+00
8.365424024748291387e+00
8.341789408583760945e+00
8.332005580908809605e+00
8.309967372685676423e+00
8.290331115558064567e+00
8.262717609746133007e+00
8.238977417767163303e+00
8.218356665413731221e+00
8.201722007125029634e+00
8.181258067707545933e+00
8.158774071495136226e+00
8.142932494539783406e+00
8.120678107954768521e+00
8.095459821401489009e+00
8.071483703531537657e+00
8.054719885091641274e+00
8.043490649976284601e+00
8.020130341155221387e+00
8.006327370636226348e+00
7.987732648254999290e+00
7.962657509369016395e+00
7.957618535453083730e+00
7.939261444016228353e+00
7.923907344208790171e+00
7.911162384967817651e+00
7.889732193089147749e+00
7.875018827430214863e+00
7.851079136067260045e+00
7.828515086543251122e+00
7.809914831628732124e+00
7.792369725526353541e+00
7.769485657111300014e+00
7.747126871583383867e+00
7.728304395157570283e+00
7.705329229010409620e+00
7.686618918377600806e+00
7.668664060205125033e+00
7.647708360346311629e+00
7.627525735229342629e+00
7.604954028170116231e+00
7.582713813040980355e+00
7.568349489569433430e+00
7.548946395461611836e+00
7.538751980572053313e+00
7.521505171028898928e+00
7.504525692041620566e+00
7.482920085982884828e+00
7.471877899758800012e+00
7.458962975387843031e+00
7.440216375028958495e+00
7.420806831716489249e+00
7.405728661840424110e+00
7.388044714910668276e+00
7.371185475927346076e+00
7.360346388471890933e+00
7.340769781410495298e+00
7.324596010120044909e+00
7.315303855004119171e+00
7.305772852146922069e+00
7.289446219576460884e+00
7.272068478078596243e+00
7.258704152839349888e+00
7.243257789779214306e+00
7.226926549717849646e+00
7.211019514147608334e+00
7.191208734289655347e+00
7.175540469041957081e+00
7.158706850842111002e+00
7.140898282211542991e+00
7.123432958001679083e+00
7.104301426373859307e+00
7.089750728912386890e+00
7.076599124724426204e+00
7.062148548297863648e+00
7.047964670592521408e+00
7.033039866932337070e+00
7.016238293399010395e+00
6.999845778915866568e+00
6.985806488261034453e+00
6.973593262268590109e+00
6.958176758552095720e+00
6.943353865526196600e+00
6.938473561692830138e+00
6.920999188459849627e+00
6.904467879021496834e+00
6.888920029251001331e+00
6.873824374925414205e+00
6.858412430288954198e+00
6.841788375539748834e+00
6.826024205903279629e+00
6.810430078497183182e+00
6.796847776604992397e+00
6.780329383690673062e+00
6.765767828237306603e+00
6.753825252557022374e+00
6.737815289160057119e+00
6.732037783272898146e+00
6.720090269122382054e+00
6.704989873626707286e+00
6.689275941814443627e+00
6.673955774527997598e+00
6.667072974880329461e+00
6.650939164138245374e+00
6.638597906353452593e+00
6.631320145360319884e+00
6.628045761772562550e+00
6.619265343189810302e+00
6.604376907389384321e+00
6.590857648557903126e+00
6.576389772885674390e+00
6.564318686041620943e+00
6.559210761931856482e+00
6.548993482989942549e+00
6.542543277795219048e+00
6.531429528508937210e+00
6.521522074009898695e+00
6.510212787598913309e+00
6.498304360579244765e+00
6.493252514746314930e+00
6.478940174026441845e+00
6.469103830328267080e+00
6.456084018272371772e+00
6.445420454250342601e+00
6.437150161100626100e+00
6.425855959002344520e+00
6.415732114203518854e+00
6.402830275627890089e+00
6.391002212685382489e+00
6.378778964100360938e+00
6.366435570106020236e+00
6.354811030102674785e+00
6.344184194978009117e+00
6.332638823554494145e+00
6.324836587744841587e+00
6.310997670361946810e+00
6.303217988229505409e+00
6.294332449793627937e+00
6.282621570200379146e+00
6.269087088350076442e+00
6.257300669994348752e+00
6.248947691614661792e+00
6.235941844460587191e+00
6.223626101564942559e+00
6.219251057375847047e+00
6.207804198028277654e+00
6.195525746409369816e+00
6.192122661767847092e+00
6.184114890469064818e+00
6.172193563961723584e+00
6.168153016722679460e+00
6.157191103051102843e+00
6.147344729296896126e+00
6.144863249747418266e+00
6.133631130675122556e+00
6.124375449751981115e+00
6.118870055292343402e+00
6.108574248708658061e+00
6.098692651457532143e+00
6.085830617490146643e+00
6.073030812278868318e+00
6.061957123195492514e+00
6.051705964711457497e+00
6.042212362726593788e+00
6.036247557797068453e+00
6.025064526442328372e+00
6.014047231897543533e+00
6.006159577187441201e+00
5.995144265653559401e+00
5.984060045082872925e+00
5.975704984096622319e+00
5.966341406384302104e+00
5.955195003415860278e+00
5.944460594050378077e+00
5.936073263471927319e+00
5.931334824987816390e+00
5.921464718050095222e+00
5.910350405659897000e+00
5.901104107530014353e+00
5.897106288259442053e+00
5.888944289276180299e+00
5.880299681502742182e+00
5.876960190770688541e+00
5.866897467040553593e+00
5.863858227317036764e+00
5.853529423410057220e+00
5.844575166009677858e+00
5.834309595207645138e+00
5.826482993642044583e+00
5.827421333914259982e+00
5.819075151862923789e+00
5.810539208802445010e+00
5.801692742002612313e+00
5.790809893306994027e+00
5.785347259097278538e+00
5.774494647668941383e+00
5.764258834588575908e+00
5.757841699843967653e+00
5.750223629625639710e+00
5.739960356573850397e+00
5.732419598480268164e+00
5.726000412155785035e+00
5.717805904977869780e+00
5.715280916011580281e+00
5.705034784783323154e+00
5.695061300826841588e+00
5.690053822553506890e+00
5.684565880645716440e+00
5.675817236907811036e+00
5.668815668218938342e+00
5.658513210879934974e+00
5.648628047014748965e+00
5.640852322235961225e+00
5.636256403276609817e+00
5.630705369125841742e+00
5.622580326595138622e+00
5.615267891448274540e+00
5.614083668729867860e+00
5.606867922552801531e+00
5.597899230036659013e+00
5.589114368270903022e+00
5.579368925320727257e+00
5.572073374800031509e+00
5.563227356695301218e+00
5.554572392552954874e+00
5.544418414189669519e+00
5.535855482100272340e+00
5.526802120687698050e+00
5.525638169616173379e+00
5.517040859523660856e+00
5.507518432320940072e+00
5.501930917769440654e+00
5.494696949798393071e+00
5.486077023057719160e+00
5.477885703983180754e+00
5.469475192608131309e+00
5.460090477310595602e+00
5.453034505302973400e+00
5.444436007236360453e+00
5.438639349005936374e+00
5.430880219867135317e+00
5.427202894999576088e+00
5.418584806059324244e+00
5.413960420446140454e+00
5.410046044513504349e+00
5.410293650407049348e+00
5.406858301946272150e+00
5.397986380752831437e+00
5.389954881174451096e+00
5.385981204984416237e+00
5.377398204815582616e+00
5.369522343931770081e+00
5.365776187537401931e+00
5.358332598941704994e+00
5.350099854647791808e+00
5.344325303935939075e+00
5.342402175431684164e+00
5.333523671750190154e+00
5.329427687469041608e+00
5.321070402256441234e+00
5.314288232246933141e+00
5.305980979273313913e+00
5.302327583491281970e+00
5.293916060404320056e+00
5.285685480197626518e+00
5.281242617350381252e+00
5.272844359474371245e+00
5.264959546849573790e+00
5.262367792772009167e+00
5.254154300149459722e+00
5.246162197823262652e+00
5.237543670693340481e+00
5.231367617800001923e+00
5.223617208138377599e+00
5.217152928016530744e+00
5.209201070033695480e+00
5.202776392347511880e+00
5.199309922476959223e+00
5.192391744829312650e+00
5.187088191474229504e+00
5.179741725290997856e+00
5.175014068765680264e+00
5.167130021443401056e+00
5.162109665080850895e+00
5.155168709722904197e+00
5.147298209927809509e+00
5.139531715971568993e+00
5.132462434049246625e+00
5.124508885172602390e+00
5.118453857463501677e+00
5.112326371446560991e+00
5.104613477922106846e+00
5.097601260199773776e+00
5.091206237753419295e+00
5.085644634009919507e+00
5.078631971158503511e+00
5.070918120445811361e+00
5.062772889980370117e+00
5.055860227224812320e+00
5.048774333646882440e+00
5.043566728608888994e+00
5.036738256891951870e+00
5.033830916084924390e+00
5.027394452731041241e+00
5.020141682565342656e+00
5.018981795782169186e+00
5.017003608744643017e+00
5.011690527242518733e+00
5.007939321638084529e+00
5.003146993615265714e+00
4.995799662319712731e+00
4.992681095934199398e+00
4.985610825047647410e+00
4.983441196703923382e+00
4.977299633310695803e+00
4.975728918017845892e+00
4.968261792981054192e+00
4.967154818481346545e+00
4.962253452311323088e+00
4.955311892540812835e+00
4.950857669180734888e+00
4.949776465273934889e+00
4.946596937704001995e+00
4.939304885018322544e+00
4.932348871761994324e+00
4.925426582799542707e+00
4.920635278067257090e+00
4.917054298209404095e+00
4.910290425884538124e+00
4.905952478089370850e+00
4.900968283813650572e+00
4.898846296022855817e+00
4.898254526140707554e+00
4.894186592955569459e+00
4.888189275011302293e+00
4.882607063335072439e+00
4.877704693003005687e+00
4.878684446912895822e+00
4.871816515220665167e+00
4.865636119197700005e+00
4.860636380907163989e+00
4.855165102194890281e+00
4.850780152606966489e+00
4.845014867401745029e+00
4.838088471643512634e+00
4.832564147630652229e+00
4.825681097604086922e+00
4.818601117373184195e+00
4.811966892482504754e+00
4.806242664039567458e+00
4.799571215071398278e+00
4.796511365283159023e+00
4.790802972318669362e+00
4.784617874860918718e+00
4.777725751696448420e+00
4.771771621795571683e+00
4.765798307199424322e+00
4.759238118833445164e+00
4.752806538631114464e+00
4.746552594554678706e+00
4.740546043515231567e+00
4.736509854776567607e+00
4.729789517970132806e+00
4.725175365070504618e+00
4.718993217712420751e+00
4.713713982910939571e+00
4.712350991428794877e+00
4.709174057215489206e+00
4.704836429948815457e+00
4.704855810658211901e+00
4.698940468633256096e+00
4.695328480885661016e+00
4.690782429258148589e+00
4.685396904642220584e+00
4.679534114963079361e+00
4.674964307175558886e+00
4.670244619800169694e+00
4.666038313314060382e+00
4.660555847378792471e+00
4.656897357750836797e+00
4.653682674936217012e+00
4.647466766536969551e+00
4.643884627947549859e+00
4.638556635400498784e+00
4.634627217809241806e+00
4.629348474349628262e+00
4.627167785755740503e+00
4.622028832040498969e+00
4.618100743166720257e+00
4.613576434704966367e+00
4.610530064354270152e+00
4.604525091643629331e+00
4.601628045051566751e+00
4.595812997981134629e+00
4.589507707107344459e+00
4.585260558666115038e+00
4.579119641752992464e+00
4.576038490255444735e+00
4.571167424986112948e+00
4.566479986300856275e+00
4.560957903057339280e+00
4.561020383442186521e+00
4.557912915530406117e+00
4.554188566348718048e+00
4.548891272623825088e+00
4.544733782033849145e+00
4.538956545635583595e+00
4.533965114093949644e+00
4.529270870620262457e+00
4.526425817786463135e+00
4.521491354296752085e+00
4.515671184176478725e+00
4.511253855366065935e+00
4.506828345766554555e+00
4.501164284415955841e+00
4.495892829654101419e+00
4.490422088848848858e+00
4.485018841069815743e+00
4.479985532646515445e+00
4.474407730791607030e+00
4.469427157133612383e+00
4.465081064950353174e+00
4.459847560914451670e+00
4.454507604832686596e+00
4.451682604851600722e+00
4.447119344275394681e+00
4.441514125220747289e+00
4.437649315439112563e+00
4.433476842611169033e+00
4.431053394971819159e+00
4.428096583643506889e+00
4.423735172890363998e+00
4.422358821842886201e+00
4.417446361846485203e+00
4.411923768660667378e+00
4.408017712895778040e+00
4.402929872096756014e+00
4.398754681053357096e+00
4.397205748525212066e+00
4.392752026591469239e+00
4.387562192210416434e+00
4.382949614524349613e+00
4.377499331990676090e+00
4.373738756293193752e+00
4.368739105766712427e+00
4.364078141022535995e+00
4.359797866493252627e+00
4.354530646955574014e+00
4.350724944892180091e+00
4.347168855334248683e+00
4.343770427262714229e+00
4.338679588007029686e+00
4.333803709075543686e+00
4.329085189592431604e+00
4.325245800906430738e+00
4.326608043259001057e+00
4.327648895866547996e+00
4.322967292356246105e+00
4.319192436906219790e+00
4.318583802050097731e+00
4.317814053028320664e+00
4.312720664527517123e+00
4.308662541145690916e+00
4.303723139891923566e+00
4.300521475254518222e+00
4.296471991484298592e+00
4.292054615763827741e+00
4.287583929927540005e+00
4.287172564723459978e+00
4.282079851582246022e+00
4.277244816428424024e+00
4.272234526666868426e+00
4.273060217191565258e+00
4.270046228557098367e+00
4.266236879173987973e+00
4.264998434927986359e+00
4.260252642698339365e+00
4.256979570409783697e+00
4.252625998312594469e+00
4.247801696572117258e+00
4.243147589135430664e+00
4.238773171274783813e+00
4.234325886261168570e+00
4.229791579449376115e+00
4.225696819257797721e+00
4.221475011370550590e+00
4.218409826242044858e+00
4.215143030653677236e+00
4.210520450806792603e+00
4.206274318888630681e+00
4.201689483885593823e+00
4.198475401494832226e+00
4.196011338669523028e+00
4.191227039492249062e+00
4.189218019410646754e+00
4.184848651256127816e+00
4.180562399932308715e+00
4.175934623719976813e+00
4.171343811027593773e+00
4.168508923030461055e+00
4.164798841499400162e+00
4.160672521655746969e+00
4.156102118390682776e+00
4.151944610047292983e+00
4.147218346061244176e+00
4.144833279288466343e+00
4.142409487183436489e+00
4.139281568006796697e+00
4.134738915624696531e+00
4.130278950819019634e+00
4.125892544364350378e+00
4.121260419759440019e+00
4.117774393002554767e+00
4.114478731137195311e+00
4.110373416359425214e+00
4.106322133119155282e+00
4.102033566637443229e+00
4.098734668191310604e+00
4.096429298188644985e+00
4.092239960067820093e+00
4.092490392329533044e+00
4.088648747325417609e+00
4.084992277908319203e+00
4.081171657111502427e+00
4.079274642485979818e+00
4.075036582641476279e+00
4.071651171206875475e+00
4.067419240222613475e+00
4.063363962393429674e+00
4.059298129493077667e+00
4.054595283026536379e+00
4.050504019165850345e+00
4.048898844716076972e+00
4.044572802935726408e+00
4.041798462434484485e+00
4.037811622193655303e+00
4.033422251395774261e+00
4.029049636754739261e+00
4.025325015602491341e+00
4.021399406909982766e+00
4.017489982991450326e+00
4.013355616799383796e+00
4.011337897958164866e+00
4.009411424570052063e+00
4.006932663564570340e+00
4.003905695110848484e+00
3.999465485708824097e+00
3.998282185904298736e+00
3.994224191296925408e+00
3.989959931932616666e+00
3.986463638580071134e+00
3.982918870914032627e+00
3.978598009672415614e+00
3.975507188258518454e+00
3.971682060946815529e+00
3.968291551635065417e+00
3.964308109920084089e+00
3.964937072496268478e+00
3.961192039095144057e+00
3.958151401184858198e+00
3.953999319587934380e+00
3.950913857564024578e+00
3.946795706367229428e+00
3.944610074813733380e+00
3.945444717501701781e+00
3.945383225407213423e+00
3.941270962709125580e+00
3.937331182060790802e+00
3.934623945058469907e+00
3.930754202188737167e+00
3.926844924150171057e+00
3.923072494757323447e+00
3.919374237388803639e+00
3.915801531440755934e+00
3.913006237582918434e+00
3.909625090295341110e+00
3.906792519612815706e+00
3.904679871171800265e+00
3.900977856664351151e+00
3.897091637261157260e+00
3.893521661382798094e+00
3.891647894770884353e+00
3.888258815078001973e+00
3.884457961951641725e+00
3.881331533479678519e+00
3.877857776129173928e+00
3.874561279554411541e+00
3.875171383653728263e+00
3.872688736405538901e+00
3.868939553145602339e+00
3.865361483312083735e+00
3.862897073209955234e+00
3.859860122065640997e+00
3.860781652146215936e+00
3.857962873341755028e+00
3.855320895569925188e+00
3.851627606371952783e+00
3.847883109552004299e+00
3.844085788971995932e+00
3.840576062387604850e+00
3.839335148143991905e+00
3.835623566289406927e+00
3.833029204485379093e+00
3.829788006043940651e+00
3.826117641031370198e+00
3.824908781373384414e+00
3.821786851259449946e+00
3.818462079181167645e+00
3.814937261156513770e+00
3.811319821668492036e+00
3.808213590035741447e+00
3.807296551666920603e+00
3.803492411475987822e+00
3.799925826067391377e+00
3.797235985511751455e+00
3.793806663643166655e+00
3.792709084501361350e+00
3.789110125527249906e+00
3.785619798964834359e+00
3.783304330755555167e+00
3.780445211563367103e+00
3.777017369825248494e+00
3.775476600115709847e+00
3.772312072016098750e+00
3.769030086047723938e+00
3.767430577690582094e+00
3.763796319530907653e+00
3.760698019175196638e+00
3.757091760005502934e+00
3.754272975525994926e+00
3.751486887289336547e+00
3.747812876271422677e+00
3.744557644349537195e+00
3.741593497795031809e+00
3.740263571594523384e+00
3.738186971623464139e+00
3.735180424411174371e+00
3.731406549726250521e+00
3.727635082435049707e+00
3.724156349795760157e+00
3.720806479809755540e+00
3.717316217134135403e+00
3.715325201430987434e+00
3.712175599163322293e+00
3.708931504283140779e+00
3.705514330065980300e+00
3.701968254598440478e+00
3.698772724283846181e+00
3.695459124722050070e+00
3.692072025359618870e+00
3.688542509045092288e+00
3.685252135349859515e+00
3.683925002701571749e+00
3.680403342493187235e+00
3.676943215721705904e+00
3.673450175553754971e+00
3.670156498856005811e+00
3.666610128577681760e+00
3.663089009812965369e+00
3.659500104259760800e+00
3.656443183371401950e+00
3.653399970592026591e+00
3.650671229687972641e+00
3.647288820830124845e+00
3.643809614406685604e+00
3.641890005276748443e+00
3.638966899380921216e+00
3.636021903917185050e+00
3.632423546834925965e+00
3.629438111702021796e+00
3.626176814144885796e+00
3.623467336798813943e+00
3.621195265337957991e+00
3.617751015953980520e+00
3.614673983626934817e+00
3.611404096557436105e+00
3.611713561463004485e+00
3.610458393291398504e+00
3.609483009131867259e+00
3.606413623618713427e+00
3.603563138564188417e+00
3.601394613627428853e+00
3.598247792422754721e+00
3.600087887565913913e+00
3.598691393434770625e+00
3.595519275974379259e+00
3.593826116239110746e+00
3.590580879926076996e+00
3.587378572887310213e+00
3.584249269115049596e+00
3.581077924421018466e+00
3.579143110267061445e+00
3.577326376811186925e+00
3.574006157309715270e+00
3.570936224751904753e+00
3.570215221779399428e+00
3.567086972778538811e+00
3.563955410124512557e+00
3.560981308997253514e+00
3.557922079863594877e+00
3.554834347937292804e+00
3.551814006258043221e+00
3.548654790749893539e+00
3.545471116951222523e+00
3.542787269936873429e+00
3.539600156498929451e+00
3.536879080300703304e+00
3.533901177357857915e+00
3.531910650003545538e+00
3.529909486912817584e+00
3.526918165158976493e+00
3.524534889225063861e+00
