2.644784256156148317e+01
2.670746486531134067e+01
2.613480369927291136e+01
2.598813091314590906e+01
2.566753474093983556e+01
2.543369296827322401e+01
2.527886591891647328e+01
2.512226995810775065e+01
2.489718631243542291e+01
2.460406513965628861e+01
2.442266304757784923e+01
2.423093626708677562e+01
2.404326562064302664e+01
2.381212339156402891e+01
2.363772227100583123e+01
2.346026621094360465e+01
2.327904370458792727e+01
2.309427618427297446e+01
2.295151359770172661e+01
2.282387761429960804e+01
2.265579571654604862e+01
2.249897901070017525e+01
2.235649680773765624e+01
2.219302884323085934e+01
2.204723652396742040e+01
2.192642835280853575e+01
2.175110778541271017e+01
2.160318977485975722e+01
2.146022319884516349e+01
2.129325124184151719e+01
2.114134609049226299e+01
2.103899713985874342e+01
2.086945353593247887e+01
2.073378769335660365e+01
2.060879771160879770e+01
2.046690470736989198e+01
2.033800592294359078e+01
2.020691242107174190e+01
2.008258345472620121e+01
1.993997891439353509e+01
1.980283543841155591e+01
1.966904818979472935e+01
1.956157421130837903e+01
1.943858621921588892e+01
1.931325482915326930e+01
1.919910192330725707e+01
1.907032344924175504e+01
1.894583512420928884e+01
1.882495060173934576e+01
1.870316365280606519e+01
1.858799457855001336e+01
1.846822953284195989e+01
1.836120657110858545e+01
1.823491910651566172e+01
1.812078819294820420e+01
1.800850808624387867e+01
1.788248413834815764e+01
1.775131473015478534e+01
1.762873324861551438e+01
1.750612431274384306e+01
1.739129046970415260e+01
1.727102628344102442e+01
1.716075562890227246e+01
1.708156130762169767e+01
1.696603045803087184e+01
1.684103262924775990e+01
1.673329986217034815e+01
1.663669101610858192e+01
1.654200981333887199e+01
1.644117317709001824e+01
1.633535928569772011e+01
1.623244133423859026e+01
1.613237809411763379e+01
1.602378365807129157e+01
1.591096412110701053e+01
1.580772751102770179e+01
1.571350024680064372e+01
1.561868966624408017e+01
1.553037476550692020e+01
1.543917468693671147e+01
1.533904482130967040e+01
1.523852096305884629e+01
1.514370377517249189e+01
1.505259862271881310e+01
1.496179334224672175e+01
1.486060581848609274e+01
1.477564308934127801e+01
1.468942737846419355e+01
1.459604725533559311e+01
1.451377061798815404e+01
1.442549898514948836e+01
1.434455096245264727e+01
1.425278172333255533e+01
1.417361812606607607e+01
1.410119767322523643e+01
1.403878714442133813e+01
1.396403242441406434e+01
1.388748997919558903e+01
1.381251876037158155e+01
1.373331777320981040e+01
1.365346342138807323e+01
1.357368110461643518e+01
1.349848027166345688e+01
1.343468888372755110e+01
1.336159354543695343e+01
1.328733532851977195e+01
1.321481200012784107e+01
1.314415961618072970e+01
1.308540286158210009e+01
1.301418018846965730e+01
1.293908872465643789e+01
1.286165412041694367e+01
1.279418227202584823e+01
1.272177788825026035e+01
1.266591978234662008e+01
1.260599748999948666e+01
1.253420311669537313e+01
1.247113957089375624e+01
1.240982880861169591e+01
1.233602719722084373e+01
1.226614170202576126e+01
1.222206819689331780e+01
1.216206461792780580e+01
1.209925099989115260e+01
1.203445053768414574e+01
1.196951239461934513e+01
1.191274560150995221e+01
1.185309440380441615e+01
1.178928491027328995e+01
1.174506440944729846e+01
1.168557650748562970e+01
1.164545760771650507e+01
1.159792921015110245e+01
1.155166921535764324e+01
1.149911648044669832e+01
1.145712654946999542e+01
1.141085863011175050e+01
1.138114345290477303e+01
1.133117654278056818e+01
1.127450720675387252e+01
1.122866816786264188e+01
1.118024580839218096e+01
1.112436637122607408e+01
1.108635717034376178e+01
1.103127672400052894e+01
1.098012352963949922e+01
1.092841206133344834e+01
1.088457373459957367e+01
1.083107315277192129e+01
1.078096773327571967e+01
1.074664098906849219e+01
1.069775324127167337e+01
1.065162200625002065e+01
1.059966100549038792e+01
1.057195160105605325e+01
1.053061333535654853e+01
1.049000547519525917e+01
1.044239606689144750e+01
1.040491471013358904e+01
1.037202096465928314e+01
1.033572431308068929e+01
1.028994632668438491e+01
1.024596846450433318e+01
1.020660101051989344e+01
1.018599491284323832e+01
1.014024762377249367e+01
1.012044165400735096e+01
1.009102332474675912e+01
1.005025436469659894e+01
1.001026328236073404e+01
9.982807521936608808e+00
9.943186538345344161e+00
9.901678037925956133e+00
9.873561856909283563e+00
9.835894316582001196e+00
9.800207997495020251e+00
9.779675645264608974e+00
9.749510077691589061e+00
9.708892613038068831e+00
9.671697605317715940e+00
9.632767457192978000e+00
9.613925059862662437e+00
9.577564024741645810e+00
9.546944988631720364e+00
9.510402817670346565e+00
9.474811728975705449e+00
9.439307013176446048e+00
9.408601036912489946e+00
9.373720549568284710e+00
9.355580392182250904e+00
9.325843125389786437e+00
9.293259324602479055e+00
9.257875321420975467e+00
9.232465613611806177e+00
9.196988005255066767e+00
9.163090500940338501e+00
9.131807106792885875e+00
9.115760875478970959e+00
9.090722080836020069e+00
9.062044643734722627e+00
9.033368789186287273e+00
9.011025620518170243e+00
8.981861235257349918e+00
8.964567663877417658e+00
8.932680677843606531e+00
8.919406811932327983e+00
8.887698992347779381e+00
8.861427796005072466e+00
8.834244651919963331e+00
8.812412372077279343e+00
8.783265755995827817e+00
8.760731960606955582e+00
8.732883124424136057e+00
8.709908096686412193e+00
8.680786591880593761e+00
8.666326184141606603e+00
8.648643392236479599e+00
8.629660361614012842e+00
8.605097396890272421e+00
8.579334312503338111e+00
8.550361226143422755e+00
8.525942800713469438e+00
8.498818246403294197e+00
8.475056403543307582e+00
8.448237799332732223e+00
8.421684035631235687e+00
8.399718207078933574e+00
8.373696391189065835e+00
8.347562288417622156e+00
8.334401496276976573e+00
8.314395698415987468e+00
8.296552032616974159e+00
8.268877345254225020e+00
8.245046522932813815e+00
8.224567385686180288e+00
8.208682366638059946e+00
8.186214973239291481e+00
8.160006129070580982e+00
8.144077772892611478e+00
8.122906230197795452e+00
8.100041322500324270e+00
8.077116375089072875e+00
8.055919943473416112e+00
8.034288227836666962e+00
8.016540033752843186e+00
7.992114014883353157e+00
7.968474298877567641e+00
7.960608596914918067e+00
7.937590850508325246e+00
7.919105024143930471e+00
7.900179199687620724e+00
7.876995333649568387e+00
7.860816824156932725e+00
7.837285253826340004e+00
7.813614851175288756e+00
7.791228500211279773e+00
7.769907301416588474e+00
7.746213959448837727e+00
7.728836322824943927e+00
7.706568754797044285e+00
7.687983802584858140e+00
7.670006479601380711e+00
7.649350185800892987e+00
7.632861152700134433e+00
7.611748507810247588e+00
7.589101732424759383e+00
7.572937949327771534e+00
7.554831374513475417e+00
7.543146620790829537e+00
7.530161343345139535e+00
7.514678637315264531e+00
7.503885706751665552e+00
7.485584664081673445e+00
7.469782471266154467e+00
7.456740885925952966e+00
7.440169959578207148e+00
7.432675535469318362e+00
7.415876547861014245e+00
7.404918834849465448e+00
7.389994272072430093e+00
7.370872170395819545e+00
7.357576061686882163e+00
7.339832459413289101e+00
7.330728543263306030e+00
7.312627974254925611e+00
7.298291764070365062e+00
7.289978468875829343e+00
7.272080203412802923e+00
7.257931328133729210e+00
7.239704845078846596e+00
7.227672254623268344e+00
7.209409160998730748e+00
7.191059584476960254e+00
7.178680107124542964e+00
7.173674071935351115e+00
7.156983068761809896e+00
7.155179090658998931e+00
7.139009156613528084e+00
7.128574498508283064e+00
7.111483824647911511e+00
7.097675311828266942e+00
7.079927482804282413e+00
7.063117512185703717e+00
7.045311058138095106e+00
7.027949877021702818e+00
7.015610566410384052e+00
6.998847799641647605e+00
6.985701642728752603e+00
6.969474218203870031e+00
6.954491193375926805e+00
6.939550518233797760e+00
6.921774743129578411e+00
6.910074635364442663e+00
6.892945607353850868e+00
6.876695417143908529e+00
6.859738797037810087e+00
6.844064574294529635e+00
6.828657159682317790e+00
6.825248867819192711e+00
6.809168008013538831e+00
6.794337012773128848e+00
6.777430438652455535e+00
6.760725284364387022e+00
6.746919332197147234e+00
6.731434282779688694e+00
6.718918190163388537e+00
6.702520337541018947e+00
6.687750970546493257e+00
6.672237626860253457e+00
6.656950537452772210e+00
6.648082651341393756e+00
6.636519927681874265e+00
6.621818746342564843e+00
6.606480112539951044e+00
6.600529732806311500e+00
6.595930142119531325e+00
6.582932741137218713e+00
6.573952406155422423e+00
6.562834259490388789e+00
6.548258304657145423e+00
6.533363604735670016e+00
6.529854915477372401e+00
6.520273778460023095e+00
6.509459567193463414e+00
6.500628176714878137e+00
6.487872000942892292e+00
6.478398902912122281e+00
6.465858237316662205e+00
6.455409361815394931e+00
6.442150936781586346e+00
6.428805820399071003e+00
6.418538865387671599e+00
6.417012147066720296e+00
6.405241847259808274e+00
6.391687731564250186e+00
6.378605133036714392e+00
6.367353768715952711e+00
6.353363644330218385e+00
6.340655358548640486e+00
6.328601534862405842e+00
6.315576128606907425e+00
6.311311363778668415e+00
6.300526901953076298e+00
6.286414178885287640e+00
6.276366728291275621e+00
6.265029553450225386e+00
6.254265907859306139e+00
6.245647661635316261e+00
6.237216921267953573e+00
6.228053884655192718e+00
6.215276649511901397e+00
6.213018763686504187e+00
6.201923202924501943e+00
6.200157888951449259e+00
6.188202146552622906e+00
6.178586468654154729e+00
6.167680652839064415e+00
6.158472862987757424e+00
6.150130153496023766e+00
6.142730510856241111e+00
6.134717848992608857e+00
6.122511578065792825e+00
6.119837566796181072e+00
6.110426618505499619e+00
6.100302708250504580e+00
6.091404088899558644e+00
6.083059065606698290e+00
6.072553835883048201e+00
6.061040545094839693e+00
6.050733143610708353e+00
6.040304635680575629e+00
6.033509961905717311e+00
6.030634222899223573e+00
6.018896019750169302e+00
6.009968787591511763e+00
5.998487280446608061e+00
5.990132256642929143e+00
5.982954982103557029e+00
5.973700560065848819e+00
5.961851364280589038e+00
5.957748308292689643e+00
5.949655474218723761e+00
5.939207314555299710e+00
5.931231958808798943e+00
5.924682703852357513e+00
5.917786746346702209e+00
5.909712405907415977e+00
5.899353056323758615e+00
5.892294401522968350e+00
5.881073144559637811e+00
5.869933501459651204e+00
5.861956798027728510e+00
5.855059497996636608e+00
5.845454385574981870e+00
5.836655388782944875e+00
5.827857705237074804e+00
5.817051543567184346e+00
5.807547146930183146e+00
5.799119103015500265e+00
5.789903515362713193e+00
5.781555354126203028e+00
5.771043596582887680e+00
5.760231281352763411e+00
5.754473890733681429e+00
5.751168743835801678e+00
5.743065987663353411e+00
5.732383170843810660e+00
5.724445276660751425e+00
5.714574483576324582e+00
5.708097559909398377e+00
5.704119190616155244e+00
5.697638083069546333e+00
5.693875821057083009e+00
5.683764453404370975e+00
5.675761027296236882e+00
5.668838861883517488e+00
5.666499792519299916e+00
5.658805476632405629e+00
5.651364817635501581e+00
5.642024910790548020e+00
5.632525927993596859e+00
5.626990671106312014e+00
5.617633484724334103e+00
5.608273805242927068e+00
5.599657535229603411e+00
5.590512727205331878e+00
5.580861720799810577e+00
5.570704865903882030e+00
5.561004725663424075e+00
5.554026928871897084e+00
5.548023846200959674e+00
5.539907340204388575e+00
5.531210625365740263e+00
5.521573229854346287e+00
5.512675722132369671e+00
5.502985433414258054e+00
5.493089714710035487e+00
5.483405875801989460e+00
5.475476614335538450e+00
5.472790424148691990e+00
5.471963478150361659e+00
5.463090820960744942e+00
5.459611525395337672e+00
5.458058473512129360e+00
5.448781212232901794e+00
5.440791688661258618e+00
5.432965237335853459e+00
5.424686137019589793e+00
5.422568403303979601e+00
5.414663604135579789e+00
5.409597083577732946e+00
5.401795780019635451e+00
5.392602920250628706e+00
5.386149042025213163e+00
5.377723291136803141e+00
5.369932565734651497e+00
5.361732379933786596e+00
5.353213342940846609e+00
5.345013395697121084e+00
5.337116924384845085e+00
5.329821040256899956e+00
5.322457374245574080e+00
5.314215202841463537e+00
5.306325432093752070e+00
5.297600837601233792e+00
5.288883914117239904e+00
5.281479472351146676e+00
5.272876198227684164e+00
5.264088434722903997e+00
5.262324063067598701e+00
5.256110117006163485e+00
5.248279825449186475e+00
5.240893170215706220e+00
5.235209804741013606e+00
5.234417980119888902e+00
5.230466062235556990e+00
5.221612119634206906e+00
5.213315509239550671e+00
5.204754632369189338e+00
5.197263419292957209e+00
5.192406813636306850e+00
5.185789155281381291e+00
5.189646036314190525e+00
5.183096142628536462e+00
5.176232354094675969e+00
5.168231086488106918e+00
5.160129859616415793e+00
5.156894972013342127e+00
5.149950994081390121e+00
5.143913846347656360e+00
5.135936209651054796e+00
5.133345549390943674e+00
5.125276660059062017e+00
5.119628977527958646e+00
5.112012847263305737e+00
5.105384091336072849e+00
5.102135744277357610e+00
5.096841068893836812e+00
5.089009375278049419e+00
5.081599877708232960e+00
5.076067220661134805e+00
5.073839039891124614e+00
5.066509948451882295e+00
5.059339857233783100e+00
5.056778506736416823e+00
5.051389497123810912e+00
5.044393277024342481e+00
5.037697972293109672e+00
5.030194635398011371e+00
5.023042182910360864e+00
5.017456080363749571e+00
5.010385035056404313e+00
5.003018619640102749e+00
4.998375160349654678e+00
4.991185864772458736e+00
4.983831591843207676e+00
4.976766311829825540e+00
4.970204366315105204e+00
4.968096154949989796e+00
4.960606170348033750e+00
4.953732761098337711e+00
4.947474860627703031e+00
4.941313330096401835e+00
4.934741090833516530e+00
4.930837660055233052e+00
4.924817238984225298e+00
4.921709002708944958e+00
4.916719149363546038e+00
4.916032441069338788e+00
4.910420550503541648e+00
4.906579604989190990e+00
4.903131078910147878e+00
4.897195284167013440e+00
4.893135853868169960e+00
4.887280590114949419e+00
4.882448403285341243e+00
4.875795108505033504e+00
4.870234278305388465e+00
4.867258262916926093e+00
4.860389741350737758e+00
4.853207112382754040e+00
4.846465681363544498e+00
4.842792258934099259e+00
4.836238167590946269e+00
4.831308072270631193e+00
4.825059803661516433e+00
4.826674475038039702e+00
4.819782108301841284e+00
4.813260564874069836e+00
4.806854840380978544e+00
4.801448515407638062e+00
4.798171597653059450e+00
4.791591130056756853e+00
4.784794579962268202e+00
4.780514470688830286e+00
4.778385069133991969e+00
4.771917254724760582e+00
4.765705230833530592e+00
4.760030221353332536e+00
4.755256841763793929e+00
4.752292747248778149e+00
4.745601164143624651e+00
4.739641863968699020e+00
4.733167984692923547e+00
4.729434755189372730e+00
4.726777763313913638e+00
4.720377101476260329e+00
4.716794940847215400e+00
4.710485793930613063e+00
4.704790787100391114e+00
4.700858938993670577e+00
4.698468132137572084e+00
4.692340909815649219e+00
4.686763062271723790e+00
4.682066804223471657e+00
4.676316045872580318e+00
4.672492407159358763e+00
4.669638847239332868e+00
4.664212664726648860e+00
4.661784524412321495e+00
4.659581700679129135e+00
4.653574113470588358e+00
4.647407987714666788e+00
4.642260790530648329e+00
4.636997707364513666e+00
4.631054406335100460e+00
4.627418012318213592e+00
4.621998359446757298e+00
4.618515954971036841e+00
4.617195625612157350e+00
4.611733931530126007e+00
4.609485069247780231e+00
4.603457890124642127e+00
4.597816278745673557e+00
4.592037642004998865e+00
4.587421173571568644e+00
4.584321641348060083e+00
4.580239271499299214e+00
4.576451431389616076e+00
4.572597324651845874e+00
4.566863282445789096e+00
4.561374932980922559e+00
4.558802054775620505e+00
4.553584642330679166e+00
4.549929660714986390e+00
4.550311644120689003e+00
4.545639811739381031e+00
4.541202851119186867e+00
4.537004031772503332e+00
4.532525864188807319e+00
4.526520916243383041e+00
4.520985731284112852e+00
4.518093464411795601e+00
4.512531868289133108e+00
4.507777756517122647e+00
4.502492941400924487e+00
4.497266398188349612e+00
4.493154335970850788e+00
4.491040586358856501e+00
4.486615876375916301e+00
4.485774275525262311e+00
4.484482359272012886e+00
4.482676920882009419e+00
4.476751739160199861e+00
4.472274017476323138e+00
4.467167093161513058e+00
4.461355166494222146e+00
4.455716645194083725e+00
4.452434559196100317e+00
4.447070658595897008e+00
4.443481943851179672e+00
4.438914313917689647e+00
4.433827990011804943e+00
4.428589650546882694e+00
4.423486710830667690e+00
4.418418275455981536e+00
4.415449109154846674e+00
4.410236364157969824e+00
4.406187080277573997e+00
4.404050184041839344e+00
4.401212030792490459e+00
4.395885116378587476e+00
4.395967498995820399e+00
4.392174153296774186e+00
4.388057636195514810e+00
4.383326655107889103e+00
4.377885059106396248e+00
4.375422891074978615e+00
4.370433297725233146e+00
4.365967768382588154e+00
4.361470775388954557e+00
4.356893249124613732e+00
4.352553228348872594e+00
4.347848332233374968e+00
4.344590922557981294e+00
4.339567340393571726e+00
4.335733790265418719e+00
4.334726537571399696e+00
4.329797802200825885e+00
4.324708433985405165e+00
4.322524464366754415e+00
4.318787799435500396e+00
4.316190356718962562e+00
4.314074810863773202e+00
4.310207906519978316e+00
4.305272539864692050e+00
4.299985699356789759e+00
4.299665489066693880e+00
4.296999140256119176e+00
4.293897036198583983e+00
4.293104624323650143e+00
4.288276004367345351e+00
4.284646226913643829e+00
4.281769260173094338e+00
4.277771500139957439e+00
4.273644068227961057e+00
4.271782161791390031e+00
4.267302091352560112e+00
4.264033870111759050e+00
4.260326009011482284e+00
