5.000000000000000000e-01
6.517006222902542723e-01
9.380093669686070390e-01
9.719901546810926218e-01
9.828350807614756324e-01
9.874700342527807928e-01
9.903736495663683082e-01
9.894032072662860555e-01
9.920614433712966473e-01
9.932572321491988099e-01
9.937577025269944686e-01
9.934924645332248172e-01
9.943527703005343721e-01
9.928771031105813050e-01
9.948986114795376201e-01
9.935657825883388305e-01
9.950796888113865313e-01
9.950307231351946946e-01
9.936417388178374610e-01
9.946181822398680872e-01
9.956715965738518470e-01
9.960599010539653575e-01
9.964636576983233462e-01
9.967707006092446642e-01
9.959308334456733469e-01
9.971344787648702690e-01
9.966736389846800881e-01
9.970271833429726893e-01
9.967855729549441879e-01
9.972927692278701350e-01
9.963592033872999965e-01
9.966891491307797724e-01
9.967127477455929307e-01
9.982267409414223858e-01
9.965492968975362409e-01
9.978305509290867903e-01
9.975298860221692987e-01
9.981345497926424892e-01
9.984805275189131413e-01
9.984213280453883010e-01
