5.000000000000000000e-01
6.284183854662682700e-01
9.344763006417142748e-01
9.390949322409550826e-01
9.828636658157828832e-01
9.862883640564682475e-01
9.893060006870849632e-01
9.923660510443256255e-01
9.931245986568503215e-01
9.876516914031753247e-01
9.948764914020156169e-01
9.851670239798456796e-01
9.955444713576886429e-01
9.897390091770780218e-01
9.511977166745666512e-01
9.925157601928477069e-01
9.954077211536649372e-01
9.929120951598198186e-01
9.952051035628399767e-01
9.964926486256125981e-01
9.968329731210617828e-01
9.828001756850192061e-01
9.976209755157126047e-01
9.960274312154012710e-01
9.978055317588357953e-01
9.889881151693578065e-01
9.962739410701419995e-01
9.949464465095643195e-01
9.984459123517296364e-01
9.925822363891221300e-01
9.940412917777382562e-01
9.979864931269761819e-01
9.953872535589989301e-01
9.957374639606536570e-01
9.980418078162438533e-01
9.971997373421986888e-01
9.969757244470345281e-01
9.983330216808646851e-01
9.979063042220938096e-01
9.980788582213198090e-01
