2.731247652017246708e+01
2.707747179191648002e+01
2.645276767708768162e+01
2.606733857612782046e+01
2.595537345472655133e+01
2.576928643491929449e+01
2.552474330505435418e+01
2.529445775823969100e+01
2.506582299514737144e+01
2.483623177845096563e+01
2.463665911330666347e+01
2.441556029041709763e+01
2.423291549601838923e+01
2.400753827677604946e+01
2.385345130609676545e+01
2.372093115587097856e+01
2.354289768468950328e+01
2.334311597321972798e+01
2.318009771600514668e+01
2.302656080657069992e+01
2.287913439944177796e+01
2.270150696783830568e+01
2.253411881875311806e+01
2.238585763851927624e+01
2.223802478128365578e+01
2.208787415695513445e+01
2.193589205671100117e+01
2.178684543962474152e+01
2.163041074028421562e+01
2.148898118435184301e+01
2.136329738773271103e+01
2.120961207406655546e+01
2.104565628730091831e+01
2.092874557113779588e+01
2.080258482145009324e+01
2.066822821209537508e+01
2.051929782414463688e+01
2.038513120263827361e+01
2.024895836163710428e+01
2.011025836651469589e+01
1.998513837838881102e+01
1.983520627888398735e+01
1.970070828561073029e+01
1.955750128376812214e+01
1.941645643073340821e+01
1.927711704202942755e+01
1.914231686559906720e+01
1.902189312229950247e+01
1.888907075158095950e+01
1.876905725144920467e+01
1.865235708063255515e+01
1.853040157177298397e+01
1.840888405726350996e+01
1.829494912909269644e+01
1.817057799395971429e+01
1.803313042659746301e+01
1.789379554444435527e+01
1.778123601746581528e+01
1.765441531109190265e+01
1.754670031517207107e+01
1.742238099449344801e+01
1.731251156775129374e+01
1.721201980436835655e+01
1.709314328669098515e+01
1.697716966461196009e+01
1.687082229141623202e+01
1.674430342026677465e+01
1.664143051130960060e+01
1.653316031249645590e+01
1.644221227888336756e+01
1.633832823554230274e+01
1.623289672440008502e+01
1.612900883358692994e+01
1.601433337986477667e+01
1.590652018379320687e+01
1.579620931176557974e+01
1.568341009414682574e+01
1.557706453437641159e+01
1.547965120284790608e+01
1.538308515364533768e+01
1.528273348878005500e+01
1.517802379924100720e+01
1.506703701504580195e+01
1.498179528919401093e+01
1.489942993850287500e+01
1.479535026259284081e+01
1.469830319594822043e+01
1.461079710045532920e+01
1.453101214791369422e+01
1.445107274857926072e+01
1.437097660607395255e+01
1.428097113813750418e+01
1.419752323973443353e+01
1.410619745564290817e+01
1.403114100935452413e+01
1.394799665212763706e+01
1.385456310248820699e+01
1.377548309238457236e+01
1.368942364209415530e+01
1.361092711467963667e+01
1.352749748438575317e+01
1.345022309630376256e+01
1.336627616179134748e+01
1.328750739872530851e+01
1.321476050989252826e+01
1.314486272294086611e+01
1.307273070644408364e+01
1.299964711176244769e+01
1.292140394844046547e+01
1.283661613829406178e+01
1.276687788769636533e+01
1.270020955772784710e+01
1.266781070637291151e+01
1.261513740794019434e+01
1.255442647594957073e+01
1.248538928583961649e+01
1.242039149506908302e+01
1.234985729822955314e+01
1.228388973085001190e+01
1.222067891103413118e+01
1.215572980773387179e+01
1.208539447584996473e+01
1.202820312850606399e+01
1.196812752380445311e+01
1.190453632170759946e+01
1.184723829092949465e+01
1.178188830487734684e+01
1.173705448845820598e+01
1.168014603694382281e+01
1.163821831844407484e+01
1.157723035594965744e+01
1.154482748763605215e+01
1.152435676748434723e+01
1.146265971943998707e+01
1.140616891687011858e+01
1.137508922296219538e+01
1.131362390331322665e+01
1.125833687523926940e+01
1.120710877532679106e+01
1.115398553593305309e+01
1.110568440254518485e+01
1.105784900593989661e+01
1.100583625337169202e+01
1.095896091658703320e+01
1.092077684389175474e+01
1.087014744222853402e+01
1.082432285577434961e+01
1.078093760324376404e+01
1.072604076956681673e+01
1.067792993275051394e+01
1.063435439862840504e+01
1.060484931612178450e+01
1.055831031795681341e+01
1.051504414507694918e+01
1.047089883461125304e+01
1.042471150261288493e+01
1.039831052731294925e+01
1.035489564794353257e+01
1.033302524111129728e+01
1.028861950653156221e+01
1.024159668414042557e+01
1.019731127626936740e+01
1.015215450797641772e+01
1.011575407422887984e+01
1.007479686694580323e+01
1.002948576095070621e+01
9.999712268911071789e+00
9.954984561741008875e+00
9.913671445884082445e+00
9.894683446426222773e+00
9.852927214697052349e+00
9.816620005529536286e+00
9.780573197254922135e+00
9.741781956480210170e+00
9.705823342674996468e+00
9.675365675582852987e+00
9.642245750807708404e+00
9.606913726767373873e+00
9.591746017285437631e+00
9.555535292112882217e+00
9.525656688750217427e+00
9.513643273536995792e+00
9.482624613723535489e+00
9.459766396657300902e+00
9.421872264577981326e+00
9.392180437895143896e+00
9.355901619537879910e+00
9.317062663648258081e+00
9.281803484217748590e+00
9.248063751188709603e+00
9.215055814561136316e+00
9.185844569127539216e+00
9.163715960895576274e+00
9.135103003469826177e+00
9.105107359073203455e+00
9.089056151498406066e+00
9.069606303608066966e+00
9.036722930774512719e+00
9.022887540308522247e+00
8.992841626076025108e+00
8.965267685130436703e+00
8.939376530989799008e+00
8.908403069820741038e+00
8.880300030942096967e+00
8.850862841517839641e+00
8.819544684232866416e+00
8.792169425254584780e+00
8.765946223029024154e+00
8.749370909795903373e+00
8.719922344483542531e+00
8.701841685459910991e+00
8.677305047849346309e+00
8.649337412077315435e+00
8.623166593130271451e+00
8.595125695255200426e+00
8.567161515733756616e+00
8.540631648254425556e+00
8.527358373766421806e+00
8.499242647037618781e+00
8.470169300537525814e+00
8.440734707620245914e+00
8.430012857276706129e+00
8.403785518883024608e+00
8.382076519192713349e+00
8.363933592286016960e+00
8.341816720371538096e+00
8.317698703672409266e+00
8.292812887737801120e+00
8.279366014981922817e+00
8.253948039694098071e+00
8.227706685817054222e+00
8.202321152141996308e+00
8.178140122791964117e+00
8.152459561755659223e+00
8.142725552250404064e+00
8.121218551640598804e+00
8.099160263122335834e+00
8.073082837028742631e+00
8.053252533999932794e+00
8.030940673973894661e+00
8.008542538376744346e+00
7.985996615302230595e+00
7.970870182245543667e+00
7.959176795213141808e+00
7.939252406505381998e+00
7.917966996822713988e+00
7.895454942472182047e+00
7.879743885625768662e+00
7.863873332492717694e+00
7.848473904160329084e+00
7.831307815409611628e+00
7.814554066915753161e+00
7.793412134059492402e+00
7.788318180821607761e+00
7.767940045709420538e+00
7.750281511677936663e+00
7.730439167779267429e+00
7.714525872988215127e+00
7.691451026351588283e+00
7.669300176514807887e+00
7.647845871362058290e+00
7.639120496463503329e+00
7.625289121327814890e+00
7.604339242661107612e+00
7.583825190727216281e+00
7.561788985339146230e+00
7.545618469859153521e+00
7.530875422520272977e+00
7.512379587425559890e+00
7.494604128607229576e+00
7.488727387554038550e+00
7.471650823925399365e+00
7.456468694418594723e+00
7.437094170866870080e+00
7.419228720098758778e+00
7.404796069048465768e+00
7.387838736606099133e+00
7.368265560180184082e+00
7.357590895198985237e+00
7.337822215664402847e+00
7.318168684311781469e+00
7.312341184696779628e+00
7.293482542905262100e+00
7.274542077282568187e+00
7.269835839786780163e+00
7.252166646690940688e+00
7.235869636034641061e+00
7.228339115460384434e+00
7.208741523328141554e+00
7.190126388187898954e+00
7.172553134961367149e+00
7.154971677557725229e+00
7.136877376146818719e+00
7.120219399812164340e+00
7.116867912606088531e+00
7.102649626453994891e+00
7.087858130095542109e+00
7.073111941279020876e+00
7.066963050469474261e+00
7.053338899065527912e+00
7.036585584566199536e+00
7.020918570677488368e+00
7.010457624947528998e+00
6.992369193337280464e+00
6.980495648612726534e+00
6.963948284877167438e+00
6.951751603933600698e+00
6.947763117797322252e+00
6.932504364162927146e+00
6.917118436811061422e+00
6.903137280455568181e+00
6.889614876771564589e+00
6.874750820956061048e+00
6.872126173029966978e+00
6.855882211849693597e+00
6.840176659563399042e+00
6.824161501794557161e+00
6.812411016939446284e+00
6.795004427752278531e+00
6.781744500091196670e+00
6.765729458704083044e+00
6.748732634977661071e+00
6.734229754440828053e+00
6.718231875360151761e+00
6.703303564221227973e+00
6.688557196256213366e+00
6.679823368152391971e+00
6.666126156122988533e+00
6.650615550807763121e+00
6.634809432060057688e+00
6.618623121269862075e+00
6.604289140367356481e+00
6.590018695065015919e+00
6.575985721294813402e+00
6.560723134472905116e+00
6.545460610764688880e+00
6.533004332159511485e+00
6.519667652717613393e+00
6.513311811317674227e+00
6.503000537558560445e+00
6.490507300713428407e+00
6.478551351729371355e+00
6.464340689293554654e+00
6.450885756408824889e+00
6.436950741073947491e+00
6.437605800589488503e+00
6.430649849111720329e+00
6.417790221044122667e+00
6.403345034193180574e+00
6.395580060479759688e+00
6.382106196520344277e+00
6.374955067392821917e+00
6.364942257813180682e+00
6.352315249249897100e+00
6.343835478373292425e+00
6.329883261992343968e+00
6.316614248766738271e+00
6.304109700205223987e+00
6.292409035184839183e+00
6.279278414477892589e+00
6.265901111045530492e+00
6.253670008407652858e+00
6.242372669963414999e+00
6.230299880071150653e+00
6.219801048232650231e+00
6.208521653355310477e+00
6.197592219144385517e+00
6.184718800054143095e+00
6.178945116639831703e+00
6.165627886594013063e+00
6.152424398774336112e+00
6.142714027738183091e+00
6.130814000130701658e+00
6.118006461197103896e+00
6.116813229879370262e+00
6.103812868454453699e+00
6.091112758114179293e+00
6.078848082357912297e+00
6.079957534099031946e+00
6.069545239770990364e+00
6.065369958433032060e+00
6.053297028899336851e+00
6.041038347002624320e+00
6.028598475734709083e+00
6.019768271989563324e+00
6.007229051995624403e+00
6.002320154112466888e+00
5.994466039688671088e+00
5.989993245160028401e+00
5.984875414987627096e+00
5.972862554880783215e+00
5.961552537132737584e+00
5.949804453736072141e+00
5.938075754208249180e+00
5.929723766756455738e+00
5.918084688776685809e+00
5.920631238340892999e+00
5.909579646668062125e+00
5.898944292698592662e+00
5.889904903569606276e+00
5.882945523031451351e+00
5.879082470217043443e+00
5.870667664063800473e+00
5.866816213542894509e+00
5.869670182880227571e+00
5.859998529170264092e+00
5.849425614551391206e+00
5.845359317747946371e+00
5.836694606693563436e+00
5.826791405430299164e+00
5.816740277328914743e+00
5.811291319104622488e+00
5.810228883471956429e+00
5.802939295381390750e+00
5.792418979625716169e+00
5.782191979020948835e+00
5.774467179205100997e+00
5.766668750799933463e+00
5.757617053711349797e+00
5.751118370883815167e+00
5.747926130705157455e+00
5.740547124046744720e+00
5.733490749573931566e+00
5.725042877543454978e+00
5.715428570069876812e+00
5.708546442885012340e+00
5.699295030667547834e+00
5.697178494963882400e+00
5.691070940233430520e+00
5.682528659734839671e+00
5.672414348404053897e+00
5.664957708428715044e+00
5.655438286061026609e+00
5.647398749985111266e+00
5.642687259138788214e+00
5.637820478619069320e+00
5.628429019212737749e+00
5.618481570784060075e+00
5.612373972460881433e+00
5.608442546728730882e+00
5.601617663395990654e+00
5.593601423623869806e+00
5.583945749634203537e+00
5.575664657916161282e+00
5.566751352606369885e+00
5.558245164152510576e+00
5.550806506989943045e+00
5.545198642181016879e+00
5.535889928046099584e+00
5.528573912885049069e+00
5.532479991931609220e+00
5.523466358038512602e+00
5.514455109626736906e+00
5.506829742361528446e+00
5.499877543727132334e+00
5.491613321028931516e+00
5.485252384950539906e+00
5.477634635200966606e+00
5.468038038820903779e+00
5.461239843658050042e+00
5.454923221296202662e+00
5.451064359966557582e+00
5.444599600699359776e+00
5.439543069797823982e+00
5.431125090078915640e+00
5.425492703622813551e+00
5.416250707037482570e+00
5.409666124403987197e+00
5.400924942874199886e+00
5.392295983394241432e+00
5.385118650160257481e+00
5.376546601526094982e+00
5.370701351435708482e+00
5.363380710472369195e+00
5.356276994583987872e+00
5.347710053997192681e+00
5.341019395153177918e+00
5.331972330286280481e+00
5.324589982208044248e+00
5.321128031372444944e+00
5.313201934789534953e+00
5.308542077314698737e+00
5.300203236593899803e+00
5.293787531977101501e+00
5.287036145878365012e+00
5.279597054749881835e+00
5.273484006861917095e+00
5.266819388685613390e+00
5.258832456796849186e+00
5.251015773714839519e+00
5.249416766343684593e+00
5.241492330696610580e+00
5.233260440728080276e+00
5.225476917511947761e+00
5.219581999177710152e+00
5.213236473193756382e+00
5.208207714089297724e+00
5.204457908427324142e+00
5.196094030557850907e+00
5.188474510025896436e+00
5.185762598211594465e+00
5.178926784351343571e+00
5.170629929836567662e+00
5.162832841634039660e+00
5.155116969904065982e+00
5.152760279786631870e+00
5.148113021137809220e+00
5.144057222640598503e+00
5.136416205613615560e+00
5.130035572607809513e+00
5.128986893305831352e+00
5.123158176024293020e+00
5.118212203080638290e+00
5.113888820808479174e+00
5.106008123674640409e+00
5.097778485746793820e+00
5.089693062989980810e+00
5.081600744767787781e+00
5.077380744142037550e+00
5.070308762458910934e+00
5.064618605178008437e+00
5.060295294911880681e+00
5.052939514151717937e+00
5.048617260062662204e+00
5.041950769684320655e+00
5.034352963404256087e+00
5.026955997404566112e+00
5.019756428401837667e+00
5.012838865933772148e+00
5.006073944159052047e+00
5.000450147562153447e+00
4.994121352528568814e+00
4.988309370558019040e+00
4.980659740503734056e+00
4.974411343344058878e+00
4.967454701095220138e+00
4.961275682460716929e+00
4.954821761972002747e+00
4.948192523843840895e+00
4.940747977005485403e+00
4.938136044172566130e+00
4.931447586890724821e+00
4.924114705037396789e+00
4.917775577116201724e+00
4.915120185947960962e+00
4.907865755623521231e+00
4.901395518838503662e+00
4.895170328490257461e+00
4.891583085015937193e+00
4.886658853773508504e+00
4.883261928544257557e+00
4.877156903673569133e+00
4.870386314859353583e+00
4.863430230999334469e+00
4.856339783070513505e+00
4.850753402217315546e+00
4.845770048450309453e+00
4.840967082271621535e+00
4.834626632718443950e+00
4.828935481586984935e+00
4.822643957843490092e+00
4.815647659773349076e+00
4.809111219086963374e+00
4.802190816107857252e+00
4.796694519194915074e+00
4.789802561892840593e+00
4.784371917587102452e+00
4.780436467362747521e+00
4.776456535235658052e+00
4.771449224978185022e+00
4.772297821304592347e+00
4.765646906291626017e+00
4.759565696320355421e+00
4.753769761847623343e+00
4.747241082060911666e+00
4.743022300484357245e+00
4.738838232501662695e+00
4.734799388095217942e+00
4.731815783541669873e+00
4.725394319426433398e+00
4.727449542745789657e+00
4.722026523035363965e+00
4.722770857732917271e+00
4.717140855185872006e+00
4.710675582181139021e+00
4.704854670029875230e+00
4.700297915697087880e+00
4.699508608778235619e+00
4.696147854042569847e+00
4.692900829437048671e+00
4.687291027585382963e+00
4.681123945599314773e+00
4.677272014638631958e+00
4.671060139154828761e+00
4.664815009577168325e+00
4.659928437683904079e+00
4.654693770895868887e+00
4.648363377407097374e+00
4.644067755990334057e+00
4.638088203831378209e+00
4.631868889494863417e+00
4.629579059170360722e+00
4.623248554639165064e+00
4.623420648173349967e+00
4.619103514963991408e+00
4.617993969314844627e+00
4.612078973824480066e+00
4.608764385722940560e+00
4.603301797120274763e+00
4.598148885138648723e+00
4.592317456843048262e+00
4.588317232887088259e+00
4.588027932132518139e+00
4.582419116889687061e+00
4.576942287590128444e+00
4.571356681570300395e+00
4.566223213246829893e+00
4.561935859121768466e+00
4.556282936944794137e+00
4.554498435749792407e+00
4.553551828504785348e+00
4.547577542838935116e+00
4.544656503156133454e+00
4.539431684754084095e+00
4.535479319764684547e+00
4.530940727249409328e+00
4.527599630741271142e+00
4.522001304739698746e+00
4.516588798884489719e+00
4.514917959111055090e+00
4.524517420526001032e+00
4.519426463706619934e+00
4.513865230810447216e+00
4.508964251419868674e+00
4.507088770970621106e+00
4.505792490156132146e+00
4.500093033126217890e+00
4.495455480160329031e+00
4.492586116139066554e+00
4.489718430746948208e+00
4.484749949735022057e+00
4.479435684126346295e+00
4.474048756485696110e+00
4.469132679682624953e+00
4.464042551087831434e+00
4.460905972022276345e+00
4.456881533381788607e+00
4.451648989332374740e+00
4.446923401425207700e+00
4.444894172354743489e+00
4.440588189696033083e+00
4.436127986814502044e+00
4.431136705726282266e+00
4.431397337675139880e+00
4.429196125848560150e+00
4.425256211017393859e+00
4.419964984761121762e+00
4.415364114899744230e+00
4.412693427120927048e+00
4.407685908973932420e+00
4.403166515556537597e+00
4.398968844932767297e+00
4.398240020075450118e+00
4.394122953774136420e+00
4.389170644501611207e+00
4.385410137942540310e+00
4.381559370809523735e+00
4.376422569992556078e+00
4.373828840992138645e+00
4.370387521561968747e+00
4.365414434961963686e+00
4.360343626854447763e+00
4.355625065658987438e+00
4.350564513900431862e+00
4.349837309501165095e+00
4.345468095425641941e+00
4.341293316446891204e+00
4.337698040736576388e+00
4.333676888619541145e+00
4.328996794237069956e+00
4.325220777004874506e+00
4.319892332353448161e+00
4.314677418860051183e+00
4.309917228445843129e+00
4.305237187679661126e+00
4.300235693467397091e+00
4.297215777302526796e+00
4.295195613143908631e+00
4.289888931549504569e+00
4.288699732084991112e+00
4.285650350778545281e+00
4.280648279778081822e+00
4.275496823933421453e+00
4.270437191598654536e+00
4.267317787984660882e+00
4.265182381414258650e+00
4.262246279061684184e+00
4.258308466836130179e+00
4.254093139627264542e+00
4.251344260255762286e+00
