4.176443037788671830e+01
4.298180000382293287e+01
4.282398941128118253e+01
4.218066508203020248e+01
4.185520854522555823e+01
4.132482264632390923e+01
4.083626193613255850e+01
4.029500838784651506e+01
3.971526738176422100e+01
3.916533606697567649e+01
3.862848651584292980e+01
3.797113560716579883e+01
3.753702841578724048e+01
3.723201497529559134e+01
3.680353666587156880e+01
3.645658485113634129e+01
3.610379335719098748e+01
3.574142173788546728e+01
3.540227917712953598e+01
3.505634332561385236e+01
3.473958446528938282e+01
3.438379606834497793e+01
3.404780955530524977e+01
3.371483474962840887e+01
3.341111457695770071e+01
3.309410097456258626e+01
3.279889375412342645e+01
3.249549045888308996e+01
3.220740420010922378e+01
3.191980966652837992e+01
3.166623002424429956e+01
3.138750092810579773e+01
3.109520789620153991e+01
3.083374601696572270e+01
3.058926891417011262e+01
3.033587631296878939e+01
3.008727257060852978e+01
2.983272330929644767e+01
2.960532473350443183e+01
2.938065874858788717e+01
2.914094609525645296e+01
2.890034110007171719e+01
2.866754404468925088e+01
2.845352355880067563e+01
2.822239367582856673e+01
2.801212902221117673e+01
2.780680273739852382e+01
2.759283320307070753e+01
2.738526020116044890e+01
2.718504409649925080e+01
2.701032481977733113e+01
2.679769955700606943e+01
2.661112024436879864e+01
2.642808574152979517e+01
2.626832498555086559e+01
2.610605838638713294e+01
2.591926923262818860e+01
2.579322626350010594e+01
2.562684330184210069e+01
2.547261915982041103e+01
2.529124202918843167e+01
2.512115776358657371e+01
2.493315657007786967e+01
2.475915046308407952e+01
2.460243932209177942e+01
2.444399926799446376e+01
2.429337445648211258e+01
2.413614986625847436e+01
2.396458966239745081e+01
2.379665380736257063e+01
2.363335908799169971e+01
2.349169551518072296e+01
2.334161302452115549e+01
2.318775492281139350e+01
2.302684326848480012e+01
2.287662585877819055e+01
2.272140992048327135e+01
2.256601508306767911e+01
2.242807892744784937e+01
2.227918267516185580e+01
2.214328611905998656e+01
2.201864470710611599e+01
2.187976372698087602e+01
2.173770073522656787e+01
2.161286391426587628e+01
2.148874288099712615e+01
2.138312895770499367e+01
2.125192203673335456e+01
2.113234612181996042e+01
2.101132154692134435e+01
2.089291785361183429e+01
2.079082261798940223e+01
2.064973506238948531e+01
2.053384275068423293e+01
2.043203709969241899e+01
2.032091098114900518e+01
2.019790302937705917e+01
2.009517406557054642e+01
1.997745254668703652e+01
1.986724678808544553e+01
1.974664339392687751e+01
1.964044469020999273e+01
1.953388368931554098e+01
1.944640238095585971e+01
1.933174071238883229e+01
1.923221548825385696e+01
1.912999839453157591e+01
1.905406517174470693e+01
1.894273511853797132e+01
1.883903164738914171e+01
1.874788772525712233e+01
1.865548432922547661e+01
1.856845051561921522e+01
1.847541577082128583e+01
1.838394349059082344e+01
1.831407984769695219e+01
1.821129657226764564e+01
1.813039687722607951e+01
1.804564385948071248e+01
1.795845020693163718e+01
1.786549607129100536e+01
1.777436571596642523e+01
1.768382550679132237e+01
1.760041319509619484e+01
1.753505957011523364e+01
1.745582210039532711e+01
1.736873474671683937e+01
1.727861782482365172e+01
1.721244389976259370e+01
1.714203546932137101e+01
1.707313405340750734e+01
1.698844609191537103e+01
1.690918421144294470e+01
1.684618212924589997e+01
1.678278100958630503e+01
1.670053521960156218e+01
1.662532005481905628e+01
1.655561117985470077e+01
1.648300827611540598e+01
1.640559374368514156e+01
1.633968601026290557e+01
1.626898647847058044e+01
1.621586583147873384e+01
1.617129976716714523e+01
1.611185822830850967e+01
1.604966236652816747e+01
1.598312522729036189e+01
1.595791947953602552e+01
1.589921341527509568e+01
1.583300462564912792e+01
1.576955707070706758e+01
1.571192485582923482e+01
1.564313255024983640e+01
1.557714252317170534e+01
1.552808038239722599e+01
1.547233764963668534e+01
1.542584918771648006e+01
1.536581886104980654e+01
1.530378593209345439e+01
1.526269349812073983e+01
1.519750617790279534e+01
1.516010707183822070e+01
1.509584716854474351e+01
1.504324551622886119e+01
1.498028125608691141e+01
1.492008204317538578e+01
1.487186598387950021e+01
1.481965307426338008e+01
1.476545198377902146e+01
1.470961427538317601e+01
1.466357294564116742e+01
1.461582234928570045e+01
1.455421125843039576e+01
1.450169015310752663e+01
1.444536043752506593e+01
1.439261930084645869e+01
1.433819464029218693e+01
1.427707980183767233e+01
1.421855760209809816e+01
1.417680666939424761e+01
1.412119650894754841e+01
1.413239741513548431e+01
1.408421936645386197e+01
1.403904839895000656e+01
1.399408726155187566e+01
1.397523810793876820e+01
1.394356178859584183e+01
1.390858438734314895e+01
1.387607402381716959e+01
1.384036607274572184e+01
1.380792656271715302e+01
1.378175225376186219e+01
1.373748229443525304e+01
1.370077584989747876e+01
1.366349091013911377e+01
1.362063778652878554e+01
1.358697902510925992e+01
1.354421511167002912e+01
1.351454408351182401e+01
1.347655436907672488e+01
1.344049972191223041e+01
1.340009628279794995e+01
1.335247869221490724e+01
1.332028225105337960e+01
1.328052745725480044e+01
1.324714566397190829e+01
1.321519696378182296e+01
1.317397059311765162e+01
1.313772986451160918e+01
1.310273843468607780e+01
1.307118078041443354e+01
1.304403076281455398e+01
1.300201100390924758e+01
1.296261418204464100e+01
1.292409198348454602e+01
1.289553409939313511e+01
1.286618264304238579e+01
1.282695703518237096e+01
1.278811491248349519e+01
1.274907750246786797e+01
1.271439535613283489e+01
1.267625106584181793e+01
1.264043969495649655e+01
1.260619369265084799e+01
1.257670708673024507e+01
1.253791360783171172e+01
1.250571139563228407e+01
1.246643530867541827e+01
1.245103626976962374e+01
1.242753365301527069e+01
1.239294909365542097e+01
1.235975932223977125e+01
1.233650676910920652e+01
1.230520834063780633e+01
1.227930135589400251e+01
1.225359194065108959e+01
1.222026947432385846e+01
1.218626411879299631e+01
1.215306662816920458e+01
1.213088594010554644e+01
1.209843933889333734e+01
1.207215832211490003e+01
1.204063120740364567e+01
1.201529014621080371e+01
1.198316526208187405e+01
1.195361597855861291e+01
1.192988197723031973e+01
1.191354494847255374e+01
1.188529195876416189e+01
1.185485851889907849e+01
1.183139616620239565e+01
1.179766049958175067e+01
1.176503115182439885e+01
1.173125987552350047e+01
1.170396732734022649e+01
1.168744676156058659e+01
1.166379143654541295e+01
1.163266015776493667e+01
1.160899687064260988e+01
1.157751071806559651e+01
1.154717767104350123e+01
1.151871762461970938e+01
1.148647949391643230e+01
1.145968839497712466e+01
1.143414625420819597e+01
1.141554173406088424e+01
1.139747498681170157e+01
1.136870453064484110e+01
1.133892827306812734e+01
1.130907645609068268e+01
1.128003611267331152e+01
1.125678212898931818e+01
1.123106501517556488e+01
1.120191619294624985e+01
1.118948588933143284e+01
1.116961768179063341e+01
1.114749983325615190e+01
1.112137043069466991e+01
1.109676643766645121e+01
1.107122435107783254e+01
1.105235122577146178e+01
1.103641928097158953e+01
1.100719852125336651e+01
1.098415787699577351e+01
1.095868310213701236e+01
1.093248956904575486e+01
1.090645455512179041e+01
1.087926901854862471e+01
1.085014840846672968e+01
1.082440742303181658e+01
1.080319021767498988e+01
1.080707699046890014e+01
1.079197899308439901e+01
1.077742331674282461e+01
1.075207665580650307e+01
1.072710983049647915e+01
1.070656892402816673e+01
1.070042911033483612e+01
1.068068490658860270e+01
1.066240179817630818e+01
1.063910075682887069e+01
1.061617481175709443e+01
1.059402422153807777e+01
1.057203772029378896e+01
1.055133479395347607e+01
1.052844811210959186e+01
1.051049194933553643e+01
1.050098441065510357e+01
1.048340667008165106e+01
1.047195286219074539e+01
1.045235579715977003e+01
1.043291888354795915e+01
1.041885710956342592e+01
1.040856715083650741e+01
1.038783615401962024e+01
1.036986363641063491e+01
1.035546357739133505e+01
1.033791461561192193e+01
1.031922720353673029e+01
1.030025884458760110e+01
1.027941884953414942e+01
1.025867281952693943e+01
1.024150139264774495e+01
1.022176342673225768e+01
1.020305980444752159e+01
1.018457822023958670e+01
1.016282913199654026e+01
1.014785332585420363e+01
1.012723319255757559e+01
1.011443874199370363e+01
1.009467386808668543e+01
1.008125150297474093e+01
1.006568677319482674e+01
1.005083664655241549e+01
1.003116484164381284e+01
1.001246248552357088e+01
9.997589188766115242e+00
9.992505961745719034e+00
9.974601354532907749e+00
9.959387376361034327e+00
9.945087377375303461e+00
9.927273228083526746e+00
9.906494064312601822e+00
9.894983934202372211e+00
9.879618984300357454e+00
9.860448176166149992e+00
9.840767992755695914e+00
9.824204061679376210e+00
9.811878127341877587e+00
9.795382273411080476e+00
9.780188590804337778e+00
9.761866186126864520e+00
9.747869805518055486e+00
9.729478034116025853e+00
9.713479327395006635e+00
9.694216511034650097e+00
9.677608903158988696e+00
9.668630592597839524e+00
9.681331700730240186e+00
9.667366861920671184e+00
9.653378758653675007e+00
9.643934941369129987e+00
9.628829675505009789e+00
9.611836757243620966e+00
9.594101127544048424e+00
9.579507490982015483e+00
9.563942268940502700e+00
9.552836123338330765e+00
9.537016816948048259e+00
9.524259015050200006e+00
9.506769023270996044e+00
9.491118198627013669e+00
9.474601989912914135e+00
9.456778681546417431e+00
9.444017883134138813e+00
9.431348267556385778e+00
9.418211647688380594e+00
9.401856954373160491e+00
9.393600743137225706e+00
9.380602482252925256e+00
9.364390448312773785e+00
9.356411940751078404e+00
9.347758979174443539e+00
9.330299928149401012e+00
9.313564716655809761e+00
9.297811245476836461e+00
9.286331245727625472e+00
9.279001130116615315e+00
9.266171109037697917e+00
9.251424748246783736e+00
9.235232352023963642e+00
9.218340588268102209e+00
9.206326215752076436e+00
9.190180115366313629e+00
9.174230190564209408e+00
9.157788963494292389e+00
9.149388157126981724e+00
9.134789460651218107e+00
9.119282701619363607e+00
9.103656510850212769e+00
9.090146025118190920e+00
9.076387923998382234e+00
9.061424335005686004e+00
9.051502022276062931e+00
9.048837759093045108e+00
9.032729121164633668e+00
9.019427373278915638e+00
9.005665399293492968e+00
8.991017792024726063e+00
8.975584168884241265e+00
8.966539963727715445e+00
8.958902184063440188e+00
8.956489218401852526e+00
8.945631593987826591e+00
8.930852701016045003e+00
8.920114091638168929e+00
8.903381216399443687e+00
8.891069534423335696e+00
8.881659027065557765e+00
8.868209641534566146e+00
8.863228355113632162e+00
8.848945160980660418e+00
8.844408948596624853e+00
8.832915839899726507e+00
8.819521835584795966e+00
8.806551102115339091e+00
8.796588178601041363e+00
8.786709465270709174e+00
8.775815026358591453e+00
8.763819178293024592e+00
8.754452967878304293e+00
8.743306011566275515e+00
8.736252734282190957e+00
8.722118911882963843e+00
8.710874554429206995e+00
8.698946048847558288e+00
8.686369961127159200e+00
8.673414465728246370e+00
8.662218425421055912e+00
8.648008888077388434e+00
8.634912597793494626e+00
8.620754037794320368e+00
8.613389141171232666e+00
8.604818095233659037e+00
8.592336692088224481e+00
8.583506382400818424e+00
8.573434341138437276e+00
8.559770781628795788e+00
8.546607549124034975e+00
8.536863658244572051e+00
8.523262407539968777e+00
8.516865260882141797e+00
8.505976206193015088e+00
8.499298986200331640e+00
8.490284855157399946e+00
8.485832594753775382e+00
8.475622261929855128e+00
8.464779250895499985e+00
8.454373162180635504e+00
8.440853416833238754e+00
8.427986169143052209e+00
8.414747963358003346e+00
8.405922123838637461e+00
8.405522979686146812e+00
8.392952707276931434e+00
8.383722718143198804e+00
8.380096456627871504e+00
8.373075031955213632e+00
8.361419596946317867e+00
8.351145228982655766e+00
8.343194944098067722e+00
8.332519299237745258e+00
8.339065173578777745e+00
8.328359390977784216e+00
8.316876604448696142e+00
8.317112787301716992e+00
8.306411711881573012e+00
8.298575456726151600e+00
8.287236850122534193e+00
8.278905717792037322e+00
8.271912040291827140e+00
8.274867667412177497e+00
8.264341784576828331e+00
8.252120317881299627e+00
8.242106061228573921e+00
8.239131080284131770e+00
8.232387498307486950e+00
8.224850645442153052e+00
8.213515026954802067e+00
8.201298424032065881e+00
8.189862823551774085e+00
8.180711441459038724e+00
8.170352715251981479e+00
8.158582490476870674e+00
8.150748053780992208e+00
8.143490260477896925e+00
8.134922956497453228e+00
8.144775606375777244e+00
8.143204607253089478e+00
8.130906355770981975e+00
8.122415353148820572e+00
8.115908216530399955e+00
8.105284341142892757e+00
8.097717513473176254e+00
8.087108734572691304e+00
8.078753605335831978e+00
8.067923574687545951e+00
8.061191441520024981e+00
8.051091661226603691e+00
8.040406294652587604e+00
8.031676436680296405e+00
8.021562456051798407e+00
8.014844703167529616e+00
8.004144950611427944e+00
7.993379390405573659e+00
7.982764962740966475e+00
7.971998506112416116e+00
7.964403885146863260e+00
7.953690585418044634e+00
7.947905459349569490e+00
7.937144745207315388e+00
7.929207662788423150e+00
7.921356281683167744e+00
7.910533971590679059e+00
7.900275170020755411e+00
7.891729467611757975e+00
7.881560525501645209e+00
7.873804826114479738e+00
7.865501285416472754e+00
7.856969402102770061e+00
7.846238601209304164e+00
7.835760868899563469e+00
7.827304522537805731e+00
7.821152962093598227e+00
7.811186356854783241e+00
7.802451625673723079e+00
7.795392713802511864e+00
7.784516748831397770e+00
7.776045398041432577e+00
7.770959991094733788e+00
7.761415560427922244e+00
7.752616843657887280e+00
7.743273294604414936e+00
7.734091742603655284e+00
7.723356538864066145e+00
7.717241729615191836e+00
7.709423120346291292e+00
7.699987712908404447e+00
7.689334776278449191e+00
7.683540220355826733e+00
7.673871186454472415e+00
7.664249132294225220e+00
7.653542559848319549e+00
7.645748708008540007e+00
7.640206896785382007e+00
7.640746986528921703e+00
7.635332528472194014e+00
7.626351789109620860e+00
7.616490269389756484e+00
7.608986742765276645e+00
7.602099443062185102e+00
7.591888221021716454e+00
7.585155006672715139e+00
7.577625987477746961e+00
7.569981049304575826e+00
7.559703378883202873e+00
7.551632844359392749e+00
7.542816019228558488e+00
7.532877826924592846e+00
7.523728182564160427e+00
7.513898361048571672e+00
7.504173197709177678e+00
7.501908209653787907e+00
7.492456742539055803e+00
7.483294145645241535e+00
7.481096013062780159e+00
7.473090437887599080e+00
7.468646173426703783e+00
7.471678071547811939e+00
7.483481387391908157e+00
7.476588857149828016e+00
7.471379528277195092e+00
7.462826993160602385e+00
7.453000512366851460e+00
7.447348856522101102e+00
7.439119442587490916e+00
7.431255852364257564e+00
7.422310293483764809e+00
7.416203411483220265e+00
7.415558282135402024e+00
7.408343037358881666e+00
7.405465569864764674e+00
7.398505242408001337e+00
7.390853000793176086e+00
7.387146112892549077e+00
7.379088353178057780e+00
7.379718858217506394e+00
7.372128409956477668e+00
7.370197386104893056e+00
7.369639198853918494e+00
7.361843559556479732e+00
7.355861749420552265e+00
7.350977169651419452e+00
7.343046195683426980e+00
7.336969108310729126e+00
7.329446157959276675e+00
7.328958059222104637e+00
7.320786978702369829e+00
7.314484318354926629e+00
7.306339904751104619e+00
7.298481197684424160e+00
7.290919576446390771e+00
7.283644318681723462e+00
7.275283663803906897e+00
7.267608187257500241e+00
7.261672103577656578e+00
7.254380211785917965e+00
7.246472588151267047e+00
7.239076490068431013e+00
7.232676970530969029e+00
7.229401226417815352e+00
7.222577666276986719e+00
7.218424332489295381e+00
7.213351556532614062e+00
7.206749378004113638e+00
7.199525891035177594e+00
7.194564746072201977e+00
7.186856097956978218e+00
7.180563207564208739e+00
7.172247038459818036e+00
7.165781340621884432e+00
7.162187922521686012e+00
7.154023855666984844e+00
7.146419684752544299e+00
7.146241696871213023e+00
7.140478786313575021e+00
7.134254904748210002e+00
7.125777568116877347e+00
7.121965458592869780e+00
7.115454187681804044e+00
7.107566153786658347e+00
7.099737222892945177e+00
7.094754014899141481e+00
7.087009378987329633e+00
7.080046630779070149e+00
7.089060294049227551e+00
7.082575907734272036e+00
7.076407283316292762e+00
7.074807764313037595e+00
7.075741801696866951e+00
7.084477576284371914e+00
7.081933115760394415e+00
7.076976211929450145e+00
7.070280719403309710e+00
7.072604879848885417e+00
7.068048170461470825e+00
7.064513443824950834e+00
7.058274828179509797e+00
7.053417720361669474e+00
7.047760619658279602e+00
7.043941676072966729e+00
7.037129301807533821e+00
7.031242890542400481e+00
7.026262800783402263e+00
7.020455059387107788e+00
7.016888042994958496e+00
7.010718257389287444e+00
7.004305520000874807e+00
7.011282326790634123e+00
7.007671901318770935e+00
7.008253263341386763e+00
7.001289746922830126e+00
7.018642466504438460e+00
7.012759654993514502e+00
7.006075529184561113e+00
7.008673209134235194e+00
7.010122058246012422e+00
7.004017869957104736e+00
6.997390904897861752e+00
6.991266370324745516e+00
6.984034629244528780e+00
6.982355311848055912e+00
6.975387160962102762e+00
6.969578045213838280e+00
6.962472589448346127e+00
6.957723002063658235e+00
6.952403565928011453e+00
6.946077347606483876e+00
6.940022958033617684e+00
6.933370902546368342e+00
6.927533228575104118e+00
6.921923366232426211e+00
6.915725263651346211e+00
6.910381560834457204e+00
6.905950391730981686e+00
6.904085177344848390e+00
6.899801206944685461e+00
6.893400839564820082e+00
6.887055550640599044e+00
6.880022386533035217e+00
