1.098216598957703560e+01
1.077213762541118491e+01
1.050892707097466605e+01
1.042782923604251444e+01
1.035394344187540305e+01
1.023197254323735450e+01
1.020405630471106839e+01
1.012597230687751626e+01
1.002039737071048719e+01
9.858899919398787404e+00
9.755490998684317461e+00
9.640322256002070489e+00
9.498160185411522960e+00
9.469038296019324008e+00
9.360725003975501224e+00
9.260176801561097903e+00
9.121593584571133562e+00
9.026502535383832182e+00
8.919443725478771512e+00
8.806905225899637202e+00
8.683101017580437286e+00
8.630142512069745919e+00
8.569163976165295793e+00
8.489732868967118762e+00
8.408309001333007515e+00
8.351774615722186823e+00
8.257620178583419346e+00
8.219474278160197045e+00
8.156357705562472304e+00
8.092010887521357887e+00
8.019854244442102598e+00
7.958821404573922287e+00
7.870927915895530091e+00
7.788295738481212815e+00
7.748503053595777956e+00
7.681929412309679961e+00
7.623063086095098306e+00
7.553863448245620837e+00
7.488347455743828540e+00
7.411328203075714605e+00
7.343984484026307769e+00
7.279333700253578954e+00
7.208419265282442367e+00
7.155558829526824205e+00
7.095100546743801750e+00
7.041692073904474825e+00
6.970572491027102302e+00
6.896414861049594336e+00
6.861814065583012656e+00
6.795287797260107787e+00
6.737270530040026628e+00
6.685274585437379180e+00
6.622629036051094431e+00
6.560958686648334037e+00
6.517001973407912985e+00
6.471093134120867063e+00
6.425350962740386862e+00
6.362421689509725198e+00
6.311751030726298062e+00
6.250935272029744638e+00
6.222755119002549407e+00
6.165930965026899635e+00
6.107043819999368850e+00
6.072337298691606655e+00
6.029687342475005707e+00
6.010767852553280832e+00
5.962017220338215573e+00
5.936413851205354142e+00
5.882203316939564886e+00
5.829561838954536057e+00
5.788264573673870927e+00
5.741366795800213474e+00
5.700273621793794376e+00
5.669227460337059377e+00
5.635209382482141649e+00
5.593073228711761047e+00
5.562459400829999012e+00
5.524667006792599366e+00
5.485074168489493474e+00
5.443977806725518676e+00
5.407616590784303234e+00
5.370266368378225685e+00
5.334923489674304520e+00
5.294126919973400902e+00
5.249118948440925969e+00
5.217081429065603793e+00
5.181320646428495102e+00
5.143901082389033874e+00
5.109152609481887986e+00
5.088740603604872348e+00
5.059277143093975582e+00
5.038069787901906516e+00
4.998105899150242948e+00
4.964563002184616991e+00
4.932320490014935110e+00
4.920973155676393596e+00
4.901861561934437894e+00
4.872651305626528817e+00
4.840883369531155722e+00
4.811354467062979090e+00
4.795417957171537182e+00
4.766914186311551838e+00
4.743323409147275349e+00
4.715812525875269223e+00
4.692449582861736523e+00
4.668156156540796964e+00
4.646729206288247482e+00
4.617756277016270339e+00
4.595077709114863573e+00
4.573149788487151035e+00
4.551272724534835667e+00
4.524478020296065495e+00
4.496841611342448530e+00
4.465882387394129793e+00
4.440607750614224081e+00
4.426561250086388455e+00
4.401367677942829459e+00
4.373128339409123377e+00
4.343400690733330904e+00
4.331742988047861509e+00
4.320929589666034687e+00
4.299071963974300914e+00
4.278406193034136606e+00
4.249856264250309934e+00
4.238480535410797501e+00
4.214051914096483387e+00
4.202199193042535974e+00
4.177981239671517244e+00
4.169559522324511214e+00
4.142790442598836442e+00
4.117644982551657229e+00
4.110355252963339368e+00
4.088277384944723813e+00
4.064308741566714289e+00
4.050384777630184452e+00
4.031419364196331401e+00
4.014978801974343980e+00
3.995414541382270368e+00
3.974445045438486979e+00
3.952371349502365128e+00
3.941361492166286506e+00
3.923498901156484031e+00
3.914363460699684438e+00
3.893961553062757819e+00
3.881599174422828202e+00
3.861188783727633744e+00
3.840957965750094516e+00
3.822554198206237430e+00
3.812059012485115250e+00
3.807003977084000290e+00
3.789796880501261622e+00
3.786487778243578628e+00
3.776361915390544777e+00
3.770135299102554960e+00
3.756428383629846213e+00
3.738559883218442792e+00
3.724937015649208316e+00
3.706712497385629579e+00
3.698646801100547332e+00
3.680388537000144566e+00
3.665223547464838028e+00
3.646927658463148259e+00
3.629255815049471590e+00
3.621831703128417956e+00
3.610113534563990978e+00
3.593357635975152675e+00
3.577205880392728243e+00
3.566821475278030729e+00
3.551734779107591056e+00
3.551865449776244077e+00
3.534847440767189486e+00
3.518570950768739269e+00
3.502940440910321751e+00
3.490110588114501589e+00
3.481392018523865595e+00
3.476550606401260790e+00
3.470817830047058017e+00
3.462252962809843737e+00
3.450382416030484567e+00
3.447600688947065173e+00
3.434170703233759614e+00
3.426717469418104400e+00
3.422171763246971476e+00
3.408414324989991417e+00
3.395396297988310330e+00
3.393368695876436636e+00
3.382426584353342314e+00
3.370129417460226318e+00
3.358831909429793150e+00
3.353945398866492233e+00
3.342348172863841782e+00
3.329620496095945015e+00
3.316717594922951040e+00
3.304920747712050133e+00
3.313076914294025510e+00
3.306535104846979323e+00
3.297343700715398285e+00
3.293748106601121162e+00
3.280917118745579675e+00
3.283656150273595919e+00
3.277219663143278616e+00
3.271043480654916458e+00
3.259417991099508694e+00
3.246800708895842380e+00
3.236850611774789055e+00
3.226486039199367717e+00
3.217337440669167048e+00
3.209863238426005516e+00
3.200567904843110600e+00
3.191838857879983227e+00
3.189476758099421883e+00
3.176968434059237900e+00
3.166087883261039959e+00
3.157636391023412870e+00
3.147048811006605273e+00
3.137275043818789300e+00
3.126441734353709201e+00
3.122336815170300373e+00
3.112613867804387979e+00
3.109610531419169988e+00
3.107503211125728360e+00
3.105605931242562789e+00
3.096509327769930486e+00
3.088101801191120988e+00
3.083619660655816830e+00
3.077564357822385688e+00
3.078907998125284706e+00
3.070134099263770899e+00
3.061484843842667836e+00
3.050025447855237548e+00
3.041975882150242949e+00
3.032312497727894129e+00
3.022932355460039577e+00
3.012965344528644618e+00
3.005853138700506300e+00
2.997251814081115295e+00
2.987721889064485215e+00
2.988329945345137961e+00
2.977536706788319609e+00
2.969085049422347744e+00
2.963135918916605327e+00
2.956567332504524082e+00
2.946811477319670747e+00
2.937773512489507244e+00
2.930410202546598342e+00
2.923053623104090448e+00
2.923759612407716091e+00
2.918362852422040188e+00
2.913794261612220993e+00
2.904254584939592210e+00
2.896253661385137068e+00
2.891004684716265150e+00
2.883873373423067044e+00
2.877169064565459511e+00
2.868201629128866781e+00
2.860632792590491302e+00
2.852362983701020926e+00
2.846596489096659077e+00
2.836944614330393133e+00
2.832012794352753993e+00
2.823236941309766657e+00
2.818425311397487754e+00
2.810731134757309402e+00
2.801771104065953644e+00
2.795578337639124999e+00
2.788390600574863765e+00
2.779893149727137303e+00
2.780105131188937762e+00
2.771613716873133182e+00
2.767992589299936856e+00
2.759987278816852907e+00
2.753758418641627959e+00
2.745968069624113550e+00
2.743321542977196881e+00
2.737317055453712289e+00
2.730751648324563075e+00
2.722753435620231421e+00
2.716529518852740299e+00
2.709220078734954296e+00
2.702141193282061593e+00
2.694475480086203412e+00
2.692944914301791837e+00
2.685488023387789802e+00
2.679726188013028754e+00
2.672260494168658518e+00
2.665497256411507365e+00
2.657946073122244623e+00
2.655033773674590147e+00
2.648679441224435216e+00
2.641718108223343631e+00
2.640422683273830895e+00
2.639928594360815062e+00
2.633476628938697495e+00
2.627029181760935916e+00
2.623761482980826010e+00
2.616334973594904412e+00
2.618190940519963483e+00
2.611524777498240191e+00
2.610227094360924038e+00
2.606978893340106573e+00
2.601049951119712489e+00
2.601143395263160851e+00
2.594455020916594634e+00
2.591142145709358857e+00
2.584855754889470614e+00
2.578263252185437171e+00
2.573700267982336420e+00
2.568119683132806585e+00
2.562638337243628772e+00
2.558043330125591375e+00
2.552475888250863800e+00
2.546311120262584105e+00
2.540168055023973359e+00
2.541599013399786777e+00
2.536666562510836886e+00
2.533164532887744791e+00
2.527149796102236667e+00
2.522813657728514958e+00
2.516427271628981277e+00
2.509730320599091513e+00
2.504260582289186132e+00
2.497398378068244273e+00
2.491604815743546197e+00
2.486313060995667623e+00
2.485480718152446311e+00
2.479485518633162577e+00
2.473200905680334571e+00
2.467737849935433658e+00
2.468096902162510542e+00
2.462419303644112656e+00
2.460160258716707737e+00
2.460949696439329593e+00
2.456431228514386778e+00
2.457192061538728822e+00
2.455113171120799187e+00
2.448884992783112224e+00
2.444251768753537668e+00
2.440864623526908694e+00
2.436404947629808415e+00
2.433188609215080511e+00
2.432421897927864229e+00
2.427673728569313294e+00
2.427427866800905498e+00
2.423188606154050628e+00
2.429623255035723517e+00
2.423439296814573485e+00
2.419943967126102269e+00
2.415252021221540701e+00
2.410622184772980514e+00
2.405479918433494735e+00
2.401946300577768145e+00
2.400107491793562975e+00
2.398032949481669007e+00
2.392720680323883631e+00
2.391931496394303913e+00
2.387221522685454733e+00
2.387785245752917618e+00
2.382880200472572874e+00
2.379190907906407304e+00
2.373935724308342543e+00
2.374675483193470882e+00
2.370843757436452481e+00
2.367535740096471386e+00
2.365634895735038157e+00
2.363897318294209793e+00
2.359624594846772005e+00
2.359341188674989542e+00
2.355968142048253888e+00
2.352042067663101310e+00
2.347150037231707564e+00
2.345387465189390230e+00
2.342862408807647068e+00
2.338885399028844958e+00
2.336245481084794129e+00
2.333580185019905606e+00
2.329019669050056418e+00
2.324562480201617376e+00
2.320441497653109142e+00
2.315518171453688989e+00
2.311547086154507991e+00
2.306688481165714677e+00
2.301480188474660071e+00
2.297440800230375668e+00
2.292957733099358464e+00
2.288253577975825515e+00
2.288248757022140367e+00
2.285611474741749305e+00
2.285498547374582134e+00
2.282357767401827608e+00
2.279047077587395886e+00
2.274446277190085741e+00
2.269799699788363601e+00
2.266746126775025960e+00
2.273022160740544972e+00
2.269407970257860452e+00
2.264454429554912274e+00
2.259846241053167226e+00
2.256141515232684913e+00
2.251880577682288109e+00
2.248633671179224969e+00
2.244960740460480331e+00
2.242919549872059104e+00
2.238535985226550729e+00
2.234764931908630015e+00
2.230898398557753737e+00
2.229777234184678658e+00
2.229040478268667247e+00
2.224921623896944034e+00
2.220976901728887842e+00
2.216754678667320011e+00
2.212633744407305869e+00
2.212639333447385059e+00
2.218873242940538670e+00
2.215306808779767600e+00
2.213113477326724254e+00
2.210439067213977093e+00
2.205942936462915061e+00
2.202901020670139154e+00
2.201720123096581716e+00
2.197639023290363536e+00
2.194729801438026318e+00
2.192400074120452569e+00
2.188180597032098440e+00
2.184360446380565257e+00
2.185016136561570566e+00
2.182163751669543572e+00
2.178544600335682091e+00
2.174500355070017488e+00
2.171735856493274941e+00
2.168401470252238727e+00
2.165623399137134086e+00
2.163315378628986707e+00
2.160006227747093277e+00
2.159516438079802203e+00
2.155169638224914586e+00
2.155187449316458892e+00
2.151929190613110165e+00
2.147760811593062424e+00
2.144075913403157507e+00
2.142307885344242546e+00
2.138914528154441719e+00
2.138119543526903144e+00
2.135129624522807745e+00
2.130991162357357638e+00
2.127755110370206371e+00
2.124158664611486724e+00
2.120969980245005271e+00
2.117066575798837391e+00
2.113668816012004736e+00
2.109890296655655639e+00
2.105878022695988339e+00
2.103061826966129200e+00
2.099944573575198703e+00
2.097184128924160618e+00
2.094696100499589875e+00
2.092440994458534043e+00
2.088425934203244072e+00
2.088659657047291951e+00
2.085800245946614062e+00
2.081899175287356574e+00
2.078886122177224571e+00
2.075233100429989985e+00
2.071885257831862059e+00
2.070676639965705945e+00
2.067208681498771572e+00
2.064474463357122591e+00
2.060880671362152139e+00
2.057735538995835167e+00
2.054934768863661887e+00
2.051246953940772055e+00
2.047794907302019851e+00
2.044216591152785867e+00
2.040446002764435551e+00
2.038349858116304425e+00
2.037548361335459024e+00
2.035296442974935172e+00
2.031827308992133485e+00
2.028659675236177407e+00
2.024844751617183025e+00
2.023055387981939734e+00
2.020406152079061712e+00
2.016868348811931444e+00
2.014375232083054357e+00
2.012437924362246999e+00
2.012850805194458026e+00
2.009077557240530165e+00
2.005953516656978408e+00
2.003091913242174282e+00
1.999732123868766420e+00
1.999989457548929650e+00
1.999195227171385980e+00
1.998741789845098094e+00
1.996087308876302036e+00
1.995049613082816364e+00
1.992129978399812984e+00
1.989064771255580677e+00
1.986595244534433924e+00
1.984045502393344096e+00
1.981178546901070980e+00
1.978902118148670342e+00
1.975696824252291650e+00
1.972517837804256935e+00
1.969683140347985528e+00
1.966042781792076255e+00
1.966600800607367194e+00
1.964665231377436427e+00
1.961451460566601357e+00
1.958356654521939078e+00
1.957024474672309777e+00
1.953871493719951280e+00
1.951515346881808055e+00
1.949476709126603202e+00
1.946305806290503426e+00
1.943844663488651037e+00
1.942052251790137074e+00
1.938818568949175924e+00
1.935800403691618321e+00
1.932731535163443981e+00
1.931245515424303560e+00
1.928364716376149479e+00
1.925994482973770072e+00
1.922793592783727634e+00
1.920803862125508132e+00
1.917686032562434528e+00
1.914683802871169460e+00
1.915098819498786575e+00
1.913327170283489309e+00
1.910240239995264044e+00
1.910376775101711333e+00
1.907513208883025113e+00
1.904294222684445037e+00
1.901096464407867392e+00
1.900211954827274896e+00
1.899068671655701479e+00
1.895985129706978745e+00
1.893961535272195018e+00
1.890947454655855564e+00
1.888506100374828245e+00
1.885629333718114475e+00
1.882374111463171351e+00
1.883372046907529684e+00
1.882181280943070689e+00
1.881321277940300352e+00
1.879601668801617054e+00
1.876764660061414514e+00
1.878082911984951586e+00
1.875247906844986101e+00
1.872785938738735334e+00
1.869910293572696336e+00
1.868056757160737380e+00
1.865458996212283171e+00
1.862520897212945226e+00
1.860160400319149199e+00
1.857522950305432907e+00
1.854748650287892486e+00
1.852956040012574412e+00
1.850905759477501800e+00
1.848528653242846431e+00
1.845557932936129353e+00
1.843885419819145222e+00
1.841015997286804540e+00
1.840194071010558208e+00
1.837969479834654196e+00
1.836257473158203979e+00
1.833849177147655496e+00
1.831341217775299901e+00
1.828666873191898912e+00
1.825985112204790983e+00
1.825232839568643683e+00
1.822674752991059410e+00
1.820679234000737168e+00
1.819120138610528015e+00
1.816967631828434904e+00
1.814752917597097559e+00
1.812397777730606396e+00
1.810134105258111026e+00
1.808716261076594334e+00
1.807745714906465517e+00
1.805772803680281813e+00
1.803086593156248307e+00
1.802905476755960912e+00
1.800908432162836803e+00
1.798018035834753281e+00
1.795360023196808985e+00
1.795288296128572103e+00
1.792567533384977541e+00
1.791268953146865739e+00
1.789263348526368480e+00
1.786636842995689145e+00
1.787517054116546378e+00
1.785057810848399873e+00
1.782822343226724726e+00
1.781110193532156050e+00
1.779551133640444593e+00
1.780492341735665285e+00
1.779882357135679216e+00
1.777379610340252825e+00
1.778144440464429321e+00
1.777355162073052552e+00
1.774830185054800058e+00
1.772572480317368582e+00
1.770644012606392259e+00
1.773365832607357806e+00
1.771362129665556839e+00
1.770086717841333757e+00
1.769425057932148659e+00
1.767389192033409051e+00
1.765976569766349868e+00
1.764302037755101082e+00
1.762094379342020956e+00
1.760131717746685309e+00
1.757585791324693947e+00
1.756180044188937917e+00
1.753925937196406881e+00
1.752103111903104304e+00
1.750765100580607081e+00
1.748194226936748530e+00
1.747644056297592785e+00
1.746572978792087616e+00
1.744291216430434721e+00
1.742026876120184475e+00
1.743239756066160551e+00
1.741580718620442170e+00
1.739426066624381706e+00
1.737529566342443266e+00
1.735447359656568045e+00
1.733316459409527610e+00
1.731018834567566778e+00
1.728887030557093585e+00
1.726498971606298172e+00
1.724083183729446134e+00
1.721981252334208623e+00
1.721946339928481118e+00
1.719659361921011431e+00
1.717967496056617582e+00
1.716196794568559891e+00
1.713961574226132711e+00
1.712485965424700440e+00
1.710025108465159205e+00
1.708374166264698513e+00
1.706096710052220633e+00
1.704300638343356100e+00
1.702127743282647598e+00
1.701656250339597110e+00
1.700551956275202281e+00
1.698227394563227577e+00
1.697035053583685338e+00
1.696022810901036681e+00
1.693866351993386976e+00
1.692452367141276337e+00
1.691549958834497991e+00
1.689262459322366849e+00
1.689247672035489201e+00
1.687719317696005472e+00
1.686401091795228346e+00
1.685960871164023045e+00
1.685015905977441442e+00
1.683002979034742719e+00
1.682272820531832913e+00
1.680872366969839105e+00
1.679147470435034650e+00
1.677517909808811769e+00
1.675247630158510637e+00
1.673608794929846377e+00
1.672575621577352623e+00
1.671909079602297732e+00
1.670461020777319172e+00
1.669028048802608133e+00
1.666810743445543475e+00
1.667496686827968588e+00
1.665414195315467527e+00
1.664466801790783324e+00
1.662885104271172088e+00
1.660776315580222651e+00
1.658684941903042942e+00
1.656696153320725839e+00
1.654893764937952483e+00
1.652955268246793841e+00
1.651775020864460819e+00
1.649716356230464198e+00
1.647747647087086875e+00
1.646457392871473191e+00
1.644432169050626724e+00
1.642405580907857043e+00
1.640552129700230344e+00
1.641283506094953104e+00
1.640125722925935836e+00
1.637969005121338251e+00
1.637334675590660371e+00
1.635470255089226610e+00
1.633751437514278759e+00
1.631985531979526005e+00
1.630086445687676022e+00
1.628207308141034648e+00
1.626334112928054410e+00
1.624272578047746496e+00
1.622165769365164101e+00
1.620073326889688081e+00
1.618413076140687856e+00
1.618433104836525693e+00
