1.215569673974765763e+01
1.151886646396171798e+01
1.148517046651525497e+01
1.113104794318717516e+01
1.097328444513114754e+01
1.078696587364632897e+01
1.063577035702407692e+01
1.036715008833941098e+01
1.023337598235354129e+01
1.016906132611217117e+01
9.989022093684171821e+00
9.938337970404752753e+00
9.742885250113506146e+00
9.551164081177425658e+00
9.470161821209803321e+00
9.329856883151672164e+00
9.252446471874582912e+00
9.139271041996320122e+00
9.043861525514014232e+00
8.935418993817370037e+00
8.835195063056669795e+00
8.784239292154570222e+00
8.715520499824481959e+00
8.600266621338533923e+00
8.544598173905546545e+00
8.464824450276330126e+00
8.366900836950579290e+00
8.279015771631414111e+00
8.198160393675545166e+00
8.114919705524588522e+00
8.037719326715187407e+00
7.963454135051015292e+00
7.885109947167508793e+00
7.836737185646733828e+00
7.793759518310377388e+00
7.730631416393145550e+00
7.678043790464903928e+00
7.610882848756077124e+00
7.570412227730355603e+00
7.529795613487187289e+00
7.452706222206781916e+00
7.385242741738847982e+00
7.338719743973690868e+00
7.268530091778806046e+00
7.198796943511334590e+00
7.133825328832908319e+00
7.080064134088497774e+00
7.031797356949212485e+00
6.978242170217743734e+00
6.907588553617127758e+00
6.857691453185601027e+00
6.795789592954071701e+00
6.744865351044261992e+00
6.684353711802899944e+00
6.621322282957378569e+00
6.563923537682363474e+00
6.514049052426081232e+00
6.465716225517744498e+00
6.410278836975709105e+00
6.353327598685129196e+00
6.308113084328583753e+00
6.260627192630183302e+00
6.206481200269975851e+00
6.163815187242903448e+00
6.117753543837382679e+00
6.070510568794819761e+00
6.019343659184555939e+00
5.973911520612045223e+00
5.930182107272751857e+00
5.878482901705577746e+00
5.825036257157536923e+00
5.775183648128036751e+00
5.730786449779011527e+00
5.689325760545782984e+00
5.642657154787340978e+00
5.609945552742650499e+00
5.573639277552306481e+00
5.547286478820858235e+00
5.504860937645483787e+00
5.459753026884003546e+00
5.426597183326260954e+00
5.391853499817917950e+00
5.358469015093276333e+00
5.323224800857430772e+00
5.292620762751384156e+00
5.263840890428334696e+00
5.232286257200014390e+00
5.208268873023062184e+00
5.180166616896449305e+00
5.142562069542005787e+00
5.105260075150329868e+00
5.069370529313183660e+00
5.040621760176895449e+00
5.001678428465144322e+00
4.960797368087896508e+00
4.924022650208283558e+00
4.902067696181031664e+00
4.863539579534180035e+00
4.831358444432967580e+00
4.796649449665967069e+00
4.760576082844774071e+00
4.723721416640580983e+00
4.708418127126321906e+00
4.676282088696336992e+00
4.654627549735329772e+00
4.623896457005254312e+00
4.592371146360933132e+00
4.561079348759671248e+00
4.544179420524910640e+00
4.513583310820243888e+00
4.490610156833719557e+00
4.464123619768415985e+00
4.434158428905294436e+00
4.420913964642446459e+00
4.408868705094352691e+00
4.379442517641207289e+00
4.348550410437767688e+00
4.341139449614629164e+00
4.311393704658885717e+00
4.295275768018842477e+00
4.274989749215772683e+00
4.258914270583161077e+00
4.252134744517411136e+00
4.229997314922891327e+00
4.210604336268112036e+00
4.183301706569645617e+00
4.198873760005354505e+00
4.181520291036847858e+00
4.169514401509170298e+00
4.145725039973278570e+00
4.120866779720944173e+00
4.107583106812354501e+00
4.090187623315886256e+00
4.068171504620907264e+00
4.048020330591681315e+00
4.045167557213180665e+00
4.022754357229232802e+00
4.013536518417931021e+00
3.989201364855941456e+00
3.966313405601340936e+00
3.946595365857122673e+00
3.928004990538220831e+00
3.919571608878192670e+00
3.897313227679524594e+00
3.881307067598816385e+00
3.863337928890647532e+00
3.841799422930188168e+00
3.821595087127827917e+00
3.805607140498606711e+00
3.785741852400733354e+00
3.773905013139836395e+00
3.761595665492017293e+00
3.754037746050160607e+00
3.733913396394294981e+00
3.713345311498021051e+00
3.705135290804939974e+00
3.698100346898473223e+00
3.687060158075599947e+00
3.668532715822566015e+00
3.651835560542630699e+00
3.634187824190577398e+00
3.618881026093358599e+00
3.605952838153591689e+00
3.601152275040745199e+00
3.596289711644909293e+00
3.579525790392719120e+00
3.564230450155746244e+00
3.553632138906467119e+00
3.541310148297289739e+00
3.528663657248317875e+00
3.513263631764040440e+00
3.497500112140215833e+00
3.484071113146909315e+00
3.469125055617830800e+00
3.456777376556945836e+00
3.439582868669638582e+00
3.434484166154839091e+00
3.422948893412962601e+00
3.414931829023263532e+00
3.403202724716987593e+00
3.389711592910096716e+00
3.379628174910223493e+00
3.372054987545210381e+00
3.362707781294408171e+00
3.347457540439535251e+00
3.341304641362652816e+00
3.329489559547335276e+00
3.316607417047486628e+00
3.302494998109982038e+00
3.295646543267025219e+00
3.283253615500738132e+00
3.274528684125890710e+00
3.262157017284711635e+00
3.249620252085172467e+00
3.240163922233630700e+00
3.230174280351331806e+00
3.217820547392155728e+00
3.205081822616617782e+00
3.194091347346262211e+00
3.188528965179855845e+00
3.190661331792220778e+00
3.187235188577259848e+00
3.186532755886571699e+00
3.180029673856408667e+00
3.171538144720210894e+00
3.158820980420878222e+00
3.149050891652608097e+00
3.141998415468711059e+00
3.138163804969828607e+00
3.134010959581869482e+00
3.124053599288651561e+00
3.112391405974714864e+00
3.102355881578032104e+00
3.091022118579572542e+00
3.089288437078024252e+00
3.086814229032701196e+00
3.075213196043655728e+00
3.066892338973319809e+00
3.056826382287868071e+00
3.049126525053278858e+00
3.043498180855782387e+00
3.032221595110047740e+00
3.023064259813400323e+00
3.019296399382437102e+00
3.009281912852710850e+00
3.000104456195920477e+00
2.996260999833764593e+00
2.985317835271786180e+00
2.975334578964752286e+00
2.966951321424547316e+00
2.959577346036673884e+00
2.948561809000811884e+00
2.938434064140432067e+00
2.929230758755732911e+00
2.931656891513228391e+00
2.921810317896532005e+00
2.916396684145086571e+00
2.914491698454475532e+00
2.905203774631000435e+00
2.905437701085613611e+00
2.895330993998590063e+00
2.888287262944635003e+00
2.881133966866700646e+00
2.874895682472031311e+00
2.871167632974076955e+00
2.863785903655368781e+00
2.854905525373303998e+00
2.845188469195582215e+00
2.837478118683060657e+00
2.829026522923205000e+00
2.826545262550532733e+00
2.825491461251240288e+00
2.816294828775010917e+00
2.809061243687530851e+00
2.802992395911573453e+00
2.795406643264430002e+00
2.793546153003941601e+00
2.795395031715226075e+00
2.791181556317305468e+00
2.782714765541037583e+00
2.773745336727239774e+00
2.764765891857923652e+00
2.757828680214473138e+00
2.750558282436866175e+00
2.752251796884658930e+00
2.750692073228379275e+00
2.742333675499169399e+00
2.734686921439318574e+00
2.728595723160924358e+00
2.722687651683246113e+00
2.714726753175483953e+00
2.706765001492399403e+00
2.700555894267862911e+00
2.692932502107820980e+00
2.685867589688506474e+00
2.678356759717900104e+00
2.669980880430482983e+00
2.662643548589481046e+00
2.655280175150656063e+00
2.649199987770856968e+00
2.641528666619909149e+00
2.634218516162676327e+00
2.626347644416915372e+00
2.618281471384418690e+00
2.610413677682556610e+00
2.602501194155907083e+00
2.597281677739095684e+00
2.589226767757954129e+00
2.588926534101954946e+00
2.581436622574021289e+00
2.575221440313550936e+00
2.568232900586574274e+00
2.560513729455989207e+00
2.553854168847209838e+00
2.546430224455941360e+00
2.544343847727876362e+00
2.537213123980014196e+00
2.530247475185396500e+00
2.522774093461776612e+00
2.521732748166966687e+00
2.516225713729254299e+00
2.511110719806812330e+00
2.511206773610889620e+00
2.504248118056012107e+00
2.497395406192288725e+00
2.498745982460898851e+00
2.495212484229963668e+00
2.490274542922499723e+00
2.484150867069931934e+00
2.486340937414993402e+00
2.487334469735329900e+00
2.487855209834858528e+00
2.481386851549743255e+00
2.476045213549933344e+00
2.470670764298551703e+00
2.468323525893569848e+00
2.462637211347057598e+00
2.456162280192526026e+00
2.451940352177682136e+00
2.453258369948908779e+00
2.448963483246703987e+00
2.444003743741784973e+00
2.444825724975689951e+00
2.441331458158435996e+00
2.436651841265080609e+00
2.433434729184746015e+00
2.428604750223321229e+00
2.429982860267074329e+00
2.424336849191303767e+00
2.418600295617904461e+00
2.415949970538521452e+00
2.411741259687345984e+00
2.408648498993340770e+00
2.403703371490702789e+00
2.406210380688491135e+00
2.401291901283168606e+00
2.398699892645276499e+00
2.393548988701739599e+00
2.392949156525475463e+00
2.390242187547242825e+00
2.385358133706661388e+00
2.383035490822576374e+00
2.378404442322791024e+00
2.373533618692127423e+00
2.368157735592262725e+00
2.362739520857217279e+00
2.356939404928278581e+00
2.356995922775868113e+00
2.351218317703112515e+00
2.346917814420486081e+00
2.345303497898446832e+00
2.341011380569255618e+00
2.335669609009737080e+00
2.330051081710696081e+00
2.331782227096349303e+00
2.326996889970556204e+00
2.325674193752249597e+00
2.321007090144457941e+00
2.318969134094622131e+00
2.314562221248718021e+00
2.311230131232809626e+00
2.313082331734387598e+00
2.307983322295338979e+00
2.307118968767897016e+00
2.302792365664117380e+00
2.297510245755944869e+00
2.292216031145562827e+00
2.288111511223236416e+00
2.284498824135018147e+00
2.279392836495314434e+00
2.278830019029114862e+00
2.276725631902777103e+00
2.271763372535018810e+00
2.273074809443916600e+00
2.274272813465449516e+00
2.268775668660748313e+00
2.266341421817743562e+00
2.260905634800856046e+00
2.264778745494265166e+00
2.262958896395494524e+00
2.257977054158993635e+00
2.254131645426277863e+00
2.250617183070453997e+00
2.249069762470454759e+00
2.244863125424366945e+00
2.241355673344325616e+00
2.236826528700704309e+00
2.232538058885247256e+00
2.228766516875499537e+00
2.227485818737884316e+00
2.223327291322457544e+00
2.219196195908147651e+00
2.215420327095523945e+00
2.211059882936695420e+00
2.206383222153137424e+00
2.202464101200209967e+00
2.199025237137547162e+00
2.195445667296032077e+00
2.194939911691065504e+00
2.191998739439429578e+00
2.187562218001712022e+00
2.188976563563309163e+00
2.185637045888279228e+00
2.181233681654556555e+00
2.177722274192193552e+00
2.172957146660221106e+00
2.168313894283509402e+00
2.163737483159117847e+00
2.160261140366543042e+00
2.156418956737086834e+00
2.159204400507753085e+00
2.156680185053223564e+00
2.152450425793217992e+00
2.151217827720703912e+00
2.146894380670843816e+00
2.146537720708631802e+00
2.144025615271252683e+00
2.146062962567959254e+00
2.141943992633734695e+00
2.137737458875406560e+00
2.133486806213355180e+00
2.129773016991307610e+00
2.126919213167277167e+00
2.124437290003496237e+00
2.123263578219119374e+00
2.123652075104267123e+00
2.119500819464840813e+00
2.116570436789291687e+00
2.112503315866805398e+00
2.108553218643853810e+00
2.104452812760669200e+00
2.101365402660753556e+00
2.098175211335485013e+00
2.094274732021632168e+00
2.090028656119025552e+00
2.085962915724129729e+00
2.085944072965649987e+00
2.083342933330498248e+00
2.080250797526123741e+00
2.078523898628156896e+00
2.076251420529222624e+00
2.072397487120336557e+00
2.069142505760336981e+00
2.068674056831410812e+00
2.065470968256876816e+00
2.061392021729081314e+00
2.057902670419566427e+00
2.054608027400217196e+00
2.051053039104421050e+00
2.048352619597798796e+00
2.046111641068991460e+00
2.042620372384538197e+00
2.039161393825547730e+00
2.035720584782759968e+00
2.032326362023374244e+00
2.032323168695085780e+00
2.028427312620349809e+00
2.024579162849397651e+00
2.020717845264247359e+00
2.016764664881629532e+00
2.013178063950138430e+00
2.009546006468958090e+00
2.005656988165648968e+00
2.002033256098462832e+00
1.998041502561120231e+00
1.994540302597881620e+00
1.990699751448880894e+00
1.987658880402414230e+00
1.984833789291843731e+00
1.981264545499276775e+00
1.980234663417743901e+00
1.977034625544132451e+00
1.973413771946147754e+00
1.969844912940281079e+00
1.968727858806474940e+00
1.965081097799115106e+00
1.961328579421048657e+00
1.959517018630360319e+00
1.955896250668275993e+00
1.952620615648895885e+00
1.949155188999862176e+00
1.945410271307910222e+00
1.941688637910642390e+00
1.942309109718408422e+00
1.940730996451486501e+00
1.940354239829676253e+00
1.936982640887308538e+00
1.933405877733430200e+00
1.929990209402704826e+00
1.926766645963534863e+00
1.924161600865906818e+00
1.920983475028090304e+00
1.917663634338571788e+00
1.914544465421248454e+00
1.912291417832620466e+00
1.914082821080688612e+00
1.911873614631190321e+00
1.911480225571208891e+00
1.908075844921063746e+00
1.904857558385700145e+00
1.902544387668609671e+00
1.901879549543076475e+00
1.899381348866991503e+00
1.898098392405846102e+00
1.896184297587806489e+00
1.893006765823445070e+00
1.889825155701316151e+00
1.891834450499499054e+00
1.888686005025758119e+00
1.885858964204802479e+00
1.884231774634332224e+00
1.881123481151438570e+00
1.879702460766431438e+00
1.876553410620569684e+00
1.874915854643955493e+00
1.871639731602054990e+00
1.868591542674131301e+00
1.867919991679903635e+00
1.866469191888733281e+00
1.866643895630130112e+00
1.864572949225478782e+00
1.861763241155918402e+00
1.858770556225528114e+00
1.856214095397955788e+00
1.856952599659319691e+00
1.854017012860502911e+00
1.850971880735596153e+00
1.848537176298079787e+00
1.846235244066613213e+00
1.846999840831332618e+00
1.843918982336780976e+00
1.841676310664170257e+00
1.839629038366196623e+00
1.838674074695632266e+00
1.837492193897099391e+00
1.834449386981783725e+00
1.834097557460132144e+00
1.831100568796084183e+00
1.828647862079090247e+00
1.829654937404342929e+00
1.831198425874345892e+00
1.833333264745351077e+00
1.830712867617534823e+00
1.827887743373625806e+00
1.826228670930974518e+00
1.825616720237113633e+00
1.823051964662637747e+00
1.820924092856380128e+00
1.820267025047303644e+00
1.817989330745388710e+00
1.815583471506347468e+00
1.815947189491516234e+00
1.815039457928695033e+00
1.812822786313081691e+00
1.810429244228430878e+00
1.808291205660075729e+00
1.806657658880019834e+00
1.806176967722826987e+00
1.805590597057607827e+00
1.804790875687314333e+00
1.802599849631612683e+00
1.800457211663067270e+00
1.798561659857724981e+00
1.796301693928620491e+00
1.795796889859065493e+00
1.793072057030408617e+00
1.790731447542255106e+00
1.790288434035697929e+00
1.790650414108435839e+00
1.788123932966043439e+00
1.785713077914161451e+00
1.782952014159803200e+00
1.781435887657541572e+00
1.778847125715232735e+00
1.776335713560714069e+00
1.773926584081406466e+00
1.773168500707196227e+00
1.770765886308752757e+00
1.768274474214129421e+00
1.767305438505770931e+00
1.765373254787484081e+00
1.762816083025067204e+00
1.762323358335658563e+00
1.763499841455751005e+00
1.762302118773000359e+00
1.761329335505577909e+00
1.760070044309261172e+00
1.757492083138635808e+00
1.755023456349119382e+00
1.754525605676705569e+00
1.752498926128948087e+00
1.750100109110234836e+00
1.748730530371211733e+00
1.747326390294139387e+00
1.745055794577826669e+00
1.743920444379137846e+00
1.744006091115599677e+00
1.744024905656189395e+00
1.742196510459712799e+00
1.739689672608641269e+00
1.738807431086307753e+00
1.736275273097918070e+00
1.734384927201294335e+00
1.731977123144938568e+00
1.732522340431607688e+00
1.731466215598657543e+00
1.729014902850687374e+00
1.727503784264952325e+00
1.725272845519522980e+00
1.723168733978410749e+00
1.722139594736831425e+00
1.719818702334046989e+00
1.717730003774003977e+00
1.716760250403278620e+00
1.715640384325308965e+00
1.713343974068908704e+00
1.711047502459967395e+00
1.709943247863830784e+00
1.708339313529601666e+00
1.706028997155672355e+00
1.704310161765314691e+00
1.703916950640381955e+00
1.702284614488999148e+00
1.701857080850572190e+00
1.700192499767550158e+00
1.699639339151486794e+00
1.697818260949815805e+00
1.695897036085469933e+00
1.694298918554198341e+00
1.692006156564463515e+00
1.691864083258642903e+00
1.691214421504397825e+00
1.689534249076528605e+00
1.687705386065966762e+00
1.685638247968498593e+00
1.684861653628229483e+00
1.683274936338664096e+00
1.681225615728230594e+00
1.679373730867322001e+00
1.677379175806322342e+00
1.675892303893988355e+00
1.673986030170345307e+00
1.672379929857925163e+00
1.671423083424867784e+00
1.670656564252115839e+00
1.668654652590434884e+00
1.666547543019048838e+00
1.664545799659675973e+00
1.662746658938782707e+00
1.661403346999807962e+00
1.660154050864656838e+00
1.659832271373744561e+00
1.657630051277305228e+00
1.656680512616965029e+00
1.655514869428446723e+00
1.654287749199361057e+00
1.652331517040754649e+00
1.650483314738434570e+00
1.648351198609174562e+00
1.646309284445545806e+00
1.644145971407536377e+00
1.643668182159601088e+00
1.643120640998741333e+00
1.640907608455143496e+00
1.639800871292626416e+00
1.638363400423158200e+00
1.636896671944061632e+00
1.635008839564780603e+00
1.632949789703855181e+00
1.631225710642121962e+00
1.629040791824639678e+00
1.627436338078341205e+00
1.625537615823514415e+00
1.624493933069256713e+00
1.622435431858919808e+00
1.620421161932211529e+00
1.618572047101927147e+00
1.616965073984550694e+00
1.615269005704093486e+00
1.613352408489522993e+00
1.614067207105048585e+00
1.612115530226530868e+00
1.610956205339982183e+00
1.608876645670710870e+00
1.606951682410752369e+00
1.605383632496403923e+00
1.603346752515335094e+00
1.602277582666160161e+00
1.600387198655197629e+00
1.601151376184325237e+00
1.599458689094058750e+00
1.597858539984791104e+00
1.596273103759819012e+00
1.594676072290575064e+00
1.592601348910327896e+00
1.591480503741376840e+00
1.589406185207489219e+00
1.588048086246220514e+00
1.586814920076202062e+00
1.589468855630610689e+00
