1.071089283730979780e+01
1.117311163939268859e+01
1.082796102298101815e+01
1.075233345148837394e+01
1.042768946593046309e+01
1.033214215464319885e+01
1.026799068367450118e+01
1.010553735901214445e+01
9.974252333948651739e+00
9.881956058085288319e+00
9.694777975384228696e+00
9.565422151190063005e+00
9.479801855384314635e+00
9.375553331450900529e+00
9.272376920449092452e+00
9.181475772284549919e+00
9.122691464820007923e+00
9.047870977021243988e+00
8.989308356986558834e+00
8.871602138807299198e+00
8.778002964956643339e+00
8.653872191122683688e+00
8.566862674946689182e+00
8.546835393466821529e+00
8.470730513950888607e+00
8.371687456823732276e+00
8.333289447351910795e+00
8.226284337855894080e+00
8.172739446018583820e+00
8.087511704501356036e+00
8.017118574742353232e+00
7.988971939042212256e+00
7.929186344654262975e+00
7.862232136163226137e+00
7.785716572354379750e+00
7.791847617236332901e+00
7.739517068577384862e+00
7.720153891106836141e+00
7.643530957321364561e+00
7.585048853969026617e+00
7.510109709083732987e+00
7.440124899242864132e+00
7.364523127728711316e+00
7.309075034776341795e+00
7.246475230813389956e+00
7.180455222029802798e+00
7.105219701304614333e+00
7.033536452773964776e+00
6.964044309634317642e+00
6.919477717293494479e+00
6.863746868797385048e+00
6.810111736982178421e+00
6.758984528851731177e+00
6.712899814610408633e+00
6.646247095733213150e+00
6.605964229969053747e+00
6.544225640474050643e+00
6.496253593757733036e+00
6.430487108606750546e+00
6.364461816305987618e+00
6.309591627714784323e+00
6.263806986676542898e+00
6.221193269011009441e+00
6.182058924290716462e+00
6.123434231615546786e+00
6.093845195755887012e+00
6.054878564511877670e+00
6.006221951411164106e+00
5.958974639956934993e+00
5.912828916015556935e+00
5.880015205370268561e+00
5.844320459762620601e+00
5.797958438057191799e+00
5.760974096699628788e+00
5.721262543157590308e+00
5.691206726848727193e+00
5.651595185783798492e+00
5.608452340893731680e+00
5.582345413383525745e+00
5.542336078601003635e+00
5.500748643558878825e+00
5.465617704220560036e+00
5.429756564847182609e+00
5.409494226476682321e+00
5.376025147675006721e+00
5.332044103012062664e+00
5.287178634795330012e+00
5.246846756332593564e+00
5.209555930188399131e+00
5.165271992264939271e+00
5.131602291006474914e+00
5.106712932745327116e+00
5.075156870992953984e+00
5.050037034088890486e+00
5.035938687889639276e+00
5.001681641029669834e+00
4.974343675700752421e+00
4.938600400372100907e+00
4.904374047138158943e+00
4.879191679957605388e+00
4.848513705566040777e+00
4.825039295984764998e+00
4.806453843632821687e+00
4.779043741865551809e+00
4.755451578259775935e+00
4.725044605509727269e+00
4.696098925478929154e+00
4.674272469641728378e+00
4.644609923508593141e+00
4.633368713016614571e+00
4.617115498811433127e+00
4.594634566148668497e+00
4.564208086059587721e+00
4.532910610123474626e+00
4.511136850811413801e+00
4.492728710072006137e+00
4.469126650931192657e+00
4.441794065830223737e+00
4.416589117653936469e+00
4.391313591576635034e+00
4.382257664031300237e+00
4.360968745692155757e+00
4.338948109555492039e+00
4.310002459026930133e+00
4.299036110786140341e+00
4.283540206683678520e+00
4.261890210719142758e+00
4.234722064956033982e+00
4.208189534073551563e+00
4.195592485183851750e+00
4.169248726927640369e+00
4.156873616690893058e+00
4.135153558926721651e+00
4.114937525953532571e+00
4.091241671716227657e+00
4.072028646986689537e+00
4.050281360951747622e+00
4.026357016274040745e+00
4.006159052420881217e+00
3.997231386204916692e+00
3.987914754886419555e+00
3.967243481339002287e+00
3.945535657761555903e+00
3.926616938653498590e+00
3.918783335552410207e+00
3.903924784124892522e+00
3.894771573730425818e+00
3.877187427841103151e+00
3.868843486016961375e+00
3.856562118558092944e+00
3.835739340439270784e+00
3.825104131215651737e+00
3.815900032609089720e+00
3.793859703882152434e+00
3.783181582936886667e+00
3.766855739266798064e+00
3.753729716681139639e+00
3.740256094486263727e+00
3.722242904409134745e+00
3.704299969179503993e+00
3.689729672973331986e+00
3.681983757264897683e+00
3.669679729983241767e+00
3.657665281898061505e+00
3.642280624491796459e+00
3.630609559686473364e+00
3.614523470525865090e+00
3.597933215649122385e+00
3.584256253778046908e+00
3.569118844621745446e+00
3.560317163786151706e+00
3.544818677517464600e+00
3.532672032314529975e+00
3.526515152944684317e+00
3.515442390164652764e+00
3.507039190110285087e+00
3.495556145016071703e+00
3.485716816873081214e+00
3.474853147964145794e+00
3.462389592943667438e+00
3.450430413501653248e+00
3.433964621092624458e+00
3.420170851734642525e+00
3.407706222484013558e+00
3.392638736686085732e+00
3.393145529522067605e+00
3.382304849957845860e+00
3.382516301538348369e+00
3.370039882512163132e+00
3.354991956077923110e+00
3.341236021990078520e+00
3.330704487325625518e+00
3.316897701000467436e+00
3.304160726981976381e+00
3.290750814078029052e+00
3.279624930734819532e+00
3.269356276398972749e+00
3.257493044936238924e+00
3.261068195340476983e+00
3.252889938792236091e+00
3.242293959233689904e+00
3.240223368841239182e+00
3.229171207092194962e+00
3.216307906975405473e+00
3.207098664839921121e+00
3.196017819844272356e+00
3.190424782174068330e+00
3.180772628818969494e+00
3.170397256820492338e+00
3.160881703052431657e+00
3.148552060894123983e+00
3.141677780159671585e+00
3.135976185168070529e+00
3.123730295675890112e+00
3.113118603624250191e+00
3.101083871819505955e+00
3.092017082321753207e+00
3.081916941258803444e+00
3.072153651161340093e+00
3.062799719123666442e+00
3.057968256183412947e+00
3.049631939847210482e+00
3.048344211238941170e+00
3.041511580685655414e+00
3.036805725849801796e+00
3.028205209567606193e+00
3.017324850321770668e+00
3.006321584954000592e+00
2.997844774264912804e+00
2.988677084743824430e+00
2.982496557290529537e+00
2.976967357768089517e+00
2.967809691995430210e+00
2.957530535154659024e+00
2.950894567762415654e+00
2.953041807976918065e+00
2.946609078578600549e+00
2.936867399593555916e+00
2.928293066193244698e+00
2.922408349906127079e+00
2.912570715065345262e+00
2.903738007188330084e+00
2.894960631286851438e+00
2.889069167973485897e+00
2.880097367819552723e+00
2.870770630784853950e+00
2.863886688570400185e+00
2.858322709359450098e+00
2.856846156773421352e+00
2.847647224290686285e+00
2.855326492754147516e+00
2.847422167888635780e+00
2.839178068316639880e+00
2.832293134926134659e+00
2.837438307306550556e+00
2.833166682780320578e+00
2.824729882626780597e+00
2.815090845911663919e+00
2.807668962447891214e+00
2.799052293902534405e+00
2.789901215373814747e+00
2.783213608536036165e+00
2.786008462140837860e+00
2.778588567750066574e+00
2.770467602475950475e+00
2.766151353067405783e+00
2.760682260278159994e+00
2.751334462972046868e+00
2.754846754746334003e+00
2.746847595233558259e+00
2.749504733084230157e+00
2.742088663344438348e+00
2.734058273317162335e+00
2.726215071897738706e+00
2.720714269073475133e+00
2.716275529502937491e+00
2.708733799149633192e+00
2.700329726736402147e+00
2.693955801462876387e+00
2.687069765087104933e+00
2.681749353409700554e+00
2.678439213258696494e+00
2.671942850958462845e+00
2.665330926411880075e+00
2.659498894691824766e+00
2.651507185058999294e+00
2.644576601704329732e+00
2.645034387200910775e+00
2.637288118874261844e+00
2.629432718303454930e+00
2.623236338878741858e+00
2.617315555626367196e+00
2.609558024126449549e+00
2.606983050898238563e+00
2.606274176150281896e+00
2.600187150952727677e+00
2.593527685207889899e+00
2.587718798564152323e+00
2.580357445820331108e+00
2.573887550087180287e+00
2.567400098334811975e+00
2.561757881153586158e+00
2.560861393333532021e+00
2.553470777962790539e+00
2.551301367879184934e+00
2.548579062333554468e+00
2.542411136668608407e+00
2.537149009817328160e+00
2.532298596741335839e+00
2.526349930044881287e+00
2.522440669637195487e+00
2.517560812102670464e+00
2.511169704417477000e+00
2.514657495195127712e+00
2.508818316236438140e+00
2.505630180675279206e+00
2.499562618076474951e+00
2.513182572045464802e+00
2.507695611970981453e+00
2.507832996195110464e+00
2.505851248247505936e+00
2.506146314129348518e+00
2.501887823998107052e+00
2.496067630274517501e+00
2.498282224698081588e+00
2.493312059150513793e+00
2.488144578328339129e+00
2.482411889234968250e+00
2.480024945878129827e+00
2.476386283665464205e+00
2.470049914255582291e+00
2.468802319901794995e+00
2.463820195801523560e+00
2.458120009349710866e+00
2.455559654053267149e+00
2.449405993300341144e+00
2.445091599614139355e+00
2.439769185556386777e+00
2.438635078142987744e+00
2.434334830945473094e+00
2.430466333577983029e+00
2.425177104474340428e+00
2.421202375110002247e+00
2.415402276196124465e+00
2.413730314411932198e+00
2.409750012742338132e+00
2.405910061071859563e+00
2.405122086600924636e+00
2.399508683533127851e+00
2.395719175249683364e+00
2.395357166886436406e+00
2.396402976608306368e+00
2.390402028520643096e+00
2.386819649690235856e+00
2.384039838861987892e+00
2.378425686019256968e+00
2.373205760157154121e+00
2.372278503991171128e+00
2.369092006858862121e+00
2.365253103034441473e+00
2.363673063098536531e+00
2.360540053757619106e+00
2.363506591118965439e+00
2.359989357743210281e+00
2.354256595714848022e+00
2.351201201901985893e+00
2.351422777986956092e+00
2.348442313868428055e+00
2.343917626784146169e+00
2.339660189955866887e+00
2.337198571865718666e+00
2.336444738322816406e+00
2.332097016743189144e+00
2.329547664268519558e+00
2.324573646152480411e+00
2.321636359009636497e+00
2.316988125367485996e+00
2.312371368349307676e+00
2.312240492297903849e+00
2.307688041470369100e+00
2.302860602343140162e+00
2.299350287315280017e+00
2.297499171082270308e+00
2.292513834013785612e+00
2.287524671595709602e+00
2.282447489080938752e+00
2.279569701975453722e+00
2.276564404785656137e+00
2.274515390081339294e+00
2.275388813983162173e+00
2.274927808845886634e+00
2.280543310678151414e+00
2.275939326773445348e+00
2.272848855443300398e+00
2.269853938227434309e+00
2.265585596676620739e+00
2.260975723576631236e+00
2.259885873736564132e+00
2.257078503891789989e+00
2.256701679772354918e+00
2.253372345140312483e+00
2.248958103161463384e+00
2.248436204813135220e+00
2.245740234884884945e+00
2.242664032078728553e+00
2.240255288471048267e+00
2.240051093630566648e+00
2.237717605469416338e+00
2.234516101125567200e+00
2.230058241796676111e+00
2.226072739225136043e+00
2.225222005967616212e+00
2.228095363023574027e+00
2.224709533485576429e+00
2.221946716035684055e+00
2.218745205587633773e+00
2.217603619512142021e+00
2.214136047356421333e+00
2.210987461373368657e+00
2.207416176902557758e+00
2.205374545333524061e+00
2.201582077601374809e+00
2.198275405468663291e+00
2.193987806926467332e+00
2.189966412998633594e+00
2.186512085864905863e+00
2.182207201366803240e+00
2.178295292950562345e+00
2.174954939365476569e+00
2.171513946066064626e+00
2.167822448024982140e+00
2.164595784112081756e+00
2.160426025508621173e+00
2.162616948595505573e+00
2.159279497435960593e+00
2.156220783852764278e+00
2.156506612529404787e+00
2.153314910777664348e+00
2.149097289054655135e+00
2.145067322131144483e+00
2.142017171468854730e+00
2.138241368314428126e+00
2.136636149438289944e+00
2.132632125475423468e+00
2.129065783315062355e+00
2.125396768633025513e+00
2.121956949797642267e+00
2.120513712098275327e+00
2.117166927081320260e+00
2.114025287077662352e+00
2.111399305670084825e+00
2.107331270788735278e+00
2.103370036275383992e+00
2.101719939179732322e+00
2.097601545506933896e+00
2.094908729662302349e+00
2.091359040377230194e+00
2.088418360509180616e+00
2.084462129854014467e+00
2.082148204704756367e+00
2.078681262226365067e+00
2.074908070604209342e+00
2.075603258457319633e+00
2.074579749155830211e+00
2.072049646624917418e+00
2.070014150485915305e+00
2.066686438274721205e+00
2.063077133993106216e+00
2.061279815132437410e+00
2.058749393992776344e+00
2.055633724662810025e+00
2.052944687350578334e+00
2.050344537738584716e+00
2.047855672963257767e+00
2.046527538433621007e+00
2.043122159439085372e+00
2.039221396671073272e+00
2.035741216510571050e+00
2.032573839748741396e+00
2.030004771422558640e+00
2.029819685185354050e+00
2.026312224839599274e+00
2.022925287740994005e+00
2.019541220466976483e+00
2.022453253340050772e+00
2.018730888670912105e+00
2.015446150077678134e+00
2.012391915423551225e+00
2.009079158966513123e+00
2.008966199743235315e+00
2.005844266948879628e+00
2.003845920518374513e+00
2.001896557172387681e+00
1.999208370031885895e+00
1.996011647229517960e+00
1.994815466947676086e+00
1.996420908138048178e+00
1.993247450016372158e+00
1.992339015274366743e+00
1.989195102252746761e+00
1.985957244552403633e+00
1.984117072799841397e+00
1.981782104637940245e+00
1.979064089889552625e+00
1.976157321321037275e+00
1.973144558379956726e+00
1.969991968416292316e+00
1.967596441099698668e+00
1.964651643942030290e+00
1.961877287031629002e+00
1.958878006360130541e+00
1.955606921314051228e+00
1.952094601004063179e+00
1.949213607850418084e+00
1.948099034151342446e+00
1.944775277321057594e+00
1.943993781432109103e+00
1.941283883209705907e+00
1.939323332400444855e+00
1.936321215914801108e+00
1.937385507733463630e+00
1.934124962885642729e+00
1.933860532679394284e+00
1.933209441281769525e+00
1.929930628260025705e+00
1.931459608945096607e+00
1.929883718432302109e+00
1.926571595019698657e+00
1.924512292386836299e+00
1.922500239066928351e+00
1.921404621109016553e+00
1.921409520842856544e+00
1.918193253137480125e+00
1.918001576338303371e+00
1.915140652584340852e+00
1.912008558933211200e+00
1.909657817713106720e+00
1.907023308782674453e+00
1.904015555434363627e+00
1.904349844261886027e+00
1.902617338917477197e+00
1.899778824243043118e+00
1.897787102288581051e+00
1.895222873310626888e+00
1.892807646829081092e+00
1.891055748354337984e+00
1.890712276009645532e+00
1.889231336715158083e+00
1.886454605015788877e+00
1.885627123805348804e+00
1.883170609657670580e+00
1.880534445421914169e+00
1.878789672773184982e+00
1.876770491280618680e+00
1.876596265182433720e+00
1.875179045149499846e+00
1.872514371510642484e+00
1.870856294078762527e+00
1.870234954081423817e+00
1.869112949351689368e+00
1.867130299737285615e+00
1.865640500818825043e+00
1.862796156917148727e+00
1.860275604906747482e+00
1.858525015385297907e+00
1.856182646174560080e+00
1.853748145433241179e+00
1.851447178599096466e+00
1.858455781437532206e+00
1.855696311579099866e+00
1.853303641275554581e+00
1.851494105641201982e+00
1.851586033097981199e+00
1.849224007423839300e+00
1.848764316063003621e+00
1.846597600239166859e+00
1.845352779629373385e+00
1.843560445985523710e+00
1.841803836531930472e+00
1.842629106572432063e+00
1.840004560627326091e+00
1.837644113484134811e+00
1.836119745270353043e+00
1.834641065639899926e+00
1.832930886363961065e+00
1.831765872389291117e+00
1.830439390918065845e+00
1.828329335580595405e+00
1.825940753212352385e+00
1.825195384233722740e+00
1.824300618993079048e+00
1.822330858232416917e+00
1.819883613282475165e+00
1.817492484030657440e+00
1.816204426859141297e+00
1.814232061724799339e+00
1.813333195310518509e+00
1.810662301524025297e+00
1.808960864835841287e+00
1.806669785022104735e+00
1.804375767595598257e+00
1.801922121449181180e+00
1.801171657498777723e+00
1.800999089527580033e+00
1.799065083006214261e+00
1.796527306459614337e+00
1.793861322323599294e+00
1.791427967099120222e+00
1.788883135297195004e+00
1.786805010946421968e+00
1.786877513253460448e+00
1.784494839928980170e+00
1.782242023741449355e+00
1.779693974614587670e+00
1.777607718226655420e+00
1.777924852897631247e+00
1.775284112982569162e+00
1.773391222027046021e+00
1.772263660715154288e+00
1.772531730573647435e+00
1.770626780416964641e+00
1.771085746390514304e+00
1.769698547886141782e+00
1.767161205171501992e+00
1.765083674134793723e+00
1.762937091347681617e+00
1.760914037121430908e+00
1.758869865288881673e+00
1.756551308508966569e+00
1.754445226136033043e+00
1.752387449601695568e+00
1.750607241409244175e+00
1.749893061216947432e+00
1.747906624243623863e+00
1.746041286005664439e+00
1.744930606202119705e+00
1.743880709765040837e+00
1.743675099655339400e+00
1.741599539613149839e+00
1.739809829126429008e+00
1.738360837109536039e+00
1.736052134009342884e+00
1.736294955550644170e+00
1.734153791867371508e+00
1.732049626053972169e+00
1.730772207467578649e+00
1.729034811025214058e+00
1.727225624357159539e+00
1.725574392119791689e+00
1.724105319270603953e+00
1.722114234566128887e+00
1.719752929102494665e+00
1.720188883532566049e+00
1.719547462281843409e+00
1.717730882153544192e+00
1.716398755622525973e+00
1.716147130800867115e+00
1.714243959534172079e+00
1.712081889310572702e+00
1.710140790524210530e+00
1.708119429931993727e+00
1.706088263011629191e+00
1.704134539707153007e+00
1.702103038621564091e+00
1.700154985743075553e+00
1.697901282997959171e+00
1.695848111456185192e+00
1.693764685512241464e+00
1.691555380290270971e+00
1.689308710608133035e+00
1.688553169711891844e+00
1.686652305967287768e+00
1.684599773229204400e+00
1.686137553682535817e+00
1.684699577789299685e+00
1.682664501997841233e+00
1.680453830588214181e+00
1.678597102642611638e+00
1.677292167063843431e+00
1.675776184028587634e+00
1.673880523887608884e+00
1.672077163597194938e+00
1.670447168454310516e+00
1.668424014578008041e+00
1.666831981603344115e+00
1.666247051421780423e+00
1.664163826020401693e+00
1.662978814743247824e+00
1.661094510088651832e+00
1.659540388006324640e+00
1.659148089687035199e+00
1.657481636588476137e+00
1.655417723068047131e+00
1.653564977524360158e+00
1.654010019073039128e+00
1.652092045241840168e+00
1.651216845395307109e+00
1.650517059373153961e+00
1.649946023519160754e+00
1.651208611705654139e+00
