5.000000000000000000e-01
6.440148665475140533e-01
9.639538406455698816e-01
9.798478556135856721e-01
9.850970398813693185e-01
9.894536224888422771e-01
9.898291999518754603e-01
9.897568965792156170e-01
9.940688041677357978e-01
9.940518734661987210e-01
9.950710205241268813e-01
9.949102368413808017e-01
9.942677399107949787e-01
9.951694447222743101e-01
9.960569439793817148e-01
9.968043590758273176e-01
9.972474853994444111e-01
9.957735866560556426e-01
9.975683279917549884e-01
9.965674452180189880e-01
9.972144067514073784e-01
9.983088142565785805e-01
9.979559366896129102e-01
9.983319200256279835e-01
9.982744310168133461e-01
9.981839793236707559e-01
9.981034715185881367e-01
9.980604779734182364e-01
9.981286646344026403e-01
9.978051548767813417e-01
9.983006967969377810e-01
9.973332115714386159e-01
9.974082690821911568e-01
9.981162565175228929e-01
9.986315992410174092e-01
9.984567839494631336e-01
9.988919377680754996e-01
9.990251510789698308e-01
9.992375965941462379e-01
9.992203759833361287e-01
