2.682955485396905360e+01
2.646502803268774784e+01
2.638276988067137196e+01
2.609935582781651320e+01
2.578630585380716411e+01
2.559808171190402248e+01
2.537506939078284063e+01
2.515467099255489813e+01
2.485739996831138399e+01
2.467511108954778365e+01
2.451640565224611734e+01
2.434618045961158117e+01
2.420142113500383019e+01
2.404531728786806610e+01
2.387638678502011302e+01
2.362920764304056220e+01
2.343923102864947339e+01
2.324509700472414764e+01
2.309292830031908039e+01
2.293242974158317793e+01
2.277096365424930013e+01
2.258875604056843400e+01
2.243124770752157104e+01
2.227819027911519356e+01
2.212733965652235568e+01
2.196865645462497341e+01
2.180774793144511747e+01
2.165821288564559310e+01
2.149917976352248061e+01
2.134720429911532236e+01
2.119800965984726560e+01
2.105517417530455049e+01
2.090775783753830197e+01
2.074781494010364113e+01
2.061786299573165593e+01
2.046848693599458002e+01
2.032645260378634333e+01
2.018248577520989429e+01
2.005453096607609353e+01
1.992691050625605698e+01
1.979150663139377997e+01
1.966286408540031871e+01
1.953056859367302778e+01
1.938985372068180268e+01
1.925325251183083708e+01
1.912420186584225590e+01
1.899156572980504620e+01
1.885879926767702486e+01
1.873071252241042473e+01
1.860561571911284773e+01
1.848321494969331269e+01
1.837802589275873189e+01
1.825354123802405582e+01
1.813659967577973475e+01
1.802006034485344443e+01
1.788565832706044390e+01
1.776660925678899972e+01
1.763693671404118746e+01
1.751107261883696964e+01
1.740402575560331755e+01
1.727951043336992498e+01
1.716194719227564036e+01
1.703192253764553143e+01
1.691117195297690401e+01
1.678692163434542195e+01
1.667167824245985486e+01
1.654698669769695485e+01
1.643508421168433742e+01
1.632638304766133075e+01
1.622998438069219773e+01
1.612384308926718646e+01
1.602091579590992865e+01
1.592453915534991360e+01
1.584527156162141281e+01
1.574272035770125022e+01
1.564270747718469678e+01
1.554223941066822690e+01
1.545116729004914369e+01
1.534498890969578433e+01
1.525142371134018049e+01
1.516840348537620820e+01
1.507307881391625060e+01
1.497228946514806047e+01
1.489284388573691587e+01
1.478407002383957192e+01
1.468700381771657781e+01
1.459831448805436693e+01
1.450116690897251459e+01
1.442748967275551664e+01
1.434095581770984040e+01
1.425183351925015707e+01
1.416535741817800975e+01
1.407870069683662706e+01
1.400329773419455393e+01
1.393152411364047261e+01
1.383605174702293716e+01
1.374399398074589485e+01
1.365515460700851591e+01
1.358532028791323576e+01
1.349990825040273990e+01
1.342080323579238943e+01
1.335091424676284610e+01
1.326611327800847207e+01
1.318445900525203385e+01
1.311722781812445682e+01
1.306784537160522319e+01
1.300364951003994918e+01
1.295010545443367889e+01
1.289787673566165616e+01
1.282790701245189702e+01
1.275144415355289595e+01
1.268813605407601663e+01
1.264878502248387981e+01
1.257977926436983296e+01
1.250327817436857636e+01
1.243419602716718053e+01
1.237146691943359045e+01
1.230265951575605321e+01
1.225750413541934591e+01
1.219998873547833362e+01
1.213229711326945370e+01
1.207200667047965403e+01
1.201127582016837536e+01
1.195856291286110817e+01
1.189465154330654251e+01
1.184893727617387427e+01
1.178937535444649320e+01
1.173486398175859158e+01
1.167775342029725749e+01
1.163358350140046582e+01
1.157287587515344640e+01
1.152033413379555071e+01
1.148599424493030874e+01
1.142800179624567747e+01
1.136709385827840890e+01
1.132187928965180568e+01
1.127398799415274766e+01
1.122725604145944445e+01
1.118122605421854665e+01
1.112514749853654905e+01
1.107693769517044657e+01
1.102098721121617864e+01
1.097843030709057111e+01
1.093172969865709554e+01
1.088335471234032781e+01
1.083489685424394544e+01
1.078713238272331587e+01
1.075938344699884297e+01
1.071917524049194093e+01
1.067213085215341906e+01
1.062358282525718245e+01
1.057337913705484844e+01
1.052678301162475094e+01
1.048398100275773359e+01
1.044659530024724070e+01
1.040081005679349779e+01
1.035766374827010416e+01
1.031210522748282443e+01
1.026354578097583214e+01
1.021629331124129259e+01
1.016901524794946710e+01
1.014276889306768581e+01
1.012338239848122790e+01
1.008551711790341088e+01
1.005466168569313545e+01
1.001027468474041449e+01
9.978612891429630594e+00
9.933789899937485401e+00
9.891893691296367308e+00
9.855358277645120069e+00
9.822994139934110081e+00
9.784017455817474840e+00
9.746671596517041181e+00
9.712959493478450668e+00
9.674399265547560134e+00
9.656339291784151513e+00
9.621663643368732366e+00
9.583868918423863903e+00
9.571947999833151144e+00
9.536731217867469468e+00
9.511461147403212024e+00
9.484224485958892004e+00
9.462924070985508251e+00
9.425937088936557018e+00
9.388883498477671452e+00
9.352643154221459199e+00
9.319567642434385846e+00
9.301331296577922458e+00
9.273709090253287712e+00
9.245268433079520065e+00
9.216563188194960787e+00
9.190207752631069482e+00
9.162839347793756417e+00
9.127323722564073094e+00
9.096098993273313837e+00
9.061981427322937321e+00
9.032065097898314576e+00
8.998309264633336468e+00
8.973859235629406683e+00
8.949679042003127805e+00
8.921351791849939872e+00
8.896541405928402924e+00
8.880353356902210393e+00
8.846243921515927866e+00
8.822641612714932080e+00
8.800252056985668148e+00
8.770038096907905256e+00
8.744489973462362897e+00
8.717397217487558692e+00
8.686686076929570177e+00
8.665983227788764509e+00
8.640485875447378561e+00
8.622609966409404691e+00
8.590920374550632843e+00
8.561265893949119743e+00
8.535020219250860407e+00
8.506114578146419802e+00
8.486014674414152026e+00
8.469349099658792568e+00
8.444210123088856434e+00
8.415002793443527196e+00
8.392506183759236293e+00
8.363256834657560645e+00
8.336662378872361501e+00
8.311655290657441242e+00
8.303912602302478518e+00
8.291802485496290842e+00
8.269420760226525502e+00
8.249656894148799324e+00
8.232410936600954798e+00
8.211814698586156425e+00
8.192763833625905434e+00
8.167191527418827590e+00
8.152233476204317597e+00
8.130604344939509787e+00
8.108703026198822883e+00
8.086179317898501751e+00
8.060730549671882628e+00
8.037134911157453487e+00
8.016338303501312268e+00
7.997120440846458678e+00
7.975360713963823400e+00
7.955926423937026648e+00
7.934819774712386753e+00
7.917320600542593567e+00
7.903977201300153688e+00
7.881936521726828460e+00
7.857575785605349417e+00
7.835784198371502640e+00
7.817000245583654916e+00
7.806972746170700361e+00
7.785044148849796564e+00
7.774248231899137274e+00
7.754675673300261529e+00
7.736091985274564209e+00
7.722498624736575223e+00
7.701524110686145619e+00
7.679354732025008623e+00
7.665703499971238344e+00
7.650987083482214679e+00
7.632051379156637338e+00
7.613863772598710611e+00
7.598987523940897049e+00
7.575873915606699427e+00
7.554752223263382582e+00
7.535564355291934469e+00
7.519000621640220317e+00
7.498326462253278812e+00
7.481159786542248114e+00
7.460223649499709175e+00
7.450029255088082891e+00
7.428879457949682852e+00
7.407599078183227270e+00
7.392657804437119395e+00
7.373663072605674884e+00
7.360772470957331670e+00
7.349106385297056399e+00
7.330457199423155323e+00
7.317305261068968392e+00
7.298547246920663589e+00
7.287220220888563027e+00
7.274018902183069457e+00
7.256041598643448332e+00
7.237526536846898395e+00
7.217735502429134975e+00
7.199896321084732875e+00
7.180507514887984222e+00
7.164799461296951222e+00
7.148974374235550933e+00
7.130184564240283684e+00
7.116071871276532512e+00
7.099530835814470642e+00
7.084677666909181326e+00
7.073333936692037582e+00
7.054464478654884907e+00
7.036666174154849074e+00
7.023272222287497257e+00
7.007603767086545865e+00
6.993227525184138926e+00
6.975493829694416448e+00
6.958427489877208494e+00
6.949726087377751327e+00
6.932275522563599246e+00
6.916981469014231720e+00
6.898917225613077520e+00
6.882340882044586827e+00
6.864623656379014172e+00
6.853522729504934574e+00
6.836803578767246314e+00
6.821650948343140897e+00
6.806445902170271900e+00
6.801822604063995747e+00
6.787069927098881017e+00
6.774027618460197075e+00
6.760919993098345238e+00
6.748203559942627550e+00
6.733428075290129655e+00
6.721605152502680980e+00
6.710347495958321140e+00
6.695541249474043610e+00
6.679184966203963292e+00
6.676409234790298797e+00
6.664363568198084842e+00
6.654886283360895050e+00
6.641417915346478296e+00
6.626338221872812184e+00
6.611918775923379066e+00
6.599022140858683549e+00
6.584414705801571621e+00
6.571435345897856273e+00
6.568229145083787301e+00
6.552023285163650179e+00
6.548016900374373783e+00
6.533347659604684665e+00
6.521096165331430328e+00
6.508673894773932211e+00
6.494445036381635283e+00
6.494683091247372531e+00
6.485245735199841377e+00
6.471107549007509618e+00
6.463828210196592039e+00
6.449807210272430424e+00
6.438718435526229023e+00
6.428342162052822495e+00
6.417141437842531104e+00
6.403915940033368948e+00
6.393540350045928911e+00
6.380428469389434198e+00
6.368083935563518594e+00
6.356749123472531515e+00
6.342960675433860551e+00
6.337385991232218352e+00
6.327286193325506680e+00
6.318267051737211482e+00
6.308696854933342202e+00
6.301970814777166474e+00
6.288820767140725465e+00
6.281995987994823949e+00
6.270261432764565157e+00
6.257012924303205992e+00
6.252054280074071713e+00
6.243677889583249652e+00
6.233958539988818437e+00
6.223198485593933071e+00
6.213627600030800835e+00
6.200702669263039368e+00
6.187492726686340205e+00
6.187855326457096794e+00
6.176588700717493552e+00
6.165565549643566179e+00
6.153088207295118295e+00
6.140996132815552677e+00
6.130459933856414523e+00
6.120603338637286228e+00
6.107952778007250672e+00
6.102959421196100465e+00
6.091230471587764761e+00
6.078283448546504708e+00
6.066623258009908426e+00
6.061684326627936770e+00
6.049535230766354132e+00
6.037689366803525637e+00
6.026857269714610332e+00
6.022708355929759172e+00
6.011031748304415778e+00
6.000583827428817685e+00
5.988698435546417009e+00
5.981674233652409356e+00
5.969753862408825107e+00
5.959330035524553537e+00
5.948397451527394963e+00
5.940659868974476510e+00
5.931277552847420864e+00
5.924152222592968364e+00
5.915168790099469831e+00
5.903802168808919504e+00
5.893868207229778555e+00
5.883735974090359200e+00
5.875176041041624053e+00
5.865432326200999746e+00
5.860775954834211987e+00
5.849524520498602165e+00
5.844423651096245287e+00
5.833550867296163567e+00
5.828429341751394155e+00
5.817679651476795222e+00
5.812092075619315956e+00
5.806081441177777691e+00
5.802010972305449599e+00
5.791948476820985015e+00
5.784863653165445818e+00
5.774181013896899195e+00
5.766637856688290320e+00
5.761475564386606685e+00
5.750110802486755546e+00
5.746552292069041279e+00
5.741881152782277731e+00
5.731240937316996131e+00
5.720510435981903008e+00
5.712763268469385203e+00
5.704581629518051145e+00
5.695462949991379809e+00
5.686565715983041613e+00
5.679556282120041821e+00
5.669638262602632039e+00
5.665300304730475744e+00
5.655503837247582766e+00
5.645457723249423410e+00
5.636117830801360640e+00
5.626001680895940105e+00
5.618311163568572297e+00
5.610210288006798329e+00
5.600683610506947296e+00
5.590602449550902797e+00
5.581230199717948537e+00
5.572583886860053681e+00
5.569046402128198459e+00
5.560259416129208709e+00
5.555769451766680689e+00
5.548427729539123554e+00
5.541175698099007008e+00
5.540289721708960613e+00
5.532504238337764058e+00
5.523091239770753447e+00
5.519683894175682504e+00
5.515428396499558517e+00
5.511910708600666453e+00
5.502403272578895610e+00
5.495065692430164184e+00
5.489822215401418681e+00
5.481266683907612070e+00
5.476144944450997976e+00
5.467567470436852872e+00
5.458382683262768431e+00
5.450806331984440867e+00
5.442374518507842041e+00
5.437925755917917492e+00
5.428774230543630175e+00
5.420810161265914751e+00
5.414783109779563119e+00
5.408407037604792578e+00
5.400485417512088659e+00
5.393339582886216732e+00
5.385377673975606072e+00
5.379298863722139501e+00
5.377012350811407160e+00
5.376237802352116901e+00
5.374600121304542455e+00
5.365776218593762970e+00
5.359548088465763804e+00
5.351664086674976062e+00
5.344674455110057565e+00
5.336222974938667818e+00
5.327583686864809209e+00
5.318875877437599264e+00
5.312786820178250657e+00
5.304337009636072686e+00
5.302705136723335322e+00
5.294837343802458740e+00
5.290404203242299985e+00
5.282100806738458054e+00
5.276977360618384516e+00
5.268678480327761982e+00
5.260245889518700757e+00
5.254083494415569433e+00
5.245994085273083307e+00
5.238806810664807578e+00
5.230446426404911975e+00
5.224376298069232760e+00
5.222550365630204361e+00
5.217384092062893330e+00
5.208866897503991567e+00
5.204296623258745313e+00
5.197037450634107714e+00
5.189552198856075549e+00
5.182704013607511762e+00
5.175556721898901813e+00
5.168454089658792938e+00
5.160783014748131059e+00
5.161405586437666670e+00
5.152888667421266611e+00
5.144344196939927727e+00
5.136702525820383336e+00
5.129858649791661840e+00
5.122210202138634649e+00
5.114070236339169462e+00
5.107337719998745307e+00
5.099960410862889759e+00
5.093071753574945681e+00
5.091616413564126198e+00
5.083625714792908923e+00
5.079523186670963142e+00
5.077010803232917979e+00
5.069992799059800603e+00
5.063333234577082287e+00
5.057662729269321922e+00
5.050185339455651068e+00
5.043054991793554542e+00
5.036112505120016181e+00
5.031167699672915106e+00
5.025982635414477429e+00
5.020814141558651578e+00
5.013688502239242339e+00
5.006845329201473405e+00
4.999790907306003618e+00
4.992618532619927940e+00
4.986890146871879814e+00
4.983471945175405260e+00
4.976148880703896715e+00
4.968814379255463543e+00
4.961324361755752754e+00
4.953980171440838021e+00
4.947381866447473797e+00
4.944488087672384680e+00
4.937431214760763076e+00
4.931703389533701021e+00
4.924606912334636988e+00
4.918242454051588552e+00
4.911979262513023414e+00
4.906237132213507657e+00
4.901975106662104231e+00
4.895786516946187383e+00
4.888769167672613492e+00
4.882519264663597092e+00
4.879886768689413401e+00
4.872657466768369972e+00
4.865854043878989010e+00
4.858606042274658421e+00
4.853302764204008746e+00
4.847436483679188335e+00
4.841634978701583769e+00
4.834564585665857450e+00
4.829575483412660297e+00
4.826217738206181274e+00
4.821416761697165931e+00
4.814634645743941732e+00
4.809506978517311460e+00
4.803104281151320265e+00
4.796341608815990476e+00
4.789308813856873570e+00
4.783976562863283100e+00
4.778684131047120864e+00
4.772698792614117558e+00
4.766776773499581843e+00
4.761454970701190170e+00
4.757241154761728374e+00
4.756054748614465311e+00
4.750848741534456465e+00
4.745039806005486582e+00
4.743139173493349681e+00
4.736516070719869020e+00
4.730819924264539900e+00
4.724740543191687792e+00
4.719504848317286338e+00
4.718574224558624408e+00
4.712966045167952700e+00
4.710660349872997088e+00
4.705816970229118823e+00
4.703577967475795596e+00
4.697423865172935642e+00
4.693831528022131216e+00
4.687617949175479026e+00
4.681744341870400561e+00
4.678473329197585073e+00
4.673733379597976523e+00
4.667190434691518952e+00
4.661263092687343068e+00
4.655187171706738347e+00
4.651483367332757801e+00
4.645434134463606313e+00
4.645617835684363151e+00
4.639607620488810369e+00
4.633168697142921566e+00
4.627439100170654740e+00
4.622109805951598815e+00
4.618184845768691815e+00
4.612650924839519995e+00
4.612149319193919794e+00
4.605707774048120484e+00
4.600339429622509968e+00
4.600011244968881030e+00
4.594382598637300141e+00
4.591045885016679762e+00
4.585032322372093461e+00
4.579231529551307744e+00
4.573159160717168881e+00
4.568012144750272618e+00
4.562427667277695775e+00
4.557529693661276582e+00
4.552421796001295817e+00
4.546362113549006878e+00
4.540913633921955572e+00
4.535411742263287138e+00
4.530417299563583633e+00
4.525090254955244973e+00
4.521784759097529971e+00
4.516610372353087932e+00
4.510665889846107390e+00
4.508043792366502878e+00
4.502673294640517909e+00
4.498869923809992954e+00
4.493757814949717044e+00
4.488368764793334798e+00
4.484996143074594599e+00
4.480443497445245171e+00
4.474957001628004249e+00
4.471145298240273291e+00
4.466302758783149862e+00
4.463268130246990317e+00
4.459705095158755128e+00
4.458368061596415188e+00
4.453860658573662867e+00
4.448713833752750091e+00
4.447339291899984559e+00
4.441587324371980117e+00
4.436248856764908766e+00
4.430782800353098239e+00
4.426146791730689145e+00
4.420661341792242460e+00
4.415466903753853423e+00
4.409747931175203917e+00
4.406169300141866252e+00
4.406064662730725168e+00
4.400823125996114804e+00
4.395477066628921570e+00
4.389747849088244003e+00
4.387296252296672527e+00
4.381846001598809437e+00
4.377975550867324372e+00
4.375697640704829361e+00
4.371043812571085319e+00
4.365394306150323089e+00
4.361356104200644346e+00
4.355974786813642474e+00
4.350807757626369288e+00
4.348955870230345688e+00
4.346472734029376284e+00
4.342190021365976982e+00
4.339503979935832589e+00
4.336733108118506763e+00
4.334779856697609901e+00
4.331090610153244036e+00
4.326122361312581432e+00
4.325585136587001500e+00
4.320918570498218259e+00
4.317899361545337378e+00
4.313157912144573558e+00
4.307984225990508342e+00
4.304792175586251268e+00
4.299845724797105362e+00
4.294639659581979352e+00
4.291269164322393692e+00
4.293147824880968244e+00
4.288000833185015459e+00
4.283718815828245319e+00
4.279044842604662335e+00
4.274315204714051575e+00
4.269556464311480504e+00
4.264647115299117885e+00
4.259513591917476028e+00
4.255933375707416033e+00
4.253421216803392468e+00
4.248544908727109437e+00
4.243406018917367462e+00
4.243928281597924013e+00
4.239247820784791898e+00
4.234357390960801659e+00
4.230024189139752977e+00
4.227718315659370951e+00
4.222571557708538315e+00
4.217634492026895998e+00
4.213695976120824582e+00
4.209232561329666389e+00
4.204896758671686108e+00
4.199898450447403064e+00
4.196144149472216256e+00
4.191780800608676749e+00
4.186946883959031140e+00
4.183860286518856775e+00
4.179885344586008245e+00
