1.198231062270804159e+01
1.161728856359645512e+01
1.172928299590854628e+01
1.139909281395089025e+01
1.096794747096019584e+01
1.079696472512021721e+01
1.054121307393826434e+01
1.047578962822389492e+01
1.031719053757161220e+01
1.008667388590571612e+01
9.998083391092515981e+00
9.837058816158247510e+00
9.726593799417635466e+00
9.637465392611636261e+00
9.563172901285691196e+00
9.388741060041947861e+00
9.300225815678139440e+00
9.264200736289595284e+00
9.106928827065674525e+00
9.043107045923701293e+00
8.946541166298985104e+00
8.841658137040964149e+00
8.730407038740587211e+00
8.623031611737571822e+00
8.567576580438542422e+00
8.516655200335858211e+00
8.443905039723013317e+00
8.334738642192695224e+00
8.277959350451638443e+00
8.177156072121979591e+00
8.100544174937299502e+00
8.039973530798466328e+00
7.947682412700837418e+00
7.910237642909632605e+00
7.834984467616880721e+00
7.760355728899019034e+00
7.702995545494554008e+00
7.645084656521289546e+00
7.577392094768643283e+00
7.504599705560419665e+00
7.441213112474640567e+00
7.386189702530979950e+00
7.321748645018963941e+00
7.276636037214006869e+00
7.202791602617986122e+00
7.133030624653858176e+00
7.064441549705668066e+00
7.023857556475412878e+00
6.950449799034440268e+00
6.896005599704092326e+00
6.834375434803758864e+00
6.783187405227425693e+00
6.724477264876924210e+00
6.674387923155801872e+00
6.619907540178991745e+00
6.569239139675918437e+00
6.509933415773256016e+00
6.451188258276967957e+00
6.393276313326889948e+00
6.336850664762989638e+00
6.299382126514207592e+00
6.256575937390484121e+00
6.200345086650981941e+00
6.165951353647493249e+00
6.126354567395301487e+00
6.077805175046107955e+00
6.024066344994611910e+00
5.983641799425038599e+00
5.924243142684262331e+00
5.887429834148660390e+00
5.844408062322218989e+00
5.788384401656917255e+00
5.747666986554111901e+00
5.697073125697593277e+00
5.652652641898668229e+00
5.616918622118915572e+00
5.563386771094386063e+00
5.525201231207102381e+00
5.493387293833087881e+00
5.449023626051922697e+00
5.411742919122608519e+00
5.380781010261451947e+00
5.347976968651855678e+00
5.316798671683789834e+00
5.275163897553670544e+00
5.235379523251323164e+00
5.206753175001583855e+00
5.188892073478340805e+00
5.145088260461086804e+00
5.109960830240302343e+00
5.079086591536202455e+00
5.036348880962264296e+00
5.001910895918179278e+00
4.975976170847244973e+00
4.936959547000141058e+00
4.900158697827484922e+00
4.868789661498950316e+00
4.829407412959316304e+00
4.805437237550238549e+00
4.785030795455656794e+00
4.749445959851756882e+00
4.721855896259451235e+00
4.690997001344626938e+00
4.659871294705792089e+00
4.628214148062109068e+00
4.598754212371132688e+00
4.572245958681511624e+00
4.539465887654557719e+00
4.517122833224714640e+00
4.487662590095645498e+00
4.477505332153750572e+00
4.448703410199195574e+00
4.426757222900798538e+00
4.400553912253789335e+00
4.379052731575577617e+00
4.366193361239676385e+00
4.341480653405181300e+00
4.312894566394346541e+00
4.286107981754645024e+00
4.260648389690499194e+00
4.235410241075712179e+00
4.218810342373591205e+00
4.195307727964115330e+00
4.187778391136104617e+00
4.166891696166926451e+00
4.152580905106484366e+00
4.137729480361164391e+00
4.120440088734930839e+00
4.098802090240434737e+00
4.072347058580441548e+00
4.057473136151942050e+00
4.038292775542409174e+00
4.019723321174214270e+00
3.996583623424116549e+00
3.979455810148405437e+00
3.976074579618022131e+00
3.962648202568268552e+00
3.941137660337904691e+00
3.930433141100526662e+00
3.919636851673724109e+00
3.896777974948143264e+00
3.891416205831829345e+00
3.882174264575365630e+00
3.870498918864961002e+00
3.849658842431217920e+00
3.832191688644920990e+00
3.815262297702814998e+00
3.800684703638826267e+00
3.781459533281473107e+00
3.776658318674741110e+00
3.764911917262816488e+00
3.747142209741608720e+00
3.728827417792081711e+00
3.709242119269814619e+00
3.700540393898847480e+00
3.688511046524223236e+00
3.670210421677432500e+00
3.655732193936312768e+00
3.637790994327520622e+00
3.632856813618472014e+00
3.614594833445073707e+00
3.595276171220673334e+00
3.579946153634941286e+00
3.565141730631594452e+00
3.549036398802859260e+00
3.532655415838037438e+00
3.518428405274097948e+00
3.506063347832807597e+00
3.494597892362963698e+00
3.479147373500517393e+00
3.464883796031422047e+00
3.450883497401968203e+00
3.435733618247826637e+00
3.421373485261735237e+00
3.416194634918665596e+00
3.408075973218237298e+00
3.397430943070952836e+00
3.396863213806986970e+00
3.384783064194624824e+00
3.371549605232161184e+00
3.363736377743621553e+00
3.348058642971595944e+00
3.334623866642705270e+00
3.320065005938578562e+00
3.304759101639299423e+00
3.289844141028703373e+00
3.281444098558321087e+00
3.278485108133205816e+00
3.273282440884925037e+00
3.262033462091456837e+00
3.255570349379713235e+00
3.241088853919769086e+00
3.227139285154928317e+00
3.223295902030235194e+00
3.213546439345156713e+00
3.211441309530403743e+00
3.199563599263243852e+00
3.187233185836678029e+00
3.174637958524371584e+00
3.165802674247627735e+00
3.181260978729564926e+00
3.172026566698658900e+00
3.161408117723714994e+00
3.149946699812638862e+00
3.138313376418639500e+00
3.135282550044065530e+00
3.123727974606821611e+00
3.112459884136731691e+00
3.103306057726335609e+00
3.092120508164611259e+00
3.080355432555843098e+00
3.068655420667937950e+00
3.056389095750085882e+00
3.045148890828132782e+00
3.037940767214761806e+00
3.027082682156851057e+00
3.019486243696557271e+00
3.008544800769950456e+00
3.003421906592077306e+00
2.992316942008687253e+00
2.982747261414446349e+00
2.973790349908666197e+00
2.965751381502420791e+00
2.968748385688532831e+00
2.961115987231766944e+00
2.953619177562761156e+00
2.957487931549434013e+00
2.948442897314587086e+00
2.943187094448139529e+00
2.937625550686724818e+00
2.927419543222548715e+00
2.922230637529435793e+00
2.916877457918541694e+00
2.914703991398461369e+00
2.911025724350991162e+00
2.905415340524563295e+00
2.897408940036576119e+00
2.887819425196192391e+00
2.883395326118585622e+00
2.876004002554693351e+00
2.869323403746578904e+00
2.866745692339188523e+00
2.859745776114313021e+00
2.852561732934636218e+00
2.844852719141999664e+00
2.836104243244596645e+00
2.829717569616251094e+00
2.823815831250453101e+00
2.814118720726588752e+00
2.811170014777006454e+00
2.806217156695591797e+00
2.799625872604257992e+00
2.791168947042379056e+00
2.791739316504491697e+00
2.784772924441290876e+00
2.776287313767869414e+00
2.767105333198072614e+00
2.762071813745149207e+00
2.754008903818665033e+00
2.745729129179716566e+00
2.736746693352984039e+00
2.729936517107163674e+00
2.721596676521151004e+00
2.715849159355412823e+00
2.708257108492922782e+00
2.699976950816075583e+00
2.698854899567600718e+00
2.695634031130579533e+00
2.689628296378392402e+00
2.687951256296941427e+00
2.684795394236524135e+00
2.682786584665172835e+00
2.679020153117704695e+00
2.671056645140816421e+00
2.662582820423183172e+00
2.657558689901509119e+00
2.656107052102433030e+00
2.648155797297798486e+00
2.640497049763940840e+00
2.637873723978635621e+00
2.638527227790612439e+00
2.633606430657150277e+00
2.626151195348053413e+00
2.625740977063351966e+00
2.620974886144143312e+00
2.622838538487870075e+00
2.616543468764372271e+00
2.609961997827650482e+00
2.607556432842852878e+00
2.600662712213712258e+00
2.594577669139400022e+00
2.587683545762146764e+00
2.581874280741988326e+00
2.577061372464664490e+00
2.574286074639537514e+00
2.568197338299731403e+00
2.561378059838573140e+00
2.557518572973267901e+00
2.550940820540650744e+00
2.549269484655226403e+00
2.542316535504708597e+00
2.536735873413846765e+00
2.534150390095211591e+00
2.530354179247406687e+00
2.525702568869071740e+00
2.519786499781541345e+00
2.513511584826916501e+00
2.506856776004444676e+00
2.503198711132227583e+00
2.498588706113036295e+00
2.495815111685323551e+00
2.489008298841622224e+00
2.484668808299988374e+00
2.481286826643512189e+00
2.474761687707233371e+00
2.469720015488829024e+00
2.464265846534976045e+00
2.460662277285479593e+00
2.454598019133568343e+00
2.453763976800499957e+00
2.447373833898304873e+00
2.443663719551543601e+00
2.439045544714253388e+00
2.434336349797111332e+00
2.429040871215487396e+00
2.422227564250906795e+00
2.419329880156515067e+00
2.423972858866934921e+00
2.418942853084556699e+00
2.414916741697370473e+00
2.409708305390107608e+00
2.404259672632940159e+00
2.399374404096558777e+00
2.398212484431514913e+00
2.392671834149501464e+00
2.391016923151489504e+00
2.387555373050010754e+00
2.382729852079854549e+00
2.377112923693852853e+00
2.378922082916334002e+00
2.382417766284133709e+00
2.380968901831936435e+00
2.375168595154541151e+00
2.370382315634348203e+00
2.372672587903768449e+00
2.367502415407047422e+00
2.361557380911882831e+00
2.358873518285197424e+00
2.354145127756958722e+00
2.349847606637945674e+00
2.344759031023243789e+00
2.339704638075108534e+00
2.334904074647615957e+00
2.329404744212449696e+00
2.333234104299363398e+00
2.328184181309340239e+00
2.322830069529588481e+00
2.319691479626622144e+00
2.314405503463113245e+00
2.310851073904396369e+00
2.306597950561609878e+00
2.301819626731997470e+00
2.297052029206437140e+00
2.291702365202559655e+00
2.288615088620912896e+00
2.283566427810618471e+00
2.281893232873309252e+00
2.281214255050670658e+00
2.276988348222529712e+00
2.272774763481992366e+00
2.271736901866298286e+00
2.266782040064965198e+00
2.261610296473924642e+00
2.256701607948160326e+00
2.252251672828222695e+00
2.247186653023321323e+00
2.244820210584661080e+00
2.240248643214400204e+00
2.235926008830228628e+00
2.230757236074721650e+00
2.227371397808131537e+00
2.223308506110753591e+00
2.218537879663475820e+00
2.216751431553884100e+00
2.212558629022129963e+00
2.211460258369285725e+00
2.206242456723491951e+00
2.203121439176222385e+00
2.201984380524315554e+00
2.197197406537868325e+00
2.192223263488823015e+00
2.190819608687772035e+00
2.186946753898791673e+00
2.183444304749951659e+00
2.179298890418065682e+00
2.174792945955473566e+00
2.170853486322082748e+00
2.171481213491903262e+00
2.168144811718858200e+00
2.163378502412134363e+00
2.159159676537390382e+00
2.155486106000320312e+00
2.157337130847108764e+00
2.154249657312690136e+00
2.154043746303286433e+00
2.150950715294891680e+00
2.146798736928245965e+00
2.144742647688809178e+00
2.141813647739773341e+00
2.141289696148819921e+00
2.137230790478484632e+00
2.133107009945601096e+00
2.130264318796386558e+00
2.126016270399650576e+00
2.123019387699154326e+00
2.119505608032778987e+00
2.115783552514775234e+00
2.111913499259207683e+00
2.109507081004404760e+00
2.106907444370815341e+00
2.102999001906047383e+00
2.099822579228999953e+00
2.096121868024844570e+00
2.094955681685088944e+00
2.090559252214245323e+00
2.086413835908112802e+00
2.084250910703939752e+00
2.082075095589674074e+00
2.077846891598611467e+00
2.080887188502528851e+00
2.077877521854567533e+00
2.075765581702093243e+00
2.074258256862304695e+00
2.070019225174775990e+00
2.066150804531859286e+00
2.064309960886703710e+00
2.060299467625976266e+00
2.056574483061976988e+00
2.053372922139863110e+00
2.049803891861107452e+00
2.046354938483016639e+00
2.044350551535572880e+00
2.047468826182168744e+00
2.045029328960134674e+00
2.043594364111830153e+00
2.039694638928129411e+00
2.036375524519003832e+00
2.033301736594150810e+00
2.031268048264541992e+00
2.027792597425245091e+00
2.024065735437797997e+00
2.021689041156459421e+00
2.017990131479360461e+00
2.013911056645230513e+00
2.010373343639385357e+00
2.007048033199919423e+00
2.003622608981331599e+00
1.999976936228367030e+00
1.997321116476432623e+00
1.995408247090583842e+00
1.991543117233822269e+00
1.987802907227168792e+00
1.988952992899994721e+00
1.987623840116292451e+00
1.984002393476769432e+00
1.980293742591002770e+00
1.976543913844505118e+00
1.976078598555471633e+00
1.972578963455930534e+00
1.968953500814253132e+00
1.965770089547743016e+00
1.963293711455612378e+00
1.960788368173405294e+00
1.959775397278602282e+00
1.956277241026707969e+00
1.958655419752121762e+00
1.955285631391106893e+00
1.952269803416470051e+00
1.949004424329347618e+00
1.945453464905711582e+00
1.946149452560324455e+00
1.943802827158428226e+00
1.940734150013803117e+00
1.937941467019689945e+00
1.940654805523148951e+00
1.936910330300160910e+00
1.937732603627768890e+00
1.934207545489758928e+00
1.931895735983253148e+00
1.928411003323017070e+00
1.926804157333681822e+00
1.923477260358048557e+00
1.922724830754812375e+00
1.920933246118749382e+00
1.919047696212657028e+00
1.915797903559593118e+00
1.913224625094574582e+00
1.914105260395840391e+00
1.912120374038333015e+00
1.908571487714962434e+00
1.905715386822399271e+00
1.905593800467287213e+00
1.904188623750052045e+00
1.901515744514128192e+00
1.898856262720290955e+00
1.897054395759711909e+00
1.897897577122474422e+00
1.895012408836854290e+00
1.893768891458934789e+00
1.896351940579843687e+00
1.894230386520024956e+00
1.891545241318208115e+00
1.888761806493944206e+00
1.886295019933785788e+00
1.886321683738471533e+00
1.884528707303805062e+00
1.885844739168756501e+00
1.882966464161108133e+00
1.881141062107256623e+00
1.879165073819777376e+00
1.876108098255985679e+00
1.880493944996380673e+00
1.877708465887174327e+00
1.874959709088743320e+00
1.873326762267507828e+00
1.870780151462141383e+00
1.869586248874133272e+00
1.866995309647787149e+00
1.864329737029694956e+00
1.861715868874925794e+00
1.859435830392992983e+00
1.857521706726174004e+00
1.854505681191973343e+00
1.851503695329148158e+00
1.849775739905513250e+00
1.847410996289621243e+00
1.846452958787671461e+00
1.844583388728300744e+00
1.841987652202243808e+00
1.839368788109237540e+00
1.837395977498598620e+00
1.835107850491779047e+00
1.832354979523273197e+00
1.830865805308012240e+00
1.828490440603088185e+00
1.827501581180062118e+00
1.824687655450503598e+00
1.822357168733685695e+00
1.819666009989877820e+00
1.817074924322769958e+00
1.819809224964954675e+00
1.820297350296460337e+00
1.818744621147031060e+00
1.815950484330942638e+00
1.813729627298776625e+00
1.813228634202302736e+00
1.810319545811229558e+00
1.810125104968955290e+00
1.809905295048972018e+00
1.809127963027646668e+00
1.808597576717782429e+00
1.808191946450237841e+00
1.805920724728550475e+00
1.806186008475438198e+00
1.803968267645026158e+00
1.803191820485072316e+00
1.801063803285399167e+00
1.800572248761991734e+00
1.797924185808566389e+00
1.796198918996751104e+00
1.794752520631226256e+00
1.792257426665060160e+00
1.790291640452651434e+00
1.788639890682419242e+00
1.786228816373008454e+00
1.784306744202504680e+00
1.782652237429239506e+00
1.781191878281682683e+00
1.780037370416312381e+00
1.778242334507835309e+00
1.776474745881993833e+00
1.774067307767216661e+00
1.775234959317322225e+00
1.773592355354484784e+00
1.771219008203321454e+00
1.769310218814583058e+00
1.766814273352505626e+00
1.764655603785461713e+00
1.762177029714782961e+00
1.759445364974876025e+00
1.757029688069966955e+00
1.754563646896068807e+00
1.754419948435847809e+00
1.752743588781694450e+00
1.750395329333573669e+00
1.748759307329620150e+00
1.747989281285163621e+00
1.746758556591843536e+00
1.746522353834516483e+00
1.744239856431315072e+00
1.742219147366184329e+00
1.740053841922036826e+00
1.738095874112717265e+00
1.735640144048163247e+00
1.733435992010055715e+00
1.730995399952631075e+00
1.728942892085309380e+00
1.727134204770629733e+00
1.725072264503297870e+00
1.724619901221851936e+00
1.723852297124947031e+00
1.721462418809536876e+00
1.721376812546482116e+00
1.720110628247549123e+00
1.717723007472676811e+00
1.717403150084053642e+00
1.715122094849305556e+00
1.712975690029481912e+00
1.711017144672613233e+00
1.709108748496236840e+00
1.706862752638154568e+00
1.705779783260938487e+00
1.703500327272831738e+00
1.701181146035300351e+00
1.699508698197740530e+00
1.697436885336556900e+00
1.695380403001095049e+00
1.693972223499164542e+00
1.692632366762752971e+00
1.690684958625999323e+00
1.688593005764234434e+00
1.689521856180300041e+00
1.687117537382346377e+00
1.685776064451063538e+00
1.684154907490889697e+00
1.683884107004538500e+00
1.682662747326455710e+00
1.680821178181279629e+00
1.678818498593417363e+00
1.678681506500905529e+00
1.676376078369150369e+00
1.674197354567042995e+00
1.671830367130871631e+00
1.670985956578255216e+00
1.668740974485740436e+00
1.667450780684545553e+00
1.665703839466110114e+00
1.663970880654202400e+00
1.661674376003420495e+00
1.659604799920612717e+00
1.658468631664850035e+00
1.657371448802062552e+00
1.655614543629645219e+00
1.653785259992641254e+00
1.652104845044401360e+00
1.650067868763775092e+00
1.647877191048469747e+00
1.646491877744462817e+00
1.644291578025528722e+00
1.642075884190326462e+00
1.640205803431439291e+00
1.638163242500927153e+00
1.635888418517608578e+00
1.634518563749441267e+00
1.632534758751943649e+00
1.632663417390900706e+00
1.631999141502802120e+00
1.631904609405542717e+00
1.630358659174717451e+00
1.629175463762104537e+00
1.628273084483053523e+00
1.626613062686800504e+00
1.624379144333694125e+00
1.622465445072432066e+00
1.621385722411843089e+00
1.621578878371955135e+00
1.619617065879350948e+00
1.618511614559505984e+00
1.619606278279067002e+00
1.617935281544158999e+00
1.615839231040696156e+00
1.616232642651166174e+00
1.616537088128370714e+00
1.614624416754750102e+00
1.612707212583657235e+00
1.610664570947502261e+00
1.608506374478298584e+00
1.606523605683649381e+00
1.604819066107534553e+00
1.602904137784681105e+00
1.600972918844135062e+00
1.598998946107008656e+00
1.597452427485319904e+00
1.596514504770291554e+00
1.594632679075606019e+00
1.595652257241181315e+00
1.593603391930428437e+00
1.592961268206238623e+00
1.590989230739959792e+00
1.591114091906254524e+00
