2.781557251893090310e+01
2.736088384301757515e+01
2.689327115968483994e+01
2.677925313201913937e+01
2.649463144653946500e+01
2.621885825890545618e+01
2.604746622286155144e+01
2.580397561436679155e+01
2.553969624060261268e+01
2.535445049564847508e+01
2.516403468075355221e+01
2.496373711484715940e+01
2.476017607326975423e+01
2.460466549053677454e+01
2.444815968082127000e+01
2.430690092055215246e+01
2.414038430177616235e+01
2.395212876155514792e+01
2.379766284484462346e+01
2.364199843723288197e+01
2.348778263409043632e+01
2.334027777951450489e+01
2.316195245776102851e+01
2.303234918449814828e+01
2.291689390623830747e+01
2.275244708543126393e+01
2.261699424676213965e+01
2.246466163894925216e+01
2.233887082602043961e+01
2.220819881056442924e+01
2.206793134299576664e+01
2.194490569319126649e+01
2.180895570826650243e+01
2.164851244816501108e+01
2.153363383326188085e+01
2.139468680681734725e+01
2.126409451076647628e+01
2.114397198908823583e+01
2.101240114340183140e+01
2.088693825477659871e+01
2.076849316403600199e+01
2.064540573574766569e+01
2.053308197719561079e+01
2.039189029936603959e+01
2.027245675323417018e+01
2.013300911112491320e+01
2.000772803102416475e+01
1.989665736653967798e+01
1.975778579069996965e+01
1.962309168032095030e+01
1.953111127695196814e+01
1.941910643168097295e+01
1.930114294603238534e+01
1.920188844298177244e+01
1.907614850269758122e+01
1.898797150155862923e+01
1.887365736290749041e+01
1.875169434908992017e+01
1.862198911179554273e+01
1.850704816382453899e+01
1.838139051239078015e+01
1.824824522538635563e+01
1.812892153054876943e+01
1.802619445680823418e+01
1.791607612443952036e+01
1.780228671092675796e+01
1.767129484119801930e+01
1.753836105930797373e+01
1.742894863534963790e+01
1.729840315397743211e+01
1.723543853637052692e+01
1.711462028421804504e+01
1.700431059308872150e+01
1.689092711022897930e+01
1.679979292026179394e+01
1.669798624880071714e+01
1.658079103449209768e+01
1.646948514048191470e+01
1.639322916033946953e+01
1.626638676202515299e+01
1.616452048813517450e+01
1.605561156169427761e+01
1.595336779775377245e+01
1.587133479508678846e+01
1.577881596373915052e+01
1.567724586868306780e+01
1.556573439951657001e+01
1.547022461528292503e+01
1.543038229597281052e+01
1.533131673969428377e+01
1.526355353975096740e+01
1.515130401097808388e+01
1.506908392387856743e+01
1.500408132141100204e+01
1.491238741186183603e+01
1.482449685010252161e+01
1.476901024837739662e+01
1.468150831139184120e+01
1.459189683358381906e+01
1.450850235079638750e+01
1.445207844404449382e+01
1.438309807757575243e+01
1.430641079178676200e+01
1.422206189629379836e+01
1.414931479161537453e+01
1.408896392209984505e+01
1.400048766699408276e+01
1.391171429737325482e+01
1.385510179564120214e+01
1.379492930112587956e+01
1.371420019859764317e+01
1.363605238621951088e+01
1.357671814929553022e+01
1.352558713451380967e+01
1.344365435129715003e+01
1.336761917801674748e+01
1.328952117539009237e+01
1.323991684155687132e+01
1.316630157934890555e+01
1.310285614120276421e+01
1.304465000961745069e+01
1.299640330900964891e+01
1.292362317167040331e+01
1.287180830495978157e+01
1.280832557647884862e+01
1.273449492429456065e+01
1.267640639180368645e+01
1.262686012871590435e+01
1.256497439506149760e+01
1.252216482288550203e+01
1.245350808481243021e+01
1.239083703857462204e+01
1.233082154044194390e+01
1.226615479003279141e+01
1.219567313967174194e+01
1.213610806895021099e+01
1.207758917064156279e+01
1.207289687931420552e+01
1.202484819897998136e+01
1.196811063801458452e+01
1.191572342351900993e+01
1.186065742990168737e+01
1.181003440949340266e+01
1.175633964032106960e+01
1.172557184652887408e+01
1.166944640671219524e+01
1.161334149547606209e+01
1.155805036029769362e+01
1.150661994433990998e+01
1.145202461515724757e+01
1.140394728245542488e+01
1.135326408515963692e+01
1.133387755936256625e+01
1.128619227324358043e+01
1.124463781020493869e+01
1.119240090590890979e+01
1.114290929062768498e+01
1.110150078032194898e+01
1.104786026086869732e+01
1.105690043624426089e+01
1.100906400729090606e+01
1.096076061326912665e+01
1.092488868461689044e+01
1.087727184136294412e+01
1.083098736347243829e+01
1.079136842571237587e+01
1.075443226723979784e+01
1.072333463208500959e+01
1.069799894235212179e+01
1.066895364108277455e+01
1.065998074026321163e+01
1.061856879372908757e+01
1.057407115727472657e+01
1.053219616906382861e+01
1.050475368661935605e+01
1.046937705487706083e+01
1.043363004536450589e+01
1.042454548048482543e+01
1.040745450077836765e+01
1.036634073974274628e+01
1.034617904080826811e+01
1.031935717492364724e+01
1.031071981245433022e+01
1.027410960311448385e+01
1.023218373654365188e+01
1.026615762177380731e+01
1.023373017609607594e+01
1.019337941484166343e+01
1.015235591169592233e+01
1.012935250550173905e+01
1.011406982532427357e+01
1.007458490275542751e+01
1.003514434420641344e+01
1.001278356410449177e+01
9.980010961967572314e+00
9.950069085239833910e+00
9.914024493278171590e+00
9.878098876376505189e+00
9.852031685560547203e+00
9.820148619250339550e+00
9.784267769286291383e+00
9.754894461416451890e+00
9.719605379308818627e+00
9.688027410218774449e+00
9.657104333424372911e+00
9.624706856977324421e+00
9.629478887135521248e+00
9.625635382746258628e+00
9.592224225284592620e+00
9.559629937155325052e+00
9.570326987927579410e+00
9.558024789778551522e+00
9.525947649737222633e+00
9.495090787728196702e+00
9.498418350371496288e+00
9.469289244038799680e+00
9.441623013537132181e+00
9.415844608082881706e+00
9.394898590737923882e+00
9.391012209145069178e+00
9.359908766340000241e+00
9.334047297534411314e+00
9.323549590258311426e+00
9.295092022831303424e+00
9.266115321984450759e+00
9.254979485721870347e+00
9.248954110381074400e+00
9.223407646515315861e+00
9.200913763932048184e+00
9.171594476027356890e+00
9.151751822298132666e+00
9.136803551136466695e+00
9.131970988255734056e+00
9.108860655295016429e+00
9.085317268502395294e+00
9.060477209710661839e+00
9.039540716577400659e+00
9.011266694045046322e+00
8.988705062551709091e+00
8.962865677141531151e+00
8.952346128901153222e+00
8.935918393903232726e+00
8.921077522779153668e+00
8.932278451487219328e+00
8.912518765804263055e+00
8.885132514468473630e+00
8.871043330923566117e+00
8.869617798309235468e+00
8.846227213809944701e+00
8.822291221002076966e+00
8.798208323275975573e+00
8.797386890698067674e+00
8.779115077574056514e+00
8.768557393194916116e+00
8.746327420762719740e+00
8.743109140150506775e+00
8.723786691658002468e+00
8.705629814559987523e+00
8.683925376114483896e+00
8.666400434373310091e+00
8.655862273171512911e+00
8.639978218266035626e+00
8.615963042115623693e+00
8.616094772446691863e+00
8.594702923974869790e+00
8.571291411377208291e+00
8.554494060239516529e+00
8.532110816637429096e+00
8.510016705704851248e+00
8.496392022539282607e+00
8.475039845547915007e+00
8.453598806304748692e+00
8.431556171528779231e+00
8.412466372227992650e+00
8.395524503128434901e+00
8.374952184528478227e+00
8.354989194565741073e+00
8.351410399634445980e+00
8.336932776883521967e+00
8.329335933910982703e+00
8.312265474073068816e+00
8.294834645135185980e+00
8.273691524252463125e+00
8.253525090125043207e+00
8.250854552978291068e+00
8.230216252798538079e+00
8.208936352126320557e+00
8.208724384537982033e+00
8.199328153136612229e+00
8.179861293373642539e+00
8.169026066339732495e+00
8.155137840025853180e+00
8.137821014020175880e+00
8.124246828605752313e+00
8.104799206318991978e+00
8.088808365087349017e+00
8.070501888081963671e+00
8.055889311653105622e+00
8.037875606107721893e+00
8.018807602862514372e+00
8.001678784246335496e+00
8.003535417064963298e+00
7.993775342897567526e+00
7.974991602908086286e+00
7.972314743612344934e+00
7.956688028221552855e+00
7.941133391288582644e+00
7.922799662368945839e+00
7.905081988953613248e+00
7.898046764327771641e+00
7.884410132185068143e+00
7.882390607179239339e+00
7.864503586578951655e+00
7.851071574576151235e+00
7.835845370291059098e+00
7.817274707558618196e+00
7.801571479605636128e+00
7.783913880129960994e+00
7.766090964699596810e+00
7.763651103723514524e+00
7.751204579284242335e+00
7.733992280660779706e+00
7.718607142423247858e+00
7.699640680444994167e+00
7.683632878784325548e+00
7.670339288330030314e+00
7.654810806230383236e+00
7.656929631025540139e+00
7.638947986663781720e+00
7.635030821904156717e+00
7.632624518083956922e+00
7.629236824540184259e+00
7.624599772027975675e+00
7.608812430713964403e+00
7.607620172981154560e+00
7.591929134267804358e+00
7.578490029644074255e+00
7.572119958446814181e+00
7.556569956854094272e+00
7.549695410701748877e+00
7.533878190017505361e+00
7.517993224440454370e+00
7.503930919374522723e+00
7.491623394813632153e+00
7.494439729374960280e+00
7.481741301656989585e+00
7.475800353914484830e+00
7.473622814357904431e+00
7.467040233051697840e+00
7.453241364879937159e+00
7.437060288573948519e+00
7.422620665717885480e+00
7.407233717498598047e+00
7.393748286308730933e+00
7.380431167293671990e+00
7.371751031151291045e+00
7.356841495099619266e+00
7.353342565629144900e+00
7.338992682076224128e+00
7.330724355349967247e+00
7.316400128550714754e+00
7.309470398490740983e+00
7.309116911196316124e+00
7.294402707112097595e+00
7.282514688314028817e+00
7.271950900666375617e+00
7.259796743660277940e+00
7.247466210294895461e+00
7.237746700182769999e+00
7.231295911819930922e+00
7.218941419372298718e+00
7.207388983251475700e+00
7.194415327460734311e+00
7.191417637264374108e+00
7.180213850791850483e+00
7.167460316553603938e+00
7.155576802093355226e+00
7.142523819299217536e+00
7.131639628625225491e+00
7.130917104325728673e+00
7.119100850120031687e+00
7.105446036616356764e+00
7.096006884706890894e+00
7.082822506111303262e+00
7.071459723273679998e+00
7.062684566234845640e+00
7.049034859849992785e+00
7.038861424229098773e+00
7.036330935815898968e+00
7.024076386085552848e+00
7.024481016021987934e+00
7.012081404916948202e+00
7.006182245892530247e+00
6.995168204640381582e+00
6.983684913467145705e+00
6.993084005466389641e+00
6.992995837726975417e+00
6.980845337883527790e+00
6.967341679291440215e+00
6.965226190693367236e+00
6.952513542251049117e+00
6.941689300366546966e+00
6.930859517367090383e+00
6.921065702318572654e+00
6.933380175413445201e+00
6.921578998699234653e+00
6.910207088299762823e+00
6.902790951329420999e+00
6.894314664070910759e+00
6.885325299377632824e+00
6.876352581830121657e+00
6.865976517168194349e+00
6.855927504051469334e+00
6.844987281039691673e+00
6.832891101578621118e+00
6.823751999720371053e+00
6.812089311782668410e+00
6.809865394028248531e+00
6.797951216755166115e+00
6.786693825330864627e+00
6.775186427706548997e+00
6.763616524480315917e+00
6.752862909211835074e+00
6.744632075767843737e+00
6.744045572276572642e+00
6.732598040779990356e+00
6.730038517355219518e+00
6.729743381012972314e+00
6.717917426529408154e+00
6.706741099594935029e+00
6.694072183418905198e+00
6.682344754333412240e+00
6.671494313963707512e+00
6.661144025902287602e+00
6.650159387376779030e+00
6.639919691551164682e+00
6.629684540580417895e+00
6.621587600439237775e+00
6.619442019414266021e+00
6.609026518779444359e+00
6.598699273753387828e+00
6.587775623528250080e+00
6.578618520272914161e+00
6.570890537315195346e+00
6.560794331807016988e+00
6.551978904951496041e+00
6.540599173641771458e+00
6.529514062747780123e+00
6.530913548066950902e+00
6.526599125625730302e+00
6.516577510580893851e+00
6.509293014678062761e+00
6.504080712471908221e+00
6.495099128933779831e+00
6.489202025105432980e+00
6.483441444735072778e+00
6.475211083288282765e+00
6.470815834151196988e+00
6.464227115762289699e+00
6.453433641012181532e+00
6.442457952157680801e+00
6.433088105766978870e+00
6.423616168446988794e+00
6.414709660023493853e+00
6.407740633692068144e+00
6.396684446589643969e+00
6.394546758127329866e+00
6.384904830191461045e+00
6.380051575161196808e+00
6.379565220052608510e+00
6.369162637704492091e+00
6.359828110433111803e+00
6.350602964712825482e+00
6.341174006034286492e+00
6.332930207548870705e+00
6.328699506436233690e+00
6.320598168330398892e+00
6.322817144603318340e+00
6.315152000110143327e+00
6.307309418054573236e+00
6.304488833799871017e+00
6.294554825381935004e+00
6.285767238413357383e+00
6.275856197014438642e+00
6.266499763920774235e+00
6.256310562565453814e+00
6.246925271118151102e+00
6.244092127209069254e+00
6.234658962797360537e+00
6.226603559632503782e+00
6.217558374569810198e+00
6.215252093421696600e+00
6.207977385431232342e+00
6.208718349801874758e+00
6.199276207443920939e+00
6.191712939728905241e+00
6.182197142234025833e+00
6.178009969379469446e+00
6.169548271860731958e+00
6.161657592175680875e+00
6.154162565999314438e+00
6.144906879376819120e+00
6.147040115718753306e+00
6.136993664662080405e+00
6.127897551083681726e+00
6.118421436468052477e+00
6.109496005696234633e+00
6.101774662280545769e+00
6.092433088013538445e+00
6.087858009903324152e+00
6.079280053877284651e+00
6.071096971994786706e+00
6.063677753311499607e+00
6.054521297213301345e+00
6.045143418323685403e+00
6.035672124283738782e+00
6.036929052228280135e+00
6.029314966607431714e+00
6.021120706548948043e+00
6.012520095284244803e+00
6.003543332317273773e+00
5.999874186151259892e+00
5.991399121715261344e+00
5.983971381394417755e+00
5.976068215920497195e+00
5.968798517524653846e+00
5.960078269337537371e+00
5.951480434046359846e+00
5.943443502869729222e+00
5.936855031026300189e+00
5.928576914666510156e+00
5.922757430238054788e+00
5.916150881304020892e+00
5.907998499445649365e+00
5.899086449711775870e+00
5.893664009943228699e+00
5.885012636014061549e+00
5.876856045762142600e+00
5.868787641208516703e+00
5.871758621856899119e+00
5.863068732762086732e+00
5.855440491632783129e+00
5.847593370529033052e+00
5.841410208156182726e+00
5.832733795050400794e+00
5.825517889077289624e+00
5.822757753829911564e+00
5.815229814633395833e+00
5.807154188314832766e+00
5.803272296815256581e+00
5.795632463454600369e+00
5.787730573950307544e+00
5.783949236942219407e+00
5.781996717486498127e+00
5.781794314996872686e+00
5.774632295748232558e+00
5.767275460083085115e+00
5.769840975919303006e+00
5.761660158297535084e+00
5.753743218975403195e+00
5.746818835760839406e+00
5.741347170285142631e+00
5.742906811438792225e+00
5.736310883008450823e+00
5.729716324741773725e+00
5.724705187045054267e+00
5.717516803388682511e+00
5.711060293868047921e+00
5.711207679055951836e+00
5.704649169957856536e+00
5.698960616303047289e+00
5.691505834623077575e+00
5.684815661741094317e+00
5.694305365000084329e+00
5.687594108860460906e+00
5.680188742597766627e+00
5.674752588057536684e+00
5.667816578846041509e+00
5.662138146611828127e+00
5.657078415123089954e+00
5.650836761271529340e+00
5.645403231482573503e+00
5.647923667648743873e+00
5.642063609110641309e+00
5.647317253476207277e+00
5.640219789684870477e+00
5.637523964849488145e+00
5.637152229605500331e+00
5.629732980881207993e+00
5.627683546183558150e+00
5.621611534309160163e+00
5.614692448282017523e+00
5.613059493961928936e+00
5.607516477944177069e+00
5.601586816059846541e+00
5.595879328740657854e+00
5.589035763693388503e+00
5.582268562440452442e+00
5.576791194225175552e+00
5.570064731763248567e+00
5.563709231459313287e+00
5.556886123170078129e+00
5.550439796665398440e+00
5.544861192209438627e+00
5.537724460900779633e+00
5.530842606192158506e+00
5.531209122258373689e+00
5.525544343926554802e+00
5.518595832483163655e+00
5.513689881109706370e+00
5.506486168246113699e+00
5.499516560875814974e+00
5.492580124458461555e+00
5.487431558268152543e+00
5.480307234849845166e+00
5.478028486517390938e+00
5.474614894803092824e+00
5.468029976934117187e+00
5.464507300407329460e+00
5.457854967355559417e+00
5.451528017378556967e+00
5.447601500573880706e+00
5.440838174612484757e+00
5.460522616943094931e+00
5.455226124556251222e+00
5.450138415746098808e+00
5.443660469937377400e+00
5.443855219887043795e+00
5.437420079294446040e+00
5.430729863116641631e+00
5.427468279815277796e+00
5.421983880292502889e+00
5.416796537960869351e+00
5.413779471861669634e+00
5.409078526295243883e+00
5.403691236052508451e+00
5.397233931902385429e+00
5.390760731751740309e+00
5.384287268007404315e+00
5.382016646696214934e+00
5.380642784968653558e+00
5.376945017506238322e+00
5.370556757141783599e+00
5.364556468356421526e+00
5.358339948248024953e+00
5.351676973484805977e+00
5.355969228841519048e+00
5.358602786111555716e+00
5.354315701078007805e+00
5.349051574571654477e+00
5.343961759536630218e+00
5.342434979358583469e+00
5.337742003369671195e+00
5.332643076186863063e+00
5.327642284823340901e+00
5.324151708656549964e+00
5.319350198437607702e+00
5.312891973782075006e+00
5.307231197709008974e+00
5.301562899173391408e+00
5.295251884510964402e+00
5.289694349239313809e+00
5.288728146784518636e+00
5.284482451660174718e+00
5.280360780290640044e+00
5.274661014454454566e+00
5.269189897190025285e+00
5.263993795824053024e+00
5.262377619937065099e+00
5.258779814828315580e+00
5.254973949582488757e+00
5.251285005827535990e+00
5.244891115452940511e+00
5.239647127287133443e+00
5.233923050802332888e+00
5.233185676804160025e+00
5.230127722840927973e+00
5.224867659307863121e+00
5.220336268376381206e+00
5.215029843837348800e+00
5.218041436601829730e+00
5.217370039832501583e+00
5.211794394351310977e+00
5.207488472791552248e+00
5.203542525199269519e+00
5.202157078386884237e+00
5.199547605698695563e+00
5.194233261746759034e+00
5.192186521705877134e+00
5.187124188924862267e+00
5.181557653441498879e+00
5.181530175251325865e+00
5.175932149018759532e+00
5.171636381997271492e+00
5.166860056763419529e+00
5.161461442394637444e+00
5.157881926583375964e+00
5.153081925263633067e+00
5.147733845051478241e+00
5.144177822487766782e+00
