2.660510667728994960e+01
2.621107426650720740e+01
2.615925587611112846e+01
2.595444416667039889e+01
2.593694710397032566e+01
2.569591276644256084e+01
2.555064258054009940e+01
2.533135983366786803e+01
2.510118509392433950e+01
2.484251951222197263e+01
2.462616857426548478e+01
2.438646020587730234e+01
2.421636985072936810e+01
2.398101254174133956e+01
2.381171852729674754e+01
2.361701762905258661e+01
2.345407610830647727e+01
2.329916041894833612e+01
2.312837783264081537e+01
2.297280376592187068e+01
2.279671714768953805e+01
2.262995600715610323e+01
2.247462161305545791e+01
2.229701916817147023e+01
2.215570207800470115e+01
2.198496548417547558e+01
2.183789859640681286e+01
2.169775877145033505e+01
2.153926297504030529e+01
2.138730449495130514e+01
2.124443384459601347e+01
2.110227247900517256e+01
2.094967046128135024e+01
2.081571017481468999e+01
2.067136373863914400e+01
2.052617047325975008e+01
2.040283522289582052e+01
2.026652190856841429e+01
2.013980591757065497e+01
1.999663732006396799e+01
1.985909061129486020e+01
1.971866631405936587e+01
1.959750460824913532e+01
1.946312422687169885e+01
1.934631687845914527e+01
1.922533742457333972e+01
1.910909366666083287e+01
1.897366740326405221e+01
1.883695008835763574e+01
1.870583925127734304e+01
1.858024310984954042e+01
1.845194324582649870e+01
1.831919148004537945e+01
1.820335502847088094e+01
1.808885601385728847e+01
1.797052358156269491e+01
1.785407026818275611e+01
1.773311997535308393e+01
1.761276955102607999e+01
1.749790474093827086e+01
1.737585550575919768e+01
1.727709195314200130e+01
1.717833085569474960e+01
1.706175065763212118e+01
1.694685598914375291e+01
1.684090823384634561e+01
1.674238742061107033e+01
1.662526243806595261e+01
1.651718570738967529e+01
1.641010509791428618e+01
1.631184416296059680e+01
1.621733843652946661e+01
1.612151749875521745e+01
1.601999096900384956e+01
1.592159575449900366e+01
1.582619987478219237e+01
1.573769731489188040e+01
1.563807729522185319e+01
1.553792134303447625e+01
1.545101183106833176e+01
1.535202043711485942e+01
1.526547247125329498e+01
1.516296482969872095e+01
1.506194076054755016e+01
1.497296904065883005e+01
1.487571822048889558e+01
1.478455567285800143e+01
1.468826883878322498e+01
1.459330156568862336e+01
1.449538502129758122e+01
1.440041138421783096e+01
1.431657098632914504e+01
1.422856552728081247e+01
1.414810278066869742e+01
1.408208438213586611e+01
1.399969611345157361e+01
1.390982157966327648e+01
1.382579269635496821e+01
1.374202938364497584e+01
1.366082457182805321e+01
1.357805544990722524e+01
1.351386419236548697e+01
1.344591415927557065e+01
1.336731797542030975e+01
1.330063862693767618e+01
1.322489776284083796e+01
1.315895533566380848e+01
1.311635564146105182e+01
1.304565174956286455e+01
1.299749052023945239e+01
1.293285396757485906e+01
1.285644603442731615e+01
1.279787674190546554e+01
1.272542613020690361e+01
1.266512412687164080e+01
1.261156236743259385e+01
1.254343540624000752e+01
1.247380667686131872e+01
1.240909950339817946e+01
1.234422610420153354e+01
1.228410470406383581e+01
1.222429339523698744e+01
1.216460315497736389e+01
1.211003203258157512e+01
1.204533657932000423e+01
1.198141146626560882e+01
1.191392070267455949e+01
1.185711383714312639e+01
1.179558771033099873e+01
1.173486908933238304e+01
1.167839897622831913e+01
1.162910140671184500e+01
1.156799177565850023e+01
1.151146539917107425e+01
1.144831036715162753e+01
1.139186936476706791e+01
1.133043529874471211e+01
1.127731211950447410e+01
1.124604366466890504e+01
1.119649762860323428e+01
1.115102872920875399e+01
1.109735341155964150e+01
1.105991856270631146e+01
1.103245265095573480e+01
1.098535603261498927e+01
1.093753105720453256e+01
1.088704575825121168e+01
1.084000686101024158e+01
1.078740451199130845e+01
1.074025934807947280e+01
1.069472050347647141e+01
1.066754482422359551e+01
1.061888766824666952e+01
1.058590453201510684e+01
1.053695868974884675e+01
1.049204605210075236e+01
1.045550418699510686e+01
1.040698648903161327e+01
1.035856720015960164e+01
1.032098690094331594e+01
1.028507151610504700e+01
1.024063517473128115e+01
1.019946835912952210e+01
1.016698526738422181e+01
1.012103298492140624e+01
1.008205358892581138e+01
1.004276400262203772e+01
1.001844361450331888e+01
9.987460165624996833e+00
9.952022730694089603e+00
9.920025985098511967e+00
9.888226447023276577e+00
9.867753163674645833e+00
9.840571760968190418e+00
9.804699837170165466e+00
9.767049106353796972e+00
9.730613260204988180e+00
9.694965433730649451e+00
9.678199961278364682e+00
9.641593631520068541e+00
9.607031260879102419e+00
9.576457843955664018e+00
9.553987715210352505e+00
9.521917963945794483e+00
9.489737288456643327e+00
9.454500051373507574e+00
9.428988413799940460e+00
9.398206022159966366e+00
9.370669910135761782e+00
9.336779501394181224e+00
9.311534722828122668e+00
9.276421630010176500e+00
9.248342621926424201e+00
9.213484759444890315e+00
9.189077430705820504e+00
9.157091615854715982e+00
9.134895499047782863e+00
9.102016552910718872e+00
9.070892045767902090e+00
9.035404039811618659e+00
9.012855248094373550e+00
8.983880252487900009e+00
8.950820289439750610e+00
8.925993710010153848e+00
8.893032175275392248e+00
8.864853517491695811e+00
8.836053847871760070e+00
8.809727682919081815e+00
8.791126647393866733e+00
8.759946331506561989e+00
8.740973182270746378e+00
8.713175056129427887e+00
8.685371335474640020e+00
8.662271838642926269e+00
8.639422786808870214e+00
8.610366537950584487e+00
8.581515827424631482e+00
8.560555154264045896e+00
8.541451142967696697e+00
8.514910991004493113e+00
8.489036050104520115e+00
8.477567942483986485e+00
8.459165787198720921e+00
8.431778187924539480e+00
8.404387821343830112e+00
8.377765741507296582e+00
8.351413982638785427e+00
8.324385886911310095e+00
8.303721923489380430e+00
8.281631109528827750e+00
8.255539840632208026e+00
8.238313546050038738e+00
8.214159005303161010e+00
8.199186303017018673e+00
8.178937169512773053e+00
8.161214547932930330e+00
8.141212490981088123e+00
8.117837433959406823e+00
8.093113974288657531e+00
8.067512536096669962e+00
8.048452062334360946e+00
8.022303758327856471e+00
8.011780334112625468e+00
7.990630001042744901e+00
7.966631576332326325e+00
7.944156598039107564e+00
7.920521152378437790e+00
7.897220717810525592e+00
7.872541648899576749e+00
7.848251440776438770e+00
7.829121092536315274e+00
7.806220862562049057e+00
7.783487869237318613e+00
7.761234807075995334e+00
7.744258919587037937e+00
7.721125136976445091e+00
7.714172637779638464e+00
7.695841856294114436e+00
7.680017061331831485e+00
7.658899111844317709e+00
7.641101710914206535e+00
7.620689421618866533e+00
7.607185909625636455e+00
7.588766032549147056e+00
7.575844576363608418e+00
7.553576477123595367e+00
7.531551968912070905e+00
7.510854745096058771e+00
7.488122090743940085e+00
7.468579443968080156e+00
7.447397888578360714e+00
7.428074347085514617e+00
7.407071841776441623e+00
7.387792571980806855e+00
7.381218430995978075e+00
7.363549387291074666e+00
7.348715449709779968e+00
7.327897640742451202e+00
7.322911652527835713e+00
7.303588403227449177e+00
7.285393203261591566e+00
7.270753046540499476e+00
7.254098876611709379e+00
7.237033778113406868e+00
7.223147525368919908e+00
7.202834987727811722e+00
7.188973156216622584e+00
7.188897629770096387e+00
7.169322940882875805e+00
7.155085644073356121e+00
7.151114333201772588e+00
7.134751441932769112e+00
7.116901109498027900e+00
7.101335959087514027e+00
7.088350850442575179e+00
7.076345421783373446e+00
7.062648317461320602e+00
7.048386806265860116e+00
7.048223985477189757e+00
7.037269697140414948e+00
7.022490143023246034e+00
7.007538932749044491e+00
6.990524390206432237e+00
6.978616828987250109e+00
6.962314407840033859e+00
6.945923565324089388e+00
6.931521040562670599e+00
6.922233017420650114e+00
6.910410674139590981e+00
6.907665540972683260e+00
6.893506270406905223e+00
6.881853742122387096e+00
6.875419411113944612e+00
6.859394470385589138e+00
6.844581079263416079e+00
6.829214771594701361e+00
6.813619620251331277e+00
6.798079812974734182e+00
6.781949134140169200e+00
6.769703463646774111e+00
6.755946742540130501e+00
6.744632578027617065e+00
6.729376763708964759e+00
6.718199557457900539e+00
6.703150552962231501e+00
6.691521216217350521e+00
6.679330304752209457e+00
6.662606821472464524e+00
6.648002348840987175e+00
6.637766674333412276e+00
6.622061209080287725e+00
6.606900296083121127e+00
6.596524826538489705e+00
6.582401420080024046e+00
6.570910405348030281e+00
6.566718247718148049e+00
6.555817598589644746e+00
6.542050916151219475e+00
6.527753165531874124e+00
6.516026783151287916e+00
6.506981866383913626e+00
6.507954929369542896e+00
6.494636318682042386e+00
6.481963925841497165e+00
6.469172322048323487e+00
6.455252978616329962e+00
6.443835920563039998e+00
6.430717937651508009e+00
6.421667606921855231e+00
6.411890286752388590e+00
6.397134297401346537e+00
6.395433417457351055e+00
6.384359441713515437e+00
6.382668150006458596e+00
6.373398982403910118e+00
6.360764944721157832e+00
6.350304305584583808e+00
6.340771512253645881e+00
6.327059599521954070e+00
6.313432281936071533e+00
6.300402379921443696e+00
6.287845070777598799e+00
6.279016012664240698e+00
6.267426822260164343e+00
6.254070024791922755e+00
6.254319858134077315e+00
6.255539495390729954e+00
6.243729377734386965e+00
6.230744269424423720e+00
6.217521745513876930e+00
6.205084519437595425e+00
6.198144051967049428e+00
6.185167777694537961e+00
6.175154178430482865e+00
6.164072099531069604e+00
6.154352436379226354e+00
6.143212165263238766e+00
6.136190178544845608e+00
6.124297378977659356e+00
6.114177757943641822e+00
6.104989389271368694e+00
6.095963702929381611e+00
6.084312929853736840e+00
6.072409389710886174e+00
6.062926912391532142e+00
6.052426105339785423e+00
6.047545378250138270e+00
6.037687825733509150e+00
6.028732821055199587e+00
6.016560796398943367e+00
6.004813939719838345e+00
5.994934847495382080e+00
5.983554608242612538e+00
5.972262479525228152e+00
5.964298307793531428e+00
5.957189727543865665e+00
5.948762801080337503e+00
5.948018402926626536e+00
5.947108231686340396e+00
5.939754035111652009e+00
5.936230172948464556e+00
5.927700902007083883e+00
5.920889273697043542e+00
5.913290784031557834e+00
5.904577686382960877e+00
5.894737114679982071e+00
5.884697839594046798e+00
5.875871721778182177e+00
5.867244575220158964e+00
5.858414386750408376e+00
5.852148062303162313e+00
5.840959591358804381e+00
5.830526422045842594e+00
5.821618766536489353e+00
5.810916015761012687e+00
5.803639024881019459e+00
5.798018091065526569e+00
5.788587669953968451e+00
5.779044274760803290e+00
5.768563660548998939e+00
5.761237631441417761e+00
5.752801113890890328e+00
5.742536379855116557e+00
5.740184990973948409e+00
5.730068366141195746e+00
5.721907197843504989e+00
5.723989452488232210e+00
5.715961959247415791e+00
5.710527182070130436e+00
5.700689489534682686e+00
5.690452071188164318e+00
5.681748607903574388e+00
5.672381880383762010e+00
5.663961995864270627e+00
5.654214201957597830e+00
5.653454314640023348e+00
5.643330291497422380e+00
5.633600535010244492e+00
5.626096218714500274e+00
5.616640063092364521e+00
5.610800312832571635e+00
5.601474412928555857e+00
5.595000681923368191e+00
5.585651562152997407e+00
5.576548015370915046e+00
5.567948129783538036e+00
5.563538130476633370e+00
5.556792178927318027e+00
5.548181126748102265e+00
5.540289652227043504e+00
5.532618538623212956e+00
5.523122706401592197e+00
5.513637854854462006e+00
5.504621129596304563e+00
5.499937734415127011e+00
5.492161092644164633e+00
5.482598591416913081e+00
5.474795432727133537e+00
5.465491759310260100e+00
5.457652806652207644e+00
5.452535439491022373e+00
5.443669920081763536e+00
5.435046059275471464e+00
5.427038277071599914e+00
5.426231029192901012e+00
5.419335805287354368e+00
5.411871558799012938e+00
5.403550801780326651e+00
5.402268894716219627e+00
5.393419110863212573e+00
5.385163299604994513e+00
5.377369011411796684e+00
5.371516095696157400e+00
5.362793629923555017e+00
5.353593660138895594e+00
5.349954877622623783e+00
5.341208992186221138e+00
5.332882767270636926e+00
5.325232888670321962e+00
5.318002449829755562e+00
5.315849023482958735e+00
5.309035964153487441e+00
5.300317943080726124e+00
5.292013044817613476e+00
5.286713560348964336e+00
5.279229584335381809e+00
5.273528077578009565e+00
5.265501877049595159e+00
5.256976589383960174e+00
5.248781145042491048e+00
5.241303919778416365e+00
5.234642299309056668e+00
5.226088114074523894e+00
5.218904782976851564e+00
5.214001675845326034e+00
5.207068465326694096e+00
5.202171672507323485e+00
5.193817656235349745e+00
5.194690348546610714e+00
5.186354201371838890e+00
5.178905534643999609e+00
5.171498970820641361e+00
5.165413543817794384e+00
5.158710388194944763e+00
5.153394395972207498e+00
5.146048046417424082e+00
5.145066353116523494e+00
5.137034034577594888e+00
5.131027646548370846e+00
5.123122981067897541e+00
5.116106237141028856e+00
5.109602712732680629e+00
5.107086457191059026e+00
5.099386403236704446e+00
5.091952798362637367e+00
5.085461455278065479e+00
5.078493007684278027e+00
5.070951918829116778e+00
5.064717315279450460e+00
5.057248585212412273e+00
5.052109757573060911e+00
5.044647164630720937e+00
5.042502131866444692e+00
5.037169379483735554e+00
5.033189524811888305e+00
5.028205998656448017e+00
5.020634480081144879e+00
5.013167543753191957e+00
5.005834526107912907e+00
4.999715699217181175e+00
4.992565303981703728e+00
4.984997092882927916e+00
4.977545140241391053e+00
4.970423014431331055e+00
4.964866030171829259e+00
4.957758073174455937e+00
4.950621102593274259e+00
4.950328525491669573e+00
4.944185189178290862e+00
4.936842070610945044e+00
4.937439428260415930e+00
4.933042192369500256e+00
4.925866803250544379e+00
4.919919037720973165e+00
4.914754017534189501e+00
4.910272633127447328e+00
4.905118544935848313e+00
4.899788615671877956e+00
4.899950847077673366e+00
4.894875575451171912e+00
4.890436445309969571e+00
4.885829687567536439e+00
4.878936237631312345e+00
4.875652127076667064e+00
4.874187410175644608e+00
4.868071188611756028e+00
4.862155689157488858e+00
4.856371614230141631e+00
4.853881488798677424e+00
4.848555192286117865e+00
4.842225461491545424e+00
4.837112041668660822e+00
4.830949745198895862e+00
4.828777257540638246e+00
4.823302714877134356e+00
4.816692197631454953e+00
4.811279139501134949e+00
4.806024045351499296e+00
4.803922413832181881e+00
4.797833413378311818e+00
4.795182259771940458e+00
4.791319066774084590e+00
4.788336557111244396e+00
4.784035839649125599e+00
4.778302028702396065e+00
4.772032573383514276e+00
4.765957805468027608e+00
4.759480671357468218e+00
4.753445712849189597e+00
4.751133838825400524e+00
4.745199531560156281e+00
4.745015216591629503e+00
4.738511792174509019e+00
4.733427521742370025e+00
4.730113732536675997e+00
4.723536549853632138e+00
4.722637962731413452e+00
4.717108581367451592e+00
4.712757814638961484e+00
4.707617590620715831e+00
4.701879055882441705e+00
4.702863737008312839e+00
4.696745632630411116e+00
4.691604946121413988e+00
4.687614402546754988e+00
4.683703398872781420e+00
4.677198303957113446e+00
4.671220247973881357e+00
4.664944741450139709e+00
4.658931671582909217e+00
4.652819668713025436e+00
4.646782576625345662e+00
4.640459974625003703e+00
4.637506390816517943e+00
4.633519713644705718e+00
4.629486681517483326e+00
4.624376715345514199e+00
4.619878388275490799e+00
4.616267289213284108e+00
4.613655488207056621e+00
4.607241560007129699e+00
4.604549109486551828e+00
4.599768255131190919e+00
4.593626450055568355e+00
4.587761615852603114e+00
4.585881284077152564e+00
4.579940385895678645e+00
4.579862700127297792e+00
4.576996551526908874e+00
4.570968324071054134e+00
4.568308341427198549e+00
4.564101362356029590e+00
4.564090808975376667e+00
4.559448691293814804e+00
4.556380959271661979e+00
4.550944264322440702e+00
4.548552445541955258e+00
4.542538523996816124e+00
4.537245988077503789e+00
4.531685028268965354e+00
4.527317986556921525e+00
4.521675152330982606e+00
4.519829735345386901e+00
4.517027501436448489e+00
4.514302148161481121e+00
4.512896614870338219e+00
4.507842156619889629e+00
4.502416636276742601e+00
4.496649054765244458e+00
4.492545945678762642e+00
4.487887755061031214e+00
4.482659906306504460e+00
4.478355416183428694e+00
4.473879840390128315e+00
4.470968262910724356e+00
4.467258666804889700e+00
4.466825497273816836e+00
4.462273282495909044e+00
4.456665621005701183e+00
4.452708537874495498e+00
4.448178901620909897e+00
4.442924139621687196e+00
4.439562732557091884e+00
4.434517319471168229e+00
4.429758525928041202e+00
4.424578971175284536e+00
4.422983263531715892e+00
4.418612508959319563e+00
4.413462964991518689e+00
4.408014258459115986e+00
4.403438632234978556e+00
4.399317091982204886e+00
4.394580178705691509e+00
4.389396423109810819e+00
4.384648101071362269e+00
4.379731183825565921e+00
4.374719355781966357e+00
4.370306333904112606e+00
4.365386876441144537e+00
4.360785496582705534e+00
4.355720047570483366e+00
4.350526758780401515e+00
4.352267840522904052e+00
4.350964118100813849e+00
4.345422739107670296e+00
4.341569996081880767e+00
4.337021793183906127e+00
4.333323430172686841e+00
4.328592994485237710e+00
4.323374728615358542e+00
4.322064539828900820e+00
4.317058875051844602e+00
4.312658446605206919e+00
4.307683583962238494e+00
4.307125270229875902e+00
4.301908436803579150e+00
4.297120909550774748e+00
4.294550319162496521e+00
4.289942345418322311e+00
4.286640656766105728e+00
4.282907074692642979e+00
4.278662901355019699e+00
4.275849067964492711e+00
4.272424375131973484e+00
4.267940651861544588e+00
4.263653075382193514e+00
4.260111701841108989e+00
4.255431266048932848e+00
4.252904626832308743e+00
4.249132369493146655e+00
