1.021120131667000663e+01
9.593017319889996841e+00
9.466042060120765100e+00
9.233769350528977071e+00
9.023881784008256801e+00
8.807818958861842518e+00
8.653379019871408673e+00
8.482611133571843709e+00
8.324423836594167625e+00
8.157910880043296231e+00
7.997407510499213501e+00
7.849775707022669025e+00
7.701842262983053189e+00
7.556649002157484141e+00
7.424850667807111115e+00
7.293901084420257419e+00
7.171337974923654102e+00
7.063638224470817129e+00
6.957798673721583782e+00
6.852351378696140749e+00
6.746119143168388455e+00
6.646305851475567295e+00
6.555029064188015120e+00
6.459700743839909443e+00
6.373255537641188795e+00
6.273755654090932943e+00
6.181735348036562883e+00
6.111334154993721235e+00
6.033547948830974228e+00
5.951856632208925468e+00
5.875939405277363470e+00
5.797294523640084130e+00
5.723691859297800555e+00
5.652258212709652341e+00
5.592169536071510905e+00
5.523853101217581774e+00
5.450213737857482421e+00
5.385102981144367362e+00
5.322992223855776750e+00
5.264639125755605775e+00
5.204272305078067262e+00
5.145665419049761269e+00
5.093409402566337008e+00
5.037163506164980653e+00
4.987031105434449607e+00
4.935585781462203059e+00
4.894489065908786074e+00
4.846460020899870713e+00
4.796246655016242144e+00
4.753889679563774173e+00
4.708497931028920114e+00
4.666929861262378409e+00
4.626002230576399477e+00
4.580704867453079032e+00
4.533427710911362318e+00
4.490190634400846648e+00
4.449036364307700886e+00
4.408393514349230990e+00
4.371167280961692825e+00
4.333085011014012444e+00
4.297079177571377251e+00
4.255356321196710034e+00
4.224338982709528345e+00
4.191459701819382211e+00
4.158817801390795488e+00
4.124468880489749800e+00
4.088678871153529570e+00
4.056866805869963954e+00
4.030283978573812931e+00
3.996511691266239730e+00
3.964985130057604668e+00
3.931941112390383353e+00
3.898819805787548720e+00
3.873966691955856856e+00
3.842685540765346630e+00
3.810273052425592333e+00
3.779407814015744993e+00
3.748737620542882620e+00
3.720103293882186968e+00
3.690673527563399503e+00
3.662306551278152966e+00
3.634765939612234487e+00
3.606512115508429872e+00
3.580351804819307482e+00
3.555242576545321942e+00
3.527261052404782493e+00
3.501530950475255644e+00
3.473527819067529609e+00
3.448109435848554671e+00
3.427431881523137491e+00
3.402907597086235025e+00
3.378445248839383019e+00
3.354807191412015666e+00
3.331079897176138616e+00
3.308862705882323230e+00
3.287392845068774161e+00
3.265195739094373550e+00
3.244894109849330466e+00
3.222318955350089276e+00
3.202105277036376485e+00
3.180790417585217966e+00
3.160347978661371293e+00
3.137941018381861902e+00
3.116454814061622169e+00
3.094619152591620015e+00
3.077858426339028508e+00
3.056796271846914159e+00
3.036454538666130354e+00
3.014872344434299301e+00
2.994852551806873819e+00
2.978183994039059979e+00
2.959495208167315816e+00
2.943376610076675615e+00
2.930831072423452532e+00
2.911233393660593194e+00
2.890949007140492633e+00
2.873430953080725381e+00
2.857341487636136712e+00
2.843599788885192492e+00
2.827578493750406263e+00
2.810368582796848536e+00
2.793652531034817699e+00
2.779162860047713846e+00
2.765054297757062685e+00
2.752002385477393176e+00
2.736433532250975187e+00
2.719650285578282478e+00
2.702812573413358788e+00
2.686318338834616792e+00
2.671874700446593476e+00
2.657393311404261382e+00
2.641310828555167856e+00
2.627271925937166852e+00
2.613634411758252618e+00
2.599502507288073083e+00
2.585320658346650813e+00
2.572306424090880839e+00
2.557186533918658355e+00
2.542723729794536425e+00
2.530891896136896246e+00
2.520857867209512548e+00
2.506503046526954215e+00
2.491864685000811708e+00
2.480064253389977491e+00
2.469216090978218148e+00
2.456657029307896423e+00
2.443312850325838337e+00
2.430272206207572339e+00
2.417059728422703557e+00
2.403565449859679237e+00
2.392987105863366271e+00
2.381279224381764426e+00
2.370746857203148039e+00
2.360339115038842195e+00
2.349888299181271734e+00
2.342395810825581570e+00
2.332805945626366562e+00
2.324217861280239106e+00
2.314927476409151197e+00
2.306989604999829524e+00
2.296210915612997727e+00
2.283771987860653496e+00
2.273496746740936381e+00
2.264635286546272663e+00
2.254802894665239421e+00
2.243696366650820728e+00
2.232784753563066715e+00
2.222400154025546470e+00
2.211898547109290014e+00
2.201937964898755595e+00
2.193013220102295602e+00
2.183391215381773609e+00
2.173187334190338937e+00
2.166864165658458408e+00
2.156842018640038550e+00
2.146984751135383007e+00
2.139455003893159901e+00
2.130797617972409519e+00
2.121357910275130543e+00
2.112064568435415790e+00
2.104686178093498228e+00
2.095755671871189385e+00
2.086046147975997300e+00
2.076339424017291435e+00
2.068664385592549948e+00
2.060981298192762434e+00
2.052556944502821334e+00
2.045810663366915083e+00
2.036712016372593581e+00
2.027937341090467083e+00
2.020110483211646102e+00
2.010864336816517106e+00
2.002420942058643849e+00
1.993932568845722120e+00
1.985757637993242231e+00
1.978058795207382703e+00
1.969877337514263527e+00
1.962621452223679785e+00
1.956339300786777757e+00
1.948547764501304957e+00
1.942682512922631055e+00
1.935088755700113516e+00
1.927136377794578248e+00
1.920147918756310412e+00
1.913795040097542088e+00
1.908104065029635255e+00
1.900767449093386130e+00
1.892893207565556235e+00
1.886246101919065943e+00
1.879851507523940812e+00
1.874585852441308598e+00
1.868343561068223746e+00
1.863155536828881020e+00
1.855484897276082679e+00
1.849769739763449383e+00
1.844197392797406909e+00
1.837908069099581265e+00
1.831323073481724961e+00
1.824552971990240691e+00
1.818631968736490023e+00
1.812377151291865385e+00
1.805010100327800737e+00
1.798724722644752472e+00
1.792809885922374225e+00
1.786348146969851225e+00
1.779982028115060011e+00
1.773355762441671812e+00
1.767580032473673457e+00
1.761100780530209464e+00
1.755112596242628165e+00
1.752124162293664744e+00
1.749706650674530906e+00
1.743759584599748003e+00
1.737290603609972450e+00
1.731566337173364056e+00
1.726278028897289207e+00
1.720647475821737160e+00
1.715577546485136606e+00
1.710763126321195315e+00
1.706853387541624967e+00
1.702607411192074816e+00
1.697880783957357975e+00
1.692296807407669190e+00
1.687088777584780708e+00
1.681764520201820545e+00
1.676539387922721946e+00
1.671274397135786405e+00
1.666749802703418659e+00
1.660911328357667749e+00
1.657587205828540133e+00
1.652344121071916749e+00
1.646465896749026880e+00
1.642933263067850813e+00
1.637785000379606615e+00
1.633603283227319070e+00
1.629209729886310187e+00
1.624057772089333440e+00
1.619643370885487155e+00
1.614134804728910577e+00
1.609699380722224404e+00
1.606123195169562923e+00
1.601728565085555944e+00
1.597382242101066607e+00
1.592419849294776979e+00
1.588759198422799557e+00
1.583834102516232800e+00
1.579251985785967483e+00
1.576576694001293966e+00
1.573866368031673790e+00
1.569625103599713967e+00
1.564895122589950560e+00
1.559933390383096530e+00
1.555407022378380910e+00
1.551783471595143071e+00
1.548764392135545398e+00
1.543941337851202134e+00
1.540461300336435579e+00
1.535921667604390528e+00
1.532479409705749696e+00
1.533038430551093789e+00
1.530951542828387524e+00
1.526337144816374281e+00
1.522016564251399862e+00
1.517440277182539043e+00
1.515648444754280399e+00
1.511103698691540931e+00
1.510195731829367283e+00
1.505580943129523508e+00
1.501252563955157715e+00
1.496612606693916936e+00
1.492194731533242225e+00
1.488059043837537843e+00
1.483722711447560627e+00
1.479718249623553028e+00
1.476132938932263494e+00
1.471652251404474532e+00
1.467093631342186288e+00
1.462619373979954673e+00
1.458502238144269381e+00
1.454688578884262506e+00
1.451434336996925589e+00
1.447867814014164534e+00
1.443928728590790023e+00
1.440340876025353989e+00
1.437593549842586027e+00
1.434092319268778448e+00
1.430598911029656195e+00
1.427748097390761250e+00
1.426434229126722242e+00
1.422289596474547668e+00
1.418396964825532791e+00
1.416164326992935374e+00
1.412221509362603378e+00
1.408839235902472176e+00
1.408345909720150280e+00
1.406776766862252837e+00
1.402887780378293758e+00
1.399672034310899482e+00
1.396172032172155131e+00
1.394773505058954033e+00
1.392101101565543564e+00
1.389415706519637306e+00
1.387142138564315674e+00
1.384356307609442283e+00
1.382243668124529590e+00
1.380438389049180259e+00
1.377165165983098793e+00
1.373820307424953313e+00
1.370592666080008515e+00
1.366982505472308151e+00
1.363702055429030668e+00
1.361541737529134766e+00
1.359783616945895224e+00
1.356919306793022972e+00
1.353793285249427658e+00
1.350655453640995596e+00
1.348233410735553583e+00
1.344639540649917198e+00
1.341225516286621788e+00
1.337668682605578141e+00
1.334452383648063067e+00
1.330975380115034357e+00
1.330350083059298694e+00
1.326964104669938305e+00
1.324228772782266361e+00
1.320838968970085459e+00
1.319099687974073731e+00
1.316797373443271635e+00
1.313749225972114409e+00
1.310532956258767978e+00
1.308192771075569194e+00
1.305522240577802640e+00
1.302714458275971543e+00
1.299633668847762769e+00
1.296365434964775520e+00
1.293605237046570933e+00
1.290356011714142381e+00
1.287758332212857626e+00
1.284986203630246404e+00
1.282844355390013957e+00
1.280399454858532904e+00
1.277419464536210247e+00
1.274414310342088852e+00
1.271375435977356139e+00
1.269841943677651130e+00
1.266908964864897458e+00
1.264263873222434054e+00
1.261180391665030376e+00
1.258157036085864267e+00
1.255034947602458928e+00
1.252724348912321206e+00
1.250356537137385482e+00
1.247295383226374232e+00
1.247346584510087286e+00
1.244513072324749947e+00
1.241879921329155589e+00
1.239254639809699743e+00
1.236512078666683223e+00
1.233731671394208806e+00
1.231958054392909618e+00
1.230931691821201879e+00
1.229971957068379362e+00
1.227441318148285498e+00
1.225830808111755932e+00
1.223135835975011965e+00
1.221871448113921232e+00
1.219622171752996698e+00
1.217314379840604754e+00
1.215176069377448931e+00
1.213841861209605355e+00
1.214226870972305194e+00
1.211929579845160809e+00
1.209846309399617015e+00
1.207443394094051214e+00
1.204878203989611096e+00
1.203095700499561493e+00
1.200630546570440327e+00
1.198268113684393343e+00
1.198222928089319517e+00
1.195984262408857024e+00
1.194048165226865299e+00
1.191695860660007655e+00
1.189143993421962531e+00
1.187824710617082502e+00
1.185524026123863761e+00
1.185059283147024356e+00
1.182690887845184946e+00
1.180428944217212006e+00
1.178076414495662583e+00
1.176108157776611485e+00
1.173772058142205976e+00
1.172003293900452325e+00
1.170340922922947335e+00
1.168231346201287435e+00
1.165862563476220970e+00
1.163573245472271367e+00
1.161181244597942364e+00
1.158978449549292078e+00
1.157064077449140749e+00
1.155956744533939373e+00
1.154303219221519239e+00
1.153714818501527573e+00
1.151591611461278530e+00
1.149273950613891371e+00
1.147626253122524087e+00
1.145630823745472870e+00
1.143404877262167219e+00
1.141016330496844366e+00
1.139982175199853565e+00
1.138163542847092424e+00
1.136029750528008364e+00
1.133903084772982517e+00
1.131451849386401420e+00
1.129212446212304100e+00
1.127090153772693615e+00
1.125700611049004651e+00
1.124198470674446337e+00
1.123756980439257536e+00
1.121367483570599788e+00
1.121312923155997510e+00
1.119472511325907860e+00
1.117758828279422412e+00
1.116842085727269174e+00
1.114773909016667286e+00
1.112969520170827620e+00
1.110684316285617479e+00
1.108432275645490961e+00
1.106462193999760091e+00
1.104949771554425197e+00
1.102817873210528932e+00
1.100976241201245376e+00
1.099314557699077044e+00
1.097100423371438982e+00
1.098934952507990559e+00
1.097074969668399458e+00
1.095684915278308136e+00
1.093717068509507895e+00
1.092079554582035428e+00
1.090663801872448602e+00
1.088732590442417880e+00
1.087105602593330111e+00
1.086086798164088041e+00
1.084603392271985545e+00
1.082595505835973304e+00
1.081437635468669223e+00
1.079763871136562470e+00
1.077858033068414656e+00
1.075950002591460786e+00
1.075069224326361761e+00
1.073003071765167071e+00
1.070999638236643126e+00
1.068948208906996600e+00
1.067592269795427207e+00
1.065916602317882322e+00
1.063997279283123820e+00
1.062536170166326954e+00
1.061000469799985746e+00
1.059122366453720598e+00
1.057152555489650148e+00
1.056670776210863805e+00
1.054972223946085919e+00
1.053210415392360710e+00
1.051289553257321874e+00
1.049835224038586201e+00
1.048048554212775763e+00
1.046294328026737608e+00
1.047235788082243602e+00
1.045784094069063253e+00
1.043938330765648015e+00
1.042670807733584892e+00
1.041214716864800938e+00
1.040172663913887741e+00
1.038563754734554978e+00
1.037425466360585746e+00
1.035944869912802879e+00
1.034114377879852720e+00
1.032468411337917891e+00
1.031316007918472444e+00
1.029604560615340336e+00
1.028662137171562296e+00
1.028441799673164514e+00
1.028095246526620876e+00
1.027017051108852330e+00
1.025312743792253789e+00
1.024108183539528483e+00
1.024764307225822790e+00
1.023224273754067770e+00
1.021805806855669019e+00
1.020765596944764209e+00
1.019334800850040246e+00
1.017788821744809669e+00
1.016301134286405450e+00
1.015151189155901079e+00
1.013653395125188483e+00
1.011927740627453387e+00
1.010853756566599593e+00
1.009356366075016220e+00
1.007951675922333923e+00
1.006400764109874446e+00
1.004997140596477490e+00
1.003269214548830890e+00
1.001531869698381927e+00
9.997700794216809461e-01
9.986173058012771664e-01
9.973435233793580545e-01
9.957386443605933390e-01
9.951680990630185075e-01
9.936589632199955835e-01
9.923376152986289611e-01
9.912629683797170577e-01
9.899585257926079018e-01
9.884129574123614592e-01
9.866703584841531871e-01
9.852307989254784903e-01
9.843897653343767207e-01
9.830016892090158720e-01
9.830541554785066083e-01
9.815039394138828088e-01
9.801137751980051327e-01
9.787103581016722842e-01
9.782333301162428052e-01
9.767330391538301404e-01
9.764112876665482776e-01
9.747653661822714977e-01
9.733975178952001261e-01
9.718365442202889781e-01
9.711789912494338539e-01
9.703599943459260135e-01
9.690277528364110715e-01
9.678042206950138171e-01
9.664827331878204086e-01
9.650339213204818245e-01
9.633955523294746026e-01
9.628495933860058420e-01
9.613776119733943304e-01
9.603566842661044323e-01
9.589681861234865545e-01
9.579994703820189361e-01
9.565744270602448696e-01
9.550346529787756555e-01
9.537844671267794450e-01
9.526295102765369727e-01
9.515322036157347618e-01
9.508547201277558480e-01
9.509304271832753619e-01
9.494802816122737132e-01
9.482711211827217213e-01
9.469612924121378894e-01
9.459229043121484271e-01
9.445931695793677862e-01
9.435962492134328805e-01
9.424864335861504738e-01
9.410893791759732396e-01
9.396554979686951858e-01
9.381681477847320094e-01
9.367116811878610783e-01
9.355994367915572152e-01
9.347006256578620498e-01
9.335914565034661994e-01
9.321668171122010627e-01
9.307374771468055474e-01
9.300083895219222185e-01
9.287930350136492930e-01
9.279341157690410569e-01
9.265670258055594966e-01
9.259738686330906132e-01
9.262510551294599326e-01
9.260924551184623876e-01
9.251140894053846431e-01
9.242798420247581026e-01
9.230434968515625060e-01
9.216678294444400343e-01
9.206863304231209799e-01
9.193865095382531827e-01
9.182771551422928002e-01
9.173814914016822364e-01
9.177947817834306576e-01
9.188873479547869927e-01
9.184164495765729797e-01
9.182540351308571269e-01
9.176745927539670111e-01
9.165748891875575843e-01
9.153851305033673391e-01
9.155847459884376427e-01
9.147648472419580568e-01
9.139208486507327533e-01
9.128733966028833580e-01
9.123576960917965106e-01
9.112095406062976632e-01
9.104943819994661958e-01
9.093559552021033277e-01
9.083466521824217210e-01
9.073244096386885449e-01
9.061879435445588937e-01
9.049332701179402250e-01
9.038324804220164710e-01
9.030256153607439940e-01
9.019791592363674004e-01
9.011039568083302198e-01
9.003616014765131181e-01
8.998023527614816830e-01
8.985495400685558076e-01
8.989488013879169959e-01
8.978430558028512865e-01
8.967223714076428820e-01
8.955947921197905393e-01
8.944607400999012858e-01
8.936553855890467801e-01
8.942464386938385745e-01
8.930282820998771687e-01
8.921307486502302320e-01
8.912236514513774965e-01
8.900056003244037894e-01
8.890646309913199374e-01
8.879764888924700506e-01
8.867948260228911694e-01
8.857662279763752755e-01
8.850705490691136434e-01
8.838366510281852051e-01
8.831583723426454924e-01
8.823715443333532971e-01
8.814141414765108706e-01
8.804646008440594196e-01
8.802410254408548074e-01
8.791899232539773790e-01
8.790322684480775806e-01
8.790561832522096886e-01
8.778961110457678130e-01
8.769334898631411246e-01
8.760650785275311270e-01
8.748524639415098392e-01
8.741066982349651182e-01
8.733016003035759534e-01
8.721950846734041196e-01
8.714853151767193440e-01
8.707452287584793726e-01
8.696859909461279736e-01
8.685884215306329814e-01
8.676078984355577450e-01
8.670845647036092840e-01
8.659439630147003353e-01
8.649145555772246308e-01
8.637561274590541682e-01
8.627298411595958338e-01
8.615515104516252576e-01
8.607957249773342534e-01
8.598550216109516198e-01
8.592205892483822938e-01
8.581435204318563770e-01
8.574380865183988121e-01
8.564078894681234067e-01
8.553446109055173885e-01
8.544048021609657040e-01
8.539473094810373643e-01
8.528941003713956803e-01
8.523165116956002985e-01
8.517109673466004560e-01
8.507639302015865823e-01
8.496092811389504007e-01
8.492650300655787410e-01
8.487939460483492349e-01
8.478315113077440346e-01
8.467675657520304933e-01
8.461096608447042922e-01
8.457682275599583965e-01
8.447123770968003598e-01
8.437116336768114566e-01
8.430914984382261723e-01
8.419590832265461122e-01
8.410716529214568027e-01
8.406930428354940643e-01
8.397719446581604075e-01
8.389389399364921562e-01
8.381545852664892271e-01
8.375755165544230829e-01
8.372276500097757257e-01
8.363896547709254170e-01
8.369254187609267426e-01
8.370504543901342576e-01
8.360261345866806248e-01
