2.643000670738869218e+01
2.617407256461627441e+01
2.635562331082270404e+01
2.609870018383220014e+01
2.572858117702324421e+01
2.558087660118784257e+01
2.536503487156385717e+01
2.529261578779377118e+01
2.507186475331483066e+01
2.474434857166186674e+01
2.458627028721704733e+01
2.437100546568699855e+01
2.416606611611801725e+01
2.399181969986207719e+01
2.381467900380500069e+01
2.363580083349496874e+01
2.350530303732463722e+01
2.329981077325296823e+01
2.312287002935074298e+01
2.297903462822215204e+01
2.280904467004819836e+01
2.264558959142078720e+01
2.247842741743915695e+01
2.232011033040836878e+01
2.216797085358881958e+01
2.201508196837879794e+01
2.186244528458800929e+01
2.170677525933762553e+01
2.157244165063536556e+01
2.140503241202742402e+01
2.126320930658188857e+01
2.110784541390452418e+01
2.095103555468219980e+01
2.080488110055109630e+01
2.064585198490792806e+01
2.050445647526634474e+01
2.036520862851962121e+01
2.023753868697756175e+01
2.010394018737689947e+01
1.996461125498222344e+01
1.983029766502164293e+01
1.969482781905851709e+01
1.955145786429032029e+01
1.941177048217473811e+01
1.927757660411710106e+01
1.914300170412395730e+01
1.902525901073111569e+01
1.891062561448014634e+01
1.877350113694938827e+01
1.865540357032975649e+01
1.852507884285491713e+01
1.840189869271478074e+01
1.827084796330125371e+01
1.813826116815969769e+01
1.802337302424416166e+01
1.789364207201208501e+01
1.780855443189556908e+01
1.769182834104227098e+01
1.757261973770333796e+01
1.746074919189005925e+01
1.734072886709354933e+01
1.724357689723739995e+01
1.712273648167499118e+01
1.700488259316466255e+01
1.689104974360659739e+01
1.677960199643547412e+01
1.665921594862828314e+01
1.655251977794180362e+01
1.643986300908616016e+01
1.634488577841160861e+01
1.624928006032843442e+01
1.614660315997400630e+01
1.602918541255795049e+01
1.593123095429071157e+01
1.583327147027001303e+01
1.573088751206137559e+01
1.562439063047093057e+01
1.553984858437465455e+01
1.543184101007887321e+01
1.532617701771243190e+01
1.524360453109538405e+01
1.515485111580140476e+01
1.506117414344310035e+01
1.496373234390865115e+01
1.486916584379460105e+01
1.477872528417155529e+01
1.468990891559479905e+01
1.460383630701127622e+01
1.450041896169318711e+01
1.440462921193121382e+01
1.431061662484103891e+01
1.421070000180754889e+01
1.412300478022813799e+01
1.403818645597983661e+01
1.396461447089393637e+01
1.388714702880990792e+01
1.381001639377792856e+01
1.372275569085640434e+01
1.364944973236740999e+01
1.356907599328122416e+01
1.348877062501582103e+01
1.341168226471789104e+01
1.333394258380380748e+01
1.325676500440473937e+01
1.319767005550340144e+01
1.312112865965091224e+01
1.305160633806298875e+01
1.299433165898349429e+01
1.293587343448979254e+01
1.286646752984294118e+01
1.279500384952515724e+01
1.273514972833030257e+01
1.265584951071522823e+01
1.258078949571838656e+01
1.251928677788787603e+01
1.244797769657748177e+01
1.237837791353715744e+01
1.231023352345043875e+01
1.224975321523038296e+01
1.218082096410920201e+01
1.211234456648190339e+01
1.206978374305796464e+01
1.203569677425670115e+01
1.199114240472771975e+01
1.193616023210658916e+01
1.187551553186404796e+01
1.182511179792756195e+01
1.178910841442607094e+01
1.173514053950486868e+01
1.167821767065588467e+01
1.162329069545137905e+01
1.156731770293528605e+01
1.151810824855193793e+01
1.145901888002824442e+01
1.141207949886173445e+01
1.135755991046275604e+01
1.129794081428073227e+01
1.124494226931459728e+01
1.119312848748430866e+01
1.114114575123447359e+01
1.109040361771999628e+01
1.103983737579414992e+01
1.098618953892754924e+01
1.094623532453497816e+01
1.089525491779476418e+01
1.085749618404585171e+01
1.080481580642788586e+01
1.075255115855640398e+01
1.073195949072867528e+01
1.069096826553825430e+01
1.064484923646640624e+01
1.060142246821473755e+01
1.055247305521695722e+01
1.051525666443095552e+01
1.049138157163775453e+01
1.044492431779179142e+01
1.039687572931787152e+01
1.035992087644844339e+01
1.031446166198688985e+01
1.027018829980315395e+01
1.022577044090640008e+01
1.018149015471041530e+01
1.014305573268815763e+01
1.009916849379801995e+01
1.006274920524521654e+01
1.002127789632519139e+01
9.990013558841551955e+00
9.983992374547630888e+00
9.941730225200391402e+00
9.903457082372554510e+00
9.864787769982049426e+00
9.836454383532453605e+00
9.804155473578417102e+00
9.761852294763871285e+00
9.720835574740297247e+00
9.683060303728685980e+00
9.645101253516067175e+00
9.609914597344660692e+00
9.582952629389527743e+00
9.542957577494139088e+00
9.514132615279539351e+00
9.486453995048059085e+00
9.458976539974489839e+00
9.440288465934660422e+00
9.404274931396876980e+00
9.369657614438258619e+00
9.348047154784515200e+00
9.320337607709673122e+00
9.285350637153412023e+00
9.256205737193507588e+00
9.224122758890237250e+00
9.192752530507604547e+00
9.161583084091228457e+00
9.137304318954832638e+00
9.103402569554297941e+00
9.072612160126228176e+00
9.043307634663271699e+00
9.018098503429650137e+00
8.985984351726358454e+00
8.958073177297327661e+00
8.929003833271242030e+00
8.900465914750764540e+00
8.873474174368690015e+00
8.842953321894338359e+00
8.811833212075633526e+00
8.787253067959092334e+00
8.756855172271896137e+00
8.743625837842776249e+00
8.714378162448086940e+00
8.691985998733301244e+00
8.661076448650872450e+00
8.630577854231791690e+00
8.601465384654879642e+00
8.577388971930895778e+00
8.549328027116350981e+00
8.533097367658713850e+00
8.505782428950730889e+00
8.476345207874445009e+00
8.457334818889005845e+00
8.435418672507136506e+00
8.409352876187670134e+00
8.393036554442820929e+00
8.365171267589852633e+00
8.351444468560359269e+00
8.332143095081971040e+00
8.305181679780051951e+00
8.279885749276678197e+00
8.253476419066640091e+00
8.225825111995270333e+00
8.204844126186817022e+00
8.178970163149791972e+00
8.158708250002918660e+00
8.134830705103182069e+00
8.111054875738195946e+00
8.084429955932726841e+00
8.059244973325061068e+00
8.054460434016954551e+00
8.032589793128943612e+00
8.012541250597662312e+00
7.990179923307536569e+00
7.966045313897477165e+00
7.943219329399139106e+00
7.919974058827215835e+00
7.899788558340482325e+00
7.880015406354784702e+00
7.860060142117312409e+00
7.836509221130860681e+00
7.816937283922969826e+00
7.797655286545582598e+00
7.775121592877805021e+00
7.754172749883714744e+00
7.731054696154904704e+00
7.716042515152928161e+00
7.693475819974179508e+00
7.679314034857283922e+00
7.671570805575361973e+00
7.652288239757090160e+00
7.629359630842889928e+00
7.613240577140844678e+00
7.593782804304963996e+00
7.575819908706101558e+00
7.555367129448546493e+00
7.534725685208882417e+00
7.516147825959757611e+00
7.494089452888767156e+00
7.474218508798870175e+00
7.474797772325329603e+00
7.456411880145338955e+00
7.434303635418155309e+00
7.413753288452235246e+00
7.395133414174071440e+00
7.382890141868502454e+00
7.362176534728211763e+00
7.345534760999649748e+00
7.334955918151219834e+00
7.316843959341704284e+00
7.298371798590610915e+00
7.289065946397395912e+00
7.273027760773454808e+00
7.256403854219164451e+00
7.239044776624066202e+00
7.220742113172833321e+00
7.203402159638159219e+00
7.184920887637073150e+00
7.167136947588000240e+00
7.147273438259086120e+00
7.131447306344332659e+00
7.115872747890658268e+00
7.100190156421128052e+00
7.086657201778898241e+00
7.069481040420749984e+00
7.059430475855665854e+00
7.042802791339997981e+00
7.024782229714502613e+00
7.006797175631023222e+00
6.990689079817640206e+00
6.977938458217858297e+00
6.965568298465010244e+00
6.950302394766975311e+00
6.937899860350286829e+00
6.938403061302087949e+00
6.921747014431063327e+00
6.905330758033929150e+00
6.894520329717656715e+00
6.894152786063171057e+00
6.876193405496335842e+00
6.860374029014707276e+00
6.844147197013796813e+00
6.828701864459764792e+00
6.815735373922441553e+00
6.804044654134489889e+00
6.793217555082001979e+00
6.779006083002333760e+00
6.763444852244568928e+00
6.753831024359992163e+00
6.745112948202579339e+00
6.733787672861754281e+00
6.729510742583299177e+00
6.716976700151815471e+00
6.716195867591459034e+00
6.701730630636861363e+00
6.691191096790257475e+00
6.676800632168013117e+00
6.663473016689666295e+00
6.652474716145862388e+00
6.644985690754087848e+00
6.633833651284607669e+00
6.619687854187979781e+00
6.606137316491455636e+00
6.598011981879055909e+00
6.585996609103872856e+00
6.571398072944650615e+00
6.559140629862176830e+00
6.557296070604594185e+00
6.545331385630015042e+00
6.535824783106340519e+00
6.527866192404534473e+00
6.515605997835967500e+00
6.502252026360000770e+00
6.488874040537077725e+00
6.475857918324114948e+00
6.468268355593812302e+00
6.454058306891362840e+00
6.440388861507361895e+00
6.428940343326025264e+00
6.423031973008326290e+00
6.411478032329032573e+00
6.398590221362576713e+00
6.392637351426282422e+00
6.391621297041837124e+00
6.377325091541451663e+00
6.363765328453397707e+00
6.357069422426559591e+00
6.347241963034541357e+00
6.334145405961107755e+00
6.320906187757318051e+00
6.307216477378882580e+00
6.294673016369823237e+00
6.286944095594301452e+00
6.279038768023910144e+00
6.265852544134720148e+00
6.254105561810863634e+00
6.240538148524119144e+00
6.227676212211267881e+00
6.214031308089898786e+00
6.202280091245492954e+00
6.190843990415554110e+00
6.178827046732214612e+00
6.175510083146920515e+00
6.166978162140716258e+00
6.154877455227867777e+00
6.145368341799048117e+00
6.134071579203615343e+00
6.121609797954438825e+00
6.112407607389540587e+00
6.099620282990040998e+00
6.087304769549133354e+00
6.075240025356547946e+00
6.064216949563979497e+00
6.052314164319499312e+00
6.041399566489314310e+00
6.035209217236761958e+00
6.026696641684801570e+00
6.016501698880881044e+00
6.004728441624594737e+00
5.994828485137672303e+00
5.983577445637495273e+00
5.977702293972502190e+00
5.966355176664661641e+00
5.956345924805349412e+00
5.947863990707902282e+00
5.942838102284214052e+00
5.933251484002620479e+00
5.923584614025307005e+00
5.914025250063670747e+00
5.902214451225623826e+00
5.899406441281874969e+00
5.892928029585799976e+00
5.883674096355447247e+00
5.873605498169011341e+00
5.863641496271239539e+00
5.853191721293355521e+00
5.846036295614863931e+00
5.835748929943563645e+00
5.829868096756300133e+00
5.819343816115917889e+00
5.809582344241285945e+00
5.801054328583395758e+00
5.794825826494800047e+00
5.784686046047542440e+00
5.774636635450930200e+00
5.766191456285938877e+00
5.756318905043706025e+00
5.750591205568618136e+00
5.740307591907631846e+00
5.734024359673432159e+00
5.727691497461311343e+00
5.723386419928562674e+00
5.713091035756916014e+00
5.704617706008749956e+00
5.694975174287241870e+00
5.690578232221073840e+00
5.683168544031482305e+00
5.678270648006937371e+00
5.671842769397142270e+00
5.663463094273079257e+00
5.652984074472697351e+00
5.642911157601907313e+00
5.634572843419284993e+00
5.624776851204508432e+00
5.619727271545579050e+00
5.610040280401015877e+00
5.603042874971033704e+00
5.594015667407559178e+00
5.587999116906759767e+00
5.580821898004685089e+00
5.573839072002638950e+00
5.564003735797023786e+00
5.556269544172238284e+00
5.548207167517086091e+00
5.539330927536850524e+00
5.532413943087142627e+00
5.524296420134453989e+00
5.515038320737621902e+00
5.506125892736315919e+00
5.497593968643500695e+00
5.488668649888123419e+00
5.478833728450344331e+00
5.474549260177626664e+00
5.465731616209414945e+00
5.465166926798794123e+00
5.457429213720880412e+00
5.449834662578335376e+00
5.440275579807201112e+00
5.432120189810031974e+00
5.430308978303807876e+00
5.421559221207056467e+00
5.412583770403592176e+00
5.404736720889066426e+00
5.396987854674729412e+00
5.387869322550257856e+00
5.382579550123300471e+00
5.374592759557654809e+00
5.366130468431586031e+00
5.359665472205746184e+00
5.356516320531669706e+00
5.349571011350441552e+00
5.347886908418471030e+00
5.340365233842318204e+00
5.333023625445912685e+00
5.325427572863338455e+00
5.319266535262427986e+00
5.312112555752701581e+00
5.307622353121913328e+00
5.302809130419048778e+00
5.299508646198660244e+00
5.290847456383404257e+00
5.284643278267765254e+00
5.275934427899681367e+00
5.269253141440987775e+00
5.265334440955711237e+00
5.264923013385613970e+00
5.258780316966125135e+00
5.255517649683733694e+00
5.248293890577392595e+00
5.246383565212372702e+00
5.239141019960936951e+00
5.232364204227697435e+00
5.225188723242607303e+00
5.217396317630913494e+00
5.208936681805862001e+00
5.201107227425289636e+00
5.192799246716784722e+00
5.186466134738609846e+00
5.190327087948263696e+00
5.185393802331005553e+00
5.177366427206101740e+00
5.169171254346360378e+00
5.162934361593178423e+00
5.157709666047236574e+00
5.151632502603703756e+00
5.146363349233781470e+00
5.140560445289382940e+00
5.136062674431074448e+00
5.131077639551323344e+00
5.123720304549905791e+00
5.116151087552992749e+00
5.108443673911098770e+00
5.101521595807145815e+00
5.094363747705162204e+00
5.096858451506518506e+00
5.089375664461372573e+00
5.081417599597828350e+00
5.073982526034521712e+00
5.066888661664489035e+00
5.059860722096777508e+00
5.054871893300199481e+00
5.047767138666661602e+00
5.042913532166175550e+00
5.035201442495880642e+00
5.028155569375864609e+00
5.021910220652982204e+00
5.019516018712849359e+00
5.011937245698750765e+00
5.009359296131577821e+00
5.003341866280207384e+00
4.996510488222844160e+00
4.991918842986719618e+00
4.985435912743850118e+00
4.983327972020102692e+00
4.977534062410438054e+00
4.971187630271408864e+00
4.965578918354478510e+00
4.960063979282937296e+00
4.953341815184985286e+00
4.949414170165158389e+00
4.943704007074072315e+00
4.936188585345472113e+00
4.929509811769279715e+00
4.926178493885082332e+00
4.922812286334881549e+00
4.916005108252369915e+00
4.908632976410066462e+00
4.902112450781184627e+00
4.900172999070679936e+00
4.896229947634999746e+00
4.891425777312173651e+00
4.888360733897594734e+00
4.881080819876027377e+00
4.874059015590969324e+00
4.867916878833784544e+00
4.862045630291782494e+00
4.854791407663884506e+00
4.847795617204673668e+00
4.844044335675296686e+00
4.840178472856842440e+00
4.835523300152531512e+00
4.833698517178573795e+00
4.829032007285206873e+00
4.822690852232494940e+00
4.818499638315965505e+00
4.812667539356255908e+00
4.806038557219421747e+00
4.799936977641223734e+00
4.792895219949054209e+00
4.787167325210496927e+00
4.781458659662416011e+00
4.775161578370361148e+00
4.769004760902827655e+00
4.762085136447377742e+00
4.756561617809647480e+00
4.752480710992958990e+00
4.746261816063954697e+00
4.739730028496134118e+00
4.738756541720945847e+00
4.732905770506583565e+00
4.726991325888881157e+00
4.723682674333118392e+00
4.723554999432199253e+00
4.722055943895536956e+00
4.720385085071292508e+00
4.714469667303159639e+00
4.709542932124035630e+00
4.705359544915164172e+00
4.701968266641125105e+00
4.698260006448609083e+00
4.692003571714641552e+00
4.696377489614035561e+00
4.689989946099677454e+00
4.685915739196693686e+00
4.679572926307777436e+00
4.677377859737997134e+00
4.671362632174695939e+00
4.666622166657937498e+00
4.661835608998625702e+00
4.657613457562462145e+00
4.651605018454584517e+00
4.648230811818482522e+00
4.645727465699843073e+00
4.639591241452325932e+00
4.634064363890418647e+00
4.629464341838711583e+00
4.623720557632877259e+00
4.617563100220442251e+00
4.617698350647433614e+00
4.611949765514082422e+00
4.606596712297182705e+00
4.601463537337048493e+00
4.595620487268036847e+00
4.590758858116783969e+00
4.584629329426609168e+00
4.579072286530072589e+00
4.573861416231099319e+00
4.568556493382441630e+00
4.564383597189673125e+00
4.558784596323307348e+00
4.552792092450797412e+00
4.546855973195631506e+00
4.540993557306791217e+00
4.537952733309364994e+00
4.532960450479663450e+00
4.527487187298566695e+00
4.522735007333587021e+00
4.517171858335951029e+00
4.511465876081593329e+00
4.508759465103535646e+00
4.505162098544785110e+00
4.499608917520604656e+00
4.493721506093701912e+00
4.490348468376659241e+00
4.485754050649625846e+00
4.486633705315635545e+00
4.481342645423652016e+00
4.475767978773438571e+00
4.470261565634260137e+00
4.464616887159958303e+00
4.458723930320492634e+00
4.457331815134957687e+00
4.452866269033985525e+00
4.447961453755944206e+00
4.442576773686093716e+00
4.437528766336968467e+00
4.442453641681246346e+00
4.438769343083744268e+00
4.438658713935492273e+00
4.433435603282005033e+00
4.428563889970649647e+00
4.423588054563930783e+00
4.419280116685694537e+00
4.415379608230841413e+00
4.412778195803377379e+00
4.407951844414221831e+00
4.404408451603081254e+00
4.402089091960777800e+00
4.398308942657135567e+00
4.393194086250200137e+00
4.388406838685940059e+00
4.387748613456648350e+00
4.384160984408284278e+00
4.378847936145611186e+00
4.374570874087991612e+00
4.370347875117543524e+00
4.365523379512099567e+00
4.362902494823665656e+00
4.358980314664024469e+00
4.357397473844461189e+00
4.352613146657365206e+00
4.348606307884801403e+00
4.346281282278709135e+00
4.342355358471181148e+00
4.341665318277788010e+00
4.336989409814774099e+00
4.333396716451016317e+00
4.328782085109518896e+00
4.328572278635502535e+00
4.323470643200881369e+00
4.319557157703040495e+00
4.317979477969969615e+00
4.313297042344789389e+00
4.309019194192071467e+00
4.306864132315712190e+00
4.302139488658473176e+00
4.298396924772129424e+00
4.293616116062554333e+00
4.291400952810660918e+00
4.286588665903084738e+00
4.287205357221760771e+00
4.282899208587624074e+00
4.278329579928105808e+00
4.276382440022159948e+00
4.272069742795546077e+00
4.270533205313217451e+00
4.265551331210642338e+00
4.264171990088836850e+00
4.259403151056430303e+00
4.258366395460868148e+00
4.256042168932147263e+00
4.251481171507874635e+00
4.250109765352789282e+00
4.246954452102078115e+00
