2.818043546237278107e+01
2.693847466451412487e+01
2.664652039402567141e+01
2.643463204815325440e+01
2.630427348700171208e+01
2.600088665006084554e+01
2.569091320135752099e+01
2.546389851183896269e+01
2.517794534881792146e+01
2.491997260474099463e+01
2.471027212889304181e+01
2.451265239554946263e+01
2.428514083382614785e+01
2.409124498271749459e+01
2.389974292833237612e+01
2.366877378088996053e+01
2.346351073652321162e+01
2.324697518585040257e+01
2.306720235266611851e+01
2.292306021377792646e+01
2.274493716607565830e+01
2.260323528632947188e+01
2.245151790892969146e+01
2.230616651335062883e+01
2.216878136612937666e+01
2.201450353002184102e+01
2.184350092116830311e+01
2.169280702380111236e+01
2.153396366165532072e+01
2.139473667674739943e+01
2.125116921902641565e+01
2.109805605321133726e+01
2.094589704835562927e+01
2.083271806751854172e+01
2.069189867071545308e+01
2.056146066358098778e+01
2.040247971512669523e+01
2.028890964992922008e+01
2.016442975191172238e+01
2.003919397601767827e+01
1.990746734470529233e+01
1.978209106194090339e+01
1.966140960067735932e+01
1.954422973969520783e+01
1.941559248604695753e+01
1.930446304268059166e+01
1.918706143136277831e+01
1.905714206378779707e+01
1.891809561198932244e+01
1.879808322069631998e+01
1.868889395101704665e+01
1.856671195652973694e+01
1.843945072425398735e+01
1.831545482305878281e+01
1.818519229870625864e+01
1.804526546447910107e+01
1.791800606890516079e+01
1.780872454070866340e+01
1.769475730137156333e+01
1.758986256172152807e+01
1.747656712097794340e+01
1.734530296872197752e+01
1.723493120889365571e+01
1.712731587303371938e+01
1.700503598056498689e+01
1.690039732779737847e+01
1.681040152564260026e+01
1.670028787858357688e+01
1.657543064850459302e+01
1.648649891290257941e+01
1.637989852773025135e+01
1.628245874896323642e+01
1.617104759842180428e+01
1.607273741294190827e+01
1.597965326877160486e+01
1.587416665007710925e+01
1.577986036270043257e+01
1.570040136365267891e+01
1.560892254632665477e+01
1.552256575986056397e+01
1.540852476007861327e+01
1.530497044162777343e+01
1.521532012685442581e+01
1.510489203792596946e+01
1.500661282851159584e+01
1.491400722970446679e+01
1.483573932121329975e+01
1.477142106038065883e+01
1.467594060227059849e+01
1.458163195687574643e+01
1.449738735224107344e+01
1.442662612915338904e+01
1.434766957021844647e+01
1.425837324249381055e+01
1.419356527961421577e+01
1.411615377273026262e+01
1.403087031563760156e+01
1.396353560130917160e+01
1.389120742166988975e+01
1.381314117912469719e+01
1.372574645246141678e+01
1.366435837658409547e+01
1.358796699954958243e+01
1.350065120751990655e+01
1.342089163232957993e+01
1.334989771390091207e+01
1.327423358441752477e+01
1.319178814846781123e+01
1.313469784349944725e+01
1.306031027620183949e+01
1.299543243826913930e+01
1.292448870793268334e+01
1.285033754700020481e+01
1.278728869790497669e+01
1.271854892177671026e+01
1.264727908367574827e+01
1.258708879290227678e+01
1.253118045856238538e+01
1.250583581214421613e+01
1.243951961341908152e+01
1.238493779040367038e+01
1.232751815288111530e+01
1.225322383856645203e+01
1.218124063350310315e+01
1.211867966978274147e+01
1.207438583465794757e+01
1.201392415283968162e+01
1.194904261022968761e+01
1.189891547322747023e+01
1.184464950816027340e+01
1.178524851098171133e+01
1.172240140446135115e+01
1.165976527790545525e+01
1.160345941745372933e+01
1.154490016230900906e+01
1.150380373017444846e+01
1.147063630664611011e+01
1.141022004989988758e+01
1.138052013668361973e+01
1.132758454440101481e+01
1.127416782628477776e+01
1.124128655989522763e+01
1.118305344262337186e+01
1.113448270615280578e+01
1.108077945051637059e+01
1.102347187556484265e+01
1.097796215855754198e+01
1.092896781496999203e+01
1.088533160834208147e+01
1.084934869896326504e+01
1.079629506977629916e+01
1.074710614137200082e+01
1.070111718675702939e+01
1.065424062883245782e+01
1.060911671693041924e+01
1.056403738700345052e+01
1.053114906644338333e+01
1.048536621564674221e+01
1.044724133764698948e+01
1.040032862129485203e+01
1.035333684159810197e+01
1.031848804680454101e+01
1.027849870932302245e+01
1.023975289318972770e+01
1.020383521657989334e+01
1.017475638010417249e+01
1.013119472314185643e+01
1.008616424206471684e+01
1.004265958487481214e+01
1.002120049351372266e+01
9.984509777793842744e+00
9.958429997528954303e+00
9.916647714196162866e+00
9.885890746376187366e+00
9.846709105828567843e+00
9.810569471364154026e+00
9.793153530014034658e+00
9.755194315054380283e+00
9.719055358184704119e+00
9.688371813680880962e+00
9.648407978173818123e+00
9.614930031996165027e+00
9.583790641384132059e+00
9.551114871004312334e+00
9.512988237238188205e+00
9.484125722380955636e+00
9.453602139171598751e+00
9.415451807073836221e+00
9.384249257639154962e+00
9.348276212314429401e+00
9.316270230260123242e+00
9.280078361306594914e+00
9.247013239758233638e+00
9.243053898510170896e+00
9.234660900667829964e+00
9.205762574257478903e+00
9.184597518944986660e+00
9.152450228167735347e+00
9.126211819912985135e+00
9.091825763506411917e+00
9.056843588761147146e+00
9.032907271552204520e+00
9.000225239131911081e+00
8.988239926578769357e+00
8.970505784942114147e+00
8.942689964675553327e+00
8.929108877072065908e+00
8.918269390634277372e+00
8.886386087805879797e+00
8.854246585139462056e+00
8.836739949598882760e+00
8.806410954096740795e+00
8.779559585372998853e+00
8.757039880449738689e+00
8.730797863261793523e+00
8.703551387572154852e+00
8.676175840591252353e+00
8.665292814354344841e+00
8.640978236806896362e+00
8.626737490109084305e+00
8.598903335054639996e+00
8.588755250821105136e+00
8.565704435201826783e+00
8.541992497921341965e+00
8.517334691397611124e+00
8.496706696928892910e+00
8.478284102860920157e+00
8.458074696943150173e+00
8.433810496831604553e+00
8.426620787517943967e+00
8.400342836488501774e+00
8.373752395251573333e+00
8.351136515572752828e+00
8.333604552648953501e+00
8.307792729289838363e+00
8.285148221022836879e+00
8.262203837560594621e+00
8.237768500568483532e+00
8.212170358429672135e+00
8.189036934300133908e+00
8.165827850825763790e+00
8.147332421155246251e+00
8.140523723003694201e+00
8.117412294388055116e+00
8.096473185079421597e+00
8.077788734633097434e+00
8.059036778331481798e+00
8.038014377005442412e+00
8.022528999087580104e+00
7.998011448965825387e+00
7.974001773792341652e+00
7.970347750254962449e+00
7.948034739715690300e+00
7.926093420984383187e+00
7.904144245743469632e+00
7.882429621316955348e+00
7.859907327022554568e+00
7.838548916834856328e+00
7.818378333999160823e+00
7.821420116049260685e+00
7.798633477086150734e+00
7.775948628246829308e+00
7.763890676413160108e+00
7.742328334042925420e+00
7.721596472505921405e+00
7.715587533101174067e+00
7.694818235248704674e+00
7.677336293237894793e+00
7.656341122864943394e+00
7.642285216819343141e+00
7.623047663292865650e+00
7.600997865600250591e+00
7.582278013927174598e+00
7.564803262782951343e+00
7.545972212383926347e+00
7.526118334420409006e+00
7.512081819621816869e+00
7.496873644793721425e+00
7.475473326361436577e+00
7.455303099866901206e+00
7.438077145069964757e+00
7.421539290843909953e+00
7.406741574420226293e+00
7.388182987206626251e+00
7.370943759355870206e+00
7.356541646048096794e+00
7.340478056846206911e+00
7.328697194359748757e+00
7.312067591519179288e+00
7.292645902865813490e+00
7.273520598262935621e+00
7.259292609940104057e+00
7.243266591239512664e+00
7.224809855722072349e+00
7.208951055876402947e+00
7.198692086017351777e+00
7.180315677016547049e+00
7.166825309955404677e+00
7.157585087951687797e+00
7.140107196016898250e+00
7.126914626005583564e+00
7.111037647088679137e+00
7.098414577807740322e+00
7.083039855893312975e+00
7.073826363693150654e+00
7.058370307576587344e+00
7.044877380785462329e+00
7.030074146677031344e+00
7.015558008420478053e+00
6.999804974078132958e+00
6.986866823834919416e+00
6.971927643395699370e+00
6.957704448945980502e+00
6.940373349102205047e+00
6.924807697702836329e+00
6.911906962754974515e+00
6.896516602713312238e+00
6.881320591061137470e+00
6.868198409875283517e+00
6.852167379651578294e+00
6.835660868350227126e+00
6.818696881468947701e+00
6.801645972079279012e+00
6.788260672834918630e+00
6.773465682801187882e+00
6.756109067312022098e+00
6.740609248691806776e+00
6.724376661235880626e+00
6.710096986620109227e+00
6.695169139206153197e+00
6.679582134741012922e+00
6.669765742764584893e+00
6.653636188502678905e+00
6.641133854864039954e+00
6.626648406962081239e+00
6.613138446343720389e+00
6.601507526405216097e+00
6.585454225215576329e+00
6.576256246248189719e+00
6.564664209790952221e+00
6.551143276496691925e+00
6.553753289087715928e+00
6.539214956822525515e+00
6.531023292928963997e+00
6.516378299120684225e+00
6.507854750262475285e+00
6.495980380971269064e+00
6.485184471552633667e+00
6.470379696637620803e+00
6.455449259517004990e+00
6.442510428619818263e+00
6.427807463094334040e+00
6.415974085515205871e+00
6.408089570590314032e+00
6.398775764028514779e+00
6.392604775506374182e+00
6.382676981407586325e+00
6.368472003280448490e+00
6.354184752738920139e+00
6.343599258490495885e+00
6.338950044583590682e+00
6.325068081815349075e+00
6.313431387413987572e+00
6.307476498516770391e+00
6.296968413350976235e+00
6.290981677360203861e+00
6.279388394131294682e+00
6.271201220331191095e+00
6.265866474372267625e+00
6.254628447826672044e+00
6.256288380178445685e+00
6.254563202135283717e+00
6.245563808611850121e+00
6.232694380353057895e+00
6.235362831108462345e+00
6.222268298137447751e+00
6.218116372536788283e+00
6.205861335682297586e+00
6.194788565716899065e+00
6.182529482578472901e+00
6.173051752982637197e+00
6.164342039191338607e+00
6.154375487799273792e+00
6.147003803471023708e+00
6.135281323568709588e+00
6.122612780796752752e+00
6.112775818944519379e+00
6.100405191943000460e+00
6.091626839495999590e+00
6.080807685266292673e+00
6.071121918588405109e+00
6.063845212888046454e+00
6.051214942371749395e+00
6.041975171514229359e+00
6.031329602699362802e+00
6.019947234121773683e+00
6.011202816015420503e+00
5.999513414685755386e+00
5.990036774419799315e+00
5.978721922907075381e+00
5.970078547861928264e+00
5.959884125304565572e+00
5.955196596900731443e+00
5.943970158209577193e+00
5.931816615447144336e+00
5.922231282836445843e+00
5.915517098918908090e+00
5.904658717607314422e+00
5.894110392461404224e+00
5.890788470999916981e+00
5.882442616972991090e+00
5.871304015839220014e+00
5.860694887042135370e+00
5.849486724094974832e+00
5.838621935247110706e+00
5.827578150602485962e+00
5.816370312762351169e+00
5.806194076914303004e+00
5.803832316804296454e+00
5.798011801888986128e+00
5.788428282118325718e+00
5.779425423407827722e+00
5.769064232185651342e+00
5.761202387558803650e+00
5.753668176881550522e+00
5.746324113096727082e+00
5.735162974320198614e+00
5.728805005663842209e+00
5.719907944607514061e+00
5.709436383300598550e+00
5.702021804396428806e+00
5.692632143853758819e+00
5.685197819641903294e+00
5.677990187895345819e+00
5.667805793495401367e+00
5.657804661073480901e+00
5.651533806560260942e+00
5.641493652758087229e+00
5.635608324301009553e+00
5.625408092480100208e+00
5.615370606516940200e+00
5.606277095842221669e+00
5.596917028982067777e+00
5.587320580407105552e+00
5.580427941948061132e+00
5.571491670898293336e+00
5.563321251236337694e+00
5.553701361140380044e+00
5.545916227388198116e+00
5.536887708849845602e+00
5.538759664309148789e+00
5.529170950627057657e+00
5.521049640684612569e+00
5.514747598927389305e+00
5.507198112999446060e+00
5.503228547311936225e+00
5.495712714122475084e+00
5.486883581865918735e+00
5.479431873375390616e+00
5.470422975456467718e+00
5.461792185762304186e+00
5.455427940866161229e+00
5.451252108553864772e+00
5.446201918808213804e+00
5.440588372894778146e+00
5.436032819938963812e+00
5.428181532978062940e+00
5.421426799044479772e+00
5.413004885865698057e+00
5.413963270598906696e+00
5.405378448314903217e+00
5.396341316859539106e+00
5.387134207664798780e+00
5.383104791679138579e+00
5.374715004613653591e+00
5.368513686521085404e+00
5.362585092279973153e+00
5.357131404747130787e+00
5.352996194420786225e+00
5.351073464756966658e+00
5.346091669495018905e+00
5.343545833817458401e+00
5.336925640134408511e+00
5.328162043732266540e+00
5.323288412605886144e+00
5.315534817954461033e+00
5.306737733065549634e+00
5.301812230768891965e+00
5.295142014087658389e+00
5.289460279463658487e+00
5.280999666908178902e+00
5.273062023311582358e+00
5.264712736102867829e+00
5.261498322454179366e+00
5.253395522386703043e+00
5.245112443209326791e+00
5.239651754375540982e+00
5.237757179565043053e+00
5.235555400843018958e+00
5.238717054069528700e+00
5.231863465209234398e+00
5.224747505791155433e+00
5.216213512529901841e+00
5.208369944690399045e+00
5.200311673216694963e+00
5.194306536794906393e+00
5.192001947994849154e+00
5.183964972354412559e+00
5.180709185037375875e+00
5.173561168746513950e+00
5.165834857987685602e+00
5.157789489671461780e+00
5.150575176953799961e+00
5.147578175872535411e+00
5.140870542765854090e+00
5.133473144507759933e+00
5.125711718928385174e+00
5.120613120988871003e+00
5.114579089948065871e+00
5.111082632045214957e+00
5.104002452519048383e+00
5.096253743724968643e+00
5.088541042872614106e+00
5.080777747615478290e+00
5.072859346059299668e+00
5.065458181308700958e+00
5.057897367743694694e+00
5.055906530310061875e+00
5.048357426744134457e+00
5.040882901341475986e+00
5.033087467157463024e+00
5.026819733598085094e+00
5.019454577952567220e+00
5.012959182014784076e+00
5.005715931655719153e+00
4.998565119365550480e+00
4.991104879310426234e+00
4.983849427282463829e+00
4.985283211609268683e+00
4.978914443950045232e+00
4.972746551005787552e+00
4.969993629303313121e+00
4.968372951940958515e+00
4.960999697331564207e+00
4.958914930319451742e+00
4.951577750368074682e+00
4.944717899547247164e+00
4.939889295616219478e+00
4.934294164654613013e+00
4.928181039016332754e+00
4.921478702184149512e+00
4.916269624797696913e+00
4.911500632553086554e+00
4.904756718026066054e+00
4.900836898930256424e+00
4.895591387981091280e+00
4.890525278634346940e+00
4.885251911191487828e+00
4.881852936746449600e+00
4.878415195931297355e+00
4.871604206897081291e+00
4.865495416270329443e+00
4.859930503777095012e+00
4.852849915460657471e+00
4.848551204198529696e+00
4.846557759353407491e+00
4.841036305578574783e+00
4.838621020195418510e+00
4.833039680781024749e+00
4.827824387819076080e+00
4.822003456622964812e+00
4.818322963577268858e+00
4.814055203095682245e+00
4.811449465457795505e+00
4.806527988201009904e+00
4.800629758027344707e+00
4.795189622886979919e+00
4.789494108338198330e+00
4.786857255505639230e+00
4.783675196909155325e+00
4.781902890173377330e+00
4.775042649796776395e+00
4.771304427277028637e+00
4.765973647992198359e+00
4.760207141156049815e+00
4.754393085594024626e+00
4.749478081986660882e+00
4.743616711454942347e+00
4.739297383425579824e+00
4.737263212498173282e+00
4.731414698141503727e+00
4.725304712833816367e+00
4.719378122830631739e+00
4.713230637358418740e+00
4.708964113614464431e+00
4.706946720618875979e+00
4.701148397265566103e+00
4.695318144430409291e+00
4.688991817621508851e+00
4.685516300097650522e+00
4.681174116374508642e+00
4.676488355658331209e+00
4.672955943025772996e+00
4.671530370426024703e+00
4.665974020470060601e+00
4.659742076496965701e+00
4.657552365387497062e+00
4.652847388177803190e+00
4.647113315038871484e+00
4.643994624945966265e+00
4.637981640900509461e+00
4.632092960634873080e+00
4.630207245067848199e+00
4.626472849724527769e+00
4.621030433233724644e+00
4.615054646637848812e+00
4.611699881204754270e+00
4.606154578735294436e+00
4.602210265931629074e+00
4.597159889432224311e+00
4.592970967978824426e+00
4.587731989009116162e+00
4.585219364967294098e+00
4.580185722407483340e+00
4.575025610936182652e+00
4.570451913153107171e+00
4.565727246108839843e+00
4.559870026919770503e+00
4.554306119901605499e+00
4.548978763045521845e+00
4.548302569950039675e+00
4.542712853648287918e+00
4.539428037249940040e+00
4.535187749319058881e+00
4.533953998504395955e+00
4.531433105509094617e+00
4.525779101816834959e+00
4.520470189599243405e+00
4.516818768691006625e+00
4.511708509334700246e+00
4.507574238814791912e+00
4.503988261296678175e+00
4.501195804094551889e+00
4.495519568777725183e+00
4.489839251022725186e+00
4.488811165788155755e+00
4.484075768602580503e+00
4.479752310143051197e+00
4.474784543670700998e+00
4.469682184079597498e+00
4.464001623765570415e+00
4.462531058476645995e+00
4.458050288794493277e+00
4.455668656089392776e+00
4.453243708472049533e+00
4.450189496068552408e+00
4.446128376016476480e+00
4.441802993278102463e+00
4.441543713289864748e+00
4.437236145515789154e+00
4.436838830317432425e+00
4.434790118001217252e+00
4.431622380696893515e+00
4.426825548645811459e+00
4.425570171196209657e+00
4.420899325344057829e+00
4.415510357531836405e+00
4.410372830733889415e+00
4.405856119709373075e+00
4.400679901539697347e+00
4.395961534698414219e+00
4.390830128761636253e+00
4.388057586519163777e+00
4.383675127947658012e+00
4.379838700716834232e+00
4.375723438347848493e+00
4.372359003461526505e+00
4.367088555779241155e+00
4.362900724918110207e+00
4.359069154679533042e+00
4.354012760096793500e+00
4.349213794196894689e+00
4.343852731468004436e+00
4.343007225965798135e+00
4.340589289129517248e+00
4.336000134767918013e+00
4.330903672494431866e+00
4.327567390641517520e+00
4.323713123279954829e+00
4.318831318168925293e+00
4.314929707559614691e+00
4.309902137075057205e+00
4.304778794039703982e+00
4.300141269448301884e+00
4.295800047493029794e+00
4.294462316199625818e+00
4.290107177924752158e+00
4.285707135576907412e+00
4.280508024198509176e+00
4.277124445416388809e+00
