1.135249840584181769e+01
1.100249487661986691e+01
1.095885675170490003e+01
1.071389025060250155e+01
1.046739316207014703e+01
1.028996504880514706e+01
1.022011135198282794e+01
1.012559947567444318e+01
1.000357378720566182e+01
9.992648433580541223e+00
9.885896257695568679e+00
9.738490062453157847e+00
9.569595226441643732e+00
9.389851872517072096e+00
9.276427227640127171e+00
9.170768541936105578e+00
9.105845964070693910e+00
9.082959913213352721e+00
9.032059048452529382e+00
8.971581086458058962e+00
8.913383908897891672e+00
8.882966587094820454e+00
8.777370912525267244e+00
8.706366950084678535e+00
8.606003706946664167e+00
8.495700944977619073e+00
8.406633119824222788e+00
8.304693424338399410e+00
8.253823433804354792e+00
8.170464301042976274e+00
8.116437976221931194e+00
8.044945078420731477e+00
7.965229113038343023e+00
7.915077135740988368e+00
7.832131027610200746e+00
7.768380225195871347e+00
7.684801090689567182e+00
7.639017564071182598e+00
7.604107485148261070e+00
7.535624504142041324e+00
7.454503612896976605e+00
7.386705782965763412e+00
7.333807496099024270e+00
7.255462897609339379e+00
7.227561489035517539e+00
7.178809225641936465e+00
7.109780098954177951e+00
7.050207711320979342e+00
6.988578676264990186e+00
6.925661411561215175e+00
6.854957551205348665e+00
6.799802432209059333e+00
6.733624404084667781e+00
6.675486328631935251e+00
6.619635822968298555e+00
6.557406647197559835e+00
6.515766224260755912e+00
6.459423825564712729e+00
6.416772309611731728e+00
6.347031434817933970e+00
6.277379172398537044e+00
6.222612265074078941e+00
6.181023681877157117e+00
6.119206562341725331e+00
6.076541350863763569e+00
6.032418178995959224e+00
5.978204907596326834e+00
5.924785476397604889e+00
5.874401738744611912e+00
5.837427791024584423e+00
5.827431779471033302e+00
5.785570111088010670e+00
5.736667720260467895e+00
5.696520462986330635e+00
5.654086062251325373e+00
5.608230628543735996e+00
5.571865866555569369e+00
5.524655905209351126e+00
5.485962993336492843e+00
5.455382734731924366e+00
5.428580009973434706e+00
5.380493511433282805e+00
5.350528354878811399e+00
5.319665978695421238e+00
5.285858145830705901e+00
5.247355897005253844e+00
5.237352635315965621e+00
5.220315073187220989e+00
5.183655205745942851e+00
5.152019508770055545e+00
5.114280782143410420e+00
5.088314828475682283e+00
5.062533134559737746e+00
5.036092381661878115e+00
5.007788312034699985e+00
4.979778433085625622e+00
4.947647754700972733e+00
4.918037741474972080e+00
4.882848468768137273e+00
4.870210140047215752e+00
4.836441345241012435e+00
4.800083643236433772e+00
4.770868460823738388e+00
4.741853491647747276e+00
4.711178780161756841e+00
4.686336943398374366e+00
4.664195675623689752e+00
4.630401820281966785e+00
4.609671640783627566e+00
4.588900957347455289e+00
4.563884661226719430e+00
4.532289417565917411e+00
4.511377589650294340e+00
4.484090695128117865e+00
4.457308365791315730e+00
4.427127779007151709e+00
4.400744715083431124e+00
4.372038153557069151e+00
4.342044296863809549e+00
4.315555971344401165e+00
4.292478310844106026e+00
4.276744366740355296e+00
4.248076666710829841e+00
4.220149080693171406e+00
4.205840794873055621e+00
4.183801351070736807e+00
4.166388223047090555e+00
4.142498660420139700e+00
4.121792489607601695e+00
4.103643066165767017e+00
4.089885770992966130e+00
4.064653487922528896e+00
4.047056372451577566e+00
4.029632207253053267e+00
4.008663900166292926e+00
3.999300016520038525e+00
3.984427279160232427e+00
3.967663232553887198e+00
3.948119014008227623e+00
3.931492696287789634e+00
3.933586025740199776e+00
3.924552794876760675e+00
3.910285800675446399e+00
3.895135452283069899e+00
3.881642299969853660e+00
3.862446120017744899e+00
3.843867087208411970e+00
3.830483679435894739e+00
3.820813506958821382e+00
3.801509181677024785e+00
3.789827765186472686e+00
3.772216637139671924e+00
3.755732442471514609e+00
3.736131184669445826e+00
3.719545451615953180e+00
3.703199795224084934e+00
3.691583167315188430e+00
3.681094707087338769e+00
3.666774231746174895e+00
3.652907340763018151e+00
3.637459100786134325e+00
3.618494612706552260e+00
3.606471419134859246e+00
3.588301028617293831e+00
3.570395414068595841e+00
3.565217268826443853e+00
3.551260483848202032e+00
3.536387382694505366e+00
3.531287213444684880e+00
3.519399034071156063e+00
3.509318769975902530e+00
3.494916056634817636e+00
3.486820831843263857e+00
3.493888461380866062e+00
3.498813453073715163e+00
3.483635335542675460e+00
3.474585437647930153e+00
3.467624362565363327e+00
3.451830033915852969e+00
3.460475924732244746e+00
3.446372313688939926e+00
3.435857534902787780e+00
3.427936157582783139e+00
3.421066572560270913e+00
3.406588571981803426e+00
3.395445541000471579e+00
3.381720274342561172e+00
3.375068661624523791e+00
3.361634655703408914e+00
3.347312339355250188e+00
3.332583179581783739e+00
3.322175794831592643e+00
3.314353595191832369e+00
3.315503883309697031e+00
3.301764749483668382e+00
3.287608195046504811e+00
3.282203746567790237e+00
3.269819939728494163e+00
3.257208314036271091e+00
3.244308481565393532e+00
3.234222360494487081e+00
3.222982225072206219e+00
3.210340620949547752e+00
3.196290535978562719e+00
3.183369444934920800e+00
3.171512346163867235e+00
3.164276002309452274e+00
3.159800392347360987e+00
3.148713457507937630e+00
3.139233089853851855e+00
3.127156090787797993e+00
3.117738740850083623e+00
3.114443946058581769e+00
3.109887899547581824e+00
3.105812603267465999e+00
3.095530066841470251e+00
3.101600200070445013e+00
3.089609306041931625e+00
3.080921716658744369e+00
3.076790020281029214e+00
3.065889615667330759e+00
3.060694168777283064e+00
3.052316095611042446e+00
3.043404838576970306e+00
3.036587746005624311e+00
3.035854558075700371e+00
3.037531192969449290e+00
3.029081645101541653e+00
3.018922725397355844e+00
3.007755083309126665e+00
2.999961272925218747e+00
2.992309830283695682e+00
2.983243573959740491e+00
2.973504184534063288e+00
2.964174927923163061e+00
2.965818909213927768e+00
2.955425197627953970e+00
2.950092688044478439e+00
2.940953823683198021e+00
2.930695479665123226e+00
2.920334537953290344e+00
2.916174105444772291e+00
2.905600196550224723e+00
2.896655988768582546e+00
2.888438496371646291e+00
2.879962161484065586e+00
2.870479650594942367e+00
2.864973425702383114e+00
2.866189465095032141e+00
2.858549063300376059e+00
2.848408562134271182e+00
2.839391803660814340e+00
2.831168295767469090e+00
2.831376923349618213e+00
2.825730855578400647e+00
2.819676332879003766e+00
2.811644943672554131e+00
2.802163861586363769e+00
2.803465351365096669e+00
2.795003917866188736e+00
2.788796228029393198e+00
2.781200296451425302e+00
2.777221326414267555e+00
2.773066003331431162e+00
2.770253418148417524e+00
2.761144788741881850e+00
2.752538123680245974e+00
2.744122648338121806e+00
2.737076743534964773e+00
2.730451376170456079e+00
2.723014764139174648e+00
2.722560389138640513e+00
2.715280122925324502e+00
2.712829949068238822e+00
2.705402155186254376e+00
2.697201598946618262e+00
2.692445736534984313e+00
2.687982142156276399e+00
2.690615872306560075e+00
2.682496453998589381e+00
2.675201762411802964e+00
2.671055174303735402e+00
2.663247099710046584e+00
2.655199905374961311e+00
2.650644882502894095e+00
2.644018777110402230e+00
2.637977621321208943e+00
2.636245057307133433e+00
2.632659571047222702e+00
2.626114673876511318e+00
2.619748308234311374e+00
2.611800616355258509e+00
2.608301053082037413e+00
2.603748121487522216e+00
2.597428887161623567e+00
2.591247071816190406e+00
2.584215236347815026e+00
2.582249170904587832e+00
2.575451731987602688e+00
2.568566785595998603e+00
2.564595276134974622e+00
2.558282462446730854e+00
2.552659344670648256e+00
2.550231923162736170e+00
2.547577974027665171e+00
2.545504645462147497e+00
2.538278217834113004e+00
2.533281156428949465e+00
2.528361992997286034e+00
2.521806088678815172e+00
2.516681087902852276e+00
2.510524016490548682e+00
2.507065757690021268e+00
2.502125922220554965e+00
2.495966640156892957e+00
2.491430433228814412e+00
2.485356766411382701e+00
2.479162655273235760e+00
2.477842970097698494e+00
2.471991701896046667e+00
2.466961806028059812e+00
2.462139885957874696e+00
2.456070728044700946e+00
2.452563495367326318e+00
2.453873917587229059e+00
2.450874144478768279e+00
2.445704019796991702e+00
2.440129688962955345e+00
2.442687146709273893e+00
2.438663604538004126e+00
2.436636845411580765e+00
2.430916109236687550e+00
2.425440976322281728e+00
2.420744392168659331e+00
2.425779253735201202e+00
2.420341127624900945e+00
2.419960276610605199e+00
2.419506587751842019e+00
2.415853791933332939e+00
2.416744759768984174e+00
2.413530435317830847e+00
2.413140456051523497e+00
2.408609547371046489e+00
2.405633495698064728e+00
2.400975872434172320e+00
2.396495676802869124e+00
2.391384610902807850e+00
2.386265113916383740e+00
2.381884999303863548e+00
2.376590173721253585e+00
2.374371316663151710e+00
2.370841213696730509e+00
2.368650872764638038e+00
2.364378280967478485e+00
2.359102456276429116e+00
2.353554883743090631e+00
2.348198242862475027e+00
2.349007485503454173e+00
2.345177703873226438e+00
2.340641605616723631e+00
2.335250064277376136e+00
2.330033839038525567e+00
2.332624244507448541e+00
2.332411957322196638e+00
2.326770501860253582e+00
2.322193208755815252e+00
2.318873301290208300e+00
2.317336431481670012e+00
2.312219907228214133e+00
2.308222347482712156e+00
2.305329557611886848e+00
2.303142359911932502e+00
2.297874330059417769e+00
2.295216503637201644e+00
2.290259607370358275e+00
2.289767021192926855e+00
2.285288086149627862e+00
2.282734767646034779e+00
2.278612196624456132e+00
2.273257217518160456e+00
2.271915692151062593e+00
2.268149961780043355e+00
2.263895350722310962e+00
2.259961164629134878e+00
2.255337632451528407e+00
2.250915134760774983e+00
2.250480600388097940e+00
2.245879415800792867e+00
2.241259595242557356e+00
2.239247678266266472e+00
2.234484247947273516e+00
2.231079753490705198e+00
2.227937821265789875e+00
2.226431928873747523e+00
2.228068359294951062e+00
2.223338340390167200e+00
2.219925298077458642e+00
2.215591239337775686e+00
2.211281854885417619e+00
2.207247624368384731e+00
2.203362731688587317e+00
2.199319383331829414e+00
2.194571468991077356e+00
2.199687643235515022e+00
2.195675969667286509e+00
2.191520008330242408e+00
2.187307900321840748e+00
2.183412595370208820e+00
2.182899770156408792e+00
2.179837694903549394e+00
2.176381036904345478e+00
2.173091117359105429e+00
2.171437080396127595e+00
2.167544005510556815e+00
2.167357129754418299e+00
2.163672159272213236e+00
2.160395795700118082e+00
2.156536481615493717e+00
2.155633928285852541e+00
2.151242568407285560e+00
2.147163632124414967e+00
2.143724833771698091e+00
2.139959647436221690e+00
2.135825789379516948e+00
2.132902436597420515e+00
2.136283972907314865e+00
2.132226693229342551e+00
2.128487988112706120e+00
2.124826060910921299e+00
2.120596452972343560e+00
2.119837150407451798e+00
2.115421628999432091e+00
2.115305392728271894e+00
2.113531031946663141e+00
2.110547187028990024e+00
2.106361511692183441e+00
2.103339183671277812e+00
2.100544106454284243e+00
2.097608318478144440e+00
2.094923756052398556e+00
2.091294153142539969e+00
2.087277040211713341e+00
2.083245505169023737e+00
2.079417317081421857e+00
2.076124156326414116e+00
2.072126989095756766e+00
2.069567748967163112e+00
2.066074929757747203e+00
2.064018350034257487e+00
2.060311526290735440e+00
2.056792425177878858e+00
2.053130472745757995e+00
2.052910410387912776e+00
2.048765409259735826e+00
2.046632951649290266e+00
2.046551955426977099e+00
2.044613651552888101e+00
2.046708459800604452e+00
2.044370598397116989e+00
2.041960008790979941e+00
2.039163811020217931e+00
2.039042396042825445e+00
2.037752736486948990e+00
2.035747821171641547e+00
2.033398696320297461e+00
2.031874026926031807e+00
2.028791827094133193e+00
2.025828624266440059e+00
2.022686572664626148e+00
2.019531204628531196e+00
2.020236122280383295e+00
2.016728706420260586e+00
2.014220733485181380e+00
2.011706836592813463e+00
2.008441798755556285e+00
2.006000296944135730e+00
2.003986893228523414e+00
2.003850461773198255e+00
2.000309443477072069e+00
1.997179505363162910e+00
1.996175697003355509e+00
1.992673340311820640e+00
1.991885335350776387e+00
1.988283920199328314e+00
1.985147625205269994e+00
1.982095322548160121e+00
1.979838886692474764e+00
1.976486965714962407e+00
1.973816160994433355e+00
1.970925935899818571e+00
1.969066765057131629e+00
1.966055407489946338e+00
1.962961433031647163e+00
1.960876992456664913e+00
1.959594454590341650e+00
1.959219583515771523e+00
1.962226179772751156e+00
1.959194255270195306e+00
1.956052275634301507e+00
1.956059294368689860e+00
1.952801813850741475e+00
1.951450639152528366e+00
1.952946639110546334e+00
1.950894653248995025e+00
1.948996731748869671e+00
1.946574725402070216e+00
1.945558421400938709e+00
1.942421188350441641e+00
1.939785763237698468e+00
1.936765274011732041e+00
1.933758944602343544e+00
1.930607462138432373e+00
1.928094584319287375e+00
1.926126825729443937e+00
1.922754307260529982e+00
1.920693629505997979e+00
1.918299356023436930e+00
1.918170791570593003e+00
1.915240834914816448e+00
1.913427028966161458e+00
1.911212898177662600e+00
1.911536380704008664e+00
1.910107748777192027e+00
1.909570731869242755e+00
1.906369288719985455e+00
1.904677248562100855e+00
1.902021043774026587e+00
1.899156317828949447e+00
1.896464313410099578e+00
1.899304370995785307e+00
1.899867124516555483e+00
1.900702238206268380e+00
1.897953558219900749e+00
1.895055687147847223e+00
1.892390309067434995e+00
1.889477131220281381e+00
1.888311692605638248e+00
1.887683307245729969e+00
1.886019060873778130e+00
1.886130638906725387e+00
1.884255608527563242e+00
1.881938564264975300e+00
1.879134443466569548e+00
1.876119856821397702e+00
1.873876644618442278e+00
1.870771801707564741e+00
1.868507280958090044e+00
1.865855469103859576e+00
1.863924302700358027e+00
1.861267034278505150e+00
1.858954117823155894e+00
1.856468346291612947e+00
1.853853106322009614e+00
1.853130064418394563e+00
1.850556937780777567e+00
1.847851697957115347e+00
1.845581836142314192e+00
1.843221390104214041e+00
1.842865318163281030e+00
1.841587629310429852e+00
1.840844925126273957e+00
1.837995658138457777e+00
1.835921521402799073e+00
1.833374603932383939e+00
1.831079089475792010e+00
1.828477610515462093e+00
1.825981455487547755e+00
1.823516195961321307e+00
1.822231920054011134e+00
1.819844957385573281e+00
1.817163593081768003e+00
1.815730883661441419e+00
1.812794471970247789e+00
1.810749889636449783e+00
1.811008006923243707e+00
1.808836631385600802e+00
1.807512251341413245e+00
1.805223069363983246e+00
1.803300231057601399e+00
1.801961185290752887e+00
1.799459129718035122e+00
1.797094243513687184e+00
1.800113744811414396e+00
1.799580199530784519e+00
1.796984639146236074e+00
1.795457792007915110e+00
1.794296926605275733e+00
1.791543911151544544e+00
1.790408486145730560e+00
1.789301715680079674e+00
1.787176937569845414e+00
1.784745192484044507e+00
1.785118373851446671e+00
1.782743210357260244e+00
1.780730850938298859e+00
1.779906859109186223e+00
1.778427609418636202e+00
1.776690989010780930e+00
1.775972058136853216e+00
1.774719800508329559e+00
1.773763035421186629e+00
1.772499579385609314e+00
1.771512441614101707e+00
1.771094502614127819e+00
1.769196537369032152e+00
1.766991271761670923e+00
1.765182043934149902e+00
1.763830028353463142e+00
1.762250224415212729e+00
1.760046408613638480e+00
1.757565863229964220e+00
1.757181652844818753e+00
1.755989220839714982e+00
1.754007866006731753e+00
1.752766854566825572e+00
1.750885638213970807e+00
1.748996539560152108e+00
1.747195523563321640e+00
1.748492751355581465e+00
1.746881809499260196e+00
1.746339130038005338e+00
1.744611254095675079e+00
1.742734333352133902e+00
1.740194561431925857e+00
1.738021325713505982e+00
1.735972316709438301e+00
1.735309217293323325e+00
1.733274558888858730e+00
1.731986785540745144e+00
1.729575841080432275e+00
1.727876303607872588e+00
1.725826478908695893e+00
1.723439288837493422e+00
1.721200553964775448e+00
1.720074668825056996e+00
1.717893106955743932e+00
1.715720777871231784e+00
1.716137768997873847e+00
1.713755625395175786e+00
1.711374792655921295e+00
1.709131861154064902e+00
1.706823750153821706e+00
1.704846300248835655e+00
1.703305764108259845e+00
1.701507440920454250e+00
1.699255941938732306e+00
1.697223337869531390e+00
1.696367188299833906e+00
1.694173722082094713e+00
1.694692575670207146e+00
1.693155453407539479e+00
1.691331311835033269e+00
1.692249970949806004e+00
1.690048032296000535e+00
1.688953558451916415e+00
1.686990458130876114e+00
1.685185221351106932e+00
1.684931569686994202e+00
1.682965202727711773e+00
1.681815140381096585e+00
1.679682144463169768e+00
1.677542206564880400e+00
1.676747957760065688e+00
1.674928440403247620e+00
1.672804944202210375e+00
1.671794004364401731e+00
1.669741895906333484e+00
1.667674922579833297e+00
1.665411389792456509e+00
1.665298286367392855e+00
1.665996154211813129e+00
1.664402810534652222e+00
1.662578255618575307e+00
1.660980569486355973e+00
1.660020377702605243e+00
1.660923542242036532e+00
1.659519051818890478e+00
1.657472963144748679e+00
1.657976815424862638e+00
1.656505792682483769e+00
1.654447800846279293e+00
1.652444609274632548e+00
1.650370588904477076e+00
1.650715511100019350e+00
1.649180386021177558e+00
1.647039907637031231e+00
1.645432748055927652e+00
1.643892571649845369e+00
1.643757533778701818e+00
1.641948462600190783e+00
1.639907803694132804e+00
1.637966624134582716e+00
1.636296231953249913e+00
1.635242464899438364e+00
1.633081787930815709e+00
1.631986554148118218e+00
1.630601047848001084e+00
1.629320091740407372e+00
1.627805829218951006e+00
1.626278926242539669e+00
