4.283616738369791221e+01
4.479079307557397982e+01
4.463730808020495289e+01
4.335970929957566966e+01
4.244201198601930969e+01
4.157500061007233683e+01
4.081797611630091183e+01
4.033096533185861432e+01
3.975073349201585415e+01
3.929820134147539790e+01
3.884547980706915382e+01
3.838873242021531240e+01
3.791897336766260196e+01
3.743706172680969502e+01
3.705300181727020714e+01
3.662179279244681851e+01
3.620832854591052552e+01
3.587507476765824777e+01
3.547270806853832426e+01
3.510491674909313531e+01
3.476426292116508421e+01
3.442925545868374826e+01
3.411270708900448057e+01
3.380748530461573864e+01
3.352367940649933331e+01
3.323571512775017567e+01
3.293271297625679495e+01
3.263759565692097908e+01
3.234601254495639466e+01
3.207160366225778603e+01
3.178799839353283829e+01
3.154161530114495093e+01
3.130270865837700711e+01
3.106780662072376131e+01
3.081507283327280078e+01
3.057946752580614813e+01
3.033763664231765134e+01
3.007304536748456414e+01
2.982771175806968600e+01
2.961716833976064933e+01
2.939618399157081186e+01
2.918374085817761809e+01
2.897285841443274634e+01
2.876453723792230832e+01
2.854753087198371375e+01
2.834135838479397762e+01
2.813243817530225499e+01
2.793697603641225058e+01
2.774820690045019234e+01
2.754295309027035543e+01
2.733262601110990886e+01
2.713520937357072071e+01
2.695622366943743486e+01
2.677070598487718200e+01
2.660133756037096475e+01
2.641687630403953690e+01
2.626152891538998091e+01
2.608616763433347074e+01
2.591005575463412569e+01
2.575594176439708249e+01
2.558818861282996338e+01
2.542012661552025676e+01
2.526553449346426561e+01
2.508557044031219263e+01
2.492194053546204557e+01
2.475214741689195463e+01
2.458124066436198163e+01
2.441554430952638555e+01
2.426090926667478698e+01
2.412087417048023852e+01
2.398622758157916124e+01
2.383096036234508475e+01
2.368545237326696906e+01
2.356898337196949811e+01
2.341454817578379988e+01
2.325327462316012372e+01
2.310411862926356363e+01
2.297874409317709166e+01
2.282638402109761344e+01
2.269955079999096625e+01
2.257891920559885079e+01
2.243007657519524400e+01
2.228858037075958620e+01
2.216521682136257354e+01
2.205011912291295673e+01
2.192500906324927001e+01
2.178628711086924596e+01
2.166772601805737608e+01
2.153871901228262331e+01
2.141158115442450693e+01
2.129590544511709638e+01
2.117958415161152885e+01
2.106022898956675959e+01
2.094866228268297803e+01
2.083099491551116955e+01
2.071955215975858167e+01
2.061354621958117050e+01
2.048853251955079102e+01
2.036727482665551747e+01
2.024695551274284000e+01
2.012541346017226118e+01
2.004747438495652645e+01
1.995561681585348168e+01
1.987651161512759046e+01
1.976208563787592354e+01
1.965380388343119478e+01
1.956865381372746882e+01
1.946740594181935435e+01
1.935863964703362328e+01
1.925906845160724146e+01
1.915720912888837901e+01
1.905118148485089691e+01
1.894770089875903807e+01
1.886793297413956338e+01
1.878557707059673021e+01
1.869847213272031183e+01
1.860276675464541540e+01
1.850804040432295849e+01
1.842779815942890664e+01
1.834474134936200329e+01
1.825467299757371720e+01
1.817363864312872224e+01
1.810522225347687808e+01
1.800706689320436737e+01
1.793569879954990398e+01
1.784883689761308290e+01
1.775865735769529863e+01
1.766712062752694834e+01
1.758431455541907340e+01
1.750971379471276279e+01
1.743249125313394288e+01
1.736699113306521625e+01
1.728938294697239897e+01
1.721034157334238657e+01
1.713578367340463515e+01
1.704763858205116733e+01
1.697779020949192486e+01
1.689621086191136357e+01
1.683456832763274491e+01
1.675418044393914485e+01
1.668190566830137200e+01
1.660107316819484780e+01
1.653098554670769005e+01
1.644626841004250295e+01
1.638077898344368322e+01
1.633075803620448241e+01
1.625375318892061927e+01
1.619939757978524497e+01
1.613523891661555609e+01
1.607347071415894391e+01
1.604654335131221288e+01
1.600327161883464910e+01
1.593938666772663204e+01
1.586779967867145125e+01
1.579672724846441945e+01
1.572842655398310185e+01
1.566785410978163462e+01
1.560051559974843549e+01
1.554553700695521812e+01
1.548342390288478754e+01
1.542081178072885095e+01
1.539435102215787055e+01
1.532858584624803733e+01
1.526622244422530272e+01
1.521029352707228810e+01
1.515531108853220665e+01
1.512203072965015771e+01
1.507206142786115066e+01
1.501281602553302186e+01
1.495781004152710736e+01
1.491594487150658921e+01
1.489047260548238327e+01
1.483311753620846041e+01
1.477359639840043926e+01
1.472577802290218507e+01
1.473612598168235976e+01
1.468053618392750614e+01
1.463164226108779609e+01
1.459563799681681928e+01
1.455121764471566159e+01
1.452258960626777196e+01
1.453026172944138139e+01
1.450050141843699159e+01
1.447602490357723504e+01
1.442570605796091421e+01
1.438400419908541217e+01
1.433689871348481759e+01
1.430201551169964169e+01
1.426468397031126933e+01
1.422140635687568277e+01
1.418632310989565326e+01
1.414190473558864802e+01
1.410254237318451231e+01
1.406411266828722972e+01
1.401703302208038160e+01
1.397232837401537253e+01
1.392407239306805167e+01
1.388698343507828881e+01
1.383967289537342005e+01
1.379485838905010908e+01
1.375318418043934621e+01
1.371912041698337248e+01
1.367868485362121866e+01
1.364143057892354349e+01
1.359449535424172772e+01
1.355704236830853482e+01
1.351191552836960241e+01
1.346750561220808606e+01
1.342809908836835575e+01
1.338641440543965366e+01
1.335953395245198116e+01
1.332561204823235634e+01
1.328332641594241181e+01
1.324722047273732173e+01
1.320435199429821616e+01
1.316569874960000064e+01
1.312276428821515850e+01
1.309952346907613219e+01
1.307361379890215858e+01
1.303691267789838015e+01
1.301224363600894485e+01
1.297344350831514959e+01
1.294673089324195203e+01
1.292319240101117472e+01
1.290422557473868359e+01
1.286806524890004866e+01
1.285004751167597092e+01
1.281136926136550791e+01
1.277303095238864294e+01
1.274697388646213980e+01
1.270994649928280218e+01
1.268404601596978409e+01
1.264734488629991027e+01
1.261437963079596081e+01
1.259070623370166508e+01
1.255308614666802391e+01
1.252395447585598021e+01
1.249054252545188426e+01
1.245647333642238941e+01
1.242084094765423075e+01
1.238522799909201133e+01
1.235536483587086920e+01
1.234077945149686606e+01
1.231384869615955502e+01
1.228273136984066838e+01
1.225857915513579144e+01
1.222445658528513057e+01
1.219093586469974611e+01
1.216034092576740733e+01
1.213726101396664170e+01
1.210721001511812212e+01
1.208297272472516681e+01
1.204807908205454048e+01
1.201744784066328720e+01
1.199089447067379410e+01
1.196126416378949209e+01
1.193040633203427880e+01
1.189728759042264095e+01
1.188549236267592590e+01
1.186532404443635080e+01
1.183407250823406187e+01
1.181216526881769013e+01
1.181273039720231388e+01
1.178015107554111829e+01
1.175208811982280466e+01
1.172574721375441875e+01
1.175462282376202516e+01
1.172594883453344039e+01
1.170374200369217910e+01
1.170728517072584651e+01
1.167924068779797686e+01
1.166185180525758547e+01
1.163592194931062629e+01
1.161104074518704721e+01
1.158574144176657761e+01
1.156159586848518472e+01
1.153434709250167778e+01
1.152056692657769332e+01
1.149840247141211691e+01
1.147610340267081597e+01
1.145808945107441978e+01
1.143555940611305033e+01
1.142452046902915974e+01
1.140458348269877220e+01
1.138316674090770952e+01
1.137130408083375421e+01
1.135118178790966326e+01
1.133475359136461158e+01
1.131549628974138599e+01
1.130902251608508990e+01
1.128267515919753450e+01
1.126339268607587485e+01
1.124470848532635259e+01
1.123592969018694809e+01
1.121200407049263781e+01
1.119388520425822620e+01
1.117099839002709061e+01
1.115450504617947836e+01
1.112907837245641929e+01
1.110644011099974371e+01
1.108408004593351848e+01
1.106200652603127210e+01
1.103842487243595549e+01
1.101665918567675817e+01
1.100035521165519370e+01
1.097528978761435248e+01
1.095368481007954031e+01
1.094122141186817920e+01
1.092295338195658339e+01
1.089972002032535237e+01
1.087881436176808059e+01
1.085707894659254791e+01
1.083633692040003638e+01
1.081347557566859585e+01
1.079439348700586621e+01
1.077472169305470118e+01
1.076512020508261713e+01
1.074222889750979704e+01
1.071917923354912894e+01
1.069987142073677688e+01
1.068004683716068293e+01
1.065750647043811661e+01
1.063957912868485423e+01
1.062001846270266192e+01
1.060530804636867508e+01
1.058471849355703576e+01
1.056428539706268310e+01
1.054429259186282763e+01
1.052277089247618314e+01
1.051477529989761805e+01
1.049531489344920310e+01
1.048088282548877359e+01
1.046449533887430050e+01
1.044217446381006731e+01
1.042546087132644850e+01
1.040529300046169681e+01
1.039571885456818556e+01
1.037418119462621924e+01
1.035485650137440672e+01
1.033753427568666439e+01
1.031642132344742180e+01
1.029438820739708049e+01
1.027632371302755132e+01
1.026331227598872609e+01
1.024107805497414070e+01
1.022398882961278410e+01
1.021134743705411552e+01
1.019786298094258470e+01
1.018305116598194715e+01
1.016990133298232912e+01
1.015160746234915656e+01
1.013264979774418251e+01
1.011566793383059704e+01
1.009732597036848212e+01
1.009022640794886172e+01
1.007563450409048400e+01
1.005533863493096725e+01
1.004043064453226286e+01
1.002637656609096517e+01
1.001310242040547394e+01
9.999400433355804196e+00
9.980194206206014940e+00
9.967413289700758128e+00
9.957605225191944243e+00
9.947666896418832394e+00
9.930371491391118965e+00
9.920770541350787397e+00
9.917101031386275523e+00
9.944280667335769763e+00
9.925923595887296003e+00
9.914462128087871307e+00
9.898670832332177483e+00
9.880868451423436838e+00
9.867038570002899078e+00
9.851535429478094130e+00
9.836984511903541062e+00
9.819761165354233157e+00
9.802149569114632754e+00
9.784940868933547975e+00
9.766454765499540613e+00
9.762854145220188684e+00
9.747324381615673161e+00
9.729240229973338927e+00
9.713516334365419169e+00
9.695511777721526059e+00
9.690952766480366520e+00
9.682350285660680456e+00
9.669675428927451577e+00
9.653413515072065465e+00
9.649290730217717993e+00
9.633409700439750978e+00
9.620422560682053259e+00
9.619506197495091726e+00
9.605180956181742502e+00
9.595047718663739289e+00
9.578468588855336918e+00
9.570315004355460786e+00
9.554124839199173991e+00
9.540130731921850682e+00
9.531021747458984450e+00
9.515341706121263954e+00
9.500684425573815872e+00
9.485525575345585381e+00
9.468429677195091543e+00
9.463546326150202859e+00
9.447604022702806859e+00
9.443010089785577321e+00
9.426236951311382839e+00
9.423116517376200818e+00
9.408696395823994862e+00
9.393466502877052093e+00
9.377020186594279494e+00
9.364467954930345783e+00
9.351165094515073051e+00
9.336791710999087002e+00
9.322662832234456687e+00
9.306921563346445936e+00
9.292509431372266704e+00
9.282201111670264737e+00
9.271983346533810177e+00
9.255887640159118135e+00
9.239417629514164787e+00
9.225870347425404461e+00
9.215150744747365508e+00
9.199794052391776944e+00
9.184026124150415527e+00
9.169821918297397900e+00
9.154110750646950123e+00
9.138946425159900855e+00
9.127999967865157771e+00
9.118872383274188920e+00
9.110680490806243981e+00
9.095791218782345311e+00
9.087973850266607201e+00
9.073299762258807633e+00
9.069648548178752989e+00
9.057247229553071932e+00
9.043659339727751600e+00
9.032128975749515121e+00
9.018394011769393259e+00
9.004263783495851214e+00
8.993271924582733945e+00
8.983155006022839117e+00
8.970379912901508490e+00
8.958183789420640863e+00
8.949570892529434829e+00
8.935991043262852429e+00
8.934989657144006614e+00
8.928764267502428353e+00
8.921822678071515966e+00
8.910002133978723649e+00
8.903471511909042846e+00
8.897442610645628136e+00
8.883221772503418379e+00
8.875275969667089981e+00
8.863512308646738447e+00
8.851972011732803125e+00
8.839057240716652331e+00
8.829258260301079630e+00
8.826553627017936776e+00
8.813135232022872856e+00
8.802590244815149845e+00
8.789748251761912101e+00
8.778173575737826084e+00
8.766270151438869007e+00
8.752557234438949507e+00
8.746767701647005566e+00
8.732725326068575100e+00
8.720313881093057162e+00
8.707295618590997321e+00
8.693989722357608585e+00
8.681459385522801497e+00
8.669479270594507625e+00
8.657912809757444705e+00
8.644249369684734674e+00
8.635633534990342142e+00
8.622693574440646103e+00
8.608901182918284434e+00
8.595253377116776505e+00
8.583331752411503146e+00
8.570612064029418775e+00
8.561067320632718136e+00
8.547758376773941791e+00
8.541561670330548139e+00
8.530341184952572320e+00
8.519904822689152724e+00
8.508675945339149393e+00
8.495952400069091581e+00
8.486925178381687473e+00
8.474043404822312553e+00
8.462801862983360124e+00
8.453049446862310745e+00
8.441426392273124080e+00
8.428162135371435326e+00
8.418671854831451640e+00
8.407866745568261635e+00
8.396431869097643386e+00
8.386269321979440861e+00
8.374936044321957596e+00
8.362721206547687913e+00
8.352458980027607893e+00
8.342917763913433760e+00
8.331522083519036670e+00
8.319218743693797435e+00
8.316345467930471358e+00
8.304747831316262818e+00
8.293699546396494426e+00
8.288644542381073066e+00
8.276508837699864785e+00
8.266553115950109998e+00
8.255748644952287663e+00
8.246299265104187981e+00
8.238298468357342585e+00
8.228107978810337286e+00
8.224488067996118090e+00
8.216206824630113204e+00
8.204747088636368701e+00
8.193960857593379998e+00
8.182295270895224348e+00
8.178644826607159857e+00
8.168522993766456963e+00
8.156862488514134313e+00
8.144849271618094022e+00
8.135295666586932484e+00
8.124400800039641268e+00
8.113062656935353445e+00
8.102974524069226803e+00
8.108981145355498299e+00
8.101608308370492395e+00
8.097232386415749161e+00
8.087988795243951756e+00
8.082608991149458078e+00
8.070772682260285436e+00
8.061114513925875968e+00
8.054713163023306421e+00
8.044417153569131784e+00
8.036905252348574891e+00
8.026138217874851932e+00
8.016447371655431198e+00
8.017021879067462109e+00
8.007597022235389161e+00
8.013359283239214648e+00
8.004887648664944066e+00
7.996078666954312020e+00
7.991020768468563240e+00
7.987774391048151124e+00
7.984947402100853076e+00
7.977656816209914403e+00
7.967792456665430123e+00
7.967716834802736514e+00
7.967819074486830466e+00
7.959114773381143593e+00
7.952827550589047334e+00
7.943374402532635159e+00
7.935153698261180999e+00
7.932227823424219615e+00
7.923264821521681434e+00
7.923673913908164224e+00
7.913518765100833185e+00
7.903799910221516178e+00
7.893500019229055198e+00
7.884282744812587396e+00
7.874461918227861013e+00
7.864864949539345673e+00
7.862829310636008984e+00
7.859713943919873103e+00
7.851618791097824790e+00
7.843120487686224607e+00
7.846866086599710854e+00
7.838106759243308019e+00
7.834247486726188647e+00
7.828224013209045040e+00
7.822707245809344734e+00
7.815101311194182720e+00
7.806962258003634858e+00
7.800722394737601206e+00
7.802276120760043732e+00
7.793178555821092424e+00
7.786848924179317954e+00
7.784711524387816439e+00
7.775176154359521696e+00
7.768275283246149243e+00
7.759474248829898002e+00
7.753434920660413177e+00
7.744780946342087802e+00
7.737007718675704915e+00
7.730130381090730474e+00
7.721992314997578433e+00
7.714030433228364458e+00
7.708806465208667191e+00
7.699780271912718632e+00
7.690625729915888442e+00
7.682125027042136622e+00
7.674847902223388196e+00
7.666290155762146341e+00
7.658807995372389321e+00
7.656741762474891466e+00
7.651364398726159699e+00
7.642763202094974950e+00
7.637789991523307620e+00
7.628086536999805212e+00
7.620149175105833450e+00
7.613737942167134065e+00
7.607001000409947089e+00
7.599536272749813470e+00
7.592066641563352647e+00
7.585226973257244154e+00
7.577839675221525795e+00
7.569085677792065425e+00
7.563836774845817068e+00
7.555711930681648703e+00
7.554228049413984181e+00
7.548210573260273115e+00
7.541703219261435720e+00
7.543587115974594859e+00
7.535495677338540865e+00
7.526601000220286330e+00
7.544206556907396610e+00
7.536604230152497585e+00
7.528255970937177466e+00
7.522743648261052130e+00
7.514200555184168628e+00
7.511239274759367923e+00
7.502807056115031514e+00
7.495325148576235108e+00
7.487440673639248701e+00
7.480844307854179753e+00
7.472733233984765633e+00
7.464402641102959812e+00
7.457268629528636339e+00
7.460567185443437666e+00
7.452308254093951589e+00
7.444737762193669894e+00
7.436105028539422790e+00
7.428584397353166224e+00
7.424393186624269170e+00
7.419173538718090377e+00
7.410710385196633609e+00
7.411394957962080809e+00
7.405618406139877763e+00
7.403308131862319286e+00
7.396570591126379490e+00
7.390496707086219530e+00
7.383935221376804137e+00
7.377336463475668182e+00
7.372066835064958745e+00
7.367826463753594624e+00
7.361186863674819669e+00
7.355390809550708120e+00
7.349157757308423911e+00
7.343614767515314945e+00
7.337492444549377879e+00
7.330113137936514534e+00
7.323581401965387094e+00
7.315770362180272102e+00
7.308971830592842167e+00
7.300687771872859777e+00
7.296585389951519396e+00
7.296970048853152591e+00
7.289371024183685321e+00
7.292049517178541329e+00
7.288301102660792452e+00
7.281008097377232424e+00
7.273417877265524467e+00
7.266111960503511824e+00
7.259054871829123456e+00
7.254667751347649407e+00
7.247537958033385408e+00
7.240846345630597369e+00
7.239808605626874005e+00
7.233696746032805436e+00
7.227067182241285970e+00
7.223640252415333585e+00
7.218576613930915542e+00
7.210680127659421679e+00
7.204215704124020903e+00
7.197583436685949465e+00
7.193869464771880828e+00
7.186804868811523583e+00
7.179293365789870762e+00
7.175083160277427652e+00
7.168787096782429202e+00
7.162052861611369892e+00
7.159240218062766559e+00
7.154941156566017035e+00
7.148785817752637328e+00
7.146558539707457136e+00
7.141273082125361604e+00
7.134692568820539371e+00
7.127941880490639370e+00
7.120897346884762946e+00
7.113830595762323128e+00
7.121633354325308751e+00
7.115496975938240709e+00
7.109009685372793541e+00
7.102979676801381537e+00
7.098242027579768632e+00
7.093357057198837801e+00
7.088064173224756459e+00
7.083290916810596194e+00
