5.000000000000000000e-01
6.323055179881456045e-01
8.649091786725343622e-01
9.673160634379471823e-01
9.816644561084608700e-01
9.872167985029082216e-01
9.765486301062081820e-01
9.872834776356738118e-01
9.931443124874071993e-01
9.960165886085949882e-01
9.956278202736454919e-01
9.939564063426351570e-01
9.929403613139266005e-01
9.967588723109105375e-01
9.950885600351366822e-01
9.966561284645968355e-01
9.971045601279076021e-01
9.968070262411378168e-01
9.852130325814537626e-01
9.968116937804312183e-01
9.972587628701596874e-01
9.978747910841297974e-01
9.958958413964347223e-01
9.973401404030609596e-01
9.974266783210198328e-01
9.977188488862410720e-01
9.961581802974758260e-01
9.955534875360754210e-01
9.968881718466207076e-01
9.982516151570366425e-01
9.979930450765428507e-01
9.982216965200740866e-01
9.985723127947108146e-01
9.983877565515872909e-01
9.981473927734317853e-01
9.982334378456261259e-01
9.989045198305188666e-01
9.983558085497146184e-01
9.976108286911612444e-01
9.967681204167153641e-01
