2.638077658530399106e+01
2.639991160167785011e+01
2.615737505435255272e+01
2.582275555245856680e+01
2.569825994461520224e+01
2.564582311771934187e+01
2.533717378900647788e+01
2.517449273155964917e+01
2.500095167760529691e+01
2.481931808599358291e+01
2.460849706680261306e+01
2.440780917459688482e+01
2.422474678827207129e+01
2.402790233660619279e+01
2.381870435594618129e+01
2.364085835481422748e+01
2.345404864074484053e+01
2.330683593910843854e+01
2.312919726974826418e+01
2.298219559945992074e+01
2.278382993096900577e+01
2.262987915334273481e+01
2.248034229718173549e+01
2.233763315812714723e+01
2.217159651547762422e+01
2.201568506208110065e+01
2.184863829418985404e+01
2.169104440448728610e+01
2.154507542397287523e+01
2.139022145580527834e+01
2.125227870619495718e+01
2.110703155325304436e+01
2.093378056041800761e+01
2.079227735566857760e+01
2.064189199449965528e+01
2.050875651712944858e+01
2.037776140005878744e+01
2.023095550384443442e+01
2.009937423651035360e+01
1.995107054441904992e+01
1.981974213077260671e+01
1.968455088202712489e+01
1.954702952956153439e+01
1.939985957942768025e+01
1.925805241327700656e+01
1.912916533237106620e+01
1.899037711422209540e+01
1.885043147162721766e+01
1.872898308027511050e+01
1.860313471940303032e+01
1.847692316827369297e+01
1.834212684212371514e+01
1.821370125897434988e+01
1.807334752334173444e+01
1.795445898589103351e+01
1.784735446726874031e+01
1.772496724803940538e+01
1.759629650415916302e+01
1.746543345464628771e+01
1.734995334175005866e+01
1.724411596176856065e+01
1.712805842651728483e+01
1.700796257455099791e+01
1.688864850961627440e+01
1.677414754131184438e+01
1.666062371409140397e+01
1.655745167853735111e+01
1.643798092307512348e+01
1.633607240820400008e+01
1.622571816717514182e+01
1.611863953274516703e+01
1.600510740753077243e+01
1.590129676901198508e+01
1.579689415862340951e+01
1.568931502579916781e+01
1.559327482424819955e+01
1.548424833466515871e+01
1.538390614625313191e+01
1.528795344941961254e+01
1.518238814409206938e+01
1.508603595026225186e+01
1.499824369819818415e+01
1.489046143346471673e+01
1.478935376180483630e+01
1.469147912808113610e+01
1.458433086340362550e+01
1.448338058125343686e+01
1.439941329639754741e+01
1.432207176592470610e+01
1.423030036242900742e+01
1.413787411988293385e+01
1.407040578225216620e+01
1.398275383453785992e+01
1.390137294936381451e+01
1.381492907423979588e+01
1.373301458590852242e+01
1.366585983692783479e+01
1.358691736133888384e+01
1.350186534630972446e+01
1.341688010235423434e+01
1.334052496678621758e+01
1.325691680099630432e+01
1.317532848032930559e+01
1.311299529692271726e+01
1.304602561325106613e+01
1.296691642895047991e+01
1.289651760621115528e+01
1.282606663628818211e+01
1.275983774759500022e+01
1.268535312401616721e+01
1.261505313989537846e+01
1.255349881804872503e+01
1.247592202312811871e+01
1.243461884182628019e+01
1.236018389866706713e+01
1.230265482257880905e+01
1.223102534424142895e+01
1.216906748394241511e+01
1.209762567803530331e+01
1.203404141656987392e+01
1.197238002683748448e+01
1.190726029964773147e+01
1.184513556755630503e+01
1.179542613098475101e+01
1.173169881248731095e+01
1.167457971624542701e+01
1.162148896583324920e+01
1.156233804864451287e+01
1.150084302890859078e+01
1.143496365497812128e+01
1.137965844834397977e+01
1.132007686903485499e+01
1.125770898533136233e+01
1.121999833839864635e+01
1.116165948823969956e+01
1.110453137395368017e+01
1.106007454952885283e+01
1.101423218748758082e+01
1.096315284289398306e+01
1.090949837870237360e+01
1.085474497782334247e+01
1.083044495677030916e+01
1.078156471239199199e+01
1.074240904144900099e+01
1.068780644734587426e+01
1.063390545247099084e+01
1.060211648223845415e+01
1.054937872547722755e+01
1.050663690781415660e+01
1.046959848476148558e+01
1.041836362459728527e+01
1.036762978423780268e+01
1.032411738774376708e+01
1.028490985947561320e+01
1.024656162439310947e+01
1.021015268634928219e+01
1.016577735029319562e+01
1.014389042805916752e+01
1.010172548822189142e+01
1.007404830058019130e+01
1.003508904729026341e+01
9.993326152374960358e+00
9.970008975578171118e+00
9.927046634372072020e+00
9.885485171559036388e+00
9.853191100381923917e+00
9.816948615559951463e+00
9.785854652400107767e+00
9.770735649829154212e+00
9.733980176900256964e+00
9.697335819384226951e+00
9.665470275296645042e+00
9.623845016582219358e+00
9.581283298530937742e+00
9.543127658191307816e+00
9.513890479111841714e+00
9.475929949988833201e+00
9.447887667475249884e+00
9.420833471011087923e+00
9.400778591757353198e+00
9.371141730404788817e+00
9.364194548606725732e+00
9.332612094673176983e+00
9.309082755147201738e+00
9.288511270921775420e+00
9.259336121094541738e+00
9.223637593657942446e+00
9.195636176195755240e+00
9.162412591492429925e+00
9.140124379008776501e+00
9.117380532165570983e+00
9.095421878194558829e+00
9.065808255291335271e+00
9.034610516726122142e+00
9.001995150172255933e+00
8.968545219388914802e+00
8.941682154999696763e+00
8.913257670619971762e+00
8.890602668717637158e+00
8.865477352238727349e+00
8.832978523797095249e+00
8.801096764374607417e+00
8.770881516685417267e+00
8.738969848185497824e+00
8.716969596459302139e+00
8.690912841173375369e+00
8.673358681833290618e+00
8.646871108713339638e+00
8.625822887712821796e+00
8.595604132911786266e+00
8.577509505040117332e+00
8.548222580353982636e+00
8.529935855260699640e+00
8.503079287847711498e+00
8.476116516011691360e+00
8.451969161240723949e+00
8.422694057278656388e+00
8.410292917072723640e+00
8.388912128966580894e+00
8.375238168198574584e+00
8.349269218567471285e+00
8.332261413235153569e+00
8.308974473672684269e+00
8.291809129261691780e+00
8.276199852840033344e+00
8.259391397306721672e+00
8.234079587780831488e+00
8.216354601497064536e+00
8.191027577446687857e+00
8.168263534172112372e+00
8.147661708028627103e+00
8.131567324472536384e+00
8.112528335108850186e+00
8.088410748454251120e+00
8.073353764623536932e+00
8.053233423797138357e+00
8.033211903703978862e+00
8.013610482706218008e+00
7.988745661938590814e+00
7.966483580792943719e+00
7.952115147732720324e+00
7.929442412185419897e+00
7.907741844583174640e+00
7.885903365381320640e+00
7.862455471716910615e+00
7.847770188057262786e+00
7.836413669521571812e+00
7.813050526002992768e+00
7.789592918761250928e+00
7.775930062761883477e+00
7.752865991164352266e+00
7.739227099203565885e+00
7.716548120518526233e+00
7.696451621774021312e+00
7.678251252571086205e+00
7.667973397682815495e+00
7.646105775135826121e+00
7.623788717926552216e+00
7.603587078477842098e+00
7.584497631559833586e+00
7.568484045249443071e+00
7.548168438686714055e+00
7.536482944475638490e+00
7.519271054347508532e+00
7.506283448612595777e+00
7.499340462936325835e+00
7.480924677897894171e+00
7.461402636757195950e+00
7.446795543262553885e+00
7.425987353405900215e+00
7.408566207864698328e+00
7.390630917229697339e+00
7.381516531890611077e+00
7.367452767100129307e+00
7.354092260762310929e+00
7.342153663044049594e+00
7.328772007352957196e+00
7.312125852140302307e+00
7.291481811912800204e+00
7.272837345658364150e+00
7.255659720187471962e+00
7.241886289770515184e+00
7.226394043983655813e+00
7.208883541695792374e+00
7.191182078460792049e+00
7.178560013474435841e+00
7.161926632992638098e+00
7.143830930755640019e+00
7.128036161478100929e+00
7.113392478909212890e+00
7.094240176713774382e+00
7.075488596779670125e+00
7.070815965444176676e+00
7.055620547451362690e+00
7.044875838084515784e+00
7.033852074755855277e+00
7.020227972193718635e+00
7.010232632605785774e+00
6.996042670867331559e+00
6.978066734703330276e+00
6.964533903265697212e+00
6.948653935092352185e+00
6.940790623729349740e+00
6.924964614403325669e+00
6.909357888111572699e+00
6.896325819578390970e+00
6.887545169306434900e+00
6.873799936304107128e+00
6.861219877061648376e+00
6.846544797390932580e+00
6.830994550072582605e+00
6.815541027819837616e+00
6.814348077416043203e+00
6.804443638716748843e+00
6.788128679340640126e+00
6.778642907594544020e+00
6.766890713247943445e+00
6.757378891144353084e+00
6.749212296291831059e+00
6.733248989280568253e+00
6.719602700356540836e+00
6.713458203828521320e+00
6.704607886884264012e+00
6.695503713969678472e+00
6.683022959594990375e+00
6.670999849389817271e+00
6.656653203202295366e+00
6.641896561419918577e+00
6.633797204130524428e+00
6.622419034660555148e+00
6.608192999073902563e+00
6.593288822187922449e+00
6.578489825054056439e+00
6.564186687552520105e+00
6.551183534642222916e+00
6.541718605023498334e+00
6.528324040239885662e+00
6.513364029318541526e+00
6.507942889463823377e+00
6.495206436274963302e+00
6.482929018881721461e+00
6.469683352893585315e+00
6.455067711500208638e+00
6.442553935369118356e+00
6.431895136377347555e+00
6.420142225153881554e+00
6.406083709606053667e+00
6.393220644932587682e+00
6.379858396204237003e+00
6.365737320354113216e+00
6.352220279481367804e+00
6.339706957323066661e+00
6.327659817038367329e+00
6.321777901893195661e+00
6.308798827725586200e+00
6.294690608606916093e+00
6.283446781123844360e+00
6.272477156320035441e+00
6.260359247300829821e+00
6.246616455137618651e+00
6.233174878709168532e+00
6.225225545730341814e+00
6.212650896874447604e+00
6.199685995947385564e+00
6.188225543610320400e+00
6.177693165088755656e+00
6.168231087897413367e+00
6.155003996863857019e+00
6.142406513844393068e+00
6.131496997357961831e+00
6.122342408783204348e+00
6.110542121512397173e+00
6.098115966739350746e+00
6.086273654318907766e+00
6.074907463906116689e+00
6.062217758111981603e+00
6.049299749848097818e+00
6.036514679300847064e+00
6.027353459956604098e+00
6.014781688558028527e+00
6.009748627313025615e+00
6.000425620328716292e+00
5.987845476584953808e+00
5.980427417125224743e+00
5.975468789745254306e+00
5.964569064040154522e+00
5.952424882707826548e+00
5.942645804673815313e+00
5.930425915403552573e+00
5.919657623905679067e+00
5.917513172644010666e+00
5.905576243861396790e+00
5.895180585835559484e+00
5.885753699670347672e+00
5.874422561924057540e+00
5.863401889641920661e+00
5.851996865261115843e+00
5.841024778324272582e+00
5.829393744290207735e+00
5.823266449520708044e+00
5.814260591783885879e+00
5.809268834365792777e+00
5.798083667311321854e+00
5.789368803165008792e+00
5.779822223098662448e+00
5.769776928355962120e+00
5.760853560210374091e+00
5.749459259435860226e+00
5.744136303527218601e+00
5.732819873142971367e+00
5.721801583143244940e+00
5.718088336935123195e+00
5.709548894555132925e+00
5.706627667090984346e+00
5.701891133176505200e+00
5.691350008612847233e+00
5.682350699677766848e+00
5.673742904248443963e+00
5.671111208492682465e+00
5.666587793474383794e+00
5.657029928454710976e+00
5.647438097507567534e+00
5.638393346242343895e+00
5.636930156849691009e+00
5.627438903994694819e+00
5.617635467147778172e+00
5.608314149172481500e+00
5.613537965231089721e+00
5.606195742531710380e+00
5.596587170641624809e+00
5.591176011386379763e+00
5.580803126811431092e+00
5.573225845092501629e+00
5.566176835106596776e+00
5.559322983543651731e+00
5.552749771528876721e+00
5.544714233567144213e+00
5.544053970373943763e+00
5.534195934113797399e+00
5.526063746652817521e+00
5.517817596477168074e+00
5.517011342925528083e+00
5.507190439565138540e+00
5.497717276578415913e+00
5.491573223970093842e+00
5.494079352270119010e+00
5.486663376044755402e+00
5.478580278314575835e+00
5.470609074801947358e+00
5.461739259217780251e+00
5.455163748120275713e+00
5.445679031175726159e+00
5.438327395208637505e+00
5.430318879779786556e+00
5.421704748855145084e+00
5.421748933379520352e+00
5.412608196960454698e+00
5.406558193588864469e+00
5.397762257819070264e+00
5.389569698031341005e+00
5.382432399873319895e+00
5.374680786514214326e+00
5.368114955246773512e+00
5.360212367183697424e+00
5.352825140970335127e+00
5.351572835089686286e+00
5.345135214221727438e+00
5.337530052723639784e+00
5.331026697044725537e+00
5.323561719751028321e+00
5.316391300592683500e+00
5.307713862213617517e+00
5.299779914859982455e+00
5.290731140958638612e+00
5.283116209312937350e+00
5.274585947765351612e+00
5.273242107532587042e+00
5.265684267233628368e+00
5.262792923777585230e+00
5.253905573235236659e+00
5.249632679594538942e+00
5.241255221032474765e+00
5.233283818501677231e+00
5.229064043312504850e+00
5.220200296560252973e+00
5.218481923585765792e+00
5.211416736496176760e+00
5.204054038019339856e+00
5.196099787224999211e+00
5.189486086830839895e+00
5.180989499082827798e+00
5.176142706448096931e+00
5.168250160423234263e+00
5.166166047448037091e+00
5.160640936014963209e+00
5.154329870641510603e+00
5.146117476114588918e+00
5.140190008826189150e+00
5.132113180679637843e+00
5.127140387027739443e+00
5.123065703664395620e+00
5.115821718576952115e+00
5.112821951672806620e+00
5.105922835703748497e+00
5.099825386300370411e+00
5.092541683899209914e+00
5.084559808787732393e+00
5.077482509539041011e+00
5.069437858927680729e+00
5.062350325129527207e+00
5.055081506007922165e+00
5.054577047450678151e+00
5.047002874206226508e+00
5.043239781904026664e+00
5.038071329760055228e+00
5.031448058707937321e+00
5.024099862764931146e+00
5.016420507823458053e+00
5.009684640523246024e+00
5.002728510582177712e+00
4.998172165864914085e+00
4.990777266289991410e+00
4.983101526842963480e+00
4.979911641963932212e+00
4.975315895947297840e+00
4.967781538131163188e+00
4.960940060292867493e+00
4.954673433496830093e+00
4.951944544624957700e+00
4.948232775385736915e+00
4.944604072150066365e+00
4.937743410651846077e+00
4.930481929801752372e+00
4.923974252774718785e+00
4.916673915266446038e+00
4.911914093554250904e+00
4.906113543473098915e+00
4.901002548451613094e+00
4.894711159023026781e+00
4.888497174974255621e+00
4.881121620660324290e+00
4.875562002959628494e+00
4.869005906431043584e+00
4.861758841157527655e+00
4.856977626100022150e+00
4.850461209700100973e+00
4.844068046258403371e+00
4.837563931528919170e+00
4.831696962012665963e+00
4.825445721472268801e+00
4.819716531931813819e+00
4.812733044956023498e+00
4.806152638055825044e+00
4.801797490937740776e+00
4.795411558754184789e+00
4.794495703694058975e+00
4.788343979606531242e+00
4.787625667223333714e+00
4.782313693166804214e+00
4.775973919925086797e+00
4.777464794065973130e+00
4.771395252890682670e+00
4.765804213956132962e+00
4.759340510412823910e+00
4.753045516672696813e+00
4.751450959187241807e+00
4.750726601440506514e+00
4.744807215278299850e+00
4.743077040776152664e+00
4.738108449064982963e+00
4.731958688644258615e+00
4.725388863960708008e+00
4.719981636143255166e+00
4.713734147038743494e+00
4.708256204916040133e+00
4.702219555904477488e+00
4.696086480916231487e+00
4.691320619320038077e+00
4.684692661363244248e+00
4.680069826736661831e+00
4.674040208363059001e+00
4.667727070395296884e+00
4.662973928230036869e+00
4.661633671404931789e+00
4.655504230311485969e+00
4.649755538729164250e+00
4.644213185895601725e+00
4.638846053428822280e+00
4.634659084347121372e+00
4.629304191847224637e+00
4.624453707595662877e+00
4.619005789036657816e+00
4.612943855194198584e+00
4.606870810701465757e+00
4.603232710017019613e+00
4.597758324095363669e+00
4.595618215541602325e+00
4.592219644849770965e+00
4.586093508165114407e+00
4.580244901526105750e+00
4.577084469457580518e+00
4.571672810431011591e+00
4.566640068805401853e+00
4.565952123655820039e+00
4.559613679418331955e+00
4.553657799365796066e+00
4.550419673146312682e+00
4.544437623997319875e+00
4.541075053669278105e+00
4.536491592678100204e+00
4.532706778277201032e+00
4.527825943651438756e+00
4.522020658791849002e+00
4.516286199057123696e+00
4.514165190192568566e+00
4.511029911708124729e+00
4.505151300959037819e+00
4.503214020584680455e+00
4.497333190876118714e+00
4.491635695827901564e+00
4.487311475255974180e+00
4.482439591990029726e+00
4.479097734909301742e+00
4.473974836204099859e+00
4.469463888764007464e+00
4.466609460412652055e+00
4.464939110477168072e+00
4.460187528840942051e+00
4.457149500137015607e+00
4.451858027586570010e+00
4.446319763210697218e+00
4.441000550624232268e+00
4.435260210057421659e+00
4.432362409014672266e+00
4.427285069918303506e+00
4.422028079840602643e+00
4.416575133670233022e+00
4.413614907643785834e+00
4.408807108959945431e+00
4.403772195761598063e+00
4.398966464890490258e+00
4.396909741015520900e+00
4.391151880834030408e+00
4.385760377163679280e+00
4.380125547007487796e+00
4.379155784245576832e+00
4.374722604558058059e+00
4.369775402521604235e+00
4.365108868780003704e+00
4.360061982741500586e+00
4.356479005577358343e+00
4.351571886031156744e+00
4.349342242553353444e+00
4.345155094036213583e+00
4.340530959231125863e+00
4.336631613223643100e+00
4.331964033790003832e+00
4.326942744685873699e+00
4.323930428503736323e+00
4.318737507512750540e+00
4.313723144975548429e+00
4.310102313090206749e+00
4.304735405480057508e+00
4.300747985736341761e+00
4.297307776775670440e+00
4.293295176377317723e+00
4.292645783160450534e+00
4.288133573519784747e+00
4.282996071680921446e+00
4.278070298049365228e+00
4.275411305309245513e+00
4.272269956539697766e+00
4.268315821646111452e+00
4.265103680621659343e+00
4.261497064611435626e+00
4.258489116480145498e+00
4.255699170141435062e+00
4.251492150207836218e+00
4.247169020225278757e+00
4.242554137517855040e+00
4.242060579154726341e+00
4.237953619414603246e+00
4.234442511374462370e+00
4.231841220549270588e+00
4.227151193237799198e+00
4.222316230209179011e+00
4.219319914119452619e+00
4.215718872148197072e+00
4.210768022174319114e+00
4.205820743420385810e+00
4.200760335444037707e+00
4.199304790471741100e+00
4.194909204155018223e+00
4.190212574191582107e+00
4.185756949817443839e+00
4.181586047081735202e+00
4.176849705363957277e+00
4.171873843518914882e+00
4.168695781475716622e+00
4.164896754613043761e+00
