2.061124439100686656e-01
2.147001933960355491e-01
2.237464979000054199e-01
2.329741379059384887e-01
2.394098048276170343e-01
2.535137264909888000e-01
2.610071942130310907e-01
2.788768346819394117e-01
2.929577464423499533e-01
3.053554040505371825e-01
3.219385546965728984e-01
3.344627298686151939e-01
3.556756756290928578e-01
3.794100635727840620e-01
3.875489589370729182e-01
4.114093959234786935e-01
4.455494778268429545e-01
4.706193752846853373e-01
5.183246072819331918e-01
5.707149546809954233e-01
6.216577539610369518e-01
6.438786187153290319e-01
6.721194878589562549e-01
6.718346252729507917e-01
7.046632123851862550e-01
7.096774193048497326e-01
7.124430955494025497e-01
7.196367763404651896e-01
7.476423990446692258e-01
7.500936679904345317e-01
7.523558235459145704e-01
7.758620689154860361e-01
7.828723000636794715e-01
7.872823617970813315e-01
7.810518462759561409e-01
7.805796010037990840e-01
7.944301941602752715e-01
7.879228809975987735e-01
7.944707165741715649e-01
7.851562499501592018e-01
7.970622341982550596e-01
8.051262720947232054e-01
8.126843657316530356e-01
7.951807228416906126e-01
7.970037452683174095e-01
7.808417996596720423e-01
7.746529013383788298e-01
7.810246678816943344e-01
7.864741640837482617e-01
8.005997000998920088e-01
8.156630956278154709e-01
8.191252779336378742e-01
8.173719375891462802e-01
8.209899515688574567e-01
8.196721310978946073e-01
8.349961626515071123e-01
8.326908249307978238e-01
8.319198149076676430e-01
8.343151693166556138e-01
8.375558866861668728e-01
8.516566264559988220e-01
8.414634145841637380e-01
8.415466261819908311e-01
8.442403367276857251e-01
8.524344568788002618e-01
8.467532467031922971e-01
8.471810088520221882e-01
8.388746802568443073e-01
8.326530611744364929e-01
8.310331965183993530e-01
8.406676782504549639e-01
8.459510357315203066e-01
8.410852712679331988e-01
8.582173749029609056e-01
8.486842104762539751e-01
8.389766741410946693e-01
8.495034376887583560e-01
8.573573573073235421e-01
8.506177461124466710e-01
8.304137159395172940e-01
8.344620014548648212e-01
8.416323473853788428e-01
8.462983840161104609e-01
8.483965014076653155e-01
8.417997096741812735e-01
8.464216633930318201e-01
8.451519536402503086e-01
8.478341354553113884e-01
8.430059523309018088e-01
8.489583332832824070e-01
8.334572490205809370e-01
8.465608465108329650e-01
8.533933257842346576e-01
8.544257497670553203e-01
8.538181817681224084e-01
8.653421633053456352e-01
8.730741011971847598e-01
8.642803877202722695e-01
8.529973271741559948e-01
8.493999225207504722e-01
8.602554469822745187e-01
8.629402756008781594e-01
8.602484471550807532e-01
8.615725359410799644e-01
8.680504076593570373e-01
8.714069591027857609e-01
8.658442559253982651e-01
8.652060898125518706e-01
8.694057226205159639e-01
8.739867353957737617e-01
8.767631773812727403e-01
8.791946308224336537e-01
8.736223364672029978e-01
8.817285822092812975e-01
8.865593410207179836e-01
8.766306372962041626e-01
8.649040202324500548e-01
8.592429253450127868e-01
8.351409977807505713e-01
8.457960643506819975e-01
8.653846153345561287e-01
8.834264431529277317e-01
8.844295800316986922e-01
8.801526717057459592e-01
8.799702712245641711e-01
8.752800596960326196e-01
8.861515490354315849e-01
8.928307464392210013e-01
8.886454910050654021e-01
8.881602913889167228e-01
8.773448772948254648e-01
8.814301349371672645e-01
8.923865299645759031e-01
8.844184344780993134e-01
8.766019772476290051e-01
8.764367815591512789e-01
8.777194298074272316e-01
8.786549707101699580e-01
8.832448824367261642e-01
8.779427743070595813e-01
8.866855523579245668e-01
8.897810218477458788e-01
8.864743349068724410e-01
8.782870022039110935e-01
8.839779005024225311e-01
8.987246811202540542e-01
8.789712556232087692e-01
8.861493835612535008e-01
8.880813952987759441e-01
8.831263695627920018e-01
8.948905108988404189e-01
8.828358208454738509e-01
8.961088023678129844e-01
8.882352940675823927e-01
8.934240362311619554e-01
8.896198829908708028e-01
8.941004030279849912e-01
8.854559155490698830e-01
8.893838158370995783e-01
8.853073462767971913e-01
8.828828828328472156e-01
8.903703703203106334e-01
8.877438350621918994e-01
8.905162943475912751e-01
8.819202477240000171e-01
8.747169810820548674e-01
8.568102444204239720e-01
8.596968518739436238e-01
8.646814925998071999e-01
8.650116368779577902e-01
8.612046389323748663e-01
8.706240486562495384e-01
8.678397603393266380e-01
8.694015806801190793e-01
8.678071539159064596e-01
8.803322007804823546e-01
8.724681169792206648e-01
8.860662047229630467e-01
8.805224740184340870e-01
8.928704740074355772e-01
8.878718534969277654e-01
8.958727754138284816e-01
9.009752437609139797e-01
8.882197967132378080e-01
8.919319022445358902e-01
8.855291576173378587e-01
8.803578083733563098e-01
8.740740740240154905e-01
8.752327746240642359e-01
8.713513513013017020e-01
8.848841485339739021e-01
8.920259442460884980e-01
8.987390140883507739e-01
8.933933933433569896e-01
9.055762081283823539e-01
9.022900762858970802e-01
9.028697571243274878e-01
9.071559632526858818e-01
9.076186970423155698e-01
8.999630859595342258e-01
8.904515173444619291e-01
8.836680560318415090e-01
9.075691411435313771e-01
9.024110217640380904e-01
9.071161048188711717e-01
9.022837887930866829e-01
8.994350281985595830e-01
9.127972819431827700e-01
9.053901243374596897e-01
8.995143817205911718e-01
8.939558450458525707e-01
8.940646130228427912e-01
8.953846153346715075e-01
8.990011098278519741e-01
9.008875739144348582e-01
9.054690329090134826e-01
9.050822122070528719e-01
9.139023480677257449e-01
9.021213248476009916e-01
9.077380951880399396e-01
9.212392683336745325e-01
9.090909090408560989e-01
9.070380127463563147e-01
9.068645639573622574e-01
9.188178076566505537e-01
9.152668905807821442e-01
9.243947857972450999e-01
9.242937852607046034e-01
9.140103780077598605e-01
9.259397096633789070e-01
9.129622711490548159e-01
9.140305172554898938e-01
9.152293577480979936e-01
9.122280569642138293e-01
9.232472324222592563e-01
9.226234339956227437e-01
9.166977959902947726e-01
9.136636636136257206e-01
9.182994454212856095e-01
9.155555555054938344e-01
9.091588784546259516e-01
9.198658217911691581e-01
9.236031926523950997e-01
9.185022025931046663e-01
9.147113593540427967e-01
9.118406491568697980e-01
9.143911438613743226e-01
9.098300073409196775e-01
9.060573086187820868e-01
8.845731036509245637e-01
8.866642831104943889e-01
8.861404146461909770e-01
9.042591917955858927e-01
9.086924762099778397e-01
9.056603773084292985e-01
9.123579024068455556e-01
9.146884272496433876e-01
9.058867641044406893e-01
9.032258064015532550e-01
8.932461873137733654e-01
8.932330826567344007e-01
9.026217227963995171e-01
9.111111110610496944e-01
9.009208102630105186e-01
8.762322014833430206e-01
8.668819518695854986e-01
8.468916518149941508e-01
8.570422534711413798e-01
8.766019772476290051e-01
8.886462881595443841e-01
9.156716417409938025e-01
9.172932330326724060e-01
9.298976884683670674e-01
9.131736526445659585e-01
8.982536066318510537e-01
8.842182890354826075e-01
8.779160186126397925e-01
8.847784199886027379e-01
8.817696414450595377e-01
8.979895755270127511e-01
8.938420853296566992e-01
9.133800220656737023e-01
9.057572423408393192e-01
9.024118737903867871e-01
9.255592225388575844e-01
9.134687734638882173e-01
9.225563909274088203e-01
9.150766928044248294e-01
9.136981270156695478e-01
9.204836936106142176e-01
9.171835096179381530e-01
9.207407406906786829e-01
9.210722263088428896e-01
9.113553113052446086e-01
9.084870848207844407e-01
9.050112190972989801e-01
9.190179552449124767e-01
9.131403117539500514e-01
9.196071298153409845e-01
9.055905219788167315e-01
9.177425303815097690e-01
9.156713716473711129e-01
9.198095935054066974e-01
9.217585692494988381e-01
9.294512877439016219e-01
9.192592592091973769e-01
9.183078044721804112e-01
9.111193751823722931e-01
9.138827022513517084e-01
9.157618868836884252e-01
9.187408491446619196e-01
9.149709301824947572e-01
9.245003700461619234e-01
9.256198346607068528e-01
9.322033897804413716e-01
9.195402298350102699e-01
9.269202087493503273e-01
9.255639097244010571e-01
9.264983037569831659e-01
9.162962962462345429e-01
9.279475982032097114e-01
9.264384558858410612e-01
9.331831831331438565e-01
9.223300970373284891e-01
9.204253758208530423e-01
9.234184239232996472e-01
9.268115941528372037e-01
9.273330873715496248e-01
9.289134437805040001e-01
9.238767173654625076e-01
9.288361748943413376e-01
9.334308704693172754e-01
9.256931607632444825e-01
9.259668507786625868e-01
9.246525237246214779e-01
9.200144769676749101e-01
9.227356746264611109e-01
9.189985271958837076e-01
9.158273380794466068e-01
9.222797926960509818e-01
9.091572418324591620e-01
9.114296214126309525e-01
9.225688072893819536e-01
9.301152737251627833e-01
9.270072992200060202e-01
9.050073637201848653e-01
9.151670950656143333e-01
8.916453848459590104e-01
9.036982789686082151e-01
9.129959955815335482e-01
9.089568742588181038e-01
9.124862687159529528e-01
9.209748891670695992e-01
9.254498714152280536e-01
9.321468297608392906e-01
9.285714285213716446e-01
9.284099471994058383e-01
9.289698772277410477e-01
9.184581170737343703e-01
9.209164818420274568e-01
9.255592225388575844e-01
9.238767173654625076e-01
9.287047405247901288e-01
9.303354219919531820e-01
9.240412978850371939e-01
9.212253828820999857e-01
9.204927211145630395e-01
9.247472856107562533e-01
9.281481480980854348e-01
9.287061485731354926e-01
9.348546190150777146e-01
9.268476620917530662e-01
9.252615844043606819e-01
9.335807049592156348e-01
9.274163218755018256e-01
9.332833582707966702e-01
9.359165424238644615e-01
9.314349943298738665e-01
9.362653745306387387e-01
9.387300407965790683e-01
9.326386303928163590e-01
9.364844903487523631e-01
9.402539207863936932e-01
9.336791403723160299e-01
9.277286135192551741e-01
9.366995974618230747e-01
9.341810021937815289e-01
9.334319526126574340e-01
9.343339586741621350e-01
9.316081330368115587e-01
9.222759389607276814e-01
9.430051812970858816e-01
9.246268656215901327e-01
9.349289453501016256e-01
9.347745060997779687e-01
9.388367729330736600e-01
9.336283185340040758e-01
9.376181473979957604e-01
9.428676741113772852e-01
9.361859092085095257e-01
9.362799262851074777e-01
9.379671150471101670e-01
9.287833827392565356e-01
9.354250273122090009e-01
9.410029498024401473e-01
9.452257586471967121e-01
9.379157427437261330e-01
9.348978046433987776e-01
9.385474859834636030e-01
9.396423248381711169e-01
9.419642856642278517e-01
9.410007467759381461e-01
9.419210721763021654e-01
9.396777818907573465e-01
9.377098097224197959e-01
9.385474859834636030e-01
9.308176100128291441e-01
9.327976624773244296e-01
9.425539699462720522e-01
9.349112425534856774e-01
9.402153731396908354e-01
9.404761904261326189e-01
9.368111682085649150e-01
9.344624447216556273e-01
9.311253292687482475e-01
9.351713859410031304e-01
9.402092675134775535e-01
9.373842163263726990e-01
9.436777321394277385e-01
9.458753265643558006e-01
9.468280160848774329e-01
9.474074073573433008e-01
9.460766083545525396e-01
9.362490733376321872e-01
9.346139637474963902e-01
9.442406455845603341e-01
9.510748702242137753e-01
9.481751824316833055e-01
9.412202380451802908e-01
9.414758269219446474e-01
9.374534623475608841e-01
9.457538345926753687e-01
9.466271311582392656e-01
9.439765653106046983e-01
9.453734670625377756e-01
9.412633911579134649e-01
9.388356668622389600e-01
9.418262149720233456e-01
9.417368999132874618e-01
9.403973509433093403e-01
9.351410772676301830e-01
9.424860852931666866e-01
9.437956203878877792e-01
9.368968076708004133e-01
9.434523809023227514e-01
9.354120266759973212e-01
9.317927692380560956e-01
9.330357142356570099e-01
9.308550185373023478e-01
9.373396848161826833e-01
9.285714285213620967e-01
9.427934620598953375e-01
9.429000750814418019e-01
9.441361449739825717e-01
9.451851851351213973e-01
9.440118649851617638e-01
9.403924471916984551e-01
9.475641501916667320e-01
9.408740359396483566e-01
9.396267837040475079e-01
9.432412247445712827e-01
9.427609427108948337e-01
9.427732941538927713e-01
9.415705246987331467e-01
9.484536081973542476e-01
9.450792480148051400e-01
9.380073800237341830e-01
9.434782608195028120e-01
9.498894619985683851e-01
9.512017479470190606e-01
9.492647058322837283e-01
9.493530498575125653e-01
9.413946587036471358e-01
9.358132749316977472e-01
9.387155962802065101e-01
9.469781237912422434e-01
9.392831016324477700e-01
9.488615154408019947e-01
9.376375641465564126e-01
9.523809523308937042e-01
9.509658246156154071e-01
9.547627803839136007e-01
9.428783382288696835e-01
9.535398229587814800e-01
9.445478228007054833e-01
9.529411764205190094e-01
9.483013293443202096e-01
9.516008934719082379e-01
9.403149029158776040e-01
9.471316084988882222e-01
9.420877904331493857e-01
9.478357380187472092e-01
9.377777777277144233e-01
9.436936936436536305e-01
9.410456061790810622e-01
9.300441825714350630e-01
9.327453141726441688e-01
9.339239571297051068e-01
9.447943682344863703e-01
9.500554938456060583e-01
9.428778018299112107e-01
9.420877904331493857e-01
9.471332836431670676e-01
9.374305812161340956e-01
9.479128185683304286e-01
9.428571428070737781e-01
9.475251209026777088e-01
9.460154241144552723e-01
9.386705838647312339e-01
9.430774880145655903e-01
9.485294117146367832e-01
9.378447958307702947e-01
9.357065019477560641e-01
9.451851851351213973e-01
9.430711609986437427e-01
9.387755101540203873e-01
9.472913615897550210e-01
9.447088977895499173e-01
9.506126995414724279e-01
9.491401389912771380e-01
9.425539699462720522e-01
9.415730336578198578e-01
9.481097108468974355e-01
9.506990433642061866e-01
9.493392069983885850e-01
9.451697127436798906e-01
9.574387946768980751e-01
9.516369047118460323e-01
9.525560867465471260e-01
9.502598366240287975e-01
9.503175195614539383e-01
9.552129221232046330e-01
9.530791788355605920e-01
9.532987397572009192e-01
9.517446176188321116e-01
9.481981981481577559e-01
9.501999272490977422e-01
9.533944953627742080e-01
9.438371654230203189e-01
9.514421321149547639e-01
9.465536306170903025e-01
9.557848194046106860e-01
9.543599257384348666e-01
9.487652045205181572e-01
9.543109800531001108e-01
9.421487602805403982e-01
9.540610069326573850e-01
9.506726456898595412e-01
9.509157508656813640e-01
9.517850569981459730e-01
9.451108687249250018e-01
9.486803518560888993e-01
9.423076922576272274e-01
9.348630643466794288e-01
9.393274853300486171e-01
9.266155530715101118e-01
9.249070631469682446e-01
9.388356668622389600e-01
9.468634685846192278e-01
9.484536081973542476e-01
9.554327807970766084e-01
9.503703703203061348e-01
9.463629683555148109e-01
9.541284403169025818e-01
9.522431258544249433e-01
9.550147492124685389e-01
9.514348785371274930e-01
9.497616427808801554e-01
9.487467264744560147e-01
9.579335792857254228e-01
9.507462686066628921e-01
9.441361449739825717e-01
9.518477043172482999e-01
9.517446176188321116e-01
9.527001861696822171e-01
9.502598366240287975e-01
9.478357380187472092e-01
9.438119720395379275e-01
9.448529411264017241e-01
9.461567025121374597e-01
9.470958194097941485e-01
9.447717230721702775e-01
9.506037321123893546e-01
9.457538345926753687e-01
9.535232383307651327e-01
9.488203266287010829e-01
9.552680221310795305e-01
9.525574499128718342e-01
9.526605504086458343e-01
9.453448925244147816e-01
9.502196192764311711e-01
9.480189021673095517e-01
9.519586104451293052e-01
9.496296295795655373e-01
9.500367376428036081e-01
9.504223282642896287e-01
9.439528023098145981e-01
9.514775628831674270e-01
9.429517850069798479e-01
9.506859472988431481e-01
9.394833947838816535e-01
9.455081000972070937e-01
9.451754385464223862e-01
9.539717891110368608e-01
9.572966950854748802e-01
9.602378297529862161e-01
9.617242660220312045e-01
9.552238805469610572e-01
9.564894012143509983e-01
9.525574499128718342e-01
9.519266054545174605e-01
9.516837481197693016e-01
9.551353355079640339e-01
9.513914656271177384e-01
9.533407987554712859e-01
9.558173784477217438e-01
9.534023668138393859e-01
9.543599257384348666e-01
9.579456642595803872e-01
9.601489757413763648e-01
9.572586587561212612e-01
9.563000727831439951e-01
9.625275532195843864e-01
9.502028771170293320e-01
9.523110784532318185e-01
9.454012458275415920e-01
9.472140761962648536e-01
9.470544369372683180e-01
9.560073936652755400e-01
9.437616386836495952e-01
9.563920983472604664e-01
9.560029827985651041e-01
9.589041095389757574e-01
9.507352940675778408e-01
9.567787217822195656e-01
9.613138685630692182e-01
9.496296295795655373e-01
9.549615524947853151e-01
9.602968459610687901e-01
9.526649272701083193e-01
9.549211118958661482e-01
9.620817843365566668e-01
9.506126995414724279e-01
9.539255436285163370e-01
9.513192121387171740e-01
9.473296500420127497e-01
9.338262476393992539e-01
9.235905044009780074e-01
9.292101340781123708e-01
9.113924050132367061e-01
9.059829059328491363e-01
9.107076694571638598e-01
9.108541588458830551e-01
9.076693968226189346e-01
9.226234339956227437e-01
9.346210995041752678e-01
9.356984478435046437e-01
9.439355074618398511e-01
9.473684210025629104e-01
9.566506112874680889e-01
9.533602643641791996e-01
9.533333332832688578e-01
9.535488665422843235e-01
9.534368070452771127e-01
9.525560867465471260e-01
9.515711644601002606e-01
9.541620828248842390e-01
9.589345171530416767e-01
9.457652302619753426e-01
9.524861877952351952e-01
9.606762219271441916e-01
9.488510006912265204e-01
9.559147685024650398e-01
9.499814745701660179e-01
9.500734213889907576e-01
9.499999999499465497e-01
9.490398817815433041e-01
9.447897622899675829e-01
9.465930017915523687e-01
9.425713226620523466e-01
9.507352940675778408e-01
9.528443113271977127e-01
9.609520267256931314e-01
9.556541019454987129e-01
9.528056484077619404e-01
9.552906109782595134e-01
9.532572689966737345e-01
9.475251209026777088e-01
9.440947796611539600e-01
9.385185184684551318e-01
9.349470498743391866e-01
9.458563535410919876e-01
9.280119357947814729e-01
9.282576866263595461e-01
9.390654205106985231e-01
9.388209120745205638e-01
9.425028184392525432e-01
9.472118958607211869e-01
9.534103614855387043e-01
9.577254021197976197e-01
9.552906109782595134e-01
9.516369047118460323e-01
9.542292200158398741e-01
9.578908824105670794e-01
9.524160825762691962e-01
9.566813509044087560e-01
9.536723163341488396e-01
9.524861877952351952e-01
9.553571428070839477e-01
9.514563106295594874e-01
9.469808541472806152e-01
9.510849576549693651e-01
9.531192321389322375e-01
9.531478769631074321e-01
9.550147492124685389e-01
9.596445760328669028e-01
9.534968875368946550e-01
9.605947954889730855e-01
9.559701492036773995e-01
9.567131327452343958e-01
9.582417581916879978e-01
9.602082558071362017e-01
9.607988165179807138e-01
9.596146720507134908e-01
9.588126159054103370e-01
9.616672868870458357e-01
9.580265095228320815e-01
9.634601043496457962e-01
9.606824925315391450e-01
9.641791044275572764e-01
9.697193500237869523e-01
9.667289719125655711e-01
9.675755342166952877e-01
9.685068543404498076e-01
9.671949870490827994e-01
9.644859812583601588e-01
9.630459126039214723e-01
9.580882352440478478e-01
9.640762462842400460e-01
9.642462218445125854e-01
9.603556872415248691e-01
9.563269876319174800e-01
9.586410634654419782e-01
9.543260303992516791e-01
9.592660549958011984e-01
9.595885377897535040e-01
9.554419283648319938e-01
9.585928911188560386e-01
9.639539204255984650e-01
9.583333332832635332e-01
9.596146720507134908e-01
9.567765567264866489e-01
9.577464788231755399e-01
9.552785923252965494e-01
9.594946116184639440e-01
9.593023255313287700e-01
9.628279882881235485e-01
9.542097488421040774e-01
9.593852908390625434e-01
9.643775247387653682e-01
9.625862694740889847e-01
9.620160700741083870e-01
9.662261379822347784e-01
9.638109305260030846e-01
9.654919235916327169e-01
9.682422451493408744e-01
9.644970413700516554e-01
9.590043923364597322e-01
9.630996309462415139e-01
9.688427299202623244e-01
9.668528863559009423e-01
9.711751662470494706e-01
9.650909090408413826e-01
9.600878798474030695e-01
9.608567207771110397e-01
9.544613105756293292e-01
9.525925925425280383e-01
9.539933749959376152e-01
9.550686965708073961e-01
9.510233917627962663e-01
9.567765567264866489e-01
9.559794570299006145e-01
9.589951975856918498e-01
9.605602653387995682e-01
9.495023958216607385e-01
9.616087750870413453e-01
9.605311692601492535e-01
9.634601043496457962e-01
9.604728481213401503e-01
9.571843250587883656e-01
9.552564568433487002e-01
9.492647058322837283e-01
9.535648994014843671e-01
9.523809523308850444e-01
9.557263080362821128e-01
9.594992635729054919e-01
9.632623070770419682e-01
9.597042513362548100e-01
9.592660549958011984e-01
9.609720176229790134e-01
9.624953582863656765e-01
9.603556872415248691e-01
9.662013225068729616e-01
9.598822229900482172e-01
9.646708813184783349e-01
9.558441557940933198e-01
9.622781064588091793e-01
9.590556989539891219e-01
9.643916913445951256e-01
9.645078667629554126e-01
9.608062709465868823e-01
9.600597237274753892e-01
9.612229678843215996e-01
9.613828612960132469e-01
9.593738352089822286e-01
9.511111110610468433e-01
9.526977087452033199e-01
9.588431590155647166e-01
9.565862708219224908e-01
9.547477744306492875e-01
9.568452380451790695e-01
9.591607343073914604e-01
9.637573963996374227e-01
9.681952662221223749e-01
9.676700110982106029e-01
9.628252787603482910e-01
9.627976189975596677e-01
9.624953582863656765e-01
9.638464405015648717e-01
9.594040967842070167e-01
9.604728481213401503e-01
9.602082558071362017e-01
9.691629955446426914e-01
9.637037036536383328e-01
9.639175257231262783e-01
9.645232815463848919e-01
9.604436228704508194e-01
9.651076465720604958e-01
9.625787328139588928e-01
9.601489757413763648e-01
9.618659755145402279e-01
9.674556212517080311e-01
9.623338256515570066e-01
9.652109547981945203e-01
9.616957976442501721e-01
9.656972408149701037e-01
9.714285713785077991e-01
9.621380845824542005e-01
9.609229623615527238e-01
9.632925472246856025e-01
9.616387336557151722e-01
9.658753708698175622e-01
9.645918747169953678e-01
9.645494829632259570e-01
9.614953270527528684e-01
9.655172413292462119e-01
9.627421758068728241e-01
9.572966950854748802e-01
9.593131765083638962e-01
9.541557957009692004e-01
9.551020407662640377e-01
9.521354933225378847e-01
9.634011090072343020e-01
9.627168696435458584e-01
9.561694290475369895e-01
9.589442814748563304e-01
9.579524679572426482e-01
9.550147492124685389e-01
9.589141598912358511e-01
9.614814814314164293e-01
9.588839940762146075e-01
9.631833394813642535e-01
9.642725598026007372e-01
9.629080118193726889e-01
9.659813083611638040e-01
9.652880354004489405e-01
9.607116382004917687e-01
9.574546799351357773e-01
9.563920983472604664e-01
9.641934292596402445e-01
9.626865671141245917e-01
9.647495361280443715e-01
9.595246936001423643e-01
9.511011570981366958e-01
9.657458563035214993e-01
9.603262884186051229e-01
9.622295562388916146e-01
9.611829944046466068e-01
9.624999999499298520e-01
9.585666292892522922e-01
9.674315321483053509e-01
9.653136530864628861e-01
9.652109547981945203e-01
9.670329669828962027e-01
9.675276752266840363e-01
9.619785898354985543e-01
9.637111858833586897e-01
9.694965085864599708e-01
9.649317090676873265e-01
9.662086891441449277e-01
9.626893239248124345e-01
9.672914369216309982e-01
9.730328776743498720e-01
9.588631263523436088e-01
9.651076465720604958e-01
9.696521094984161815e-01
9.659465396789662650e-01
9.662838087680156729e-01
9.626617374730384036e-01
9.648538660246653853e-01
9.673873213130658177e-01
9.690949226872365152e-01
9.659465396789662650e-01
9.668630338232733212e-01
9.605654761404168740e-01
9.644036696747000370e-01
9.595547309332395081e-01
9.610389609888980722e-01
9.633699633198927748e-01
9.573353292912692991e-01
9.642198450255491382e-01
9.686693696513680729e-01
9.630712979389607353e-01
9.616236161860940435e-01
9.613095237594645459e-01
