2.033634381622526077e-01
2.095320623708188390e-01
2.143354209925442955e-01
2.158240239283511774e-01
2.181647058599556765e-01
2.234969194568238171e-01
2.240802675312309755e-01
2.276422764000571308e-01
2.352575396171181499e-01
2.452632802243713273e-01
2.520738560043896959e-01
2.654072467922963252e-01
2.889874352911673272e-01
2.963288634444622427e-01
3.141581297149517726e-01
3.209722654543660791e-01
3.535276073233075134e-01
3.748314606316101583e-01
3.930874386956508260e-01
4.191027495903829059e-01
4.313471502097114829e-01
4.263790957702602302e-01
4.488868695619181448e-01
4.742320385431604279e-01
4.862127180168134832e-01
4.962453065843234756e-01
4.834640299536160368e-01
4.597972175936749228e-01
4.768554434505481998e-01
4.839897987623967834e-01
5.015812776232607684e-01
5.065773737900087781e-01
5.244161358348705670e-01
5.509259258781004087e-01
5.588235293625384292e-01
5.702066998787201912e-01
6.032608695153492961e-01
5.757832344995943430e-01
5.632776934263978852e-01
5.309278350022379467e-01
5.259631490290566092e-01
5.525855607844067929e-01
5.611620794653040534e-01
6.139773142565779773e-01
6.462457974845249309e-01
6.450410141184987900e-01
6.504683840269198658e-01
6.533173938548234583e-01
6.640098098838459473e-01
6.780080420173607569e-01
6.875971401438292219e-01
7.171874999501643977e-01
7.078215901251776465e-01
7.166831193976562764e-01
7.272727272228044493e-01
7.370456302671900550e-01
7.548313754710330725e-01
7.835205992009028897e-01
7.867889907756304702e-01
7.822638788252266329e-01
7.819767441359928295e-01
7.908836464917393672e-01
8.013196480437828617e-01
8.137364687816109887e-01
8.127369218605373646e-01
8.119494446072610394e-01
8.045627375925966662e-01
7.904903417032943524e-01
7.938218390304214722e-01
7.858960377543805498e-01
7.988567344980261886e-01
8.138728323200147274e-01
8.028273809023334096e-01
8.165819319016706102e-01
8.253358924644471628e-01
8.293241694803815678e-01
8.221709006429065436e-01
8.325757575257526355e-01
8.385162981890039724e-01
8.060394889164177457e-01
8.022641508933812116e-01
8.005963473223000060e-01
8.056358381002403091e-01
8.399122806516932105e-01
8.427581174253132579e-01
8.473543966001836347e-01
8.421052631078876916e-01
8.519774010799192610e-01
8.400292183575358562e-01
8.535728230661213667e-01
8.558038932448318592e-01
8.580318941547140366e-01
8.619344773292374473e-01
8.713318283924089691e-01
8.597353496664327244e-01
8.577648765827434740e-01
8.550834597375555068e-01
8.472170339432323338e-01
8.657693706301867742e-01
8.680981594592451778e-01
8.663308794541676461e-01
8.754716980631870316e-01
8.746784269988153726e-01
8.688344902678030168e-01
8.634658664165805186e-01
8.432055748629886383e-01
8.439349111925456004e-01
8.577648765827434740e-01
8.771526979982535721e-01
8.659793813933226447e-01
8.689024389744055554e-01
8.644716691690250698e-01
8.636015325170892654e-01
8.503996954201301639e-01
8.505034856201215687e-01
8.694998119093534372e-01
8.731082653750210643e-01
8.153846153345556402e-01
7.746580273077705581e-01
7.876316683158216536e-01
8.711610486390984898e-01
8.702119746617356100e-01
8.601743084001647333e-01
8.485305199198338588e-01
8.466257668212100462e-01
8.478344192677887969e-01
8.597560975109916903e-01
8.717948717449053309e-01
8.866055045370910825e-01
8.874622355995276379e-01
8.883116882616308718e-01
8.759954493242846363e-01
8.750957853906516926e-01
8.785529715261655159e-01
8.814589665153518272e-01
8.969189805509945046e-01
8.825324179515429135e-01
8.914845515701698142e-01
8.901018922352357254e-01
8.893905191373285835e-01
8.901220865204163557e-01
8.844592099905431715e-01
8.912386706448446327e-01
8.820702402456875868e-01
8.824393827566952009e-01
8.839119073780969948e-01
8.651266765520365665e-01
8.730277985976003796e-01
8.912881607839008291e-01
8.890521674738146585e-01
8.883844116034110838e-01
8.756554306615700334e-01
8.872292755287427557e-01
8.759894458602662803e-01
8.760960731486440167e-01
8.809788653559488258e-01
8.832412522519621501e-01
9.049255440508224835e-01
8.888051262221198234e-01
8.872919817956740340e-01
8.956685498558103475e-01
8.850488354120246148e-01
8.823529411264473543e-01
8.951672861952976179e-01
9.000371608566697379e-01
8.869113829681100070e-01
8.922964585114541158e-01
8.905603609879529925e-01
8.928965770570387317e-01
8.875695732338014787e-01
8.870908421713404879e-01
8.833765271620839243e-01
8.682471822276158768e-01
8.763541277049036182e-01
8.718330848977886571e-01
8.822429906041607817e-01
8.863126401892974515e-01
8.848484847984757762e-01
8.797587636137526035e-01
8.808290154939816263e-01
8.868980962545430780e-01
8.842263019357223808e-01
8.907247464764386224e-01
8.744460856220213074e-01
8.691138301316263526e-01
8.727687048493558697e-01
8.775510203581473601e-01
8.928436197909584982e-01
8.891446106136411398e-01
8.963946868570178417e-01
8.963691376201817773e-01
8.888888888388835063e-01
8.932626797380271988e-01
8.980044345397381056e-01
9.056460780098619656e-01
8.924097272896558408e-01
8.877975065612401240e-01
8.799705448689350007e-01
8.873615883425383100e-01
8.752327746240642359e-01
8.807057920482408431e-01
8.770336738054549386e-01
8.910815938778910983e-01
8.888054094165321883e-01
8.956456455956089968e-01
8.929098965525962273e-01
8.998527245449275958e-01
8.941979521684244592e-01
8.963460103899193454e-01
8.922610014674465795e-01
9.039039038538666526e-01
8.967863893639724804e-01
8.934521502794271486e-01
8.806797191963366966e-01
8.558139534383377711e-01
8.579067990332955862e-01
8.717366628330757150e-01
8.915482422835379062e-01
9.035916823696430455e-01
9.014189693300860284e-01
8.963963963463597029e-01
8.788796365888987827e-01
8.809160304843719480e-01
8.802122819818363197e-01
8.896604937772335520e-01
9.022727272227170081e-01
8.932110091242465577e-01
9.008669430332760797e-01
9.027982326450747497e-01
8.879216539216486792e-01
8.955114053951154229e-01
8.864905098122467519e-01
8.868360276636866324e-01
8.954224041181634286e-01
8.996983408247868352e-01
9.035187286673524998e-01
9.062618595325389048e-01
9.017125837176305225e-01
8.972653362396640908e-01
8.970642883185799832e-01
8.932112890423126172e-01
8.969924811529746966e-01
9.063557727969023814e-01
9.029599100286396229e-01
9.055059523308971459e-01
8.908132529620199636e-01
8.906485670691314249e-01
8.905891353746668848e-01
8.996937212364036762e-01
8.985947587802312064e-01
8.983799704948540743e-01
8.904619969693223780e-01
8.906789412618957291e-01
8.815935078805902103e-01
8.986686390031927152e-01
9.076517149895514391e-01
9.066059225012504941e-01
8.986260675325643543e-01
8.826510720748943495e-01
8.763197586226770808e-01
8.714231208962236463e-01
8.807201799949739840e-01
8.855758478813693380e-01
8.934911242102935303e-01
9.096296295795684994e-01
8.993288590103517555e-01
8.999630859595342258e-01
9.101040118370150589e-01
9.034719572182358105e-01
9.063643013398386961e-01
9.046728971462150160e-01
9.011477230154704143e-01
8.947564149741175088e-01
8.937452900780820109e-01
9.051039697042363441e-01
8.938981732886320808e-01
8.947368420552797019e-01
8.819969742313779060e-01
8.811769143219129186e-01
8.851376146288342239e-01
8.956723337986128852e-01
9.086142321596950566e-01
9.000371608566697379e-01
9.025297618547069023e-01
8.958410010540941437e-01
8.917197451728892110e-01
8.828154248844397589e-01
8.796992480702692241e-01
8.835616437856246286e-01
8.697878565702729103e-01
9.012939001347805013e-01
9.082740546111319757e-01
9.059829059330191114e-01
9.174990750516758276e-01
9.148217635522124525e-01
9.214071855786971632e-01
9.148856392450473995e-01
9.143719350687984360e-01
9.133681851627959425e-01
9.064695008741515680e-01
9.096989966054612742e-01
9.127667539746658898e-01
9.123475609256218588e-01
9.162092937662519310e-01
9.088913281606909589e-01
9.141599412558757409e-01
9.108687475994594607e-01
9.171927218214600552e-01
9.214232764510507101e-01
9.195739992154488007e-01
9.155722325953643548e-01
9.243821467592296948e-01
9.237128898409825428e-01
9.155555555054938344e-01
9.211523881228491639e-01
9.219330854518011931e-01
9.225009359289892963e-01
9.146656815162456100e-01
9.145009415695566357e-01
8.991565822748331938e-01
9.052010327791498723e-01
9.148288972884056625e-01
9.185741087679719641e-01
9.199417757869073897e-01
9.232480533425975189e-01
9.185959670896066687e-01
9.169811320254480647e-01
9.173896642276061497e-01
9.242937852607046034e-01
9.251700679771912572e-01
9.186530457312938047e-01
9.133506879380433041e-01
9.131736526445659585e-01
9.114018691088314750e-01
9.059180576131208307e-01
9.069423928598329132e-01
8.953229398163120578e-01
8.998151570663887044e-01
9.040270981810573092e-01
9.239170003139680620e-01
9.197740112494056097e-01
9.231922067689902756e-01
9.083395942399719036e-01
9.065176908251791899e-01
9.139268562484214042e-01
9.131931165848260479e-01
9.174591098777331588e-01
8.964232488322131376e-01
8.892988929388669916e-01
8.994038747636584619e-01
9.047441164983269779e-01
9.001130794825789039e-01
9.018181817681187873e-01
9.025830257801942258e-01
9.173155357304362267e-01
9.207660532732819814e-01
9.236526945607327344e-01
9.208579881156169211e-01
9.273743016259226035e-01
9.236526945607327344e-01
9.245072517163988035e-01
9.213151089266625737e-01
9.264264263763876128e-01
9.198501872158738601e-01
9.210225104421948528e-01
9.225563909274088203e-01
9.343283581589029163e-01
9.288922155188162888e-01
9.313501143664896231e-01
9.266494654862402758e-01
9.215611973732560358e-01
9.280898875904051160e-01
9.295352323337653377e-01
9.341362438340472529e-01
9.275914633646449303e-01
9.287061485731354926e-01
9.313033790810207879e-01
9.203202439454380990e-01
9.303703703203075603e-01
9.214152699685673742e-01
9.257641920896727550e-01
9.266089574207997392e-01
9.327794561433310205e-01
9.312523225066116073e-01
9.324424646863910260e-01
9.274823353906268553e-01
9.333333332833030349e-01
9.313207546669564074e-01
9.404805914471621175e-01
9.258160236888116623e-01
9.304056568163373564e-01
9.247232471824066158e-01
9.329896906715821059e-01
9.288956126580006911e-01
9.341317364768998432e-01
9.277336359696586321e-01
9.297136481462979773e-01
9.321401938351067118e-01
9.276340456942402390e-01
9.271623671730585547e-01
9.316303530679188594e-01
9.258028792411859831e-01
9.341906202222968192e-01
9.275037368707282903e-01
9.285714285213716446e-01
9.294512877439016219e-01
9.264264263763876128e-01
9.261492086914933086e-01
9.294942782814219484e-01
9.265246142041571042e-01
9.012066364507294036e-01
8.935402381311083886e-01
8.987052550909085946e-01
9.147685524848340188e-01
9.276659209044584298e-01
9.253731342783065861e-01
9.261447562276305945e-01
9.247787610118809454e-01
9.303201506091034467e-01
9.254752851211046627e-01
9.292101340781123708e-01
9.331373989212764508e-01
9.199549041213286316e-01
9.226212513383119651e-01
9.287061485731354926e-01
9.303519061082895503e-01
9.240601503259049387e-01
9.291044775618882978e-01
9.209932279409379641e-01
9.243947857972450999e-01
9.268113276439376991e-01
9.300567107250284904e-01
9.367088607094373742e-01
9.285714285213716446e-01
9.395280235487529774e-01
9.313613954752095747e-01
9.285447062724373479e-01
9.305660376858243543e-01
9.354120266759973212e-01
9.317681584238862724e-01
9.274823353906268553e-01
9.310089020270900795e-01
9.170047952284298143e-01
9.146937241138130004e-01
9.097091045967503620e-01
9.143279172320628589e-01
9.064261555305742624e-01
9.135053110273841925e-01
9.272593680616149081e-01
9.379258137274257834e-01
9.258845437115837962e-01
9.195230998009147338e-01
9.223264539837315867e-01
9.247153873902554944e-01
9.368968076708004133e-01
9.310089020270900795e-01
9.232497191562449856e-01
9.109639440264607479e-01
9.254287844391342333e-01
9.194883370455280147e-01
9.171686746487648367e-01
9.290753805663533038e-01
9.204673953514050933e-01
9.207883971236136000e-01
9.126953869115079776e-01
9.121212120712010041e-01
9.164133738101819526e-01
9.173896642276061497e-01
9.266294226687532554e-01
9.130269653886615711e-01
9.238767173654625076e-01
9.340740740240109918e-01
9.271028036882694723e-01
9.358208954723356010e-01
9.304249717438731748e-01
9.322473157588964110e-01
9.325337330833903815e-01
9.339305710585709130e-01
9.397136397389678208e-01
9.408262001732400348e-01
9.352941175969907706e-01
9.354250273122090009e-01
9.365313652635867125e-01
9.334819769101789788e-01
9.310861422720528857e-01
9.344262294581416883e-01
9.224366249972789644e-01
9.313944816799987203e-01
9.253393664658106088e-01
9.277736410519548116e-01
9.344262294581416883e-01
9.346069066361917255e-01
9.342301942698308936e-01
9.330827067168817601e-01
9.303187545829996186e-01
9.287305121993831847e-01
9.141376757456446400e-01
9.199557358407496332e-01
9.225688072893819536e-01
9.302840279838695547e-01
9.265578634514227696e-01
9.274924470798872056e-01
9.237128898409825428e-01
9.234789099910093446e-01
9.165722913807060612e-01
9.187145557155776965e-01
9.284671532346043810e-01
9.354838709177004663e-01
9.421487602805403982e-01
9.358830145731298344e-01
9.374057314733511559e-01
9.339272456811941181e-01
9.366144667657551048e-01
9.298311444152508320e-01
9.308927903870063414e-01
9.334325027390830698e-01
9.260497955649545920e-01
9.343951459492328970e-01
9.335347431523942641e-01
9.298113207046923012e-01
9.384898710364885099e-01
9.362329524010940540e-01
9.349775784252867261e-01
9.303187545829996186e-01
9.205397300848905395e-01
9.193008552864996297e-01
9.240972733471333189e-01
9.269027881941308555e-01
9.333333332832777218e-01
9.293764086652144263e-01
9.360269359768886854e-01
9.392471113923605008e-01
9.378742514469592395e-01
9.301801801301409212e-01
9.370786516353482032e-01
9.328808445955233397e-01
9.430284857070777571e-01
9.383536359779883762e-01
9.332836376689170876e-01
9.327856608909499414e-01
9.344262294581416883e-01
9.328413283632179809e-01
9.266294226687532554e-01
9.342153619491968541e-01
9.379412857173134999e-01
9.320754716480885715e-01
9.327887114241324440e-01
9.375470277904477401e-01
9.388217522158379680e-01
9.383536359779883762e-01
9.437616386836495952e-01
9.402153731396908354e-01
9.395418700213091778e-01
9.414795730084523084e-01
9.330868761052032445e-01
9.404717333831249526e-01
9.320388349014054885e-01
9.349379465464301431e-01
9.256630556092705353e-01
9.317594982900296863e-01
9.366144667657551048e-01
9.306029578567036609e-01
9.310473350226257105e-01
9.301978349630132259e-01
9.372912800983619341e-01
9.356159284947886956e-01
9.369903631819612722e-01
9.396423248381711169e-01
9.363465159575024011e-01
9.417833455652603325e-01
9.317091177055635276e-01
9.349503858374731413e-01
9.288956126580006911e-01
9.363602530202818075e-01
9.300622482106422062e-01
9.374766004741024172e-01
9.433962263650295110e-01
9.435240963355099320e-01
9.410456061790810622e-01
9.394964298635293254e-01
9.428141459243826183e-01
9.336332957879780459e-01
9.353383458146260487e-01
9.374534623475608841e-01
9.359310602721739869e-01
9.422859297877703710e-01
9.407870540139257054e-01
9.417910447260665618e-01
9.363636363136234042e-01
9.397229501558692633e-01
9.446085671582052923e-01
9.432314409979682956e-01
9.386987588818942463e-01
9.470174138069205050e-01
9.318761383834489598e-01
9.439461882907569379e-01
9.390977443108662337e-01
9.458164393159476102e-01
9.433543131672628146e-01
9.420821113868812491e-01
9.384965830935030340e-01
9.341454129686581620e-01
9.278579355770174564e-01
9.151651651151271327e-01
9.187173750431614216e-01
9.163287872702440273e-01
9.233082706266569906e-01
9.271719038316361683e-01
9.209849319602231299e-01
9.271375464183435611e-01
9.267574530231754704e-01
9.216186656444289582e-01
9.361702127159057252e-01
9.416195856373512640e-01
9.411764705381705509e-01
9.512915128650616392e-01
9.427509293179706651e-01
9.471316084988882222e-01
9.404761904261326189e-01
9.406494960305750164e-01
9.397769516228036135e-01
9.458948164463881758e-01
9.453860639801003884e-01
9.442598744423658097e-01
9.373842163263726990e-01
9.217521527017338290e-01
9.114296214126309525e-01
9.148856392450473995e-01
9.251297256726960239e-01
9.262926292128583761e-01
9.362017803653687187e-01
9.400444114969380704e-01
9.424433716543582085e-01
9.502028771170293320e-01
9.489757913838353653e-01
9.464684014369294518e-01
9.470958194097941485e-01
9.479205694516410485e-01
9.466666666166027033e-01
9.471726189975607779e-01
9.388516032310795234e-01
9.341272794438024718e-01
9.196493790587717543e-01
8.949301983334762012e-01
8.956554028463410422e-01
8.998151570663887044e-01
9.179241810320094563e-01
9.336870026025085867e-01
9.416941693668725577e-01
9.383259911393586616e-01
9.407407406906772573e-01
9.454412302684953584e-01
9.371980675827910057e-01
9.347664936489740173e-01
9.382986490919547062e-01
9.295564665917648295e-01
9.348148147647518114e-01
9.272457312045799815e-01
9.406906906406508062e-01
9.318943058673232471e-01
9.370314842078277806e-01
9.390733308510631483e-01
9.452407202733416058e-01
9.483394833447665873e-01
9.480326651318240483e-01
9.434239529256841506e-01
9.522409992151766867e-01
9.481481480980841203e-01
9.501488094737511325e-01
9.522744220230247025e-01
9.514200298453154847e-01
9.526649272701083193e-01
9.481097108468974355e-01
9.426847661641502008e-01
9.458563535410919876e-01
9.420560747163058135e-01
9.459053342850479718e-01
9.500745155982299739e-01
9.505759940041946798e-01
9.497580944791568225e-01
9.428676741113772852e-01
9.454012458275415920e-01
9.513274335782505586e-01
9.529106414034035355e-01
9.589858314189974031e-01
9.512012011511603582e-01
9.536178107106055846e-01
9.522744220230247025e-01
9.525574499128718342e-01
9.505988023451619195e-01
9.566506112874680889e-01
9.512915128650616392e-01
9.512555390932121435e-01
9.524878413266816279e-01
9.410892922804297012e-01
9.491150441977197483e-01
9.484837412725470873e-01
9.552572706434570016e-01
9.497984609246463705e-01
9.531308585926260291e-01
9.531192321389322375e-01
9.466715703802364157e-01
9.488130563297594300e-01
9.417040358243893294e-01
9.419163891471236116e-01
9.378531072946020286e-01
9.425891181488331716e-01
9.486049926077866346e-01
9.539153240413745793e-01
9.461393596486503688e-01
9.420993649107262113e-01
9.351611707539386753e-01
9.300259162772230859e-01
9.295039163990336251e-01
9.134649909732931450e-01
9.035381749965016862e-01
9.026548672065727308e-01
9.068010075066252895e-01
9.220389804597030059e-01
9.359790340195911496e-01
9.497954629473377430e-01
9.575175470500436603e-01
9.548482604976771260e-01
9.567831641739376058e-01
9.522744220230247025e-01
9.494571321101927808e-01
9.503759397995872327e-01
9.465081723124952884e-01
9.511645378913585747e-01
9.563269876319174800e-01
9.502228825650953503e-01
9.484304932234920438e-01
9.522744220230247025e-01
9.532916512923359509e-01
9.448584202182005454e-01
9.465875370419258861e-01
9.446713701690258036e-01
9.495767390003544417e-01
9.488996642543099380e-01
9.505988023451619195e-01
9.504437869321827881e-01
9.475655430211152863e-01
9.505247375811399779e-01
9.528123819809298789e-01
9.513274335782505586e-01
9.523809523309089142e-01
9.489489488989083510e-01
9.497247705921323391e-01
9.479940564135352910e-01
9.452363090272272172e-01
9.496138285633918263e-01
9.537784298838992703e-01
9.547775345961749816e-01
9.590556989539891219e-01
9.583023082150202709e-01
9.583643122175977691e-01
9.575260804268435066e-01
9.631268436077482509e-01
9.568424934947492577e-01
9.542240416321152718e-01
9.574309185459144445e-01
9.544613105756293292e-01
9.582089551738264266e-01
9.507462686066628921e-01
9.516837481197693016e-01
9.540186915387347533e-01
9.510385756175930849e-01
9.481865284473445232e-01
9.397944199205625626e-01
9.379873746250233513e-01
9.376153561699411831e-01
9.351951306338108783e-01
9.432989690220966450e-01
9.389426656238081259e-01
9.307375514288015461e-01
9.398663696604068196e-01
9.258292955146125713e-01
9.168180166589815494e-01
9.077034883220301831e-01
9.282187618185882005e-01
9.401129943002515255e-01
9.471349352549248701e-01
9.397680508291144097e-01
9.368696301329902942e-01
9.275362318340719670e-01
9.313653136030703994e-01
9.355907250143413734e-01
9.486404833336621323e-01
9.456561921865331843e-01
9.449644327466589777e-01
9.405528208511593213e-01
9.512830047844517134e-01
9.519910680556359361e-01
9.535232383307651327e-01
9.548148147647502748e-01
9.563963963463405493e-01
9.571955719056516321e-01
9.594395279735301596e-01
9.553113552612852999e-01
9.478001490923763095e-01
9.428152492167930498e-01
9.401395519146760194e-01
9.474868716678872538e-01
9.409141582554031435e-01
9.405326522666048739e-01
9.434944237417624002e-01
9.528406980561399120e-01
9.532360642971268172e-01
9.574309185459144445e-01
9.586592178270375575e-01
9.552785923252965494e-01
9.561664189692554716e-01
9.525942515363599039e-01
9.545286505968838542e-01
9.523099850468140781e-01
9.517757008845294520e-01
9.498878084765030039e-01
9.452004412886587659e-01
9.403924471916984551e-01
9.454682210857298097e-01
9.478743067891207685e-01
9.531135530634832209e-01
9.423577537617674471e-01
9.474071349260251296e-01
9.436048654125199775e-01
9.494423791320965034e-01
9.566184649110043292e-01
9.500554938456060583e-01
9.461966604323128749e-01
9.486404833336621323e-01
9.490516920287807023e-01
9.483532933631262374e-01
9.396681749122650640e-01
9.418822646668676413e-01
9.425891181488331716e-01
9.550147492124685389e-01
9.554140126888079898e-01
9.529499626086480601e-01
9.597014924872592223e-01
9.581945985440886160e-01
9.586155003261872531e-01
9.538346983862788786e-01
9.543599257384348666e-01
9.525588344661979345e-01
9.544275657150340653e-01
9.482631189447601194e-01
9.484156226470578099e-01
9.410456061790810622e-01
9.537071885084906775e-01
9.546468400986389824e-01
9.545793000244024995e-01
9.627718392422273119e-01
9.550561797252345997e-01
9.551470587734597339e-01
9.524853800668896531e-01
9.563302751792877032e-01
9.589743589242887278e-01
9.611940298006919070e-01
9.610866372480206810e-01
9.605947954889730855e-01
9.577677224235758846e-01
9.546130951880364979e-01
9.615814993904521213e-01
9.588736568599021126e-01
9.540740740240095663e-01
9.486623282218126230e-01
9.498154981049141687e-01
9.542292200158398741e-01
9.498352251421675607e-01
9.560723513711208987e-01
9.559794570299006145e-01
9.550147492124685389e-01
9.454140363405816316e-01
9.514994446000648587e-01
9.542728635181714214e-01
9.544095664671389256e-01
9.570957095208869614e-01
9.606824925315391450e-01
9.552349241082769282e-01
9.534711964048812050e-01
9.482758620189213339e-01
9.511209113795520143e-01
9.585975381819481500e-01
9.494505494004799040e-01
9.572586587561212612e-01
9.572524661538032165e-01
9.591160220493782917e-01
9.572836801251770611e-01
9.536423840558910792e-01
9.560723513711208987e-01
9.589141598912358511e-01
9.505169866559891600e-01
9.611721611220906958e-01
9.532010482464711165e-01
9.607407406906757208e-01
9.593738352089822286e-01
9.548292324141240961e-01
9.600886917459418024e-01
9.605602653387995682e-01
9.638376383263151936e-01
9.585666292892522922e-01
9.519158526922600894e-01
9.587628865478687867e-01
9.595547309332395081e-01
9.567448679851204840e-01
9.560975609255676355e-01
9.580445092531049145e-01
9.590469098531437808e-01
9.643916913445951256e-01
9.615814993904521213e-01
9.563609466954959837e-01
9.557910120069271764e-01
9.595246936001423643e-01
9.537105069300919613e-01
9.482694454281707097e-01
9.373377826714804906e-01
9.540740740240095663e-01
9.533602643641791996e-01
9.522409992151766867e-01
9.518161600685428603e-01
9.474877218993541517e-01
9.444032616252520107e-01
9.451851851351213973e-01
9.507224897609772851e-01
9.562962962462316918e-01
9.423652694110307149e-01
9.291280147922399424e-01
9.329403094561967702e-01
9.281767955300436190e-01
9.220389804597030059e-01
9.286245352659271424e-01
9.478778852812904665e-01
9.553239016625258984e-01
9.492028178958028528e-01
9.520624302732395572e-01
