2.058053022913138019e-01
2.154526470670348470e-01
2.239405502876457843e-01
2.341594706480591426e-01
2.432999876217085133e-01
2.464105018156580451e-01
2.514819881178101957e-01
2.652554985593801318e-01
2.733734280654017135e-01
2.793791573880384793e-01
2.810949255301097294e-01
2.868042309331644280e-01
2.862460450021027114e-01
2.998986828373760294e-01
3.071094271918851093e-01
3.152492668246401619e-01
3.264495631058242364e-01
3.384416144630617018e-01
3.483663138087148559e-01
3.539736713353909825e-01
3.538223140039179482e-01
3.583493692124447572e-01
3.741298000922095301e-01
3.860487338308515315e-01
4.100026047991628952e-01
4.416229643471617505e-01
4.799528301405553421e-01
5.259236261541717639e-01
5.549597854731133095e-01
5.774456521241380091e-01
5.842391303850070772e-01
5.839999999523866059e-01
5.864793678185363790e-01
5.979689366302819442e-01
6.150061500127510516e-01
6.228462028863367417e-01
6.100628930327238741e-01
6.251993619922617818e-01
6.299263056220036905e-01
6.220218930608021335e-01
6.479709666281144864e-01
6.684672518071150815e-01
6.993150684433144804e-01
7.336122733112919736e-01
7.533664067536849362e-01
7.648102163387858754e-01
7.749903511658308153e-01
7.772312016366060838e-01
7.876664330264233627e-01
7.901701322751336631e-01
7.711598745582173287e-01
7.592796765394338454e-01
7.599853425662872475e-01
7.567567567067018386e-01
7.675090252207131813e-01
7.822120866090762625e-01
7.945823927265006636e-01
7.943854324234478348e-01
8.019801979698193417e-01
8.054133137758372474e-01
8.083491460600604750e-01
8.052147238764280068e-01
7.840531560961243596e-01
8.068862274948733759e-01
7.915547024452559421e-01
7.853366231435299216e-01
8.021068472035504104e-01
8.111731843074954096e-01
8.111432705722353420e-01
8.264960481246085289e-01
8.142116949906555989e-01
8.218654433751083621e-01
8.106852496597390934e-01
8.197456992768118456e-01
8.123569793550571294e-01
8.021148035753649097e-01
7.892100192178971296e-01
7.928949357020689259e-01
7.907658482460212523e-01
7.993909401860267439e-01
8.164196122647179310e-01
8.125718665656067596e-01
8.246855345413973692e-01
8.284294993768545057e-01
8.306092124313747549e-01
8.343419061527127534e-01
8.481675392169740757e-01
8.146470365675766434e-01
7.926300577534203251e-01
7.959337348897378428e-01
8.181480103627436495e-01
8.204936424331318312e-01
8.290434113983841113e-01
8.259015121641437585e-01
8.289421942089546524e-01
8.188073393995736193e-01
8.273764258055225085e-01
8.380015139545340386e-01
8.219383921362970469e-01
8.271466066241315307e-01
8.153846153345556402e-01
7.955202311638247537e-01
8.133480014167537853e-01
8.323442135997978220e-01
8.412874583295210096e-01
8.408673281381048303e-01
8.359598853367842253e-01
8.442249239621630874e-01
8.410372040085949408e-01
8.448669201020992947e-01
8.184615384116005199e-01
8.319172515199457774e-01
8.317580339764538699e-01
8.392924350271293576e-01
8.452914797705849415e-01
8.428413691070976155e-01
8.502857142357294062e-01
8.577617328019340182e-01
8.426626323251782402e-01
8.541364295580701205e-01
8.640595902665232364e-01
8.489736069880610136e-01
8.489154823732941724e-01
8.585185184684611670e-01
8.637037036536459045e-01
8.614259597305586880e-01
8.574423479584322161e-01
8.595403137040423802e-01
8.472727272226683315e-01
8.348457349771667424e-01
8.470066518346418549e-01
8.376383763337046373e-01
8.280492353098951597e-01
8.266051518147269350e-01
8.282828282327889813e-01
8.257292445273721748e-01
8.341744772390655704e-01
8.608534322319482124e-01
8.352353779813590506e-01
8.396084336849152230e-01
8.056275453035187661e-01
8.170952552922143841e-01
8.537224092279235288e-01
8.489369637694237358e-01
8.484848484347896624e-01
8.559322033398977236e-01
8.447298828362715950e-01
8.536221059992457061e-01
8.649446493964333404e-01
8.508839353843369313e-01
8.592983779205566330e-01
8.469884024939173806e-01
8.403298350324226451e-01
8.535502958079296265e-01
8.419090230670298602e-01
8.519748984364664546e-01
8.578016909569727844e-01
8.562783660619396331e-01
8.430123641313042038e-01
8.245289988417048299e-01
8.030578812750253093e-01
8.219876228112452665e-01
8.505833646470003506e-01
8.590455049443919133e-01
8.559577676724523521e-01
8.548678971631192836e-01
8.601268183013138779e-01
8.638878642066705194e-01
8.702402956985535454e-01
8.532347504120482151e-01
8.438661709536656730e-01
8.386372144763561964e-01
8.360593381013984304e-01
8.490635328180979879e-01
8.631970259722517858e-01
8.800904976875333352e-01
8.699157199939083762e-01
8.401206636000552175e-01
8.618320610187245601e-01
8.479262672311578264e-01
8.443449047651846451e-01
8.682055100020708016e-01
8.794218333467356263e-01
8.804511277695172833e-01
8.645908761266277720e-01
8.513966479946433186e-01
8.440435925843181586e-01
8.388305846576102898e-01
8.581106510602478643e-01
8.664969079164726029e-01
8.760268856855769615e-01
8.717167871597555351e-01
8.657056145175244799e-01
8.636186009661774854e-01
8.550889140627401241e-01
8.354333714658718213e-01
8.478015783039721809e-01
8.580786025700269937e-01
8.637724550397791745e-01
8.785954426096476144e-01
8.729281767455173702e-01
8.854368931539958743e-01
8.846013832772035013e-01
8.638783269462042558e-01
8.695003728060287651e-01
8.529303353719810410e-01
8.499999999499936454e-01
8.557548579469667072e-01
8.540977581270783325e-01
8.672501822985883013e-01
8.858615610692291975e-01
8.728216536392270353e-01
8.854354896499810890e-01
8.908045976511042019e-01
8.856304984836594896e-01
8.680373831275263186e-01
8.741672834436490236e-01
8.556073091581316570e-01
8.634523370864852776e-01
8.619029988392421515e-01
8.645990922344051199e-01
8.605253421622980348e-01
8.625180896749812254e-01
8.735048930271440693e-01
8.771280532437968347e-01
8.712509143610555062e-01
8.713017750978691023e-01
8.836689037530820467e-01
8.864628820460075387e-01
8.810986627616547162e-01
8.860007426161151667e-01
8.802329813842297845e-01
8.924933986674422615e-01
8.882220554638404764e-01
8.806673920427954272e-01
8.922177566178195462e-01
9.006374202724198863e-01
8.825941110196475758e-01
8.927132917844273763e-01
8.849687614346837261e-01
8.844592099905431715e-01
8.861423220473372275e-01
8.835842819918009461e-01
8.727670433330946276e-01
8.781204111099945031e-01
8.869951833512005335e-01
8.746784269988153726e-01
8.750940556309340090e-01
8.921496697958628541e-01
8.721311474909214656e-01
8.903703703203106334e-01
8.783733825747082058e-01
8.780669144480870436e-01
8.931686046011009239e-01
8.730579764562457212e-01
8.677287883901052545e-01
8.571428570927946966e-01
8.537609774223423598e-01
8.486407053136412193e-01
8.454234712754877812e-01
8.629062382764398631e-01
8.562644119408314713e-01
8.743833016577784445e-01
8.562691130998766331e-01
8.834264431529277317e-01
8.837555886235702873e-01
8.831073652852228228e-01
8.827483195914763714e-01
8.889700510821487711e-01
8.825466519806709487e-01
8.834130194423963633e-01
8.835132117102744154e-01
8.898678413596264880e-01
8.907875185234950255e-01
8.768616054711894092e-01
8.918617613769230790e-01
8.945210584665345133e-01
8.871566443448947181e-01
8.846153845653612624e-01
8.769739257670493560e-01
8.761417610021833280e-01
8.883267075755320041e-01
8.974069898034047199e-01
8.745862448929301314e-01
8.563155989365538456e-01
8.364990688512552452e-01
8.550671993687571915e-01
8.416193181318050165e-01
8.590163933925618611e-01
8.815692079440184958e-01
8.808637378501712467e-01
8.781215057270650437e-01
8.921176897428917396e-01
9.001113998756760104e-01
8.881226053140223176e-01
9.074824916565329413e-01
8.939169138965290529e-01
8.780669144480870436e-01
8.874598070239219094e-01
8.908197959454483561e-01
8.918420080710149911e-01
9.011477230154704143e-01
8.873291466067536604e-01
8.885704048227656138e-01
8.915839764291706437e-01
8.859516615814009288e-01
9.026420556864600542e-01
8.867635806692348854e-01
8.969696969196870873e-01
8.965771070533580245e-01
8.983842010271543277e-01
8.908489525408942455e-01
8.781763826106423476e-01
8.922734026245350281e-01
8.945054944554289289e-01
8.921176897428917396e-01
8.916385451318132871e-01
8.982925018059184641e-01
9.105751390965084457e-01
8.939566704175055945e-01
8.994126284374525104e-01
8.924097272896558408e-01
8.956127079681394099e-01
9.026415093839397219e-01
8.943918426301986635e-01
8.942971303531350724e-01
8.963185574255475574e-01
9.039589442314586165e-01
8.955441927914251643e-01
9.063532867659455095e-01
8.969740633505255412e-01
9.066467512568966436e-01
9.062383264348230494e-01
9.040293039792377527e-01
9.027149320766719720e-01
8.914785141524129708e-01
8.974069898034047199e-01
9.038317054345625934e-01
8.946188340306709952e-01
8.975791433391464569e-01
8.956328644947206818e-01
8.991660348248978751e-01
8.928965770570387317e-01
8.951948542821847044e-01
8.985614164014300576e-01
9.117103804449491200e-01
8.992304873079406402e-01
9.076246333810183975e-01
8.790885703284732067e-01
8.727810650386974567e-01
8.873546511127293757e-01
8.955882352440523997e-01
8.935375419746073300e-01
8.986486485986118211e-01
8.977910894295528799e-01
8.933038998763517258e-01
9.003310039955395583e-01
8.982925018059184641e-01
9.052945562512162425e-01
9.123979212565483943e-01
9.027322403870940981e-01
9.047970479204157090e-01
9.070464767115781202e-01
9.038674032648521539e-01
9.050401752603799421e-01
8.878604485081820208e-01
9.062499999499372683e-01
9.086876154767392633e-01
9.102892712791167407e-01
9.095005632244658189e-01
9.137614678398412460e-01
9.101576823848434028e-01
9.119170983955335874e-01
9.222836095263609035e-01
9.180087847229929654e-01
9.087550793736526300e-01
9.185403611736717711e-01
9.163662580609774899e-01
9.128055453713131984e-01
9.137546467900917735e-01
9.005424954291471051e-01
9.092896174362740114e-01
9.152923537730468517e-01
9.202766654031565574e-01
8.975609755597185879e-01
9.058263099535979190e-01
9.103088946280246674e-01
8.934485240680211104e-01
9.030100333947593816e-01
9.095645701025315555e-01
8.870323283189909258e-01
9.039252335948134709e-01
9.016393442122425661e-01
8.972170685955819236e-01
8.952879580651381675e-01
8.862144419630654246e-01
8.754578754078112812e-01
8.578680202545114764e-01
8.550671993687571915e-01
8.541516244986852024e-01
8.797327393708789245e-01
8.858413639232549652e-01
9.074759436953119263e-01
9.120593691521670099e-01
9.176728868873643696e-01
9.116209100665521037e-01
8.915393216048128622e-01
8.924570574555533709e-01
8.943028485256719895e-01
9.061583577211945739e-01
9.006326757966148788e-01
9.045857987665057998e-01
9.096318333452582117e-01
9.065872720005593299e-01
8.977020014325201025e-01
9.075018207802341141e-01
9.015012815317722250e-01
9.031307550143916618e-01
8.907002593052574246e-01
9.031307550143916618e-01
9.027208348362691925e-01
9.100837276528842557e-01
9.036055922972486831e-01
9.054505005061137535e-01
9.193008552864996297e-01
9.065894279007012946e-01
9.185239312615882668e-01
9.184046834479202559e-01
9.156180606457184901e-01
9.116684841375047865e-01
9.137931033982289453e-01
9.131086141821666002e-01
9.098330240686792747e-01
9.091567136669155280e-01
8.956426217002090295e-01
9.134720700485098321e-01
9.045521291716666079e-01
9.233576641835098409e-01
9.152298850074243042e-01
9.133627018588905688e-01
9.271862421745937777e-01
9.114778694173272244e-01
9.226212513383119651e-01
9.146025877503063395e-01
9.028611797451251419e-01
9.128356012739499148e-01
9.106753812135541803e-01
9.082232011246765824e-01
9.087617667855670822e-01
9.108117946350465788e-01
9.134438305208365527e-01
9.093567250961326343e-01
9.234135666895396666e-01
9.048487057465082195e-01
9.220732148828854058e-01
9.134438305208365527e-01
9.103251160628627048e-01
9.181884586789327285e-01
9.212076582709938233e-01
9.076479075978536315e-01
9.211102994386108911e-01
9.009399854886273040e-01
9.064906490148399998e-01
9.051039697042363441e-01
9.031318280635558526e-01
9.090909090408494375e-01
9.063643013398386961e-01
9.018895348336585238e-01
9.098152842672168061e-01
9.018471567771774167e-01
9.154824232857798894e-01
8.990825687572735481e-01
9.051254088921398822e-01
9.003285870255097745e-01
9.076479075978536315e-01
9.027266027502299783e-01
9.053803339017038043e-01
9.000360880047997281e-01
9.058653149390794024e-01
9.136346930774600361e-01
8.945240719822756814e-01
9.077325363713188988e-01
8.938835666411664160e-01
8.984432912768491875e-01
9.014612213812061015e-01
9.030837003904625959e-01
8.998891761597634931e-01
9.116997791993819433e-01
9.027007028726166116e-01
8.930909090408467588e-01
8.786211954028141369e-01
8.966531812665954337e-01
9.090909090408433313e-01
8.953405017420736911e-01
9.057164067799343687e-01
9.137562365857520019e-01
9.192407889339414551e-01
9.078701976373789728e-01
9.146832661527890540e-01
9.075252713838762864e-01
9.118745331837072587e-01
8.942235558389338701e-01
9.110694183364528298e-01
9.016331180662165989e-01
9.160997731926113774e-01
9.121086381996926784e-01
9.163257716122714669e-01
9.171641790544263761e-01
9.144981412138836196e-01
9.077436086939185689e-01
9.182850860620617173e-01
9.095005632244658189e-01
9.156441717291803339e-01
9.135802468635346729e-01
9.112202492888544780e-01
9.159226189975631094e-01
9.202633503522736902e-01
9.230769230268729419e-01
9.348546190150777146e-01
9.337848005519228112e-01
9.096126254879763895e-01
9.157345264227292336e-01
9.196396395895864995e-01
9.087577866850011787e-01
9.150131036564328468e-01
9.211309523308959246e-01
9.153166420706997375e-01
9.235880398170442929e-01
9.216487188507949124e-01
9.237223493016544218e-01
9.275253473025718565e-01
9.099774943235539038e-01
9.281726832398581317e-01
9.179353879930157722e-01
9.107737874360545272e-01
9.173431733816692635e-01
9.186176142197303163e-01
9.191994069180634552e-01
9.239332095974351899e-01
9.153674832461546895e-01
9.080841638480533495e-01
9.218632606561991683e-01
9.095665171397879778e-01
9.184861717112161594e-01
9.197939661015154256e-01
9.234119781713526764e-01
9.177238129256547472e-01
9.210622043879128640e-01
9.223408170275924078e-01
9.221114802009500178e-01
9.213649851131442414e-01
9.205871282902017283e-01
9.235831809371355394e-01
9.244011975547448134e-01
9.242819842841514255e-01
9.209647494861182837e-01
9.233016800083696518e-01
9.238310708398679294e-01
9.168522642409578927e-01
9.170731706816681594e-01
9.164785552547080050e-01
9.223813111783061292e-01
9.228464418975216299e-01
9.239723535330562898e-01
9.311111110610483799e-01
9.259536274742607986e-01
9.231900036250521024e-01
9.235905044009780074e-01
9.150326796884993286e-01
9.272926561428443959e-01
9.300109929876745340e-01
9.259397096633789070e-01
9.259122741850976945e-01
9.227941175969917031e-01
9.315169366215084734e-01
9.283858997644107713e-01
9.166051660015955838e-01
9.224106820141811935e-01
9.208255158974277821e-01
9.278045167955496497e-01
9.205642167279657340e-01
9.222948438134082050e-01
9.263157894236491163e-01
9.242367131048913054e-01
9.244577411616206053e-01
9.344262294581416883e-01
9.311740890187584219e-01
9.368650217206184738e-01
9.310850439382015731e-01
9.380271359968692657e-01
9.329359164924191372e-01
9.359209080422052907e-01
9.292628443282018313e-01
9.272058823028738184e-01
9.380466471802536566e-01
9.293598233494910765e-01
9.329877822527873343e-01
9.255474452054075485e-01
9.313944816799987203e-01
9.341623993647085733e-01
9.397150163912907361e-01
9.289340101022219853e-01
9.337260676966188111e-01
9.201633865076832564e-01
9.150664696692857314e-01
9.230769230268967007e-01
9.167927382253239221e-01
9.264816203550604312e-01
9.275578789641393262e-01
9.360269359768886854e-01
9.279112753658320667e-01
9.189996266763398314e-01
9.035570223188371664e-01
8.934758569348235646e-01
8.841807909104544283e-01
9.044632976260699175e-01
9.092936802473411406e-01
9.244314012705484584e-01
9.206465833444955615e-01
9.210047323853188805e-01
9.212303075268538644e-01
9.131550017821059573e-01
9.221689412999898305e-01
9.293598233494910765e-01
9.202545862472224503e-01
9.295352323337653377e-01
9.209060526792390844e-01
9.292101340781123708e-01
9.187759727493751694e-01
9.278737790634115079e-01
9.202817945365169283e-01
9.199268738073368423e-01
9.064587972773358038e-01
9.144326110406418850e-01
9.188205314388319112e-01
9.180571004319563189e-01
9.193245778111239774e-01
9.206695778247532269e-01
9.292781238048237746e-01
9.269911503924116447e-01
9.336266959528651821e-01
9.348716039692955837e-01
9.280948850500122527e-01
9.290989659765225284e-01
9.302840279838695547e-01
9.255639097244010571e-01
9.352787130064434962e-01
9.251953851378857951e-01
9.419026869506615940e-01
9.311621020964945261e-01
9.470630891450053657e-01
9.319101950180223026e-01
9.349112425534856774e-01
9.283302063289469164e-01
9.346696361785957752e-01
9.280948850500122527e-01
9.258576170653897153e-01
9.262844377757075698e-01
9.421364984662584652e-01
9.139664803968731155e-01
9.256931607632444825e-01
9.272926561428443959e-01
9.320672022874049167e-01
9.152666179192541218e-01
9.200147437759569335e-01
9.121621621121243084e-01
9.210134127666376180e-01
9.341715975830715557e-01
9.248598130340640600e-01
9.158200289775141334e-01
9.228475586528909202e-01
9.205147614942703616e-01
9.351988217466924436e-01
9.194883370455280147e-01
9.326887318205261401e-01
9.273661041318836951e-01
9.297052153694812526e-01
9.244011975547448134e-01
9.347585697988087805e-01
9.233644859312605258e-01
9.365079364579160792e-01
9.343173431233654513e-01
9.268110529745948734e-01
9.265246142041571042e-01
9.261447562276305945e-01
9.291222915400900728e-01
9.238130290261199473e-01
9.364499634269225492e-01
9.377532227860281289e-01
9.363736667391926449e-01
9.391368498208293447e-01
9.272257110692553317e-01
9.353159850800528696e-01
9.267385644720699256e-01
9.246046340065713354e-01
9.221251819004444572e-01
9.339798582117896375e-01
9.287288757765301828e-01
9.326923076422433123e-01
9.202320521616861315e-01
9.219494319763156254e-01
9.333829549183095819e-01
9.379108838067616860e-01
9.228540383418264437e-01
9.405607476135022793e-01
9.273127752803286272e-01
9.433272394380480819e-01
9.350073854743063961e-01
9.388054231818840911e-01
9.265033407071783245e-01
9.326923076422433123e-01
9.423430039895932531e-01
9.310726132930958743e-01
9.309331373489033723e-01
9.386845038518358830e-01
9.295154184521345897e-01
9.275147928493442384e-01
9.092267463078149703e-01
9.131386860813207607e-01
9.258731289592365687e-01
9.311355310854628753e-01
9.336830273010239267e-01
9.318943058673232471e-01
9.275692073826804496e-01
9.324026450638186470e-01
9.225688072893819536e-01
9.255162241387243638e-01
9.195830230325956478e-01
9.253065774304320978e-01
9.252510226349558442e-01
9.233082706266569906e-01
9.278350514963247253e-01
9.305091043720893351e-01
9.262235207680481475e-01
9.241635687231765095e-01
9.312406576480074527e-01
9.247706421517670750e-01
9.304932734925516202e-01
9.284416999136120285e-01
9.303008069932185986e-01
9.159911569138251553e-01
9.174379858810743915e-01
9.182115593828695799e-01
9.296933432558611710e-01
9.234693877050360600e-01
9.238165679972735189e-01
9.340699815337264456e-01
9.470198674996000987e-01
9.372693726436603923e-01
9.306358381002312052e-01
9.333824070165499531e-01
9.296296295795669629e-01
9.218978101689115912e-01
9.278737790634115079e-01
9.299698794680411051e-01
9.243507714968254296e-01
9.269389283875736352e-01
9.152542372380697566e-01
9.194883370455280147e-01
9.186567163678592829e-01
9.214814814314193914e-01
9.249908524929254527e-01
9.290701947312625109e-01
9.328385899313862417e-01
9.283327143947974758e-01
9.255663429920214513e-01
9.342301942698308936e-01
9.418647165861286918e-01
9.413075779588552239e-01
9.382624768445744223e-01
9.282224727045673696e-01
9.296089384974308700e-01
9.310214850611668869e-01
9.343657816608477162e-01
9.341228718966423372e-01
9.354599406027575004e-01
9.263000373611017801e-01
9.420993649107262113e-01
9.308176100128291441e-01
9.335291956899243182e-01
9.395418700213091778e-01
9.387908373513881299e-01
9.405120481427390322e-01
9.416604337569820515e-01
9.378277153057602566e-01
9.432835820394992465e-01
9.499632081912848802e-01
9.403874813210324479e-01
9.296817171964205651e-01
9.427732941538927713e-01
9.340213784976661993e-01
9.361544171733989783e-01
9.345042077801548608e-01
9.337822670655532287e-01
9.380398046814668600e-01
9.330868761052032445e-01
9.336283185340040758e-01
9.295363270766211494e-01
9.359642590713138643e-01
9.387905604219093370e-01
9.388502379579868329e-01
9.337700145059748547e-01
9.399631675374093831e-01
9.310470630655840463e-01
9.316081330368115587e-01
9.291044775618882978e-01
9.377316530262903571e-01
9.349800217443416939e-01
9.371257484529474935e-01
9.420709630201773432e-01
9.360594795038447158e-01
9.391109450377342904e-01
9.415680472872131057e-01
9.327420546432091397e-01
9.423728813059011333e-01
9.380134428177605566e-01
9.194207203361274283e-01
9.163526751572063089e-01
9.065242273441416199e-01
9.145880573951815640e-01
9.311499813418303573e-01
9.368696301329902942e-01
9.465819947202142037e-01
9.368620037306990556e-01
9.195488721304165836e-01
9.373358348467697443e-01
9.342153619491968541e-01
9.396423248381711169e-01
9.305970148753209825e-01
9.324831207301538250e-01
9.393491123759706296e-01
9.374540102516244477e-01
9.330948121145399288e-01
9.324925815523127381e-01
9.371301774647281535e-01
9.366144667657551048e-01
9.354005167457996039e-01
9.455353834252978595e-01
9.435632607393094062e-01
9.370222059928895453e-01
9.410464258895050449e-01
9.392142327149485270e-01
9.481481480980841203e-01
9.381252315171840772e-01
9.395070947968493513e-01
9.239852398023330471e-01
9.287598944090750264e-01
9.274074073573447263e-01
9.321663019192982791e-01
9.355432780346472077e-01
9.343657816608477162e-01
9.343119265554361563e-01
9.464416727305615673e-01
9.446277960628752801e-01
9.351130885669201032e-01
9.443822321261327035e-01
9.382440475689900472e-01
9.386094674055565079e-01
9.427509293179706651e-01
9.400887573463846403e-01
9.457875457374764760e-01
9.460154241144552723e-01
9.413500552800695420e-01
9.377073350033792165e-01
9.445890665174385692e-01
9.362477230829022723e-01
9.366432011355614318e-01
9.323475045710074571e-01
9.284376170350071567e-01
9.312130177014150689e-01
9.309331373489033723e-01
9.356254571554911692e-01
9.378698224351421642e-01
9.372477063719497625e-01
9.451951951451549316e-01
9.414397612330498433e-01
9.403482770896182119e-01
9.455223880096482736e-01
9.416543574093132474e-01
9.484690066713817869e-01
9.475229357297471067e-01
9.553903345224308286e-01
9.503759397995872327e-01
9.513108613731748875e-01
9.426321709285849781e-01
9.406015037093623521e-01
9.454277285635017680e-01
9.488510006912265204e-01
9.556135769734440677e-01
9.478390461496458697e-01
9.511568122892620769e-01
9.487369984640553477e-01
9.580838322852811562e-01
9.572966950854748802e-01
9.649515286598620012e-01
9.598800149480811728e-01
9.578402366363243381e-01
9.619402984574082494e-01
9.592523363985476781e-01
9.583489680550234535e-01
9.560723513711208987e-01
9.567147613261827166e-01
9.508562918337847281e-01
9.548482604976771260e-01
9.576208177938059229e-01
9.554983449297024256e-01
9.492780451183915336e-01
9.527299376560496302e-01
9.556541019454987129e-01
9.535488665422843235e-01
9.479553902845130331e-01
9.487750556292258164e-01
9.468960358512225062e-01
9.549887471367538572e-01
9.460269864567025788e-01
9.552906109782595134e-01
9.589552238305427689e-01
9.581190300748382294e-01
9.520267757030088651e-01
9.492158326609263508e-01
9.555555555054907613e-01
9.521690767018834434e-01
9.469387754601422680e-01
9.441964285213704233e-01
9.505899704514070292e-01
9.524870081162336577e-01
9.512915128650616392e-01
9.480326651318240483e-01
9.456845237594656561e-01
9.446902654366581276e-01
9.471753484458953487e-01
9.505169866559891600e-01
9.477196884927625575e-01
9.482758620189213339e-01
9.508317929259043622e-01
