2.041683051322270293e-01
2.141573840905007242e-01
2.213074585674290606e-01
2.286920768716928232e-01
2.314317812724341894e-01
2.392750955372663635e-01
2.600066159094579499e-01
2.793887146943484501e-01
3.039381492672074692e-01
3.073446327339937612e-01
3.262574105561674709e-01
3.565821932743888922e-01
3.706763035165506204e-01
3.845927667852079845e-01
4.107611548061603224e-01
4.040550325350606431e-01
4.306812767545691312e-01
4.552278819911028673e-01
4.827171625605379268e-01
4.857048964342302599e-01
5.016054227113252439e-01
5.007763974656678219e-01
5.339994448599276744e-01
5.481812379852566419e-01
5.703262012829156680e-01
5.651689565039964558e-01
5.631825272512576142e-01
5.621370498940443383e-01
5.798780487318583310e-01
5.913875597594091538e-01
5.796519410480581724e-01
5.778244140808763696e-01
5.705683100741950620e-01
5.954139136695334455e-01
5.978159125875662783e-01
5.819774717908263728e-01
5.836526180861631996e-01
6.205298012749231873e-01
6.377708977829589232e-01
6.342674706843077770e-01
6.265238270648445518e-01
6.473247927156290382e-01
6.503225805958315897e-01
6.653346652850342657e-01
6.689189188691755383e-01
6.995827537748368075e-01
7.307968412995728968e-01
7.600596124685869981e-01
7.676917376305720797e-01
7.780718335983859424e-01
7.965072133137113264e-01
7.765064835503306950e-01
7.854158753772774171e-01
7.890895120514798133e-01
7.705167172752386273e-01
7.699145298646995483e-01
7.578367205839523502e-01
7.679265276787271555e-01
7.695113055662832213e-01
7.922457936587936622e-01
7.914042237365355170e-01
7.878343715146181037e-01
8.093158660343682254e-01
8.027259683861190931e-01
8.066255777620896517e-01
8.131370327925673269e-01
8.173710740098210081e-01
8.188433549864256866e-01
8.199549886971541079e-01
8.195516353780917251e-01
8.144726712356706866e-01
8.204562177571518289e-01
8.328991439767464700e-01
8.274319790777956429e-01
8.257632166290285181e-01
8.061336253606754543e-01
7.927007298769499499e-01
8.256333829603853536e-01
8.273809523309029190e-01
8.196721310975615404e-01
8.177083332832847384e-01
8.208269524768385672e-01
8.256201406385784702e-01
8.275605213652224013e-01
8.161901224898669982e-01
8.105385508993483423e-01
8.332700341315465442e-01
8.381588715163905690e-01
8.354803091144593630e-01
8.452468680413175450e-01
8.348026063126345875e-01
8.403790086962956707e-01
8.422630198075875541e-01
8.544207316573334543e-01
8.476770753498614752e-01
8.541114057855384578e-01
8.460960960460631730e-01
8.573573573073235421e-01
8.589147286322728059e-01
8.515833650778351638e-01
8.609831028686375509e-01
8.443609022056102198e-01
8.537839823158450692e-01
8.601346297180951783e-01
8.555514295823261062e-01
8.590806329567584054e-01
8.592758491474156157e-01
8.702119746617356100e-01
8.738805969648776317e-01
8.713249331306265333e-01
8.703635695422977658e-01
8.720885833788126762e-01
8.696646340963567479e-01
8.636021099725833539e-01
8.412640755038836016e-01
8.403232011813052127e-01
8.468934910742023092e-01
8.618699499308225542e-01
8.723241589714350042e-01
8.667157584182731966e-01
8.815592203397659699e-01
8.745332337064882777e-01
8.559156578962655582e-01
8.394186458202512746e-01
8.112189859262259883e-01
8.490284005478642149e-01
8.566162918776940582e-01
8.754259749594566209e-01
8.650674662168286178e-01
8.426707597351599244e-01
8.345978755190442966e-01
8.414454276785536813e-01
8.395155184965475970e-01
8.641881638346717853e-01
8.732612055142251473e-01
8.858105577934622943e-01
8.908330163060348417e-01
8.882175226085912145e-01
8.860759493171318502e-01
8.787185354191253683e-01
8.847328243775015588e-01
8.934395145499185453e-01
8.884812912191938361e-01
8.818955941743017446e-01
8.880569074752293623e-01
8.798507462186084815e-01
8.737504627414997005e-01
8.716830243047196669e-01
8.656494230984411731e-01
8.709796672327495548e-01
8.725670216172148885e-01
8.726016883614045039e-01
8.660391020498715564e-01
8.695009241643577580e-01
8.632262720538822487e-01
8.732914665180956382e-01
8.538404175487591674e-01
8.755426917010294963e-01
8.749080205533213972e-01
8.769574943571093462e-01
8.776276275775923841e-01
8.714180748948299193e-01
8.695968034370452626e-01
8.565088756895862243e-01
8.520179371696875448e-01
8.692365834722824980e-01
8.570327552487204681e-01
8.631984585242500341e-01
8.564026646427620459e-01
8.649691357525440827e-01
8.746686860537389308e-01
8.785822020615908778e-01
8.207964601269327476e-01
7.770562770062324764e-01
7.603930460573248284e-01
7.521784593435818511e-01
7.534297366944826546e-01
7.640449437701927193e-01
7.729055257966830350e-01
7.905918057163160428e-01
8.055342044081682529e-01
8.240310077020430723e-01
8.450485436394358230e-01
8.689248894933836453e-01
8.800298062092635210e-01
8.893016344224549119e-01
8.943957300300759972e-01
9.018867924028076688e-01
8.938633731650497127e-01
8.896978521523397632e-01
8.966292134331041996e-01
8.798775821994573310e-01
8.925802878790621842e-01
8.871962277337633873e-01
8.884744497821025488e-01
8.889730958196396804e-01
8.923426838013956974e-01
8.854166666166128907e-01
8.892961876332192706e-01
8.950943395726195240e-01
8.914616497328662348e-01
8.951521983716123065e-01
9.022837887930866829e-01
8.993993993493626382e-01
8.974358973858316268e-01
8.981132074971475143e-01
8.938589840288405641e-01
8.929917105754446860e-01
8.999999999500992720e-01
8.985616956350745976e-01
8.922381310728071391e-01
8.932112890423126172e-01
8.940548779987939065e-01
8.994307399879474252e-01
8.906249999499459280e-01
8.867635806692348854e-01
8.943452380451836214e-01
8.765859284390982165e-01
8.739495797818691569e-01
8.876276957502140519e-01
8.856817318147935936e-01
8.989441930118154955e-01
9.026946107283990717e-01
8.910593538192367324e-01
8.954664667914726817e-01
8.971255672722240337e-01
8.954770048910898339e-01
8.904847396267957516e-01
9.058025621202817623e-01
9.044342507145518573e-01
8.991031389634059900e-01
8.988847583142564046e-01
8.970149253230846886e-01
8.958254982576027148e-01
8.998165137114020329e-01
8.985185184684580939e-01
8.989936637591170454e-01
9.041805400905226220e-01
8.888888888388835063e-01
8.828828828328472156e-01
8.828625234904630137e-01
8.749063669911582020e-01
8.828096117798834852e-01
8.948159278237445280e-01
8.913043477760471678e-01
8.955339805326357761e-01
8.904109588541171405e-01
8.996566195608532990e-01
9.051692078339159675e-01
9.037413729975223298e-01
8.936651583210165617e-01
9.044964696638042589e-01
8.930266520127320140e-01
9.027208348362691925e-01
8.912721892990510542e-01
8.900523559708977128e-01
9.003717471618399859e-01
8.954128439866316791e-01
9.056603773084677123e-01
8.939169138965290529e-01
8.969563622528312630e-01
9.010906355272525481e-01
8.977910894295528799e-01
9.028697571243274878e-01
9.016999260401071803e-01
9.008875739144348582e-01
9.120593691521670099e-01
8.933586337260883692e-01
8.940832724115860275e-01
8.848973606537474668e-01
8.863552776255515520e-01
9.091586000988659544e-01
9.106414534167549535e-01
8.826036419493232810e-01
8.592251629726767037e-01
8.386346004155859069e-01
8.402910761660485894e-01
8.231292516506684143e-01
8.337164750458271323e-01
8.321732404759993873e-01
8.397614313618293469e-01
8.259564890722473907e-01
8.500376789251088416e-01
8.517499016411196333e-01
8.662232076365623534e-01
8.733333332832747820e-01
8.763961280214298544e-01
8.817123544373856037e-01
8.843226787932347843e-01
8.907499047844210649e-01
8.935690108563240086e-01
8.999999999499344039e-01
9.045643153026732275e-01
9.072474652147025642e-01
9.105997736202887660e-01
9.028400597406852635e-01
9.053747160741353328e-01
9.069412661590163793e-01
9.022837887930866829e-01
9.092261904261349503e-01
8.968312453441876775e-01
9.045488440961081400e-01
8.930817609562282655e-01
8.915753682915004141e-01
8.888070691693761294e-01
8.836501900640734153e-01
8.827838827338180261e-01
8.960705104163319001e-01
8.972602739226097635e-01
8.952741020293789598e-01
8.976018271293004780e-01
8.992190404854598640e-01
8.999264164326425952e-01
9.011737977538506472e-01
9.045005487973543090e-01
9.025407659719885123e-01
9.008354521838646267e-01
8.997772828007216672e-01
9.029345371960184607e-01
8.999625327337726910e-01
9.162303664420998750e-01
9.097888675124253810e-01
9.096296295795684994e-01
9.124668434513165671e-01
9.118198873796047321e-01
9.093644226652737306e-01
8.936170212265471813e-01
8.673808643755027692e-01
8.703703703203120590e-01
8.846880906872248707e-01
8.790874524214883357e-01
8.915662650101763287e-01
8.921130951880410498e-01
9.009332375666101456e-01
9.124143183049213679e-01
9.108687475994594607e-01
8.995831753952356902e-01
9.037207517720595717e-01
8.972602739226097635e-01
8.959136468274777609e-01
9.025798998345437862e-01
8.958893583826279539e-01
8.976083706524944361e-01
9.045301384748536400e-01
9.053747160741353328e-01
8.985936342948684930e-01
9.059047618547728664e-01
9.075316927165404390e-01
9.057863500983086569e-01
9.113082039410674851e-01
9.095092024040273282e-01
9.142431021125130286e-01
9.135254988412888633e-01
9.079847908245278765e-01
9.171597632635462016e-01
9.154045067840695937e-01
9.220014716202790117e-01
9.078222548158901839e-01
9.173213617157603972e-01
9.180695846862054754e-01
9.127516778022969346e-01
9.088191329843320343e-01
9.073935772464408744e-01
9.109947643478595314e-01
8.984848484348384456e-01
9.015350055658309936e-01
8.916274011822714618e-01
8.917293232582381712e-01
8.923076922576268499e-01
8.950111689745186005e-01
9.017426769985130708e-01
9.043221277667080615e-01
9.015967322187875554e-01
9.193850768153507547e-01
9.161721067748658243e-01
9.103088946280246674e-01
9.121896998387866162e-01
9.073243646734203693e-01
9.121466768025809913e-01
9.134036144078013786e-01
9.058999252673523017e-01
9.127218934410613604e-01
9.134793909636809150e-01
9.044006069302681361e-01
8.979895755270127511e-01
9.059955587952380762e-01
9.035418236123692326e-01
9.068086724490538320e-01
8.983486238031452853e-01
9.050489826176441044e-01
9.021084336849105600e-01
9.093644226652737306e-01
9.065176908251791899e-01
9.118541032934650570e-01
9.064480059134213397e-01
9.081285443734234963e-01
9.113082039410674851e-01
9.118975903114158177e-01
9.063557727969023814e-01
9.117309896328663621e-01
9.136363635863525845e-01
9.123204836990366218e-01
9.187779433180535138e-01
9.177718832391145165e-01
9.053901243374596897e-01
9.071242073352530078e-01
9.042029533767206306e-01
8.960943256684323899e-01
8.821729150227165528e-01
8.807201799949739840e-01
8.867434087876709947e-01
8.962439568112317012e-01
8.915384614885178971e-01
9.015967322187875554e-01
9.099065420060278297e-01
9.156355455067647364e-01
9.093701996428275036e-01
9.163582530957554706e-01
9.119170983955335874e-01
9.154342054865873823e-01
9.109589040595950094e-01
9.134150872780734121e-01
9.193370165245193792e-01
9.126142595477395592e-01
9.208472686232977988e-01
9.269936352925232104e-01
9.304249717438731748e-01
9.226804123210673447e-01
9.147982062279788051e-01
9.233644859312605258e-01
9.203007518296647538e-01
9.121245828197951377e-01
9.124528301386559681e-01
9.106945975243547764e-01
9.068914955511064857e-01
9.143897995856361538e-01
9.215170859432030293e-01
9.162303664420998750e-01
9.251598344742232305e-01
9.297658862375668409e-01
9.208791208290534325e-01
9.263235838077675810e-01
9.231327048085312681e-01
9.222759389607276814e-01
9.304249717438731748e-01
9.243384270837518013e-01
9.201664774376878686e-01
9.155915959691013351e-01
9.182968929304780037e-01
9.140508220725230837e-01
9.293154761404192055e-01
9.219910846453351905e-01
9.206231453505330231e-01
9.041297934602599007e-01
9.107806690949247219e-01
9.135893647948397644e-01
9.068554395922718836e-01
9.134328357708447754e-01
9.198218262305642989e-01
9.273661041318836951e-01
9.191176470087566441e-01
9.245705750059616257e-01
9.255198487212481506e-01
9.185351270052580785e-01
9.216935181215568651e-01
9.096431282719411593e-01
9.188790559971320437e-01
9.153419592845020158e-01
9.118311981413813605e-01
9.136448597630368873e-01
9.171597632635462016e-01
9.207180253800204550e-01
9.295137579597722022e-01
9.260232819627296497e-01
9.172821269809547928e-01
9.266521422883533532e-01
9.167893961207732589e-01
9.207740050612878147e-01
9.327320555681520853e-01
9.250936329087573462e-01
9.244011975547448134e-01
9.147286821204780871e-01
9.144364869458269096e-01
9.103651788507098885e-01
9.150664696692857314e-01
9.145203433616705402e-01
9.086257309440858299e-01
9.233603536713780313e-01
9.244011975547448134e-01
9.234167893461041610e-01
9.229066764530697853e-01
9.253620497085741636e-01
9.203202439454380990e-01
9.084771192297805831e-01
8.973095869147507120e-01
8.944337811400656646e-01
8.956488255180251601e-01
8.834166986803398958e-01
8.993640104250769651e-01
9.009468317052163888e-01
9.179216866969575062e-01
9.054103790445240385e-01
9.060606060105953485e-01
8.962472405680365073e-01
8.961708394197438476e-01
9.062736205093167019e-01
9.076979204169173254e-01
9.100489273116554312e-01
9.066162570388298647e-01
9.190794357331625308e-01
9.121495326602332421e-01
9.211618256761159307e-01
9.108231706817194739e-01
9.247637050539514458e-01
9.232514177193580363e-01
9.139221556385778156e-01
9.168234850835780270e-01
9.075056860758450306e-01
9.179834461501181764e-01
9.162929745388904701e-01
9.158527422489871617e-01
9.076576576076201830e-01
9.122547204238367069e-01
9.072011877747374609e-01
9.166977959902947726e-01
9.054763690422339417e-01
9.087523276966873453e-01
9.162303664420998750e-01
9.215170859432030293e-01
9.266494654862402758e-01
9.221068248757555708e-01
9.293313069408800642e-01
9.171597632635462016e-01
9.255639097244010571e-01
9.247067725568702823e-01
9.227886056471092946e-01
9.303538174546001072e-01
9.252510226349558442e-01
9.311377245008520820e-01
9.209748891670695992e-01
9.194454851504066939e-01
9.314349943298738665e-01
9.212303075268538644e-01
9.226785053143465865e-01
9.274823353906268553e-01
9.260787991994912094e-01
9.246830722840260197e-01
9.224366249972789644e-01
9.287305121993831847e-01
9.296817171964205651e-01
9.209849319602231299e-01
9.258562287794749324e-01
9.237097980053006196e-01
9.277286135192551741e-01
9.236499068400754187e-01
9.311111110610483799e-01
9.288640595402612998e-01
9.196190475690575461e-01
9.266294226687532554e-01
9.326307865513976392e-01
9.250185597123753434e-01
9.320241691342675550e-01
9.332338679096635614e-01
9.310850439382015731e-01
9.415292353322651797e-01
9.399189089068069602e-01
9.381327333582815120e-01
9.334845048630561193e-01
9.309443821821248299e-01
9.280303029802907666e-01
9.180938197563487391e-01
9.358070500427033700e-01
9.338317756508858203e-01
9.305247597429876505e-01
9.372912800983619341e-01
9.350553505034391311e-01
9.278810408421354072e-01
9.167280765895804429e-01
9.038748136608266703e-01
9.100182148861828413e-01
9.171597632635462016e-01
9.206948639983167926e-01
9.302499067011594791e-01
9.363434492467532788e-01
9.415270018121413287e-01
9.336332957879780459e-01
9.352571216665469533e-01
9.321712769488519346e-01
9.340782122404472920e-01
9.331395348336561923e-01
9.380987471864837834e-01
9.396777818907573465e-01
9.407407406906772573e-01
9.383080900866168639e-01
9.380987471864837834e-01
9.373377826714804906e-01
9.333826794466054677e-01
9.320388349014054885e-01
9.425287355821213575e-01
9.338662790197027608e-01
9.354838709176733769e-01
9.243203526317840257e-01
9.380134428177605566e-01
9.355783308430500878e-01
9.381520118724484547e-01
9.293816318562619916e-01
9.183823528911094769e-01
9.345304900359984179e-01
9.354721107774938149e-01
9.386845038518358830e-01
9.339305710585709130e-01
9.357729648491273089e-01
9.325426241159868734e-01
9.354365370005551794e-01
9.402480270074601298e-01
9.363128491119554475e-01
9.338812102599984843e-01
9.366715757967659650e-01
9.267751478789300057e-01
9.337797618547045708e-01
9.384272996532024846e-01
9.358879881592180316e-01
9.377098097224197959e-01
9.303703703203075603e-01
9.413932915090920117e-01
9.397944199205625626e-01
9.290806753720988187e-01
9.372050816196274559e-01
9.339207047957465146e-01
9.400514894681367695e-01
9.328413283632179809e-01
9.322858211246629612e-01
9.208424109884262299e-01
9.313543598757276776e-01
9.350844277173141483e-01
9.359823399057819460e-01
9.309198374083758054e-01
9.312247149186707595e-01
9.296198719860987447e-01
9.339305710585709130e-01
9.426563077560765613e-01
9.465478841370210672e-01
9.421052631078583595e-01
9.487750556292258164e-01
9.355555555054925199e-01
9.345106695599395552e-01
9.409158049720903749e-01
9.283858997644107713e-01
9.242089771390424868e-01
9.172259507329453276e-01
9.211023027057341217e-01
9.110452186304435207e-01
9.096965210454227568e-01
9.235404895921548452e-01
9.161969184016744983e-01
9.150908416258758393e-01
9.286514754822623452e-01
9.123339657943979608e-01
9.190581309285940081e-01
9.149408283523038365e-01
9.173155357304362267e-01
9.194277107933430671e-01
9.245003700461619234e-01
9.267015706305807843e-01
9.254498714152280536e-01
9.293680296897188775e-01
9.315887849966805190e-01
9.389256805974668385e-01
9.333832334828878752e-01
9.355679701547859883e-01
9.344201555631274081e-01
9.262202042632644572e-01
9.205871282902017283e-01
9.196360878954042972e-01
9.209948792476649881e-01
9.297535858270931097e-01
9.394166042880219836e-01
9.354838709177004663e-01
9.413489735569691153e-01
9.385351490113968964e-01
9.359209080422052907e-01
9.358463210807821397e-01
9.405245658900892591e-01
9.400955530554072626e-01
9.413075779588552239e-01
9.419258148619075177e-01
9.379157427437261330e-01
9.424433716543582085e-01
9.389256805974668385e-01
9.343173431233654513e-01
9.373396848161826833e-01
9.328859059902148143e-01
9.386255052788546882e-01
9.345724906562611345e-01
9.412196913533110720e-01
9.329359164924191372e-01
9.308687615026156603e-01
9.378489020712678093e-01
9.400955530554072626e-01
9.396872672619315248e-01
9.389880951880374971e-01
9.421669106380716752e-01
9.382899627752201432e-01
9.417368999132874618e-01
9.416635302472946556e-01
9.387300407965790683e-01
9.408284023167989840e-01
9.457652302619753426e-01
9.364548494482686225e-01
9.451038575167034494e-01
9.434380775839457112e-01
9.448476051748995186e-01
9.434245035093410392e-01
9.419071976116049072e-01
9.393274853300486171e-01
9.422649888470487900e-01
9.415680472872131057e-01
9.314134141220237195e-01
9.257898603466994114e-01
9.140538546161097733e-01
9.137093761173028517e-01
9.197026021804258766e-01
9.290989659765225284e-01
9.299030573697826263e-01
9.277652369702830137e-01
9.306336707411091425e-01
9.368968076708004133e-01
9.332849890724901343e-01
9.398745849739094105e-01
9.438119720395379275e-01
9.443009958923894720e-01
9.460766083545525396e-01
9.426470587734607776e-01
9.400444114969380704e-01
9.367369588844528527e-01
9.357384441438754141e-01
9.366144667657551048e-01
9.398029915588339556e-01
9.490774907248403780e-01
9.522388059200955768e-01
9.419743782468802396e-01
9.426987060497497017e-01
9.474076836500578969e-01
9.446935724462127704e-01
9.528406980561399120e-01
9.508317929259043622e-01
9.574546799351357773e-01
9.502637527758925895e-01
9.504437869321827881e-01
9.469781237912422434e-01
9.349200445761972622e-01
9.133506879380433041e-01
8.893939393439300733e-01
8.767527674776133262e-01
8.735632183407605611e-01
8.836869055827079045e-01
8.893789047643416712e-01
8.930678465576059599e-01
9.086219601562722792e-01
9.106289076365832180e-01
9.273408239199932845e-01
9.273535952056832787e-01
9.339727037492695505e-01
9.340740740240109918e-01
9.361702127159057252e-01
9.411764705382288376e-01
9.437453737471226400e-01
9.384098543732403153e-01
9.398216938578152213e-01
9.289985051816399553e-01
9.283858997644107713e-01
9.277882797231383760e-01
9.251396647544144480e-01
9.241635687231765095e-01
9.290566037235603591e-01
9.307375514288015461e-01
9.296198719860987447e-01
9.303030302530179707e-01
9.323816678688205961e-01
9.321266967825521110e-01
9.419404124786673327e-01
9.427609427108948337e-01
9.467411545123270988e-01
9.375700934078949889e-01
9.424005945244480209e-01
9.369236443615895915e-01
9.351713859410031304e-01
9.245499808002819453e-01
9.313146232881914788e-01
9.267015706305807843e-01
9.383991146677496120e-01
9.360421368950376797e-01
9.392386529513953031e-01
9.389880951880374971e-01
9.375692648187928802e-01
9.475627769070972262e-01
9.508442776235043192e-01
9.420022164257373376e-01
9.317054558828653521e-01
9.356159284947886956e-01
9.368575623581546497e-01
9.337797618547045708e-01
9.392017903266717260e-01
9.328413283632179809e-01
9.324522760145426137e-01
9.429629629128991608e-01
9.395313680527760392e-01
9.429857463865671807e-01
9.428464698789741361e-01
9.374999999499423753e-01
9.386686611317018869e-01
9.348802394709115893e-01
9.392017903266717260e-01
9.377562429614996198e-01
9.438622753990547620e-01
9.372887720115458121e-01
9.345106695599395552e-01
9.387453874038079737e-01
9.368421052131220561e-01
9.424083769133021482e-01
9.361225251647422585e-01
9.409523809023891960e-01
9.399925456077909969e-01
9.413479052322644147e-01
9.406051549742301399e-01
9.419163891471236116e-01
9.446935724462127704e-01
9.455353834252978595e-01
9.452809400894828240e-01
9.508562918337847281e-01
9.498154981049141687e-01
9.445266271688695925e-01
9.531946507671754665e-01
9.538461537960839509e-01
9.474463359973074317e-01
9.473684210025790087e-01
9.522045201425999306e-01
9.487274068108693115e-01
9.464285713785132170e-01
9.504286246238169422e-01
9.519158526922600894e-01
9.499263622474276580e-01
9.441548770906726951e-01
9.519910680556359361e-01
9.420074348941790410e-01
9.499252615344037087e-01
9.491778773789478763e-01
9.467766116441089785e-01
9.406494960305750164e-01
9.443609022056026481e-01
9.465081723124952884e-01
9.484536081973542476e-01
9.465420560247166382e-01
9.514705881852247860e-01
9.476031214661050361e-01
9.466271311582392656e-01
9.479940564135352910e-01
9.488406330010906720e-01
9.501488094737511325e-01
9.518117294979500098e-01
9.543782192288122745e-01
9.489644969913545447e-01
9.479128185683304286e-01
9.497206703410047135e-01
9.546827794061690797e-01
9.498894619985683851e-01
9.493052947302832445e-01
9.508317929259043622e-01
9.537313432335282615e-01
9.520648967050941991e-01
9.495327102303240396e-01
9.516129031757367684e-01
9.520958083331858557e-01
9.554807332084622740e-01
9.561338289462224527e-01
9.600298841486778478e-01
9.513836947891430862e-01
9.524163568272636660e-01
9.613956940850525434e-01
9.544095664671389256e-01
9.557195571455040506e-01
9.513192121387171740e-01
9.475627769070972262e-01
9.522376832895653731e-01
9.528406980561399120e-01
9.548675866713181026e-01
9.537550868903708068e-01
9.462528387085000769e-01
9.454817027132044194e-01
9.519940915304351270e-01
9.467014535466649061e-01
9.483463396006275303e-01
9.377845219530273058e-01
9.445890665174385692e-01
9.481536739521838619e-01
9.518205222007584121e-01
9.493813272840400108e-01
9.487179486679204743e-01
9.444444443944042256e-01
9.436777321394277385e-01
9.487274068108693115e-01
9.429857463865671807e-01
9.420560747163058135e-01
9.352196574331902434e-01
9.416573763899255267e-01
9.405722670078914271e-01
9.417300035691933413e-01
9.449644327466589777e-01
9.552349241082769282e-01
9.496194272786788737e-01
9.496080626599135988e-01
9.545115584883488991e-01
9.577777777277129978e-01
9.591461169907843365e-01
9.513553657130281449e-01
9.524517087166554097e-01
9.530151682814178571e-01
9.486426998765629115e-01
9.516245486864037817e-01
9.486988847083047682e-01
9.486404833336621323e-01
9.508076357795925970e-01
9.508928570927985824e-01
9.427279577495177865e-01
9.542920846768069287e-01
9.469387754601422680e-01
9.424678273534662365e-01
9.388646287708943827e-01
9.392386529513953031e-01
9.414814814314178548e-01
9.438202246690556851e-01
9.353159850800528696e-01
9.399555225592776120e-01
9.417512212953217388e-01
9.445676274443908227e-01
