3.874321018985069713e+03
4.072467902803788547e+03
2.985786466785838911e+03
2.902441295421564973e+03
2.165253103951344656e+03
2.183101676474250326e+03
2.158405349757961176e+03
2.090590043959488412e+03
2.034629343274110852e+03
2.016660450376660947e+03
1.939272469710116184e+03
1.858438832745460104e+03
1.880336030072507128e+03
1.905654095521067575e+03
1.718381251623786511e+03
1.797176872809448696e+03
1.779944530952378955e+03
1.787692820978368218e+03
1.795813660817037544e+03
1.771924697130204777e+03
