5.380227004758860732e-01
3.841835357624830971e-01
4.199821010014915812e-01
5.084313942751617077e-01
6.112724483272959919e-01
7.356178137651823157e-01
8.386922934867533375e-01
8.879086866964982505e-01
9.084842957596420687e-01
9.147846295901697067e-01
9.104983024362527377e-01
9.033445557212870236e-01
8.971973577668868050e-01
8.865331912777895118e-01
8.803366148163932481e-01
8.805780524184957381e-01
8.821048654023724289e-01
8.858314368918247528e-01
8.958575467007600102e-01
9.056680730165493909e-01
9.165259464450598026e-01
9.219721287023225909e-01
9.250438809574538235e-01
9.289003480360821241e-01
9.280042048440939606e-01
9.286714681440443320e-01
9.276827615597699195e-01
9.267584913701255589e-01
9.239953974003837223e-01
9.229423112436964116e-01
9.193900134952768255e-01
9.200214219759921264e-01
9.207993181333899990e-01
9.245921443284325081e-01
9.287085162298460705e-01
9.338355280914837353e-01
9.357906101285602407e-01
9.347743447688044993e-01
9.373988493500959862e-01
9.384453441295546039e-01
