3.895989970529500170e+03
4.053904501403941140e+03
2.949144149343371282e+03
2.870218165139332996e+03
2.185591407496356169e+03
2.195457633188890213e+03
2.188820250866113383e+03
2.027992692979360299e+03
1.992632946631531695e+03
1.983581356980399050e+03
1.924565115201413619e+03
1.855789845456755529e+03
1.852850607922885729e+03
1.858871328285340724e+03
1.833829594634596106e+03
1.809195736161520472e+03
1.854776894991743575e+03
1.823752779086882128e+03
1.713935682994804210e+03
1.749954615676516141e+03
