5.141764045741884503e-01
3.536207401093828251e-01
3.565598693088997129e-01
3.693662902194758679e-01
3.805333333333333345e-01
3.993103487463598444e-01
4.197666879749982205e-01
4.443813339015554309e-01
4.691157042403579225e-01
5.026751331770724640e-01
5.443749129909796203e-01
5.816359116414517860e-01
6.332920235812202758e-01
6.859312735279496920e-01
7.364273030755024152e-01
7.793256907450812898e-01
8.200590951061863532e-01
8.451308757724268483e-01
8.609961502947651724e-01
8.681438738546770617e-01
8.752422189075929060e-01
8.753642730307550357e-01
8.752412529298952970e-01
8.706079124937849967e-01
8.645539029760636041e-01
8.574444207685204544e-01
8.504940975921583268e-01
8.471639747141130883e-01
8.392868243483199153e-01
8.429643582640812260e-01
8.393792740961716348e-01
8.413187300234394872e-01
8.464162511542013823e-01
8.541562326869808208e-01
8.651404787271823604e-01
8.715256481284183732e-01
8.809035869024788301e-01
8.849601250088785509e-01
8.903375523829814009e-01
8.974107820157679605e-01
