5.364130975211308661e-01
3.603832090347325878e-01
4.986616094893103202e-01
6.625974572057675704e-01
7.922168904041479998e-01
8.611908800340933867e-01
8.906568932452590959e-01
8.985389871439731779e-01
8.987806520349458372e-01
8.974941402088215670e-01
8.941798139072381080e-01
8.937021663470419153e-01
8.949915761062577912e-01
9.032630158391927733e-01
9.110791391434053255e-01
9.152332409972299132e-01
9.210480289793308017e-01
9.264547766176576271e-01
9.264229561758652309e-01
9.273686483415016779e-01
9.263003906527451647e-01
9.265340436110518496e-01
9.254519213012286638e-01
9.246151573265146695e-01
9.254012358832303109e-01
9.262078272604589158e-01
9.229945876837840624e-01
9.290734853327655696e-01
9.293088997798136797e-01
9.313231905675121158e-01
9.332623055614744922e-01
9.335831238014064004e-01
9.335316996945807189e-01
9.338484835570707299e-01
9.334189075928687185e-01
9.316683287165282712e-01
9.315821862348174776e-01
9.321022799914765455e-01
9.317828254847642100e-01
9.350986859862207012e-01
