6.539438801277725361e+03
5.486343683579359094e+03
5.147234704297465214e+03
3.956129299735086079e+03
3.650724552132168810e+03
3.577398175264328074e+03
3.146476531894969867e+03
3.107590340833740356e+03
3.009063779071688714e+03
2.877311097225939648e+03
2.828883525698658104e+03
2.766326407659205870e+03
2.729359696217975397e+03
2.699296877154614776e+03
2.670785126219266203e+03
2.661697537331214335e+03
2.628886960365404775e+03
2.589187959815959857e+03
2.607774506908633612e+03
2.558845201444103623e+03
2.549100797997657992e+03
2.539559064533534638e+03
2.481957243749225654e+03
2.472507921450725917e+03
2.476399723775352868e+03
2.464213219750600274e+03
2.477090496297859772e+03
2.461188049496728581e+03
2.451707394867778476e+03
2.435315742419171784e+03
