2.805410688010651938e+03
2.147302749045591554e+03
1.976525799382480045e+03
1.616169679696769890e+03
1.041488156818353445e+03
1.178164707506432023e+03
1.049564108231691080e+03
9.455539601733046311e+02
9.401950663686859571e+02
9.371052281214684854e+02
8.885861998819151495e+02
8.299902533950869383e+02
8.034703180863026546e+02
8.283930897431902167e+02
7.868484166703723304e+02
7.704742275676956069e+02
8.010377118145454460e+02
7.890503706739478957e+02
7.352436895218046402e+02
7.392689107063966958e+02
