1.054076497802540143e+04
9.290626371976975861e+03
6.710924267432825218e+03
6.476530004617784471e+03
5.638973983805475655e+03
5.518485049906819768e+03
5.402865947038584636e+03
5.135899792101952698e+03
4.980971056882912308e+03
4.927034516259100201e+03
4.808363170460259425e+03
4.675778460156615438e+03
4.811510284519552442e+03
4.666147232420130422e+03
4.635291806261094280e+03
4.573293272155524392e+03
4.478233763588150396e+03
4.600531274993862098e+03
4.442018323194010918e+03
4.362618465303362427e+03
