5.067634349030470942e-01
3.489030186803039335e-01
3.922998508416791763e-01
4.793063711911357272e-01
5.805370835996873646e-01
7.046301583919313272e-01
8.170643937779672461e-01
8.833210881454650609e-01
9.151410753604657389e-01
9.212265643866752729e-01
9.174118048156828520e-01
9.078522054123159268e-01
8.986334824916542008e-01
8.879718730023441475e-01
8.793737623410753379e-01
8.770437673130195844e-01
8.790322608139783389e-01
8.862526031678386040e-01
8.989809503515877598e-01
9.085663470416931453e-01
9.178974643085445750e-01
9.274929185311457935e-01
9.341504368207969033e-01
9.360796079266991976e-01
9.374939697421692530e-01
9.362301299808222232e-01
9.351498828041766576e-01
9.318020882164929075e-01
9.284503728958024560e-01
9.254103842602459107e-01
9.239507351374387500e-01
9.228444633851834444e-01
9.228943532921375370e-01
9.248489807514732597e-01
9.299300234391645326e-01
9.325945308615668505e-01
9.347882093898711720e-01
9.394387669578805333e-01
9.399663612472480834e-01
9.408077846437956637e-01
