5.476737836494068867e-01
3.864291497975708145e-01
3.743248242062646169e-01
3.855696569358619263e-01
4.015203352510831047e-01
4.181947013282193426e-01
4.442788266212088222e-01
4.729792172739541445e-01
5.052200298316641414e-01
5.407012998082249000e-01
5.899039420413381141e-01
6.445637332196889613e-01
6.922018325165137931e-01
7.417438170324595070e-01
7.932465658072307413e-01
8.326083954826337674e-01
8.631059592300589500e-01
8.858387669578803303e-01
8.941011719582355743e-01
9.001190993678531704e-01
9.041060302578307617e-01
9.053937353505219221e-01
9.007082889409756543e-01
8.972114496768233138e-01
8.929509766318627362e-01
8.889655799417575111e-01
8.836254279423255698e-01
8.786728034661551723e-01
8.774267490588818497e-01
8.775681795582072064e-01
8.807769870019178660e-01
8.812024717664608264e-01
8.850556431564741144e-01
8.887797144683571293e-01
8.955938916116200632e-01
8.988521343845443656e-01
9.051179771290572829e-01
9.090606435116130868e-01
9.141313445557207595e-01
9.150255557923151484e-01
