5.096702890830314692e-01
3.479028908303146150e-01
3.522070601605227780e-01
3.625125079906243442e-01
3.792445486185098136e-01
3.971903118119184950e-01
4.148105405213437513e-01
4.419701967469281123e-01
4.710819234320618443e-01
5.081002343916469766e-01
5.446425456353434225e-01
5.971176361957525325e-01
6.429261737339299065e-01
6.972421336742664622e-01
7.477164003125222891e-01
7.959868740677605858e-01
8.325690176859151803e-01
8.597362880886426639e-01
8.786574046452161335e-01
8.890900774202713519e-01
8.933293557781091243e-01
8.940936146033101606e-01
8.901277079338023590e-01
8.864795511044816223e-01
8.781212302010086290e-01
8.713442147879822963e-01
8.668467930961005763e-01
8.612253711201076634e-01
8.569618864976206174e-01
8.561537609205198684e-01
8.570516656012500123e-01
8.638701612330420554e-01
8.707120676184387786e-01
8.767547695148802944e-01
8.817748419632075452e-01
8.885939626393917212e-01
8.987105902407844793e-01
9.042326869806094347e-01
9.098512678457276737e-01
9.149004332694082864e-01
