5.453378222885149063e-01
3.850472902905035522e-01
6.231176646068612435e-01
8.548868527594288835e-01
9.245445841323958192e-01
9.387302507280345099e-01
9.408540947510477537e-01
9.340476454293626940e-01
9.255031749414022180e-01
9.182156687264722006e-01
9.140457134739684575e-01
9.169845585623980222e-01
9.216635272391504596e-01
9.304907450813268976e-01
9.389950990837419020e-01
9.453866325733358833e-01
9.477914624618219985e-01
9.505081326798776598e-01
9.524532708288943050e-01
9.520870516371902070e-01
9.499015555082036544e-01
9.475757653242419254e-01
9.468744655160167278e-01
9.452288940975921427e-01
9.422636266780314296e-01
9.441588749200936492e-01
9.427430925491864233e-01
9.447744868243485028e-01
9.473325094111798572e-01
9.489227359897716152e-01
9.509522551317567407e-01
9.524741245827119673e-01
9.534895376092050734e-01
9.533900987286029194e-01
9.534941402088216167e-01
9.530349598693089730e-01
9.514518928901202210e-01
9.499752539242842797e-01
9.492498614958451153e-01
9.512251154201293302e-01
