3.865453821670937941e+03
4.046991695521624479e+03
3.022064762422607600e+03
2.926294183772928591e+03
2.150856836308649235e+03
2.213889812171562880e+03
2.141181361609671512e+03
2.104424746714069897e+03
1.986571651219850310e+03
2.006654437345950328e+03
1.912894356831972345e+03
1.872851938116930341e+03
1.802456698531831535e+03
1.858036956029303838e+03
1.786021994876854023e+03
1.825956425601972114e+03
1.832365812550789315e+03
1.813989535650663129e+03
1.734404276953221597e+03
1.755024539239617752e+03
