6.734468036095731804e+03
6.049398342584405327e+03
4.908811925728530696e+03
3.893587773188999563e+03
3.892095742871214952e+03
3.377298028007347057e+03
3.333202096671469462e+03
3.123901283957307442e+03
3.084475275073669764e+03
2.975480487445056042e+03
2.924922092862668251e+03
2.901177433835744523e+03
2.872408117142644187e+03
2.833037738089139111e+03
2.828048056683933737e+03
2.768964903969826082e+03
2.744616301555250175e+03
2.718159978422157110e+03
2.721067748903176835e+03
2.701993931730230997e+03
2.673696904942439232e+03
2.680734935572185805e+03
2.643975646895295995e+03
2.629660462350031139e+03
2.612775949701757781e+03
2.627232853684864494e+03
2.588398772477106832e+03
2.564052041842461676e+03
2.587205911506528082e+03
2.564691936569734480e+03
