2.817263149396876543e+03
2.117970011533498109e+03
1.996589478084805251e+03
1.651352990705292541e+03
1.039315945899953931e+03
1.183587870570559744e+03
1.042756892141231674e+03
9.541418511703619743e+02
9.583759649539952079e+02
9.570201107625176746e+02
8.274355553973142605e+02
8.267329868234129435e+02
8.171808056601159933e+02
8.237506398324345582e+02
8.270379900376904061e+02
7.755976461005776628e+02
7.771687102470389163e+02
7.757273627358637214e+02
7.424385293886257386e+02
7.387882033012351712e+02
