3.901722090827733155e+03
4.072410888974204681e+03
2.986790813565910867e+03
2.902970533721204447e+03
2.196613534469694059e+03
2.216227677970747663e+03
2.148065248394522314e+03
2.056420604718025061e+03
1.993036588466413832e+03
2.001414188048674305e+03
1.960521574510325081e+03
1.898218461437025326e+03
1.812830855152816639e+03
1.872370772738744790e+03
1.848038630222797565e+03
1.809898778299741707e+03
1.801796942410185238e+03
1.802314319013824388e+03
1.714671980724455807e+03
1.789088514031950581e+03
