1.012588813779175325e+04
7.219751357733306577e+03
5.709023045896379699e+03
5.888945388542185356e+03
5.670902895643755983e+03
5.519828803018805957e+03
4.646482232694843333e+03
4.299433309962652856e+03
3.787696122601015759e+03
3.877062514616219232e+03
3.987978871020393399e+03
3.875723880232051670e+03
3.361665492979235751e+03
3.405560993267803497e+03
3.363285502502256350e+03
3.340337662943160467e+03
3.377714546121738749e+03
3.262159237630734879e+03
3.046601143988287731e+03
3.046611254728053609e+03
