1.013797294479175980e+04
7.210567385888212812e+03
5.669335277707226851e+03
5.940911578711190487e+03
5.855757703403865889e+03
5.552105150765771214e+03
4.618520646533389481e+03
4.301274789896438961e+03
3.847588311914758833e+03
3.871172433181919587e+03
3.989265340878434472e+03
3.839175525022696092e+03
3.437976635415337114e+03
3.381487442483985888e+03
3.221277591978084274e+03
3.310546502027359566e+03
3.169376187309187117e+03
3.206590040207525817e+03
3.009704691808936332e+03
3.035924041294983454e+03
