5.061049790468072906e-01
3.476355422970381359e-01
5.667179203068399840e-01
8.291901413452660297e-01
9.211720718801050811e-01
9.379838340791250006e-01
9.379236025285887512e-01
9.332561687619858048e-01
9.228267916755449329e-01
9.111669294694223487e-01
9.069607216421620155e-01
9.116337239860785591e-01
9.178354144470485254e-01
9.303556786703603976e-01
9.399370409830242190e-01
9.448667661055473177e-01
9.511322679167554250e-01
9.538437673130193417e-01
9.540141771432629758e-01
9.536985865473400770e-01
9.517715178634845730e-01
9.515598551033456198e-01
9.509329924000283762e-01
9.498128560267061760e-01
9.465261453228213107e-01
9.458220044037217722e-01
9.481384189217983982e-01
9.496565381063996059e-01
9.535018112081824482e-01
9.541024788692382685e-01
9.555296256836421920e-01
9.556126997656081423e-01
9.570768378435966506e-01
9.582748206548760139e-01
9.555892321897863084e-01
9.553408054549326067e-01
9.562640528446622046e-01
9.562594502450458833e-01
9.551888628453726326e-01
9.544153988209389539e-01
