6.528814583122333715e+03
5.514284443964208549e+03
5.197692392770886727e+03
3.950901403386777474e+03
3.652525906946235409e+03
3.587891255173858553e+03
3.132285026091776672e+03
3.146339207959842497e+03
3.001700065980957334e+03
2.872551705063486224e+03
2.876810960010862800e+03
2.777019736753162761e+03
2.726530779135916418e+03
2.712925222575280713e+03
2.662792356553759873e+03
2.671155194158593076e+03
2.634841482323234231e+03
2.611915469232082614e+03
2.581612813440945047e+03
2.555860634229065454e+03
2.536885421061165744e+03
2.534791095222328295e+03
2.523848109862649380e+03
2.478680030452089795e+03
2.509709656648301006e+03
2.464596595767365216e+03
2.453187131908694028e+03
2.441132584753801439e+03
2.453939116007712073e+03
2.438773221757968258e+03
