5.045733361744441092e-01
3.500584984729028792e-01
3.497905248952339896e-01
3.629816322181974031e-01
3.813387314439945497e-01
3.989702677747000159e-01
4.179552525037289468e-01
4.455490872931316404e-01
4.746579160451736557e-01
5.098812699765608025e-01
5.465009162582570301e-01
5.978832019319552105e-01
6.450958732864549017e-01
7.004467930961003619e-01
7.470752184103983673e-01
7.953318275445697694e-01
8.329726827189429805e-01
8.576623339725831796e-01
8.751293699836637519e-01
8.847564741814046840e-01
8.912959727253351172e-01
8.908929895589176029e-01
8.878497052347468221e-01
8.817874564954897298e-01
8.773614035087718976e-01
8.714351303359612055e-01
8.668300873641592297e-01
8.614243625257475001e-01
8.578651892890120090e-01
8.572746928048866621e-01
8.571500248597202498e-01
8.619510476596348170e-01
8.677483343987498765e-01
8.747911641451806553e-01
8.794794516656011529e-01
8.876952624476170950e-01
8.956454861850986493e-01
9.003791178350732949e-01
9.075084309965195661e-01
9.113943888060230814e-01
