5.132776475601961153e-01
3.546969529085872708e-01
5.731382626607002262e-01
8.193127921017118176e-01
9.029987925278782912e-01
9.224286383976132431e-01
9.212136089210880563e-01
9.155070104410825138e-01
9.035852546345621850e-01
8.954174586263229374e-01
8.948516798068040234e-01
8.978519497123372828e-01
9.080933020811137180e-01
9.186157539597981092e-01
9.288296611975280781e-01
9.360130691100220224e-01
9.423906811563319552e-01
9.449612614532283406e-01
9.486397613466863721e-01
9.457489310320333908e-01
9.445954968392639151e-01
9.445153206903897924e-01
9.422022018609277350e-01
9.385800127849991403e-01
9.395530932594644558e-01
9.409818310959587873e-01
9.431078343632358640e-01
9.460571915619007122e-01
9.485254350451024496e-01
9.499366148163931323e-01
9.498763832658568829e-01
9.524565665175086515e-01
9.520247176646068343e-01
9.509583919312450950e-01
9.542953334753890848e-01
9.520773918602174479e-01
9.506012642943392210e-01
9.501932807727817565e-01
9.505301228780451694e-01
9.522406989132752297e-01
