5.122276298032529818e-01
3.560650614390227231e-01
3.552385822856737319e-01
3.697807514738262746e-01
3.817402940549755597e-01
3.992088074437105671e-01
4.215995454222600802e-01
4.460852617373393114e-01
4.678060657717167947e-01
5.052477022515804439e-01
5.451852546345622441e-01
5.850526315789472687e-01
6.395874138788265606e-01
6.880769941046946947e-01
7.369298955891752101e-01
7.858200156261097025e-01
8.259049080190355996e-01
8.490714965551531268e-01
8.663696569358617650e-01
8.743760778464380046e-01
8.788129270544779992e-01
8.795051921301230147e-01
8.763526955039417921e-01
8.697173378791108744e-01
8.652459407628383392e-01
8.597637332196887971e-01
8.523916755451380611e-01
8.445519710206691455e-01
8.429841323957666388e-01
8.401539313871723147e-01
8.407819873570563374e-01
8.432892108814545873e-01
8.494085091270688892e-01
8.562435968463666391e-01
8.658008097165987849e-01
8.730804176432984676e-01
8.813218552454007426e-01
8.852960579586617307e-01
8.916946374032247435e-01
8.957554371759355316e-01
