5.397437317991333749e-01
3.498941686199303902e-01
5.732350877192982086e-01
8.360142055543717809e-01
9.121379075218409849e-01
9.283502521485901271e-01
9.290753036437247037e-01
9.214621493003762875e-01
9.097483059876410039e-01
9.006016904609703833e-01
8.928654023723275879e-01
9.004659421833937083e-01
9.080335819305347389e-01
9.169991618722922455e-01
9.280273883088285825e-01
9.339353647276086301e-01
9.404953760920519157e-01
9.431872150010656153e-01
9.443208750621495673e-01
9.420590666950774406e-01
9.413161730236522251e-01
9.405854393067686336e-01
9.380489523403647834e-01
9.354298458697354324e-01
9.359636906030256442e-01
9.377624547197954685e-01
9.378314937140419527e-01
9.396870800482987063e-01
9.422697066553021861e-01
9.445197528233537643e-01
9.470790254989700507e-01
9.495426095603380912e-01
9.517352084665102741e-01
9.488497194403007207e-01
9.511713047801690912e-01
9.487170963846868199e-01
9.490363236025287641e-01
9.492906598480006508e-01
9.487555082037079091e-01
9.464055685773137272e-01
