5.298499609347255834e-01
3.606118048156830014e-01
3.969177924568505489e-01
4.547097947297392695e-01
5.199213012287802194e-01
6.093050358690247359e-01
7.156816819376374816e-01
8.153412032104554452e-01
8.720172171318983922e-01
8.994983734640242812e-01
9.086385680801195575e-01
9.076631578947368384e-01
9.020167909652675453e-01
8.934257262589672122e-01
8.806511826124014952e-01
8.708335535194260402e-01
8.634102422047020831e-01
8.611786632573337208e-01
8.667457631934086804e-01
8.760015910220898538e-01
8.837124795795157084e-01
8.960373890191062340e-01
9.074089921159171901e-01
9.189791320406277553e-01
9.232799488600043070e-01
9.237870303288586715e-01
9.265025072803466655e-01
9.257674550749344089e-01
9.246166347041694378e-01
9.204884437815187281e-01
9.160404574188506510e-01
9.129175651679808379e-01
9.131497407486327544e-01
9.098704737552381072e-01
9.120764258825200255e-01
9.148933304922226561e-01
9.169634206974927038e-01
9.207044818524040553e-01
9.239373250941118609e-01
9.269464592655731749e-01
