1.513053654562578595e+04
1.225028606125301485e+04
8.834996669305986870e+03
8.119366167578580644e+03
8.025569711118450869e+03
7.686548247348835503e+03
6.297969131562078474e+03
6.325314836517985896e+03
6.695644155140073963e+03
6.284378503449580421e+03
5.689129894648522168e+03
5.778875648478700896e+03
5.671147555029388059e+03
5.607700189296736426e+03
5.808385674228601601e+03
5.542513582060476438e+03
5.350008971896320872e+03
5.350119659242097441e+03
5.435097777917841086e+03
5.360787434157686221e+03
