1.056995415455486182e+04
9.381886666758608044e+03
6.865242586945900257e+03
6.614446136249861411e+03
5.721282670559892722e+03
5.631783437466460782e+03
5.289842282317407808e+03
5.338768424414552101e+03
4.909090918410501217e+03
4.959655926368442124e+03
4.808489968868721917e+03
4.795107300723135268e+03
4.568251525996743112e+03
4.694948482670612975e+03
4.483207764573940040e+03
4.537612964074287447e+03
4.508856770031254200e+03
4.491815370878123758e+03
4.305655544257529073e+03
4.412997567787638218e+03
