5.398239647702250954e-01
3.496134100433269665e-01
3.826937708644079228e-01
4.704858583706230113e-01
5.766733432772214174e-01
7.115325236167341361e-01
8.224965409475106792e-01
8.789752681298389492e-01
9.023835215569289137e-01
9.082077988493499898e-01
9.061452091767880912e-01
8.971965622558419895e-01
8.859787769017684056e-01
8.768227857092123489e-01
8.695244264507423493e-01
8.639172668513385167e-01
8.678780026990551288e-01
8.768095461325379203e-01
8.861408338660416995e-01
8.994343916471339018e-01
9.103603380921938548e-01
9.167994886000427890e-01
9.196642375168693206e-01
9.233821720292633151e-01
9.258325165139570379e-01
9.243219546842815770e-01
9.215160167625543464e-01
9.192980183251648896e-01
9.181069678244193621e-01
9.138554726898218128e-01
9.149094680019885795e-01
9.138345052915691769e-01
9.159952837559487415e-01
9.178539384899497833e-01
9.214372611691171722e-01
9.238734569216565662e-01
9.266627459336599371e-01
9.297924568506286125e-01
9.321830811847429121e-01
9.329408622771501181e-01
