1.507522970620863089e+04
1.229682970753742484e+04
9.099754598200679538e+03
8.137054949412073256e+03
7.943002357330459745e+03
7.674964850765187293e+03
6.211302050786918699e+03
6.331011151659492498e+03
6.198238286512433660e+03
6.114801122152669450e+03
5.565276789685307449e+03
5.707144131672034746e+03
5.709969599785173159e+03
5.683157012729595408e+03
5.434380173787849344e+03
5.526303214267194562e+03
5.377329074585661147e+03
5.423931311406046007e+03
5.573288919101248212e+03
5.353326189607987544e+03
