5.447484054265218090e-01
3.841348391220967273e-01
5.139915619007031644e-01
6.842452446906740482e-01
8.138313800696074241e-01
8.776064209105759462e-01
9.001072235243982034e-01
9.044516798068042984e-01
9.097696143191986717e-01
9.051683784359685347e-01
9.037042971801977354e-01
9.035095106186519232e-01
9.006428297464310617e-01
9.077458910433978678e-01
9.128053412884435946e-01
9.181397542439095893e-01
9.241499538319483120e-01
9.302353292137227614e-01
9.337691029192417558e-01
9.357158889125646306e-01
9.354597343561337208e-01
9.336150578876341033e-01
9.329915476951486930e-01
9.340352581859507897e-01
9.303490304709137737e-01
9.326812983876697771e-01
9.349644719085160594e-01
9.369239860785568696e-01
9.381924284395199987e-01
9.391105618296753388e-01
9.394392783578378037e-01
9.411970168335815901e-01
9.422454435684355367e-01
9.425969458058099937e-01
9.442151289154059324e-01
9.415233468286100527e-01
9.447829533347539277e-01
9.436192911428366026e-01
9.446594786561548496e-01
9.476177001207470862e-01
