1.016288724190150242e+04
7.201797556636569425e+03
5.775045103260693395e+03
5.911033790660027989e+03
5.741469089550397257e+03
5.560273381011792480e+03
4.692205931199172483e+03
4.269632327455460654e+03
3.806995459097063758e+03
3.884835554804511048e+03
4.016288184492611435e+03
3.893105943148997085e+03
3.483656648889883400e+03
3.380023880183219717e+03
3.421885655867147761e+03
3.360570520923226923e+03
3.156278408211146598e+03
3.201987583814802747e+03
3.013434431353490709e+03
3.035320175827281673e+03
