2.803726300596794317e+03
2.125280884148553923e+03
1.917886929422008507e+03
1.651518249451817837e+03
1.051081097581947915e+03
1.189535908046650320e+03
1.036981456424946828e+03
9.472013888229720351e+02
9.226524960025952851e+02
9.474336400820872086e+02
8.557881866518569041e+02
8.390553236882630017e+02
8.035473746445670713e+02
8.335220712703430763e+02
7.636431849140240047e+02
7.684613683028017022e+02
7.745579132427069453e+02
7.693416340072099047e+02
7.298232064686889089e+02
7.404084884043558077e+02
