3.896465705530459672e+03
4.142273261797262421e+03
3.021358990196683408e+03
2.913370969113168485e+03
2.123302965076322380e+03
2.216843817318012952e+03
2.257556211357962638e+03
2.063976569394676972e+03
1.947854048832708486e+03
2.003760104124188729e+03
1.859348732014276720e+03
1.889825426264171028e+03
1.859478970825578244e+03
1.874555959111484754e+03
1.816766278113296949e+03
1.829163145331336182e+03
1.843085970551090213e+03
1.817864497790386167e+03
1.792818075284777024e+03
1.759573905175641812e+03
