1.012956221339098192e+04
7.180666637884770353e+03
5.688502176591507123e+03
5.820773950174471793e+03
5.782807527176320946e+03
5.602751844652151703e+03
4.525550222332287376e+03
4.250522555474825822e+03
3.861046507733178260e+03
3.905750772261725160e+03
4.014812178893715554e+03
3.868324443253575282e+03
3.441731487500085677e+03
3.361057278697980109e+03
3.344578126266370418e+03
3.328885903677603892e+03
3.288048151565913486e+03
3.200589027961215834e+03
3.022784730049113932e+03
3.085416988378156020e+03
