5.113881951843171070e-01
3.561809219404786786e-01
3.904800056822217980e-01
4.755602528588678823e-01
5.769076781021379441e-01
6.963925847006179337e-01
8.060910576035229536e-01
8.700797499822431336e-01
8.997102635130335146e-01
9.081893316286666629e-01
9.029391860217346188e-01
8.957310036224161998e-01
8.856751757937350034e-01
8.776025569997869535e-01
8.691869024788690945e-01
8.656395482633709726e-01
8.647547126926632410e-01
8.699262163505928624e-01
8.836882733148659907e-01
8.964666808722210334e-01
9.074483699126361103e-01
9.174077136160235790e-01
9.228504297180196714e-01
9.266518928901199548e-01
9.279122096739826908e-01
9.289285318559552529e-01
9.255073797854960205e-01
9.250110377157465535e-01
9.208751757937352345e-01
9.185813765182186952e-01
9.166043611051922779e-01
9.165927693728248560e-01
9.156935009588749175e-01
9.217013708359970137e-01
9.237745294410114605e-01
9.260947510476598143e-01
9.310131117266852163e-01
9.352197741316853330e-01
9.338647347112721819e-01
9.344375026635415304e-01
