3.887557149090562689e+03
4.102170200288413980e+03
3.024881335952927657e+03
2.961550568765232128e+03
2.133270837251166540e+03
2.213346504997038210e+03
2.160511383795734218e+03
2.063203718590179051e+03
2.015845436787867811e+03
2.012530077461976362e+03
1.890300535454971168e+03
1.869075877397718614e+03
1.949801221111560608e+03
1.878447186298536735e+03
1.805456048111912196e+03
1.783598286453286164e+03
1.877721779084239188e+03
1.836572381009219725e+03
1.737460668568814981e+03
1.746004823314083524e+03
