3.848251469921544413e+03
4.123413732286796403e+03
3.093687157068083252e+03
2.974446376527696884e+03
2.152978488972089053e+03
2.231615604429649466e+03
2.198064301249385153e+03
2.080124845527855541e+03
1.952330493226685803e+03
2.006956733401237898e+03
1.936718385811224834e+03
1.889349017829833883e+03
2.012794401766146621e+03
1.902189222144275845e+03
1.807931768783989128e+03
1.793142596980147118e+03
1.809189424256651364e+03
1.821744365575059646e+03
1.660050495138199267e+03
1.748659943470698636e+03
