2.789983841846806172e+03
2.105477788414242696e+03
2.032332986223329499e+03
1.648852451256421318e+03
1.028501803784981803e+03
1.174706125915545726e+03
1.054882112133118881e+03
9.529071979349819230e+02
9.448585853732506621e+02
9.434211799359140969e+02
8.776400813109613637e+02
8.314438832429710828e+02
8.188762129191538861e+02
8.260686261367814041e+02
7.707773158333728816e+02
7.609296941106059649e+02
7.587902359526244709e+02
7.641764195291525539e+02
7.463965177091382657e+02
7.309187942894001253e+02
