5.336302862419206594e-01
3.606109524824205881e-01
5.781897009730804227e-01
8.278933446977767563e-01
9.046294197031040651e-01
9.249648980751473681e-01
9.235603665033026433e-01
9.174523190567511755e-01
9.070377157468570983e-01
9.016232402869521767e-01
8.990265785922293418e-01
9.021149797570848783e-01
9.061265714894523038e-01
9.157656651750837318e-01
9.244082676326442760e-01
9.319388592939839011e-01
9.377807514738260020e-01
9.402780311101641697e-01
9.413458342211804553e-01
9.415509624263084243e-01
9.412728744939272696e-01
9.401864905177925724e-01
9.377081326798780703e-01
9.365779387740607032e-01
9.339453654378864211e-01
9.337181902123735666e-01
9.362625754670074185e-01
9.380258825200653572e-01
9.407224944953476164e-01
9.389184459123519622e-01
9.428118474323458065e-01
9.429987357056610620e-01
9.460470203849705717e-01
9.453162298458698265e-01
9.466953050642800127e-01
9.429704950635696692e-01
9.443237729952410620e-01
9.433013708359968552e-01
9.431755664464804845e-01
9.437020811137155629e-01
