5.442874067760493650e-01
3.852644648057390042e-01
5.291062717522552195e-01
7.051139995738334720e-01
8.292699197386178556e-01
8.906642233113145624e-01
9.132882164926486857e-01
9.197285602670642879e-01
9.183594857589316707e-01
9.166758434547908063e-01
9.141595283755945545e-01
9.084614532282118127e-01
9.110853327651111666e-01
9.139162724625329304e-01
9.214069181049791002e-01
9.267954258114922128e-01
9.310308402585414367e-01
9.373077633354638394e-01
9.376048298884859244e-01
9.381569145535902932e-01
9.388033240997231132e-01
9.393359755664465460e-01
9.375126642517224163e-01
9.365702109524823848e-01
9.335874422899348435e-01
9.359297109169684159e-01
9.358725477661763437e-01
9.343127778961570762e-01
9.356400880744369930e-01
9.375704524469070655e-01
9.396655444278714242e-01
9.417537040983021690e-01
9.434573478229986154e-01
9.430897648980750558e-01
9.449723417856382701e-01
9.402155266709284476e-01
9.411128631294833902e-01
9.401897293841893211e-01
9.408721073939911861e-01
9.400148305987641173e-01
