5.398459549683927161e-01
3.490060941828254659e-01
3.802410966687974625e-01
4.379551956815114777e-01
5.005428226436537953e-01
5.836146885432202946e-01
6.949571418424603797e-01
8.029248668229275188e-01
8.671241991618722222e-01
8.982501029902690837e-01
9.076661126500465970e-01
9.091784927906810809e-01
9.049545564315647495e-01
8.976930747922438059e-01
8.830770935435755531e-01
8.709545848426734072e-01
8.605941331060444899e-01
8.581748703743163897e-01
8.621756090631437219e-01
8.714328006250443570e-01
8.808782441934795981e-01
8.899215569287588501e-01
9.039449960934724526e-01
9.132407699410467483e-01
9.215049364301443058e-01
9.264426166631152260e-01
9.257263157894738415e-01
9.250179132040625696e-01
9.241487037431636020e-01
9.230426592797784657e-01
9.170817813765180793e-01
9.141339015555083325e-01
9.114075715604798011e-01
9.096514809290431325e-01
9.099115562184814099e-01
9.115821294126005281e-01
9.152734143049932047e-01
9.213834505291569332e-01
9.249730236522480942e-01
9.286431706797353414e-01
