3.901051003124077397e+03
4.091788221980287744e+03
3.034796378094728425e+03
2.927770482431142227e+03
2.149847037770301540e+03
2.235408033467456335e+03
2.153469345842017901e+03
2.041142620256171313e+03
1.983435876172915869e+03
2.004129967720388322e+03
1.864878814599388988e+03
1.858043916340724309e+03
1.893747583370774009e+03
1.876710881522637692e+03
1.762415122127624045e+03
1.790257084714171469e+03
1.838010793553089115e+03
1.793721774094981129e+03
1.694139686260372628e+03
1.750208861772543969e+03
