5.090747922437671713e-01
3.495641451807657285e-01
3.832036934441366838e-01
4.472102279991475582e-01
5.136782441934795163e-01
5.987429220825343235e-01
7.031359613608921810e-01
8.055635201363732234e-01
8.787577526812985207e-01
9.099042261524253883e-01
9.194696214219758579e-01
9.196076994104696034e-01
9.128746643937780680e-01
9.050374600468784614e-01
8.917324241778536997e-01
8.784727892606011279e-01
8.689523971873001074e-01
8.689762625186451261e-01
8.732187797428795362e-01
8.846376021024220382e-01
8.967772711130050922e-01
9.113443284324168614e-01
9.213185027345690559e-01
9.281752397187298387e-01
9.366029973719721680e-01
9.384981319695998581e-01
9.395879821010018063e-01
9.397815753959800622e-01
9.367326656722777534e-01
9.360513672846080269e-01
9.312624476170179300e-01
9.273134171461041575e-01
9.250730307550251164e-01
9.254558420342352543e-01
9.270149300376447909e-01
9.286278855032316093e-01
9.335773847574400097e-01
9.349554939981532531e-01
9.381248668229279497e-01
9.411391149939627443e-01
