2.818463643370967020e+03
2.130541454124726897e+03
1.942473475823850777e+03
1.649014435207458746e+03
1.021627727013546178e+03
1.179590887594448986e+03
1.056152452060369342e+03
9.491651238579057690e+02
9.299800983426640641e+02
9.564470910103475489e+02
8.522555530811064273e+02
8.251276299714608058e+02
8.093437158724533447e+02
8.190502247843318173e+02
7.772645019335921006e+02
7.720046476854515731e+02
7.630746012891102055e+02
7.752608957271813779e+02
7.448003762272264794e+02
7.432738889687245774e+02
