5.326228851480930837e-01
3.630307266141061806e-01
4.986695077775409324e-01
6.684204844094041587e-01
8.013677107749128670e-01
8.664551175509624947e-01
8.896303998863555051e-01
8.968990411250801209e-01
8.964095745436466700e-01
8.962475744015909740e-01
8.950705589885644686e-01
8.938568364230413676e-01
8.986778038212940301e-01
9.036019035442858227e-01
9.094378293912918076e-01
9.141166276013921177e-01
9.213724270189644905e-01
9.264407415299379389e-01
9.272087506214933272e-01
9.286432275019530502e-01
9.258631436891822108e-01
9.231363022941970753e-01
9.247767597130480688e-01
9.231595425811491840e-01
9.238403295688613071e-01
9.204327011861637153e-01
9.255752255131751705e-01
9.272980751473823835e-01
9.296751189715177777e-01
9.331212159954539453e-01
9.313181333901555670e-01
9.326275445699265809e-01
9.343189715178636945e-01
9.337568861424817568e-01
9.325157752681294543e-01
9.342122593934226726e-01
9.339558775481212605e-01
9.341941331060449327e-01
9.332994672917108714e-01
9.368811421265714756e-01
