5.281075644577031269e-01
3.610495063569855168e-01
3.968735279494282064e-01
4.838157823709070549e-01
5.891878116343489680e-01
7.200913701257193322e-01
8.249480218765536943e-01
8.795442858157538346e-01
9.021856097734215485e-01
9.071494850486538919e-01
9.047470985155195988e-01
8.959970452446903710e-01
8.874695077775410779e-01
8.764407699410468044e-01
8.724802613822003616e-01
8.686819802542795621e-01
8.708107109879963392e-01
8.804061083883797378e-01
8.897314866112648879e-01
9.002253569145535206e-01
9.093014560693231108e-01
9.151276084949215850e-01
9.217808651182612945e-01
9.234566091341712690e-01
9.219207614177143961e-01
9.212208253427089932e-01
9.220780453157184642e-01
9.188129270544780347e-01
9.156521912067616675e-01
9.120183535762480531e-01
9.106343348249162917e-01
9.106565523119537486e-01
9.128248313090419064e-01
9.143793735350520535e-01
9.190586263228922581e-01
9.205598693088998807e-01
9.233477377654660812e-01
9.261860075289438665e-01
9.283873002343914216e-01
9.292372469635623577e-01
