2.817077486760689681e+03
2.108099699542750386e+03
1.976561068173617286e+03
1.647215418429868805e+03
1.052165171898886229e+03
1.174225003052051306e+03
1.063549102352713362e+03
9.522835499147797691e+02
9.494880193894477998e+02
9.584364087009472541e+02
8.779998670171946742e+02
8.407241612621364766e+02
8.104357812206967537e+02
8.280624552891836174e+02
7.919041814308695848e+02
7.693726861783648019e+02
7.738108372623723881e+02
7.874261374795530628e+02
7.490062513774767012e+02
7.423211463405450559e+02
