5.130833155763904196e-01
3.544519355067831112e-01
3.915611051921301100e-01
4.449875701399247374e-01
5.064476170182540260e-01
5.874649620001420880e-01
6.873649548973647105e-01
7.854932310533416784e-01
8.571230343064135671e-01
8.875775268129837414e-01
9.024825058597912841e-01
9.014643085446411019e-01
8.997307763335460340e-01
8.912423325520280049e-01
8.778199019816746995e-01
8.653616307976417232e-01
8.577224518786845664e-01
8.539246821507207041e-01
8.584171034874635842e-01
8.686255557923148185e-01
8.771113289296115223e-01
8.906133674266636380e-01
9.040560267064421396e-01
9.135238582285672981e-01
9.193469990766390820e-01
9.299500816819376015e-01
9.283438312380142277e-01
9.281520562539949948e-01
9.250779742879465806e-01
9.243195113289299769e-01
9.212199161872292041e-01
9.174710703885220475e-01
9.158726614106115216e-01
9.137039278357834693e-01
9.131345123943461761e-01
9.139625825697849093e-01
9.196595780950348464e-01
9.231241991618721610e-01
9.273744442076852224e-01
9.308481000071026079e-01
