1.017139454355179987e+04
7.202040697273155274e+03
5.802132721101154857e+03
5.816092692700012776e+03
5.743402589665896812e+03
5.572057020880426535e+03
4.581793574135201197e+03
4.287958945307012073e+03
3.821185436946292157e+03
3.881738920341935682e+03
3.997539898722080579e+03
3.839835941928464763e+03
3.454773483412437599e+03
3.373428502858752381e+03
3.356534856159732499e+03
3.339252765457268197e+03
3.248069268694698167e+03
3.237832111709882611e+03
2.983083794658250554e+03
3.075708436296403306e+03
