1.517440018155983307e+04
1.226458167332291850e+04
9.105654063773090456e+03
8.189511161945524691e+03
8.150258964285187176e+03
7.747425393371490827e+03
6.282004446547792213e+03
6.359878189908671629e+03
6.413448436787555693e+03
6.171118106450629057e+03
5.751952528790545330e+03
5.741907866962930711e+03
5.685683363338354866e+03
5.639949964045146771e+03
5.183357217421499627e+03
5.513147640611147835e+03
5.339631824493184467e+03
5.397969107792293471e+03
5.433544751955677384e+03
5.314493024489344862e+03
