5.292131543433482577e-01
3.600881312593224304e-01
5.890719511328931235e-01
8.300611691171249085e-01
9.120631863058457078e-01
9.275939484338378005e-01
9.276759428936715013e-01
9.200665388166772152e-01
9.094957880531283623e-01
9.005273101782798051e-01
8.980067902549897507e-01
9.060529867178065411e-01
9.122724625328503256e-01
9.211422970381419884e-01
9.299265004616804609e-01
9.391403366716387646e-01
9.417955252503728003e-01
9.455805668016191712e-01
9.480288656864831465e-01
9.468491228070176069e-01
9.458162085375380057e-01
9.430019177498398797e-01
9.385244406562966990e-01
9.390553306342778184e-01
9.401500674763829668e-01
9.403882093898714434e-01
9.400042616663114581e-01
9.442921798423181690e-01
9.450916116201436568e-01
9.467021237303783199e-01
9.485352084665104044e-01
9.504200582427727584e-01
9.490797925989062911e-01
9.499750834576317082e-01
9.489496128986437684e-01
9.488875062149300099e-01
9.480465373961217690e-01
9.455118687406773859e-01
9.484985013140138088e-01
9.474443923574116244e-01
