3.874784401104824155e+03
4.100653169972507385e+03
3.050741831673639808e+03
2.958845277381004962e+03
2.164721297224471527e+03
2.223697539430459074e+03
2.352502708868446462e+03
2.091907174056449549e+03
1.968613370355502866e+03
1.987298082748475963e+03
1.929676659483791354e+03
1.880569286680232835e+03
1.867916154592171551e+03
1.862713189465147479e+03
1.830629983782056797e+03
1.795264908704128402e+03
1.850933451361643620e+03
1.807850666625999338e+03
1.721879901590235249e+03
1.747155501143171023e+03
