5.128977342140778051e-01
3.554264365366857636e-01
4.768915974145889747e-01
6.411436607713617564e-01
7.789521414873213923e-01
8.632264791533489356e-01
8.902371475246819710e-01
8.992035229774841820e-01
9.024942680588109445e-01
8.973556076425882599e-01
8.939426379714469073e-01
8.936603451949711729e-01
8.923454222601037156e-01
8.981654947084311003e-01
9.065274522338238050e-01
9.149444136657436388e-01
9.242250728034665519e-01
9.313284182115209031e-01
9.352764827047377327e-01
9.345693302081111709e-01
9.363354783720433394e-01
9.342224305703528131e-01
9.324011648554587639e-01
9.291424675047943449e-01
9.280640386391081353e-01
9.310669791888629421e-01
9.301952695503941104e-01
9.338405284466224643e-01
9.348335535194258750e-01
9.370722352439805336e-01
9.400996093472550053e-01
9.429094111797712285e-01
9.410816677320833490e-01
9.446956744086937308e-01
9.427278073726830243e-01
9.415843170679737417e-01
9.417457489878543475e-01
9.431842034235383698e-01
9.423308473613182246e-01
9.445061154911567058e-01
