5.254391931245117053e-01
3.625700120747211708e-01
3.966876056538105599e-01
4.911583493145819657e-01
5.898421762909297206e-01
7.183831238014064535e-01
8.237087293131614141e-01
8.778550749342990400e-01
9.028141203210455767e-01
9.072961431919881470e-01
9.084587257617728895e-01
9.020757724270189737e-01
8.950423751686905627e-01
8.839613040698914848e-01
8.763465018822360619e-01
8.740427018964413985e-01
8.769169401235882289e-01
8.853540734427158831e-01
8.965918033951272292e-01
9.089374529441006656e-01
9.165049790468071667e-01
9.254468641238724480e-01
9.266224589814616719e-01
9.283469564599756696e-01
9.282746785993323257e-01
9.279639747141131823e-01
9.245474820654874248e-01
9.239347112721076893e-01
9.204028695219829137e-01
9.164950919809644603e-01
9.173897009730807017e-01
9.199684636692947448e-01
9.202170608708002408e-01
9.215334043611052017e-01
9.268330989416863064e-01
9.274768946658143998e-01
9.318376589246392117e-01
9.316782157823706445e-01
9.329742169188154355e-01
9.323167838624901727e-01
