5.466610412671354391e-01
3.512977342140776726e-01
3.796475317849278830e-01
4.365013992471056259e-01
5.012860004261666669e-01
5.877998721500107271e-01
6.954736557994175561e-01
8.034809290432560758e-01
8.699433198380566168e-01
8.984894381703246724e-01
9.070378293912918499e-01
9.088348888415372917e-01
9.049502379430356402e-01
8.947087151076071887e-01
8.837649833084734174e-01
8.721497833652956944e-01
8.630747638326584648e-01
8.588470772071881143e-01
8.616133532211095458e-01
8.700521343845444289e-01
8.765594147311598361e-01
8.891271823282903553e-01
9.002378009801833558e-01
9.118025996164502711e-01
9.177312593223951875e-01
9.234170608708005545e-01
9.248853469706654895e-01
9.248112507990622344e-01
9.230670928332980196e-01
9.225894452731018269e-01
9.177402940549753696e-01
9.132566801619431685e-01
9.133757795297965387e-01
9.104042616663110543e-01
9.098820654876054181e-01
9.111083457631932170e-01
9.153720008523331675e-01
9.198366929469421471e-01
9.214912990979473584e-01
9.278000994388807543e-01
