2.815822231657442444e+03
2.134016421670909494e+03
2.020859056580108700e+03
1.622927491971975314e+03
1.063013470394664182e+03
1.173820763815427199e+03
1.038585852093380709e+03
9.418008878399848527e+02
9.040373075884190257e+02
9.378387949866826148e+02
8.677705016313559554e+02
8.300239471677807614e+02
8.024036311803432682e+02
8.286428515899204967e+02
7.910293180532207771e+02
7.680765990521578033e+02
7.504565457369239994e+02
7.699774287093923704e+02
7.480419361799060880e+02
7.391355732529458464e+02
