5.437514027984940990e-01
3.846887420981603412e-01
4.156224163647986858e-01
5.069695290858725611e-01
6.073846153846155227e-01
7.343949996448612128e-01
8.340636692946942210e-01
8.875434334824916505e-01
9.089441011435471784e-01
9.145826266070032906e-01
9.128438099296826147e-01
9.038027132608846825e-01
8.966319767028907428e-01
8.881302365224801321e-01
8.821590737978550756e-01
8.796824206264650670e-01
8.835524682150718290e-01
8.897257475672988303e-01
8.964039491441153640e-01
9.070244761701824476e-01
9.148037218552454997e-01
9.219908800340935739e-01
9.273327935222670515e-01
9.278764116769655512e-01
9.274535975566446933e-01
9.299926415228354504e-01
9.268623055614743089e-01
9.266886000426164394e-01
9.230665814333405272e-01
9.216577313729671372e-01
9.199482349598689934e-01
9.212910576035225896e-01
9.215536330705307311e-01
9.244614532282121599e-01
9.283445699268413343e-01
9.283038852191203283e-01
9.333900419063850817e-01
9.369149513459763545e-01
9.378628595780951205e-01
9.350753888770505506e-01
