3.864747372213270410e+03
4.072601729229897046e+03
2.970061052242477217e+03
2.894591735705398150e+03
2.097435373556722425e+03
2.227406382282877075e+03
2.162080507102240517e+03
2.081531682960987837e+03
1.970726824315461272e+03
2.018827566052322254e+03
1.964318253509910846e+03
1.869335055662880450e+03
1.896906951921389009e+03
1.893859140585781233e+03
1.787014133619888071e+03
1.790176039762208802e+03
1.802356643380244350e+03
1.818689278985782494e+03
1.747530291737918787e+03
1.779782466371834971e+03
