1.514870735394664734e+04
1.251056294892806727e+04
8.940015295935158065e+03
8.117542931478095852e+03
8.060862163338337268e+03
7.690502793134000058e+03
6.397896615114501401e+03
6.336144678333261254e+03
6.272419258547063691e+03
6.252437949921260042e+03
5.764146756140381513e+03
5.751369017553244703e+03
5.683492379636751139e+03
5.542629195788296784e+03
5.404676602253710371e+03
5.501063022203344190e+03
5.507029700253662668e+03
5.356609680612492411e+03
5.096121502457355746e+03
5.296518593635130856e+03
