5.286968108530435417e-01
3.649785922295617491e-01
3.572372469635626824e-01
3.729333617444420268e-01
3.839602244477591242e-01
4.003390581717450880e-01
4.218272888699480250e-01
4.453222530009233737e-01
4.728455145962071615e-01
5.076854322039918710e-01
5.549986788834433415e-01
6.020766815824988294e-01
6.515940052560550422e-01
7.058711556218482119e-01
7.588009943888057718e-01
8.044887847148235460e-01
8.377492151431208400e-01
8.635674124582710665e-01
8.770211520704596087e-01
8.840713687051635628e-01
8.879975566446481894e-01
8.891587186589956504e-01
8.871321542723202835e-01
8.804776475601959751e-01
8.771241707507634322e-01
8.710693657219970021e-01
8.651241707507634215e-01
8.620156545209178844e-01
8.580647489168261588e-01
8.562487676681581616e-01
8.572055401662050933e-01
8.619786632573331886e-01
8.694576603451951158e-01
8.757943035726969416e-01
8.822178847929539325e-01
8.854030541941899646e-01
8.939703103913632098e-01
8.989082747354214531e-01
9.040038070885716426e-01
9.045621990198166040e-01
