5.036953760920520606e-01
3.477152070459550992e-01
3.852637261169116756e-01
4.484391220967398062e-01
5.114652461112295656e-01
5.971858796789545343e-01
6.996155408764825889e-01
8.025023368136942059e-01
8.763046239079479438e-01
9.108579302507284758e-01
9.207581220257120558e-01
9.218562113786491485e-01
9.155855387456495187e-01
9.067923005895304200e-01
8.951076070743660962e-01
8.791903402230270004e-01
8.705435329213725426e-01
8.683273527949429971e-01
8.720356843525817192e-01
8.849565452091767703e-01
8.953901271397116668e-01
9.078127139711625881e-01
9.206334540805453104e-01
9.305623410753601776e-01
9.360630726614108665e-01
9.421712337523969749e-01
9.404541231621562636e-01
9.381162866680872181e-01
9.368745507493427827e-01
9.341092975353363359e-01
9.300515093401516831e-01
9.281853540734427144e-01
9.246777754101855873e-01
9.247907379785493820e-01
9.258948504865401885e-01
9.287545422260101713e-01
9.335218694509551662e-01
9.376141487321542067e-01
9.405030470914129692e-01
9.430572057674551090e-01
