1.015826618545613746e+04
7.188056018502913503e+03
5.830563467683534327e+03
5.917710528652717585e+03
6.010846895625702928e+03
5.586710555309996380e+03
4.469675668458711698e+03
4.305912723413358435e+03
3.904971179863662655e+03
3.931082371885041539e+03
4.000967617632210931e+03
3.904497138420546435e+03
3.542606782856342306e+03
3.399704335477150835e+03
3.307132290650840332e+03
3.367190271268661490e+03
3.338498602051481612e+03
3.243383808762270291e+03
3.158195569957805674e+03
3.091034610686145243e+03
