1.053440718002243739e+04
9.290623174247190036e+03
6.782307973824440523e+03
6.585055240002858227e+03
5.832605626734859470e+03
5.642196029434708180e+03
5.407099529053028164e+03
5.196840424713725042e+03
5.003105405883172352e+03
4.960935123096041934e+03
4.716091528298279627e+03
4.689254349333192295e+03
4.718873898560732414e+03
4.724558539059560644e+03
4.559696475169284895e+03
4.574631250752992855e+03
4.637421002483636585e+03
4.510208605286710736e+03
4.540166860237515721e+03
4.438146608753005239e+03
