5.418211520704595552e-01
3.499372966830031073e-01
3.802164358264080724e-01
4.700161090986575974e-01
5.736686412387245193e-01
7.064694367497691418e-01
8.198506143902267729e-01
8.763948575893175663e-01
9.016030115775268694e-01
9.102226578592229611e-01
9.043778677462884774e-01
8.970904751757938778e-01
8.883249094395906376e-01
8.762392783578379918e-01
8.711130620072448094e-01
8.700993536472759748e-01
8.694551601676253627e-01
8.737109169685345345e-01
8.845529938205838327e-01
8.942836849208041228e-01
9.044440088074436890e-01
9.125842460402017187e-01
9.196601463172101587e-01
9.214161233042118537e-01
9.245526528872785033e-01
9.252677036721359549e-01
9.247940336671640615e-01
9.233081895020950336e-01
9.181555508203705918e-01
9.181100930463808041e-01
9.145927977839333201e-01
9.145404076994102516e-01
9.169444420768519954e-01
9.213690745081325462e-01
9.200477306626894114e-01
9.237626535975564934e-01
9.270612969671137016e-01
9.284433837630514663e-01
9.315300802613820652e-01
9.327525534483982472e-01
