5.055906811563319891e-01
3.485963491725265206e-01
4.870751047659634958e-01
6.575345408054549257e-01
7.957871439732936425e-01
8.743647702251583498e-01
9.037581078201577522e-01
9.119735208466508425e-01
9.152605724838409618e-01
9.120440940407700259e-01
9.090409830243624256e-01
9.075257049506355589e-01
9.068055969884222245e-01
9.114445060018466771e-01
9.216066481994460435e-01
9.270891398536827976e-01
9.321868882733148620e-01
9.393411463882377355e-01
9.410726329995028339e-01
9.414516371901411329e-01
9.408627317281058611e-01
9.397043540024151431e-01
9.373803821294125482e-01
9.366923787200797102e-01
9.365167412458270668e-01
9.389984515945731802e-01
9.375373250941116954e-01
9.425874564954894730e-01
9.425074508132678108e-01
9.465758079409051229e-01
9.454427729242135259e-01
9.440393777967184263e-01
9.449220541231616588e-01
9.468350308970803209e-01
9.474617231337451040e-01
9.462938560977340874e-01
9.476724199161873363e-01
9.455057319411891426e-01
9.490055827828679513e-01
9.482247318701613192e-01
