5.399290290503586665e-01
3.478298742808438315e-01
5.697325662333972973e-01
8.331942893671424599e-01
9.102226578592229611e-01
9.249616023865330217e-01
9.251820725903829867e-01
9.173907237729953534e-01
9.074004119610771246e-01
8.987749698131970444e-01
8.949038994246752976e-01
9.007261879394842241e-01
9.070822075431491660e-01
9.177309752113076424e-01
9.270166915263867713e-01
9.350822075431496350e-01
9.398602741671993055e-01
9.436774770935435486e-01
9.426842815540878995e-01
9.419669578805313082e-01
9.421721429078770971e-01
9.378112081823992696e-01
9.377546700759992193e-01
9.366536259677533671e-01
9.360299453086156074e-01
9.354233681369416020e-01
9.371462177711485930e-01
9.404194047872714846e-01
9.440418211520702485e-01
9.471164145180767102e-01
9.479761346686553791e-01
9.500795226933728133e-01
9.501566304425027587e-01
9.496867675261027042e-01
9.492693515164428719e-01
9.500139498543929140e-01
9.489874564954895453e-01
9.451813339015553428e-01
9.476678173165707930e-01
9.483511613040696009e-01
