5.239555650259251074e-01
3.637964628169614856e-01
4.866172313374529379e-01
6.620981603807087890e-01
7.980100859436038974e-01
8.669770296185809189e-01
8.949111726685132773e-01
9.031517011151358743e-01
9.036484977626253468e-01
9.024765395269549462e-01
8.990428865686485027e-01
8.986385396690104166e-01
9.003790041906385433e-01
9.068504297180198792e-01
9.144288088642660295e-01
9.218830882875206356e-01
9.290629732225301751e-01
9.323842886568648458e-01
9.344150578876341262e-01
9.335382342495913699e-01
9.325681085304351470e-01
9.312628453725406708e-01
9.306939981532779127e-01
9.307984373890189067e-01
9.288997229916896581e-01
9.285755522409258056e-01
9.294572625896723173e-01
9.315786064351160300e-01
9.353315434334825706e-01
9.378180836707151746e-01
9.372080971659918491e-01
9.392382981745863724e-01
9.394417217131897369e-01
9.412774770935432578e-01
9.438430002130834273e-01
9.389490730875773572e-01
9.403851978123446420e-01
9.412775339157609666e-01
9.387756516798064776e-01
9.406472618793947360e-01
