5.263439164713403784e-01
3.618838837985651757e-01
5.895071524966262189e-01
8.329208608565948913e-01
9.060534981177639224e-01
9.230706726329995782e-01
9.243050216634703942e-01
9.166139072377300634e-01
9.082864407983520794e-01
8.986612685560054770e-01
8.982311243696282643e-01
9.027151928404004710e-01
9.096022728886992148e-01
9.187032601747281424e-01
9.256915405923715756e-01
9.338230840258542331e-01
9.379574117479935191e-01
9.406826052986718700e-01
9.419304780169045488e-01
9.421948717948718244e-01
9.421548689537609933e-01
9.388284963420697737e-01
9.392352865970594600e-01
9.364026990553306895e-01
9.346337666027413338e-01
9.356017330776332797e-01
9.349440727324381806e-01
9.386320051139992460e-01
9.399413594715531062e-01
9.408933589033308120e-01
9.434850770651324048e-01
9.453472547766176293e-01
9.459849705234744111e-01
9.461715746857017884e-01
9.474504723346830470e-01
9.443276937282477634e-01
9.439253924284396469e-01
9.414345337026776006e-01
9.432802897933090236e-01
9.433025641025641894e-01
