1.054707380437138272e+04
9.254471948618274837e+03
6.766972819701219123e+03
6.509847076760147502e+03
5.728147994957841547e+03
5.536213160258284915e+03
5.813161405203300092e+03
5.315736891230953916e+03
5.132664565388501615e+03
5.014481395164837522e+03
4.696844830739664758e+03
4.675006668418996014e+03
4.686629307434483053e+03
4.613680486538943114e+03
4.579097794677154525e+03
4.534998511848246380e+03
4.702675567844342368e+03
4.517503619115378569e+03
4.410600994760939102e+03
4.428997794863742456e+03
