1.053764030610513510e+04
9.327383146227086399e+03
6.831456761495378487e+03
6.611368432417649274e+03
5.825907991646639857e+03
5.616309675803800019e+03
5.626499394304248199e+03
5.312564462781804650e+03
4.934322358215447821e+03
4.926031699445017694e+03
4.875025299273873316e+03
4.835232323416038525e+03
4.746180399652495908e+03
4.674448464199564114e+03
4.599150014750233822e+03
4.623369478863802215e+03
4.605416598734193030e+03
4.550621991045722098e+03
4.378006405368874766e+03
4.502053852754261243e+03
