5.426166631152780084e-01
3.841571702535691024e-01
5.125258896228424010e-01
6.852111655657361355e-01
8.135957951559059653e-01
8.788708857163151089e-01
9.024729597272532766e-01
9.068690674053553336e-01
9.069114567796008330e-01
9.041222814120321027e-01
9.009310320335250921e-01
8.976119326656724073e-01
9.008870516371899617e-01
9.083225229064562090e-01
9.153131898572345326e-01
9.223449392712549377e-01
9.265398394772352830e-01
9.320523900845227860e-01
9.347797997016833449e-01
9.353822288514808125e-01
9.348281554087650713e-01
9.347136586405282443e-01
9.297899566730590815e-01
9.294996519639178167e-01
9.279937495560764971e-01
9.287241423396546125e-01
9.324481000071027648e-01
9.334582853895871946e-01
9.372570779174659306e-01
9.407338021166277153e-01
9.404524753178493679e-01
9.413936217060870915e-01
9.446092478158961692e-01
9.439952837559481003e-01
9.430425456353432878e-01
9.405488457987072337e-01
9.437544711982386314e-01
9.431231763619571939e-01
9.400663115278076187e-01
9.434026848497762963e-01
