5.280498330847361865e-01
3.613679380637829786e-01
5.906075147382625623e-01
8.325473115988351047e-01
9.141120818239933943e-01
9.272624476170179264e-01
9.302644221890759013e-01
9.227578663257332003e-01
9.121854677178777848e-01
9.017154059237162400e-01
9.004813410043327471e-01
9.051832090347324833e-01
9.096572199730097452e-01
9.194818950209530106e-01
9.276911144257402597e-01
9.360534697066555943e-01
9.411615597698699265e-01
9.454195894594787930e-01
9.471861922011505230e-01
9.450824632431280570e-01
9.457992755167266008e-01
9.434526884011648074e-01
9.437699268413950460e-01
9.402817245543007019e-01
9.367976134668652977e-01
9.382402727466437886e-01
9.395757085020244315e-01
9.406441366574326279e-01
9.431911925562894705e-01
9.439395979828112404e-01
9.466645642446196440e-01
9.487758505575680790e-01
9.490501314013779499e-01
9.494153846153843279e-01
9.498949641309749614e-01
9.493830527736344393e-01
9.497426805881101775e-01
9.473942751615881397e-01
9.485462887989202230e-01
9.473952979615026804e-01
