1.011863221910463653e+04
7.163072025917245810e+03
5.755376724478261167e+03
5.868483906696275881e+03
5.868229554056875713e+03
5.598853346014440831e+03
4.507977650179897864e+03
4.268952070540919522e+03
3.808110065761873557e+03
3.883879772330725700e+03
4.044687559926314862e+03
3.889241098672300723e+03
3.363674340414408562e+03
3.366829135980224237e+03
3.376613981039888131e+03
3.351928043200457523e+03
3.333832711646323332e+03
3.258489644717162719e+03
3.068305848503136531e+03
3.072413617462714683e+03
