5.464446622629448580e-01
3.859635485474821048e-01
5.082666666666666444e-01
6.790894807869878314e-01
8.110762412103132979e-01
8.752156261098088530e-01
8.984910291924143033e-01
9.083397968605725348e-01
9.081190993678530665e-01
9.070945379643438056e-01
9.026326301583919021e-01
9.007575538035370588e-01
9.031761346686557612e-01
9.049672846082817967e-01
9.138425740464520830e-01
9.190296469919736477e-01
9.263492577597841615e-01
9.331521841039847054e-01
9.351583493145820825e-01
9.347674692804882612e-01
9.326618083670715764e-01
9.344477874849065335e-01
9.334094751047660177e-01
9.315994033667165386e-01
9.307233184175013330e-01
9.320766531713902125e-01
9.301246395340577733e-01
9.317110590240781365e-01
9.358083386604164611e-01
9.382248171034875961e-01
9.402962142197602846e-01
9.400206832871651486e-01
9.448539811066123395e-01
9.433792740961712830e-01
9.413972015057888720e-01
9.437485616876201133e-01
9.422059521272817539e-01
9.429977129057460772e-01
9.426381419134879369e-01
9.427184317067972552e-01
