5.283729242133675674e-01
3.627149087293132235e-01
4.930990553306342505e-01
6.656629590169758082e-01
8.015335748277576666e-01
8.705451239434617294e-01
8.929663186305843992e-01
9.012783294268058576e-01
9.019442858157541432e-01
8.980779884935011781e-01
8.937159741458911011e-01
8.946838269763478513e-01
8.936098302436249474e-01
9.021014560693229045e-01
9.088578450174016332e-01
9.150323744584132335e-01
9.212831024930748791e-01
9.253786206406704462e-01
9.289613750976634110e-01
9.293253214006679253e-01
9.290337666027419505e-01
9.266066055827827386e-01
9.250589388450882744e-01
9.238377725690744002e-01
9.232410824632431012e-01
9.254974927196534251e-01
9.251996874778039004e-01
9.256985297251224543e-01
9.273947865615452812e-01
9.310870374316358999e-01
9.299464450600183341e-01
9.312912564812838578e-01
9.337629661197527353e-01
9.356549186732012746e-01
9.336579018396192753e-01
9.337175651679806565e-01
9.354009233610339757e-01
9.322896228425313625e-01
9.344477874849067556e-01
9.346333688472193701e-01
