5.270586263228922430e-01
3.610050713829107694e-01
3.967965906669506659e-01
4.556209389871439530e-01
5.169518289651253706e-01
6.064764258825199317e-01
7.114981461751546110e-01
8.104249449534769445e-01
8.712722210384258315e-01
9.019297393280772956e-01
9.107551956815116423e-01
9.109794729739330021e-01
9.079891469564600470e-01
8.982224305703530032e-01
8.844702038497053165e-01
8.759535194260954505e-01
8.682217202926344468e-01
8.641089281909227759e-01
8.716582143618153422e-01
8.797835641735916035e-01
8.904111371546271636e-01
8.968088074437103874e-01
9.109178776901768471e-01
9.167924994672919103e-01
9.239780666240501317e-01
9.281921727395411326e-01
9.283921869450951769e-01
9.282026280275584851e-01
9.267112152851764151e-01
9.231034022302720965e-01
9.216466510405567636e-01
9.163774131685485935e-01
9.154555863342568323e-01
9.153374529441011820e-01
9.172190638539671204e-01
9.178362099580937850e-01
9.232190354428579937e-01
9.233169401235884477e-01
9.263769870019176178e-01
9.306609844449180713e-01
