3.894139555813677816e+03
4.071088233040570685e+03
3.100415302552383309e+03
2.960413578062600209e+03
2.149650805749891333e+03
2.260897830280676317e+03
2.106200106371246875e+03
2.067925296491391691e+03
1.974578533901431456e+03
2.031374122097809050e+03
1.906740910577671229e+03
1.852403908380116491e+03
1.854286646932839176e+03
1.879550015949096633e+03
1.792281918626370498e+03
1.794458856703952733e+03
1.820976616791102060e+03
1.811642851729997574e+03
1.798034927749431517e+03
1.767925401300926296e+03
