1.517932339526102442e+04
1.236707979274581157e+04
9.135751240311350557e+03
8.193940443314142613e+03
8.046856857605018376e+03
7.697880187941551412e+03
6.367347778739020214e+03
6.240561343950444098e+03
6.824968245006024517e+03
6.265499249528485052e+03
5.645038547514142010e+03
5.718370185568171109e+03
5.812449191842995788e+03
5.656609186523800417e+03
5.451811450238767065e+03
5.544788968993724666e+03
5.450016257793565273e+03
5.485210255768760362e+03
5.380795564158326670e+03
5.378389171374253237e+03
