5.377394985439306607e-01
3.849775126074294618e-01
6.239693728247743820e-01
8.589899850841679063e-01
9.301711201079618796e-01
9.398972086085659594e-01
9.399934654449888516e-01
9.330833155763904596e-01
9.257068825910930165e-01
9.161638184530150886e-01
9.141011151360181053e-01
9.181475388877050614e-01
9.241095532353152953e-01
9.300248028979331005e-01
9.384875062149298230e-01
9.447403366716385920e-01
9.481958661836777935e-01
9.508784430712405866e-01
9.501893600397754991e-01
9.503035726969244479e-01
9.491679238582282352e-01
9.474771787769016296e-01
9.461187300234392694e-01
9.439580083812773026e-01
9.425947297393278967e-01
9.433618864976206497e-01
9.414520917678812495e-01
9.468959443142266341e-01
9.478179416151715220e-01
9.501329924000286864e-01
9.510537964344059070e-01
9.524919099367853415e-01
9.536300589530507521e-01
9.523499112152851165e-01
9.540005398110660284e-01
9.502284537254068741e-01
9.529278499893456544e-01
9.503253924284398302e-01
9.512140919099372205e-01
9.488700617941616677e-01
