1.508927376552286478e+04
1.223930711807721491e+04
9.084522435529503127e+03
8.175978743815481721e+03
8.186827851131469288e+03
7.765111614665017441e+03
6.287918848142509887e+03
6.321399178468579521e+03
6.664565393762293752e+03
6.218122344338293260e+03
5.752875350157680259e+03
5.860167755667011988e+03
5.716257961261058881e+03
5.668719611457778228e+03
5.759121825945743694e+03
5.524762023250645143e+03
5.493461884847543843e+03
5.479468175831838380e+03
5.387727050847213832e+03
5.406755450137897242e+03
