2.806797063588772289e+03
2.139709147439949447e+03
1.929026671926665813e+03
1.629202732647757557e+03
1.049657183160155455e+03
1.177208478978809580e+03
1.074401315844676901e+03
9.623973391302423579e+02
9.638357165718654187e+02
9.612644382033226975e+02
8.681437571819121786e+02
8.323954026825518895e+02
8.298034826726496931e+02
8.284707214394768471e+02
8.070458768987718940e+02
7.730928051831280072e+02
8.174034818938530407e+02
7.732891218228129446e+02
7.646211357390398007e+02
7.385250938559934184e+02
