1.511678813944071953e+04
1.228925982919917806e+04
8.902594006333041762e+03
8.115939639186933164e+03
8.017502028420606621e+03
7.659162366459822806e+03
6.326468526518879116e+03
6.297057686876838488e+03
6.428232096404130061e+03
6.208196021170922904e+03
5.809630713431037293e+03
5.766339698513171243e+03
5.838766749986220020e+03
5.639385656613819265e+03
5.356115619976315429e+03
5.497676607782337669e+03
5.489489734867177503e+03
5.342341321834015616e+03
5.356421873658648110e+03
5.337207278677748945e+03
