1.055546267161878677e+04
9.395111195661529564e+03
6.882658767163247830e+03
6.650394904138695892e+03
5.894739332905609444e+03
5.523745334033978907e+03
5.520857084445231521e+03
5.247518652797085451e+03
4.915302970462847952e+03
4.913404272567804583e+03
4.757396314730276572e+03
4.732785275289383208e+03
4.866249652419385711e+03
4.598073062584577201e+03
4.600803662147700379e+03
4.560328427675468447e+03
4.573757836808093089e+03
4.504156416241281477e+03
4.349359455805457401e+03
4.519170594971710671e+03
