5.302258399034022185e-01
3.615366432275020081e-01
4.962508700902053538e-01
6.672968250585976646e-01
7.994830314653029735e-01
8.649873996732723169e-01
8.892674763832656426e-01
8.979778677462886272e-01
8.992123872434119036e-01
8.973056040911998599e-01
8.939547979259890864e-01
8.928617657504084315e-01
8.974008381277079893e-01
9.037421975992615542e-01
9.099882662120888366e-01
9.166510689679667756e-01
9.220949215143123823e-01
9.251917323673555238e-01
9.271043682079694870e-01
9.265623410753603961e-01
9.275969031891471150e-01
9.254169188152567838e-01
9.250625186447904991e-01
9.258966687974997667e-01
9.243064990411252735e-01
9.250241068257688548e-01
9.279305632502304890e-01
9.294037360608000675e-01
9.305184743234603539e-01
9.299255344839830739e-01
9.329080758576605570e-01
9.319560764258827401e-01
9.329633070530577443e-01
9.349948149726543534e-01
9.336126145322821701e-01
9.319270402727464209e-01
9.326206690816108980e-01
9.357095248242064400e-01
9.347449108601464385e-01
9.367810213793593688e-01
