5.443624689253497850e-01
3.842627459336600548e-01
3.747559911925563703e-01
3.859788905462034903e-01
4.014853895873286560e-01
4.121855813623126474e-01
4.335064706300163495e-01
4.589972583280063079e-01
4.860344058526884226e-01
5.235341146388238220e-01
5.641922863839762270e-01
6.195514454151572759e-01
6.660212799204489054e-01
7.213745294410113251e-01
7.690208111371544808e-01
8.157299808225016990e-01
8.482255842034234217e-01
8.687430641380780028e-01
8.833601250088786161e-01
8.931649122807019392e-01
8.960823353931386404e-01
8.972007102777187493e-01
8.926768094324881719e-01
8.914414376021024822e-01
8.833368278997086875e-01
8.768085801548406444e-01
8.742594218339372336e-01
8.696867107038851463e-01
8.640638113502380202e-01
8.650278570921230425e-01
8.659206477732794838e-01
8.672156261098087349e-01
8.741602670644224027e-01
8.780095745436463650e-01
8.848513104623909609e-01
8.892181546984871954e-01
8.989452091767882180e-01
9.018164358264079139e-01
9.051680375026636138e-01
9.091818453015129142e-01
