1.519970677131736556e+04
1.220277081278419791e+04
9.202022024115278327e+03
8.161033704646276419e+03
7.985369013398992138e+03
7.649513602638930024e+03
6.355228622806284875e+03
6.384822993555081666e+03
6.352412207438566838e+03
6.133897393238004042e+03
5.926343855880368210e+03
5.890081991007634315e+03
5.739294406123538465e+03
5.665881143654302832e+03
5.429880467248315654e+03
5.521466577536669320e+03
5.644126482055976339e+03
5.512254068127368555e+03
5.445063868707262372e+03
5.382325799064165039e+03
