2.808327689132560408e+03
2.131961865261325784e+03
1.978948787290161818e+03
1.661264488166034198e+03
1.040127494039297744e+03
1.183793559209614386e+03
1.063812591151171546e+03
9.500364518998710537e+02
8.638221146343280452e+02
9.514661401569096597e+02
8.760389672515236725e+02
8.267434524805871661e+02
8.049574187450771205e+02
8.268925014576794865e+02
7.804706911011315924e+02
7.733458167658111506e+02
7.708941172601697644e+02
7.739380171199314873e+02
7.514947487478702897e+02
7.411606826592581001e+02
