2.820770388528948843e+03
2.113257764844562189e+03
2.059713867750878308e+03
1.675644457331255808e+03
1.054266081928469475e+03
1.181980721146020187e+03
1.040440049316476234e+03
9.499210554829980993e+02
9.591228678090707263e+02
9.670449021461095072e+02
8.594401897689599537e+02
8.265079173667518262e+02
8.240857916261936680e+02
8.217636542214931978e+02
7.808128266331023042e+02
7.745702607289334765e+02
7.576431276650179143e+02
7.721801667363845354e+02
7.478082890772579958e+02
7.434538824540492215e+02
