1.015610231240422036e+04
7.225952869263847788e+03
5.736883754333597608e+03
5.885402924302392421e+03
5.878508041025124840e+03
5.656590957690267714e+03
4.735120017401052792e+03
4.321806489940986467e+03
3.846138354552146666e+03
3.953939213307997306e+03
4.084722711350649206e+03
3.917216983248727502e+03
3.519307081413460764e+03
3.426367090490210558e+03
3.361268368275368630e+03
3.392887632430011308e+03
3.339296302043295327e+03
3.265201286183693355e+03
3.118748471339095431e+03
3.093754114150365695e+03
