1.515729988296610463e+04
1.218214247100428656e+04
9.188560380510687537e+03
8.198271286215633154e+03
8.013371335093890593e+03
7.701178600870951414e+03
6.373259176486352771e+03
6.297333622369084878e+03
6.406676846804499291e+03
6.295448317372117344e+03
5.735035062781977103e+03
5.804859851851916574e+03
5.808778361877286443e+03
5.658317659031178664e+03
5.594421998216216707e+03
5.600731385264462006e+03
5.457832272687463046e+03
5.456292161079238213e+03
5.577350025417375946e+03
5.428868625214902750e+03
