5.326214077704384264e-01
3.626993962639391555e-01
3.563230911286313640e-01
3.699536614816393287e-01
3.848587541728815675e-01
3.998308402585410426e-01
4.205916329284750677e-01
4.447752255131756094e-01
4.721830811847433362e-01
5.058867817316570203e-01
5.518096455714185389e-01
6.016748916826480942e-01
6.502568080119328631e-01
6.994452446906740395e-01
7.526858441650683407e-01
7.976502308402584340e-01
8.306886568648338409e-01
8.557419703103912312e-01
8.666592797783931879e-01
8.786275161588181781e-01
8.802562113786486231e-01
8.810012074721218500e-01
8.801526244761698203e-01
8.738437104908020059e-01
8.690448469351520489e-01
8.633275658782582074e-01
8.568841537040985390e-01
8.517986220612256965e-01
8.475690034803607942e-01
8.478066339938918894e-01
8.478169188152570035e-01
8.505124511684065691e-01
8.578662120889268827e-01
8.609893884508842410e-01
8.664609134171462612e-01
8.731415583493146171e-01
8.815263015839194249e-01
8.857062007244831392e-01
8.917883372398609509e-01
8.959248810284822229e-01
