5.292736700049720522e-01
3.618135947155338150e-01
3.572474749627104762e-01
3.706480289793309679e-01
3.825169969458058761e-01
4.003012145748987560e-01
4.217295546558704200e-01
4.456691526386816204e-01
4.742864123872434501e-01
5.099397968605723364e-01
5.533034448469352773e-01
6.008826195042259455e-01
6.509995312167058401e-01
7.041594431422684153e-01
7.540172455430075305e-01
7.992752326159525689e-01
8.342692520775624176e-01
8.596625328503445518e-01
8.751996590666950571e-01
8.833645003196252121e-01
8.874989985084168476e-01
8.885302649335887759e-01
8.857580794090488263e-01
8.798747070104413481e-01
8.745391576106258391e-01
8.702142481710350985e-01
8.657497265430783573e-01
8.617018254137366329e-01
8.582893103203351748e-01
8.548439519852263357e-01
8.541519710206690874e-01
8.586923503089708420e-01
8.645067405355494339e-01
8.703457916045174159e-01
8.772349172526454630e-01
8.825660913417147091e-01
8.880613111726681774e-01
8.960034661552664925e-01
8.991444846935150448e-01
9.061306626891112437e-01
