5.045431635769584977e-01
3.481319411890049786e-01
3.491219546842815324e-01
3.640238085091271336e-01
3.810923503089708175e-01
3.970219475815043308e-01
4.167901129341571864e-01
4.431673840471624382e-01
4.729771148519070212e-01
5.108497478514099077e-01
5.476762838269761957e-01
5.976576177285317648e-01
6.425411463882374496e-01
6.960192059095106076e-01
7.487614177143264715e-01
7.967349953831948106e-01
8.302282264365367093e-01
8.587235457063712163e-01
8.774348746359824647e-01
8.860444633851836116e-01
8.925578237090704414e-01
8.925683358193051697e-01
8.867667305916611120e-01
8.824199445983378354e-01
8.766432275019528930e-01
8.701100362241636077e-01
8.627036579302507224e-01
8.574863555650256153e-01
8.550265217700121489e-01
8.568510831735206557e-01
8.581906101285602384e-01
8.627869593010861760e-01
8.673635911641450758e-01
8.713358619220112899e-01
8.808868811705373725e-01
8.879494282264364102e-01
8.936972796363376048e-01
9.011440585268840620e-01
9.075079195965622958e-01
9.147749698131970586e-01
