5.065369983663611242e-01
3.491257049506357735e-01
3.479371546274593885e-01
3.623192556289508981e-01
3.799878400454577698e-01
3.969504652319056359e-01
4.176089210881454572e-01
4.431227217842177435e-01
4.733145251793451358e-01
5.083542297038141644e-01
5.478047588607143359e-01
5.962600184672206538e-01
6.454936288088639618e-01
6.946281980254279675e-01
7.486869806094182955e-01
7.924250301868027702e-01
8.308428155408764670e-01
8.569234178563818194e-01
8.758379430357267070e-01
8.838590240784148788e-01
8.924038354996800537e-01
8.917422544214784752e-01
8.894578308118470389e-01
8.844879892037784685e-01
8.737802968960864947e-01
8.727889196675903127e-01
8.660459975850551828e-01
8.560542083954827408e-01
8.557795297961501291e-01
8.548265643866752583e-01
8.567047091412739457e-01
8.609593863200512009e-01
8.661282761559767618e-01
8.719967043113857619e-01
8.805678812415653756e-01
8.863134597627669864e-01
8.931738333688472586e-01
9.004944669365722021e-01
9.060657717167414082e-01
9.104136941544145323e-01
