3.917269532579579845e+03
4.135589110827026161e+03
3.074735823845312552e+03
2.943555891633333886e+03
2.158799495875184675e+03
2.236331383932752942e+03
2.153516545134079934e+03
2.065990913189838466e+03
1.956237166137363147e+03
2.014139035388730917e+03
1.930563821518510849e+03
1.874968637009563281e+03
1.916475762487678821e+03
1.874518381600753855e+03
1.778709306025621117e+03
1.829479388770609376e+03
1.762003296629219676e+03
1.811441967113354622e+03
1.729960408976862709e+03
1.763848924480676033e+03
