5.296014205554372412e-01
3.606345337026777842e-01
5.861148661126499571e-01
8.316729881383622125e-01
9.070827757653243673e-01
9.228006534555009965e-01
9.223178350735135034e-01
9.165583919312449979e-01
9.071143689182470382e-01
9.011346828609985149e-01
8.993912635840611847e-01
9.049006889693869127e-01
9.099888344342638158e-01
9.184876198593646679e-01
9.244074721215994606e-01
9.319287449392712475e-01
9.389844733290717560e-01
9.402860430428298111e-01
9.423847716457132151e-01
9.424407415299381752e-01
9.404703743163577156e-01
9.383467007599970433e-01
9.368272746643938609e-01
9.351365295830667002e-01
9.356004261666315269e-01
9.360089210881453736e-01
9.317738475744014037e-01
9.393850131401376702e-01
9.413633922863839931e-01
9.418229135592017798e-01
9.427583209034732237e-01
9.446522622345333575e-01
9.458615526670927087e-01
9.458326301583920293e-01
9.465864905177924227e-01
9.429662333972582688e-01
9.450674053554943832e-01
9.433623410753605443e-01
9.435883798565238845e-01
9.448407983521556197e-01
