5.454601605227643590e-01
3.488436962852475287e-01
3.783535762483130060e-01
4.376808011932665776e-01
5.003813907237729675e-01
5.895435755380354914e-01
6.979793451239435509e-01
8.069831664180693309e-01
8.725432203991758673e-01
8.997299240002842868e-01
9.084537822288515363e-01
9.080681298387670575e-01
9.041583066979189676e-01
8.949092975353363233e-01
8.837004332694082809e-01
8.695213012287805743e-01
8.611029192414233480e-01
8.589729952411393477e-01
8.613921443284325852e-01
8.708084380992969775e-01
8.828223595425812587e-01
8.931625825697847576e-01
9.026978620640672135e-01
9.129623978975780485e-01
9.203058739967325819e-01
9.229773137296685137e-01
9.238126003267280728e-01
9.257541018538246735e-01
9.219449676823635587e-01
9.202796221322538939e-01
9.144794374600471176e-01
9.139873002343913422e-01
9.110897648980749164e-01
9.103511328929609903e-01
9.119436323602523320e-01
9.145511470985155933e-01
9.194262660700334155e-01
9.237753817742739848e-01
9.243590595923003583e-01
9.274888273314865206e-01
