1.516871910074816697e+04
1.221846834002619107e+04
9.027307881242400981e+03
8.121419314278772617e+03
7.970555580357784493e+03
7.688993572123140439e+03
6.420179731214226194e+03
6.261887037712470374e+03
6.395731215483415326e+03
6.218575700025753576e+03
5.770821056888915336e+03
5.755840310069222141e+03
5.709710277256519475e+03
5.632712640281758468e+03
5.296782788252017781e+03
5.442588614491792214e+03
5.583332865199698972e+03
5.452659326168416555e+03
5.172752395701204478e+03
5.290146316252356883e+03
