3.896129004939863535e+03
4.080207895547143835e+03
3.075342642119299398e+03
2.942740618799707590e+03
2.135945357753140343e+03
2.234953509790643693e+03
2.179339490153728548e+03
2.059684256500507672e+03
2.015032380180430891e+03
2.032264739945975407e+03
1.907880344121404050e+03
1.884674549190347079e+03
1.953210066018259113e+03
1.907158073878194500e+03
1.857733351347651706e+03
1.835590783531272336e+03
1.840255127726607725e+03
1.803904360689165742e+03
1.789065617101386806e+03
1.781816128758790683e+03
