2.822973670243721244e+03
2.117181795686887654e+03
1.993584387534272992e+03
1.668198133783291496e+03
1.066946411441468626e+03
1.191236873226238458e+03
1.063999087522870468e+03
9.516585225699238890e+02
9.486141588226744261e+02
9.579079669450360370e+02
8.406390177256754441e+02
8.278282880360693525e+02
8.121202365430090140e+02
8.293282840011709141e+02
8.252516738657839142e+02
7.864973797341109503e+02
7.840486689812935310e+02
7.791688008005114625e+02
7.500040424267615435e+02
7.461207194016584481e+02
