3.891024940367528870e+03
4.136529084357797728e+03
3.000447559123533210e+03
2.912749705067255491e+03
2.214935927020789677e+03
2.200356480110491248e+03
2.157518295178621884e+03
2.056830040919987368e+03
1.991326963403842456e+03
1.977617733804073396e+03
1.885671791361802207e+03
1.872872706326351363e+03
1.818339876321648035e+03
1.845758165151352614e+03
1.818631842640376817e+03
1.811295213847800369e+03
1.826734147671725168e+03
1.801170140166008423e+03
1.799045212430210995e+03
1.775342296322282891e+03
