1.051784353090031072e+04
9.365086921940966931e+03
6.719575971202167239e+03
6.544678131321390538e+03
5.706301270271294015e+03
5.573990900873425744e+03
5.351832772455889426e+03
5.199885979512882841e+03
5.019305408356241060e+03
4.918661190176287164e+03
4.666773475575980228e+03
4.692821616722046201e+03
4.953146459986300215e+03
4.722605151829830902e+03
4.572143995597773028e+03
4.588358535242505241e+03
4.431456404276954345e+03
4.509130595425245701e+03
4.759890132495876060e+03
4.483025741526806996e+03
