1.016462541534694901e+04
7.229119548679502259e+03
5.831583502988994951e+03
5.889053805600426131e+03
5.942079005471149685e+03
5.614895059495788701e+03
4.533177269555390012e+03
4.288944291188656280e+03
3.863176173467586523e+03
3.975320842056674792e+03
4.028923589805116990e+03
3.913061454733732262e+03
3.489182391225911488e+03
3.469704359149739958e+03
3.403330402868134115e+03
3.358828679345777346e+03
3.290043552297047427e+03
3.262752188962052060e+03
3.100905987128322522e+03
3.074504864139205438e+03
