5.440549470843101254e-01
3.494112934157254657e-01
3.438368634135947066e-01
3.531907663896582950e-01
3.652242346757580971e-01
3.812304282974642855e-01
3.994735989772001949e-01
4.246543646565806851e-01
4.503797144683570619e-01
4.899746857021095581e-01
5.298459265572839083e-01
5.829648696640388206e-01
6.392177285318559887e-01
6.921367710774912752e-01
7.487127778961576441e-01
7.953830243625256147e-01
8.357903260174729398e-01
8.601310320335250337e-01
8.739093969742167678e-01
8.825362596775339075e-01
8.865743873854677881e-01
8.879238014063491891e-01
8.846018041054050096e-01
8.807448256268201048e-01
8.731513317707221278e-01
8.659903118119184340e-01
8.595836067902549171e-01
8.573392428439519097e-01
8.485885645287305490e-01
8.454901058313797346e-01
8.465525676539528144e-01
8.498314937140420966e-01
8.573274238227145405e-01
8.645595283755947991e-01
8.707955394559271367e-01
8.806824916542367321e-01
8.854510121457487282e-01
8.891050784856877609e-01
8.942674337666024487e-01
8.989006037360608437e-01
