5.453057177356346319e-01
3.832609702393635631e-01
3.749548689537609558e-01
3.856530719511328531e-01
3.991357908942397281e-01
4.083430925491867147e-01
4.322508700902052414e-01
4.574220896370480571e-01
4.814955039420413807e-01
5.179872434121741698e-01
5.584452304851196258e-01
6.130305277363450323e-01
6.624852333262304382e-01
7.192604020171887713e-01
7.671419276937283538e-01
8.128531287733505861e-01
8.456784146601321606e-01
8.676903189146953910e-01
8.819453086156683330e-01
8.912481852404289251e-01
8.935463030044745736e-01
8.943345976276725340e-01
8.916134952766534560e-01
8.889393280772782679e-01
8.817164287236309850e-01
8.777760920519922516e-01
8.735753391576108751e-01
8.706624050003549664e-01
8.635068399744297851e-01
8.626916684423610038e-01
8.643887207898287572e-01
8.670556715675827864e-01
8.729431919880676904e-01
8.784401164855456523e-01
8.842033667163859967e-01
8.888324454861851187e-01
8.973948717948714293e-01
9.017229632786418758e-01
9.065584771645713857e-01
9.073541586760426325e-01
