3.886168399206910181e+03
4.096667906061868052e+03
2.972624657643853880e+03
2.925158352823959376e+03
2.183028856016043392e+03
2.211799333604309595e+03
2.140989876114335857e+03
2.059038126971820475e+03
1.967794474962528056e+03
1.994943391873302971e+03
1.929127129884033366e+03
1.874433431559199335e+03
1.856134681440674740e+03
1.882751546759782059e+03
1.850395124968535129e+03
1.796273817329012218e+03
1.807756826492600339e+03
1.802026551487380857e+03
1.769249817225524112e+03
1.751058661735444502e+03
