1.510851603300363422e+04
1.236209556934149259e+04
9.076263042010519712e+03
8.144122557430459892e+03
8.021423805769730279e+03
7.690021746127873485e+03
6.419880329614496986e+03
6.290225801568573843e+03
6.304013421682364424e+03
6.282163635497297946e+03
5.693608564696985923e+03
5.748395619310919756e+03
5.806221247104380382e+03
5.674865187980510200e+03
5.570587395708989789e+03
5.561402764743061198e+03
5.592040534308150200e+03
5.495882727882537438e+03
5.208711831432727195e+03
5.369206947453872090e+03
