5.323112721073940401e-01
3.611018964415086407e-01
4.972464521627956158e-01
6.704310249307479097e-01
8.016600610838837682e-01
8.652975921585337460e-01
8.917647560196038103e-01
8.976823922153563950e-01
8.978978052418497002e-01
8.958859009872857104e-01
8.943492577597840221e-01
8.943624405142411860e-01
8.965943603949145801e-01
9.030696498330846866e-01
9.094603309894170318e-01
9.151300518502736292e-01
9.245753249520561878e-01
9.278702748774771969e-01
9.273066553022232261e-01
9.285828823069820492e-01
9.251105902407839032e-01
9.259949144115349196e-01
9.254915832090346850e-01
9.252609418282552456e-01
9.224859720150579978e-01
9.240665956388947055e-01
9.275524113928543812e-01
9.300946942254419980e-01
9.290296754030826776e-01
9.324821933375950778e-01
9.332632147169545034e-01
9.342605014560693144e-01
9.339568435258185364e-01
9.349317991334613609e-01
9.345641025641022726e-01
9.339867320122167138e-01
9.348452020740111168e-01
9.326383976134671183e-01
9.356400880744371040e-01
9.349353789331628084e-01
