5.447374955607642288e-01
3.502583422118048517e-01
4.688389800411960628e-01
6.408135236877618990e-01
7.880332978194474203e-01
8.659316712834717045e-01
8.928904041480217879e-01
9.016215924426450590e-01
9.021720860856592417e-01
8.979368989274806312e-01
8.973468001988776921e-01
8.944591519284041947e-01
8.923514454151572073e-01
8.984404574188507020e-01
9.078750479437461829e-01
9.155102493074792624e-01
9.219269550394203483e-01
9.262570353008023893e-01
9.302048156829322290e-01
9.279793735350522210e-01
9.289030186803042266e-01
9.280027842886569012e-01
9.270141345265998645e-01
9.264024433553518234e-01
9.243154769514879687e-01
9.274168335819301667e-01
9.300471908516232400e-01
9.307772995241141434e-01
9.351083457631934603e-01
9.365804389516299011e-01
9.366468641238726578e-01
9.376168761985936850e-01
9.384987570139921020e-01
9.387559911925560385e-01
9.393312025001778753e-01
9.388286099865049694e-01
9.372398039633500488e-01
9.371987215001065241e-01
9.363108743518708810e-01
9.412754314937140654e-01
