1.515297985743368008e+04
1.233577410638327638e+04
9.172445551644128500e+03
8.123815963967319476e+03
7.992509798943455280e+03
7.669245288228277786e+03
6.255599914517995785e+03
6.261135554389467870e+03
6.351325962076994983e+03
6.142627157340085432e+03
5.697569958471942300e+03
5.762615733609263771e+03
5.766255996521176712e+03
5.661631883949914481e+03
5.588394836268037579e+03
5.464643548070575889e+03
5.452890532950153101e+03
5.396568031364718991e+03
5.364298075532347866e+03
5.387778527602124996e+03
