2.814671881801368272e+03
2.139909653564018299e+03
2.029978879226542176e+03
1.648156683266447317e+03
1.083145898622233744e+03
1.196127422256691034e+03
1.027585708488449654e+03
9.501696472573278243e+02
9.383980604699529522e+02
9.558906427483605057e+02
8.234818893967087661e+02
8.239180809532325611e+02
8.255347238441065656e+02
8.322849398728214965e+02
7.837856431027487361e+02
7.846299491118635387e+02
7.817331947875396736e+02
7.816910953798803803e+02
7.912127188983072301e+02
7.550388788637760626e+02
