1.051910950612906890e+04
9.351118766822750331e+03
6.801462655391876979e+03
6.565251863729936304e+03
5.688310511389061503e+03
5.562214267048604597e+03
5.208447785691968420e+03
5.166249538064944318e+03
4.884085861677764115e+03
4.867610558149785902e+03
5.208969566235286038e+03
4.856982090392702048e+03
4.561874164023067351e+03
4.785284624656337655e+03
4.609294191802887326e+03
4.554360540833934465e+03
4.577060864396864417e+03
4.514503731171706931e+03
4.507513875393257877e+03
4.423097943189612124e+03
