3.871256673373713966e+03
4.126889219382781448e+03
3.095569153728035872e+03
2.995108808009545555e+03
2.139941247487239252e+03
2.252067663384939351e+03
2.272960193648351833e+03
2.098781215492615502e+03
1.991511628933661314e+03
2.031558040958838774e+03
1.924846932431520599e+03
1.883896258741067186e+03
1.939381474721821633e+03
1.896351078366770707e+03
1.795577955618982287e+03
1.830620308675406932e+03
1.818004185042052768e+03
1.800769958282057360e+03
1.756446014510134773e+03
1.798176920001780672e+03
