2.806631399785578651e+03
2.087550990658404316e+03
1.955832017970906008e+03
1.643683885421869263e+03
1.026200654631988982e+03
1.165444300639170024e+03
1.052582577212978322e+03
9.473275757399425174e+02
8.929341773380791665e+02
9.512689240208749197e+02
8.615113587920227474e+02
8.210157305217926478e+02
8.071260220473926665e+02
8.151183926202189696e+02
8.146369212442035632e+02
7.793111954348152040e+02
7.889154978644669427e+02
7.738676939212014076e+02
7.328868124618117008e+02
7.379122310593113525e+02
