2.807511179190301846e+03
2.128661761742110684e+03
1.997861580798340128e+03
1.647120461259285548e+03
1.046951218100452479e+03
1.166671386049141802e+03
1.046217265549127887e+03
9.486638002497464868e+02
9.039830616068818472e+02
9.288370048985085532e+02
8.620601357941555989e+02
8.413540982487648989e+02
7.982956992419009339e+02
8.162669369481291142e+02
7.931308628595464825e+02
7.692262212938570656e+02
7.694155732706603885e+02
7.673924523390019203e+02
7.293103953613374415e+02
7.382519088431052978e+02
