1.056330692411520249e+04
9.415525136490346995e+03
6.796561172108326900e+03
6.660303532145610916e+03
5.803783966639332903e+03
5.655601265567391238e+03
5.570674800952941041e+03
5.277190969088964266e+03
4.934748713159138788e+03
4.921520770058350536e+03
4.756039177698887215e+03
4.783237673185442873e+03
4.799460404727027708e+03
4.683019209418671380e+03
4.561521087604888635e+03
4.581080977683439414e+03
4.379542677590657149e+03
4.482625280849990304e+03
4.309316578894664417e+03
4.441735252567782481e+03
