5.052748632715392541e-01
3.465930250728034845e-01
4.869492435542296938e-01
6.601125648128418621e-01
7.922937140421904001e-01
8.701618012642943212e-01
9.005193550678315395e-01
9.123533773705518879e-01
9.126419774131683260e-01
9.102170324596915441e-01
9.086689679664750052e-01
9.054926628311666947e-01
9.091471269266283572e-01
9.154162653597555099e-01
9.243704240357978330e-01
9.303106186518929066e-01
9.342530009233611654e-01
9.356607713616023059e-01
9.386866112650046334e-01
9.378352439803965268e-01
9.387084878187370585e-01
9.356070175438595538e-01
9.365594147311597784e-01
9.345550110093044927e-01
9.363216705731942646e-01
9.355422970381419567e-01
9.374729455216992413e-01
9.379771290574615561e-01
9.410685417998437829e-01
9.425129057461465454e-01
9.431744300021306371e-01
9.422190212373037221e-01
9.420400312522198005e-01
9.439736344910856225e-01
9.427382626607004878e-01
9.436482704737553240e-01
9.426963278641946609e-01
9.447989203778677236e-01
9.477324810000711253e-01
9.468325875417287207e-01
