1.014661468606637573e+04
7.165325117193317055e+03
5.871614995539061056e+03
5.947438055094527954e+03
5.930304990499225823e+03
5.589610797092681423e+03
4.487747150051563949e+03
4.233753522298269672e+03
3.831987559086923739e+03
3.911114774868752193e+03
3.950840842217996851e+03
3.843621895878671239e+03
3.480960296365557042e+03
3.380714677830093024e+03
3.447557981839223430e+03
3.370045642448646504e+03
3.296902528288557733e+03
3.238068880317317053e+03
3.044740935110519331e+03
3.050006765126057417e+03
