1.519716007111472027e+04
1.228845423824168756e+04
8.859704838671306788e+03
8.077200968215261128e+03
7.862501555981165438e+03
7.562600420830421172e+03
6.279506050022979252e+03
6.234084704016258911e+03
6.485429521729198314e+03
6.082362702564630126e+03
5.628355126277277122e+03
5.695471733484331708e+03
5.821773415629996634e+03
5.618444076349783245e+03
5.573709756816135268e+03
5.422490657970359280e+03
5.325388455356027407e+03
5.344769225422057389e+03
5.481167727611187729e+03
5.418533003550895955e+03
