2.810788121157055230e+03
2.141329397592074201e+03
2.033501944439568888e+03
1.638244174563838669e+03
1.073819563361073051e+03
1.195510183805463839e+03
1.058806775681049203e+03
9.573668537432321273e+02
9.147871933573255774e+02
9.586596893546865203e+02
8.330357440510279048e+02
8.222695113174929702e+02
8.239618920037848966e+02
8.322370580082780407e+02
8.253985517874239122e+02
7.746075479558486450e+02
7.637697326813643031e+02
7.749680473661821907e+02
7.572391034939387282e+02
7.553408302687807918e+02
