5.430428297464310328e-01
3.520501171958235753e-01
4.808518786845656923e-01
6.606433979686058278e-01
7.954907024646634683e-01
8.699591164145180633e-01
8.943802826905323800e-01
8.991240286952197902e-01
8.974071453938489151e-01
8.976386959301085877e-01
8.948931600255698449e-01
8.921060870800481268e-01
8.936650614390228009e-01
9.004796363378078095e-01
9.081309752113077005e-01
9.168334682860994622e-01
9.219184885290150344e-01
9.292375878968676117e-01
9.288975069252076722e-01
9.283495134597627985e-01
9.286349882804176836e-01
9.278624902336812807e-01
9.287767597130478503e-01
9.270423751686910352e-01
9.254155550820371001e-01
9.266034235386034768e-01
9.294948220754316592e-01
9.328550607287446894e-01
9.314503586902477261e-01
9.372625896725617078e-01
9.392253427089991558e-01
9.376010227999147517e-01
9.382472618793947783e-01
9.384975069252073920e-01
9.394337666027414713e-01
9.358039633496695320e-01
9.385162014347609993e-01
9.389793593294979424e-01
9.367488600042618296e-01
9.405110022018607907e-01
