5.146034235386036659e-01
3.553383620995809178e-01
5.612598622061225617e-01
8.092841252929894313e-01
9.007111868740677041e-01
9.208897791036295688e-01
9.220628169614316638e-01
9.135777256907450239e-01
9.041305774557849562e-01
8.943275516727041685e-01
8.926541373677109314e-01
8.971368421052632325e-01
9.053254350451023225e-01
9.169912067618439799e-01
9.273345550110092539e-01
9.363081468854321798e-01
9.430814120321046046e-01
9.462716386106970745e-01
9.485649833084734972e-01
9.478722636550890313e-01
9.439114709851553764e-01
9.433358619220115759e-01
9.427890049009163276e-01
9.394031962497334520e-01
9.406399318133392695e-01
9.412342922082534979e-01
9.437939058171745943e-01
9.442730875772427090e-01
9.468933304922224625e-01
9.494503302791392763e-01
9.528029547553091838e-01
9.541842460402018000e-01
9.537029618580865620e-01
9.536880176148874177e-01
9.525956104836992289e-01
9.528297748419630731e-01
9.515280346615526685e-01
9.516095745436464748e-01
9.513691597414590806e-01
9.531143973293557670e-01
