5.452551459620711416e-01
3.843918460117905500e-01
5.185737623410754393e-01
6.914422331131474531e-01
8.169741600965979567e-01
8.752663115278076500e-01
8.987329213722563548e-01
9.037052631578945672e-01
9.067125790183963030e-01
9.031939200227289133e-01
9.012394630300444298e-01
9.001897293841895076e-01
9.034164926486256686e-01
9.093463456211378082e-01
9.156107109879961792e-01
9.214388521912068031e-01
9.274234817813763465e-01
9.294966403863909044e-01
9.323990056111937097e-01
9.319691455359043752e-01
9.320192627317281930e-01
9.330588820228706837e-01
9.305208608565951334e-01
9.307346260387810988e-01
9.316813410043329746e-01
9.317758363520137754e-01
9.347851409901269948e-01
9.367751118687408507e-01
9.378732012216774994e-01
9.405775410185381880e-01
9.395366716386106543e-01
9.410725193550679712e-01
9.429330492222455229e-01
9.424851765040130891e-01
9.416259677533914685e-01
9.421940194616097441e-01
9.401892179842318287e-01
9.408001704666524301e-01
9.429107180907736474e-01
9.428193479650542885e-01
