5.407494850486539439e-01
3.817757511186874453e-01
4.186961005753249143e-01
4.851759357908941306e-01
5.537438738546771599e-01
6.441395553661483087e-01
7.490876908871368922e-01
8.427594005256057175e-01
8.926931174089071108e-01
9.156391220967396993e-01
9.248747212159955655e-01
9.227269550394200381e-01
9.201331912777895861e-01
9.126846508985014816e-01
9.021686199303928788e-01
8.933585623978971268e-01
8.878152709709498103e-01
8.856544356843526478e-01
8.899375239718728681e-01
8.955187158178848916e-01
9.037739612188363525e-01
9.120650614390226618e-01
9.220517934512397762e-01
9.276101427658214327e-01
9.314486540237232326e-01
9.357683926415227837e-01
9.357841323957667434e-01
9.338053554939982348e-01
9.325561758647629151e-01
9.293173094680017288e-01
9.274449037573688770e-01
9.252357695859079190e-01
9.219677533915759948e-01
9.215088003409332984e-01
9.216734711272105418e-01
9.251439448824489986e-01
9.277353789331631573e-01
9.323982669223666031e-01
9.344557994175723969e-01
9.362094466936567994e-01
