1.016393770970992773e+04
7.185636307571030557e+03
5.683250076155081842e+03
5.905847481237383363e+03
5.862715193621124854e+03
5.568669552654154359e+03
4.573253237558546971e+03
4.292087249884835728e+03
3.829031234216964549e+03
3.892826984079115391e+03
3.983062029535884903e+03
3.876687901708571189e+03
3.467820576783155957e+03
3.374872556149606680e+03
3.321030155244172875e+03
3.361407112668355239e+03
3.222114543314078219e+03
3.244066987264506679e+03
3.150778032873211487e+03
3.075899502222308911e+03
