1.511229997600506795e+04
1.231721693998677438e+04
9.127365673200938545e+03
8.151268553416832219e+03
8.058336323902392905e+03
7.710565965243104984e+03
6.318734321327024190e+03
6.289624635939348991e+03
6.609294123344753643e+03
6.117330780008168404e+03
5.658640664778744394e+03
5.781391243989308350e+03
5.854199179406917210e+03
5.712950859279628276e+03
5.630280218514332773e+03
5.399180797837557293e+03
5.484439457690536074e+03
5.484963476629207435e+03
5.323682878077362147e+03
5.386549209662493922e+03
