1.516708505535257791e+04
1.231869305589949545e+04
9.008001226202046382e+03
8.089122245266769824e+03
7.888422740254649398e+03
7.607960305455322668e+03
6.360430046484108061e+03
6.226017942303883501e+03
6.234951465718481813e+03
6.222473580581091483e+03
5.879033274850369708e+03
5.811593193207948389e+03
5.695261840096416563e+03
5.624673583937351395e+03
5.529889505282280879e+03
5.529857612308991520e+03
5.392717537136671126e+03
5.416301275284552503e+03
5.370665802562311001e+03
5.355674798877835201e+03
