1.517722842462282824e+04
1.216704694473734889e+04
8.816093608254148421e+03
8.074805034684186467e+03
7.946530613951575106e+03
7.591745814760370195e+03
6.239193924356573007e+03
6.236968520013860143e+03
6.373423604640916892e+03
6.117620233893497243e+03
5.837360113993606319e+03
5.928703270908483319e+03
5.929168206841477513e+03
5.702050044373050696e+03
5.354964479129438587e+03
5.607475817265164551e+03
5.342311727331824841e+03
5.465713104408415347e+03
5.316270821580104894e+03
5.363468306116002168e+03
