2.807731215809301830e+03
2.121478689116621354e+03
1.973703109115255302e+03
1.646064842000795579e+03
1.062110905567694772e+03
1.192185546565800450e+03
1.054912836268537603e+03
9.478189316460351392e+02
9.435581172240074466e+02
9.445197363025127970e+02
8.569764286356848970e+02
8.316782998980163484e+02
8.439547420440258065e+02
8.321692202549226067e+02
7.953773736076818750e+02
7.802486782341968592e+02
7.799817494031019578e+02
7.730200648582458598e+02
7.385558799800027145e+02
7.376251655783688648e+02
