5.130161517153206674e-01
3.563515022373747732e-01
3.568420484409403626e-01
3.699133745294410636e-01
3.833833084736132379e-01
4.014880034093329941e-01
4.203408196604871416e-01
4.453386746217771197e-01
4.722094466936573309e-01
5.064120463101070557e-01
5.459047943746007103e-01
5.856902336813695209e-01
6.354708146885431619e-01
6.888450600184670147e-01
7.382042474607571902e-01
7.830322039917608778e-01
8.205173094680020540e-01
8.500955465587044513e-01
8.655077775410184859e-01
8.757009446693653221e-01
8.797116272462535136e-01
8.791135734072021979e-01
8.761385893884504616e-01
8.721859222956177549e-01
8.655528943817032417e-01
8.593730804744652563e-01
8.524822501598127156e-01
8.475955394559274714e-01
8.419456495489735515e-01
8.379784359684636641e-01
8.393768875630370774e-01
8.471701115136018867e-01
8.507058171745150998e-01
8.564054833439872505e-01
8.658354712692660771e-01
8.732436110519212757e-01
8.782736273883088307e-01
8.863086866964985377e-01
8.909155479792598697e-01
8.980736700049721799e-01
