1.517778739263060561e+04
1.230485783630074548e+04
9.092960662837096606e+03
8.186008341026421476e+03
8.111030532293826582e+03
7.714828743185316853e+03
6.352451424544835390e+03
6.447384575491627402e+03
6.264650220206241102e+03
6.195752235102828308e+03
5.740881001580945849e+03
5.783316477686404141e+03
5.738172763620521437e+03
5.586544536518116729e+03
5.241765910651868580e+03
5.526127242715037937e+03
5.557869903537319260e+03
5.423148108145603146e+03
5.385780087262884990e+03
5.272713957734812539e+03
