2.795698746131230109e+03
2.130965555776250312e+03
2.003391842276527086e+03
1.616728701298336546e+03
1.037845588709894855e+03
1.184063807776213025e+03
1.053741978403992334e+03
9.545089015045692804e+02
9.272745208776802883e+02
9.477212158429734927e+02
8.617061884685724635e+02
8.244298545298939871e+02
8.026353027735550540e+02
8.178144257562430539e+02
7.713414579748734923e+02
7.610330789310453383e+02
7.707338786339676062e+02
7.685838780793055776e+02
7.471179285460037818e+02
7.406568038859429635e+02
