5.093918602173450605e-01
3.551905106896796616e-01
4.719324952056253575e-01
6.320179558207257298e-01
7.735911357340721217e-01
8.597466297322253759e-01
8.896300021308330974e-01
8.993518289651252218e-01
8.994976347751970636e-01
8.974068612827613700e-01
8.939094537964342724e-01
8.923263299950278116e-01
8.881202926344199389e-01
8.969325094111795238e-01
9.067776404574188209e-01
9.163133177072236846e-01
9.268676468499181809e-01
9.289963775836354021e-01
9.315193976844943213e-01
9.346655302223169093e-01
9.353907521841037243e-01
9.338497336458555509e-01
9.321144399460188357e-01
9.286951630087358911e-01
9.299964486114070672e-01
9.291983805668015961e-01
9.313207472121599606e-01
9.312581291284891538e-01
9.320616521059734705e-01
9.360000568222174300e-01
9.397646991973862551e-01
9.388957170253569018e-01
9.411050216634702092e-01
9.425229064564245585e-01
9.446497620569641596e-01
9.407595994033666198e-01
9.410112081823993613e-01
9.395629803253068291e-01
9.434013779387739884e-01
9.415099367852829415e-01
