3.923341289745892482e+03
4.172493534611700852e+03
3.062629355383204711e+03
2.951653918099636030e+03
2.170136969746473824e+03
2.235601271303330122e+03
2.204371681979256209e+03
2.094230254874939874e+03
1.972435380486535905e+03
1.996919432791091140e+03
1.950143837374256236e+03
1.898738210907542680e+03
1.902852141244655741e+03
1.909117970731662808e+03
1.834582899346180056e+03
1.781661647384076559e+03
1.790619944652020422e+03
1.780143938439784961e+03
1.718505488343972956e+03
1.758239017949375466e+03
