5.421120818239931749e-01
3.837112294907308319e-01
5.372881028482137111e-01
7.124802045599830658e-01
8.303666453583350426e-01
8.880118758434548676e-01
9.102645926557283440e-01
9.185219404787271502e-01
9.168157965764613948e-01
9.146347894026564118e-01
9.139869024788689345e-01
9.123330350166916070e-01
9.134622629448113651e-01
9.208280133532207312e-01
9.273982527168123102e-01
9.315191135734068872e-01
9.345779103629515694e-01
9.368055685773138963e-01
9.378951345976277443e-01
9.386238227146815882e-01
9.361741032743801094e-01
9.347400241494424611e-01
9.354174586263227509e-01
9.332611122949076021e-01
9.319548263370976970e-01
9.370276298032528262e-01
9.362257546700759603e-01
9.399935222672066715e-01
9.420591803395125252e-01
9.418689963775835894e-01
9.426151289154058865e-01
9.429029902691952181e-01
9.409306911002203178e-01
9.424380140634984748e-01
9.412503160735845587e-01
9.408429007742027395e-01
9.421904964841251173e-01
9.419371262163502845e-01
9.442263797144679893e-01
9.462187371262164026e-01
