1.520354317024196644e+04
1.227856467427456300e+04
9.026834409191060331e+03
8.124947744225564747e+03
8.036449772836534976e+03
7.700987916731430232e+03
6.271501037916323185e+03
6.253647766335129745e+03
6.320452626063426578e+03
6.199834801957646960e+03
5.821633307110872920e+03
5.900019424229726610e+03
5.869272985552071077e+03
5.696977104580641026e+03
5.526171556349685488e+03
5.491319622718770006e+03
5.239560243602993069e+03
5.293347259573979500e+03
5.241404003770292547e+03
5.334701570162838834e+03
