1.052622994941090110e+04
9.298559338538774682e+03
6.768735555885507893e+03
6.582873800624129217e+03
5.734485950842533384e+03
5.559478647713923237e+03
5.432491251150378957e+03
5.391098729436254871e+03
5.014835849462154329e+03
5.043477301976126910e+03
4.738515045821368403e+03
4.829136853707696901e+03
4.834758812095274152e+03
4.752540054749089904e+03
4.631667626423511138e+03
4.551840272004396866e+03
4.465707547909172717e+03
4.534297179067157231e+03
4.546908462812543803e+03
4.426538609806459135e+03
