2.818058032142267166e+03
2.110408535001439759e+03
1.982234200892816261e+03
1.663622230389369406e+03
1.024955879282930255e+03
1.172367289398890307e+03
1.087396006846529417e+03
9.641490975038398119e+02
9.430923369389442996e+02
9.553006987506406631e+02
8.896567503520427636e+02
8.404134149034377970e+02
8.124598191182236633e+02
8.371531179811031507e+02
7.567157430228189696e+02
7.751891054913575090e+02
7.912651681886020469e+02
7.898911211801467971e+02
7.641107466203865215e+02
7.502195506113743022e+02
