5.437155479792598056e-01
3.843243412174159879e-01
5.335663612472475448e-01
7.102530009233610775e-01
8.322101853824843687e-01
8.903561900703172993e-01
9.095453938489950207e-01
9.161696711414161198e-01
9.177376234107536002e-01
9.157096384686415069e-01
9.131086014631720760e-01
9.141482775765324975e-01
9.143715888912566925e-01
9.170355849137012960e-01
9.215828396903189557e-01
9.289435897435901479e-01
9.326311243696286946e-01
9.374781163434900977e-01
9.385745578521200727e-01
9.364981603807086552e-01
9.390193621706085514e-01
9.382460117906102903e-01
9.363371262163506792e-01
9.339378080829603412e-01
9.343431777825130791e-01
9.357829391291998533e-01
9.331001917749840446e-01
9.359505646707863002e-01
9.382351587470700860e-01
9.398048156829317268e-01
9.435234320619364512e-01
9.443853114567793972e-01
9.443397968605725668e-01
9.427269550394206110e-01
9.423128347183746811e-01
9.410947936643228040e-01
9.415985794445629331e-01
9.431767597130479297e-01
9.411956531003623505e-01
9.421377654662972390e-01
