1.054524352133636239e+04
9.289048221876219031e+03
6.783539217762749104e+03
6.540503195779800080e+03
5.788752301693952177e+03
5.691882099902605660e+03
5.394153799992716813e+03
5.196721464042470870e+03
5.135925205124584863e+03
5.010016911452994464e+03
4.749272354392715897e+03
4.727503215025881218e+03
4.863414683628676357e+03
4.739487754409928129e+03
4.499040698735623664e+03
4.530096607234381736e+03
4.459983053595146885e+03
4.425139585133525543e+03
4.388119345425237043e+03
4.334522365768891177e+03
