3.905052174044404182e+03
4.111228797944477265e+03
3.012612214416779352e+03
2.924273882680269708e+03
2.218782582633315542e+03
2.221539583957748619e+03
2.184069232033966728e+03
2.033152419850028764e+03
1.921458203282968043e+03
1.995102899205186532e+03
1.912687974295926324e+03
1.894575623510575724e+03
1.862852827447132313e+03
1.875565626534268631e+03
1.807475689503979993e+03
1.814727837375616446e+03
1.773439250250684381e+03
1.793348166169107571e+03
1.698428056167522982e+03
1.763900012571494244e+03
