5.402720079551105448e-01
3.847794871794871230e-01
4.175524398039632823e-01
4.734035655941473131e-01
5.348690674053555583e-01
6.231138575182897377e-01
7.239813054904468137e-01
8.239914198451595562e-01
8.798580581007175994e-01
9.049623978975779304e-01
9.142381135023798233e-01
9.141074224021591421e-01
9.120636977058028672e-01
9.029532779316713498e-01
8.923516158818096677e-01
8.820434974074862211e-01
8.745774557852120656e-01
8.732771929824558743e-01
8.763368421052631918e-01
8.866830882875200714e-01
8.933952127281767908e-01
9.005386746217769467e-01
9.147779245685062621e-01
9.212448611407062504e-01
9.267786632573336014e-01
9.289565452091769204e-01
9.298213793593295140e-01
9.288597201505792711e-01
9.302220896370479997e-01
9.277164003125221159e-01
9.229482775765327496e-01
9.214411819021235406e-01
9.207745436465656352e-01
9.196160522764402767e-01
9.183460188933872947e-01
9.226538248455142810e-01
9.245376518218623163e-01
9.278358974358975608e-01
9.330210952482420605e-01
9.309739612188366875e-01
