1.516024667923363995e+04
1.229038456582441722e+04
8.910396920931525528e+03
8.113943943725284953e+03
8.107509963721386157e+03
7.732670921243086923e+03
6.435755165569227756e+03
6.280979364793716741e+03
6.414234609625425946e+03
6.213929092051350381e+03
5.584107844814554483e+03
5.724977049420905132e+03
5.616798263435054650e+03
5.678835185578021083e+03
5.506136230401628382e+03
5.540661261623539758e+03
5.564988491792943933e+03
5.420541290264429335e+03
5.530216145042379139e+03
5.388322945325245200e+03
