5.296821081042687451e-01
3.614184530151289820e-01
5.835454222601037522e-01
8.264596633283612936e-01
9.120107962213225283e-01
9.254901058313801387e-01
9.292687264720504992e-01
9.203790610128562699e-01
9.117425953547837469e-01
9.014433979686057308e-01
8.989732793522265952e-01
9.024722778606437679e-01
9.075009872860289040e-01
9.192525605511754350e-01
9.283129199517011765e-01
9.343192556289511286e-01
9.399623836920232289e-01
9.434754172881595347e-01
9.447273243838343326e-01
9.446965835641734088e-01
9.447369273385893829e-01
9.421228212230986498e-01
9.419509908374172902e-01
9.405903260174729441e-01
9.385648980751470916e-01
9.389968037502663956e-01
9.398561261453231008e-01
9.435117835073516535e-01
9.429957241281340385e-01
9.475415015270970409e-01
9.479341998721496632e-01
9.480864834150154463e-01
9.493370835996873813e-01
9.509373677107746392e-01
9.502582285673698559e-01
9.494490233681374125e-01
9.486555579231477076e-01
9.483275800838127934e-01
9.457204631010723839e-01
9.476508842957593881e-01
