5.000000000000000000e-01
5.306383367325194778e-01
9.395587870775837791e-01
9.706599929552048867e-01
9.824349769739558758e-01
9.842273700445447471e-01
9.920068534552114459e-01
9.968886646923843520e-01
9.975604424595321262e-01
9.979410933348406010e-01
9.981798916029226421e-01
9.981545535324721774e-01
9.987671318260947784e-01
9.986745927861874206e-01
9.992434237705309918e-01
9.993704620139126638e-01
9.990949032500273663e-01
9.993106827218422028e-01
9.990277312714986868e-01
9.993672150300562107e-01
9.993496465281190844e-01
9.990607229467539652e-01
9.991355775210151169e-01
9.995268970575660328e-01
9.993642289645453536e-01
9.994602759066554265e-01
9.992671383490536741e-01
9.993705489866945291e-01
9.992542663773376077e-01
9.995386963649723899e-01
9.996720836214306738e-01
9.990880034093330142e-01
9.996021285138817492e-01
9.989589068101141223e-01
9.994826858934496849e-01
9.995733115321560058e-01
9.995626718618408901e-01
9.993234967117040624e-01
9.992836051957540988e-01
9.994557533219983192e-01
9.994016852426030884e-01
9.996849845840747317e-01
9.994930646454189826e-01
9.996937398441155809e-01
9.995014720143331477e-01
9.993525166299205287e-01
9.993805218656820477e-01
9.993829281126469510e-01
9.995388993014637791e-01
9.992443804711313993e-01
