5.000000000000000000e-01
5.000000000000000000e-01
3.311331248885661660e-01
3.868300595328691971e-01
5.691701202108799817e-01
5.236580172235099084e-01
8.781297662896396794e-01
9.136829059345877857e-01
9.256331401088029320e-01
9.519660922114423496e-01
9.449096715182984108e-01
8.321805381006013302e-01
3.288633672092318716e-01
4.466057277375045098e-01
8.022280107440377117e-01
8.429460870220664148e-01
9.135982524269032901e-01
9.313853749469102050e-01
9.514809290432560962e-01
9.633602804002489028e-01
9.664735580999928022e-01
9.712132558115939007e-01
9.690251655744331893e-01
9.761871712247650601e-01
9.801082231315711990e-01
9.807121621288622526e-01
9.847343343900528678e-01
9.861094030623114293e-01
9.574734696776647791e-01
9.820445271652236130e-01
9.818524042900776960e-01
9.895680786697796938e-01
9.908893691719179442e-01
9.932436064133729481e-01
9.940535259490543840e-01
9.942996879126679843e-01
9.950905894000471319e-01
9.951232041932479566e-01
9.954728927582110476e-01
9.958588489732138616e-01
9.958213347133009208e-01
9.962234098838765872e-01
9.971435239341843726e-01
9.972207267735561098e-01
9.975489330613989125e-01
9.978066334140731630e-01
9.971667456669434104e-01
9.985367699178542278e-01
9.986798981258815378e-01
9.978504966870614945e-01
