5.000000000000000000e-01
8.388828636078339285e-01
9.648907114518512351e-01
9.808258355547634366e-01
9.747934613862592190e-01
9.768403947984477531e-01
9.889487164991717094e-01
9.947604407200765220e-01
9.974320126516408314e-01
9.983962798842098696e-01
9.980968325962387144e-01
9.987449827576458938e-01
9.984489274081677079e-01
9.989989722716275944e-01
9.983813785475837976e-01
9.984952549099757046e-01
9.991416366248181413e-01
9.994548256123247931e-01
9.994874693964523882e-01
9.994166155701572629e-01
9.992181436819347340e-01
9.994111072939725338e-01
9.995955765643139701e-01
9.995475675887232070e-01
9.993193220181745273e-01
9.994888899518890035e-01
9.992941289023599127e-01
9.996083325723216229e-01
9.997369653167040848e-01
9.997292247391178499e-01
9.996102169825952233e-01
9.997576938297160210e-01
9.995170981241423558e-01
9.996837379742010699e-01
9.997591723670070651e-01
9.997256588550612610e-01
9.995543224747812650e-01
9.995717170311547717e-01
9.997634920151738935e-01
9.997915552327897304e-01
9.996719096758669432e-01
9.996017806227540659e-01
9.996777658431793556e-01
9.997609408135728071e-01
9.997710296562690724e-01
9.995894014968017549e-01
9.996042738425010565e-01
9.995614252519672283e-01
9.995184027158701134e-01
9.996518769451101516e-01
