5.000000000000000000e-01
4.611011334003023432e-01
5.000000000000000000e-01
5.707812040222012273e-01
8.524226413343943820e-01
8.756339083683760682e-01
9.385821697099890892e-01
9.515297497648111946e-01
9.628671157361305966e-01
9.749118893242362249e-01
9.777362724335417754e-01
9.875404822060936949e-01
9.940764867634673818e-01
9.966260938639256439e-01
9.970962107408486430e-01
9.964311008869772834e-01
9.981059647383352385e-01
9.984247489748083737e-01
9.988265632270382222e-01
9.987181661499034968e-01
9.988008192836049792e-01
9.992307257443782120e-01
9.993636201550726295e-01
9.995889956238195317e-01
9.995878649776550606e-01
9.996443682949420761e-01
9.996441073765964802e-01
9.997480108600014237e-01
9.998096165804910562e-01
9.994729739328075402e-01
9.995027186242066985e-01
9.999004451556885442e-01
9.998715122102538322e-01
9.998384045712895851e-01
9.998286636197201149e-01
9.998097035532731436e-01
9.998356794241242129e-01
9.998733096477457893e-01
9.997583896119708324e-01
9.999423370456217430e-01
9.999242467069933138e-01
9.999006770831065927e-01
9.999005031375428620e-01
9.999314654478881348e-01
9.999090844520208687e-01
9.999095193159299733e-01
9.997769438054362467e-01
9.999091134429479721e-01
9.999142448370784697e-01
9.999314654478882458e-01
