5.000000000000000000e-01
5.000000000000000000e-01
3.316866776542282125e-01
3.958875789821575397e-01
4.485574549444751313e-01
4.575214786532554312e-01
5.497212667295769961e-01
9.006380323277829447e-01
9.278315221251511868e-01
9.536378250426527092e-01
9.560914721737832078e-01
9.399461058661693347e-01
9.708301407074658718e-01
9.733718042938461767e-01
9.782885206074758422e-01
9.786722445210768173e-01
9.857850815587261284e-01
9.895877055275548173e-01
8.113684152544461403e-01
6.812042251377430357e-01
7.011572018536799122e-01
7.526367973142804590e-01
8.600220331047396805e-01
8.639233421900615051e-01
4.030324509944612776e-01
3.787335603322940503e-01
5.727899273922225643e-01
7.312575249575645753e-01
8.530764157356955923e-01
8.844176375003441892e-01
8.928476483284556453e-01
9.309739067158933068e-01
9.528756245732897812e-01
9.246260242856997325e-01
9.198274749917013660e-01
9.195081399276096024e-01
9.416224192638912305e-01
9.518121503875363043e-01
9.615351275818231347e-01
9.667984594221237238e-01
9.685649056127881851e-01
9.762770720902894661e-01
9.840171278398425203e-01
9.880257613379892501e-01
9.911950785001836239e-01
9.915267347083730476e-01
9.927901883105680891e-01
9.923108233278398194e-01
9.929521606213336238e-01
9.945461107946269586e-01
