5.000000000000000000e-01
4.678948673012779946e-01
8.965344245518365174e-01
9.500536187200215865e-01
9.670352863071499661e-01
9.692939694522596517e-01
9.800830879976111243e-01
9.830885484387658080e-01
9.917101603053325443e-01
9.869476467339546311e-01
9.941967701207906627e-01
9.920979429487543078e-01
9.961271889962033388e-01
9.986311643771078606e-01
9.988609174758760201e-01
9.968064754135194105e-01
9.988613233488580212e-01
9.972455719982431521e-01
9.958331050297810627e-01
9.933476258604871933e-01
9.993313242620720516e-01
9.962663164562652884e-01
9.992920995374496851e-01
9.988029066303697467e-01
9.991268222609734906e-01
9.994487085266666737e-01
9.991789479482395819e-01
9.966769439503907480e-01
9.991581904443002093e-01
9.983458646616537591e-01
9.951819977937904627e-01
9.999428588823126018e-01
9.987348649240220810e-01
9.988192575133610918e-01
9.977651184061945289e-01
9.992322332725973588e-01
9.998544365540803502e-01
9.988495530323784344e-01
9.999274646999218863e-01
9.999234059701016530e-01
9.985153746135149166e-01
9.995621500251496983e-01
9.991898195459729681e-01
9.996260460288952654e-01
9.981017320629508305e-01
9.999417282361483528e-01
9.999866641734468375e-01
9.996177256327630767e-01
9.995375947097357994e-01
9.995399139839192815e-01
