5.000000000000000000e-01
5.000000000000000000e-01
3.118151654439743070e-01
3.710984227486008313e-01
4.559794802216646792e-01
4.509463073531138066e-01
7.883602876479806065e-01
9.133265204654203995e-01
9.255378469308029876e-01
9.554386834640097304e-01
9.577832087448233667e-01
9.233806900130605566e-01
9.039718730023438287e-01
9.603597774076602089e-01
9.619744271030380434e-01
9.689804035826987683e-01
9.642940201863826610e-01
9.769610840287534792e-01
9.812825006414243045e-01
9.833111987603484483e-01
9.842690300070593423e-01
9.877384032666974845e-01
9.892107365000123442e-01
9.844234356858022617e-01
9.852720581094142061e-01
9.840672531531255984e-01
9.882611676675784329e-01
9.929472901455487222e-01
9.960008755260044699e-01
9.973696821579685068e-01
9.975310746501885317e-01
9.978303479925956232e-01
9.955262070734965940e-01
9.961394521584466810e-01
9.972956393296720234e-01
9.967312149662762577e-01
9.975048958428458512e-01
9.979653007591274827e-01
9.979754185927515175e-01
9.982497307467629311e-01
9.980703348886964532e-01
9.986036229961834376e-01
9.990858290897862704e-01
9.991397232236173265e-01
9.992357701657264002e-01
9.990866118448231692e-01
9.991822529139510189e-01
9.992341176828712923e-01
9.993353829918929510e-01
9.992820396856804122e-01
