5.000000000000000000e-01
5.000000000000000000e-01
3.676113360323886581e-01
4.079188427981463860e-01
3.780154260724106208e-01
3.937531799423370504e-01
4.753259667387090270e-01
7.284564795447264762e-01
8.929984301412872139e-01
9.021531561697765378e-01
9.045424434423249282e-01
9.339909925188912831e-01
9.644544559780019455e-01
9.748077249224854635e-01
9.781104293411375661e-01
9.820889992476856678e-01
9.773922370993997077e-01
9.876921337467438056e-01
9.877725255881174560e-01
8.240278254920124779e-01
8.803843327230742588e-01
9.252059008133404205e-01
9.509668909114891155e-01
9.624180752633461067e-01
9.712757892417568373e-01
9.715316341750849238e-01
9.602409725876290825e-01
9.719182861723424383e-01
9.795422332581018576e-01
9.842375168690957743e-01
9.852085099967966553e-01
9.886542266597666551e-01
9.914866982377863458e-01
9.914946417518637478e-01
9.882858969285563955e-01
9.891344033884595932e-01
9.917009411904541549e-01
9.938734632996606422e-01
9.939519417398328116e-01
9.957273171361020747e-01
9.961762416451777069e-01
9.967024559664052763e-01
9.963761920706915021e-01
9.974619022976758398e-01
9.969800440952003573e-01
9.963901656976447141e-01
9.955077108618860526e-01
9.965294671032699503e-01
9.968523390604907553e-01
9.979325989931450147e-01
