5.000000000000000000e-01
5.036630036630036500e-01
9.587394454905336927e-01
9.776940036615540119e-01
9.906972462967715831e-01
9.894210946684234287e-01
9.901404175563257581e-01
9.963219210548061033e-01
9.981951408306769524e-01
9.992248405861386962e-01
9.992625577825418048e-01
9.993859431690851336e-01
9.997553455646055465e-01
9.997425025838161394e-01
9.997259777552613969e-01
9.997146423026914697e-01
9.997469092047641670e-01
9.998728747838364628e-01
9.998613653857022499e-01
9.998898924581549608e-01
9.998236481892992522e-01
9.997540409728772337e-01
9.998306350027756917e-01
9.998586402385372107e-01
9.999615290394872069e-01
9.999272617634309412e-01
9.997851482378589116e-01
9.999243916616296080e-01
9.999360170234724565e-01
9.999623697763788677e-01
9.999762564305502144e-01
9.998531319623527036e-01
9.999591517834491849e-01
9.999583400374855158e-01
9.999627466584334323e-01
9.999740531200759230e-01
9.999326540759069237e-01
9.999866641734469486e-01
9.999361039962545439e-01
9.999513822149358466e-01
9.999519040516271495e-01
9.999588908651038111e-01
9.999434387008586667e-01
9.999593547199403520e-01
9.999449752200049168e-01
9.999882006925930877e-01
9.999760245031317218e-01
9.999696464991282285e-01
9.999272037815768455e-01
9.999689797078002984e-01
