5.000000000000000000e-01
5.000000000000000000e-01
3.228766827421358787e-01
4.422445065816652532e-01
4.993526325936297749e-01
4.564064585987814837e-01
6.337999423080546979e-01
8.415077021646075739e-01
9.324441815933705024e-01
9.338994681614388726e-01
9.416410604301383991e-01
8.429853697285434322e-01
9.178661807787253935e-01
9.127732576090313854e-01
9.489339891081087774e-01
9.525793662873204282e-01
9.609427269735935084e-01
9.659459812051818250e-01
9.736988509445966278e-01
9.795741812599746412e-01
9.805701065851442078e-01
9.839024687224131593e-01
9.871679777813532342e-01
9.903614153950522914e-01
9.866283696517175184e-01
9.903480505775724696e-01
9.926607438202216249e-01
9.930681533214177348e-01
9.938774640476258915e-01
9.949139476800736848e-01
9.946813824613586208e-01
9.956531003622418607e-01
9.966867428838144249e-01
9.975264361018220116e-01
9.958366999047646440e-01
9.921531706652405580e-01
9.911686967563498873e-01
9.941458620524707968e-01
9.962583149603332355e-01
9.974082980731181491e-01
9.975955794634071561e-01
9.977352867420140603e-01
9.982455560532333960e-01
9.985327111880338835e-01
9.985700804933097530e-01
9.985452642595500361e-01
9.985943748903782780e-01
9.990367184589581395e-01
9.987917451233638833e-01
9.990624624023910494e-01
