5.000000000000000000e-01
5.199202749499542975e-01
9.001344599207679043e-01
9.478195778631077761e-01
9.674277074989381386e-01
9.714665785342476712e-01
9.784533050381879482e-01
9.858610377882244258e-01
9.939679157407688148e-01
9.943902265785926620e-01
9.913321765953345688e-01
9.897963822221835795e-01
9.940947800385873112e-01
9.939982402507140380e-01
9.972061443371296185e-01
9.958912318389959717e-01
9.903334391502177647e-01
9.920000985691527218e-01
9.970871365806073250e-01
9.963021492423945746e-01
9.987095848354257122e-01
9.949976444871577730e-01
9.949896140002986167e-01
9.972504134831007283e-01
9.984578566137728428e-01
9.989133910542693506e-01
9.974147050680495230e-01
9.973103087388797139e-01
9.893282367283158241e-01
9.983750005435797492e-01
9.972311345164531771e-01
9.962150025149631993e-01
9.947790818863236906e-01
9.983697531857407270e-01
9.955296280029164446e-01
9.965450642221516109e-01
9.976306005035722180e-01
9.983642739004826572e-01
9.980649135852937004e-01
9.929952121483583971e-01
9.965936530162884388e-01
9.994364453644232205e-01
9.966636081238379186e-01
9.974686861746615563e-01
9.994705676858429699e-01
9.984412738033634493e-01
9.988451754023576212e-01
9.970246901232259207e-01
9.970004247170847211e-01
9.977412588730357745e-01
