5.000000000000000000e-01
5.000000000000000000e-01
4.213083025667117565e-01
3.603857532785114670e-01
3.512679616913886860e-01
3.832641174944301787e-01
4.509449157886039616e-01
7.182203049555641039e-01
8.693463850487989086e-01
8.962107988305056949e-01
9.008262704186723591e-01
9.304220064330867013e-01
9.508769320641105027e-01
9.588113429902113127e-01
9.608690030454970499e-01
9.635212380285588241e-01
9.693447905477982074e-01
9.738719557714414776e-01
9.792051847374364515e-01
9.836332009897502671e-01
9.848071595994033478e-01
9.856997032778592738e-01
9.832829905880955401e-01
9.827208565079558200e-01
9.867302727611396707e-01
9.873978178529030370e-01
9.892648335703342344e-01
9.923285947662681128e-01
9.883274119364348076e-01
9.900260773390965330e-01
9.908908477092094325e-01
9.890731455590970889e-01
9.932081215183704570e-01
9.951267410863765539e-01
9.964039653790348616e-01
9.952621866986727239e-01
9.950838924958435028e-01
9.958758666475322485e-01
9.967458553845576219e-01
9.964602367689033846e-01
9.964177070785700252e-01
9.970547247238974453e-01
9.973983251941306305e-01
9.974141832313576650e-01
9.975689657921553710e-01
9.974796157542498154e-01
9.970350978661227659e-01
9.976584607846975539e-01
9.977703947549613206e-01
9.981711653338088963e-01
