5.000000000000000000e-01
5.421659701596386327e-01
9.004961507296291856e-01
9.256234861300155492e-01
9.614491984733376517e-01
9.711398507836972449e-01
9.793140166784803924e-01
9.802132572611403916e-01
9.824388037763583936e-01
9.929166467354044734e-01
9.937599638193225227e-01
9.949435184259085574e-01
9.888958370477960447e-01
9.976198738604755700e-01
9.919793700561407856e-01
9.955365568345388994e-01
9.932009317684032945e-01
9.812185466558239755e-01
9.963674078197227724e-01
9.976677378814303720e-01
9.951969281213445262e-01
9.932089042734076889e-01
9.961015030346255239e-01
9.971646293292515395e-01
9.943171694418229123e-01
9.946546238354708747e-01
9.974182999430328822e-01
9.960788611204123288e-01
9.962135529685987034e-01
9.981070663935719400e-01
9.955080587530132918e-01
9.962181625260373430e-01
9.962150315058904138e-01
9.965652998894000136e-01
9.969514010590385666e-01
9.983733190697970938e-01
9.943922849344297710e-01
9.929842535778429236e-01
9.983010156971374727e-01
9.990937726038633393e-01
9.969774928935990488e-01
9.918994130786769059e-01
9.958890865103764423e-01
9.954823148095802710e-01
9.983173955710559211e-01
9.951369169018554617e-01
9.966477210956830035e-01
9.973626663535649639e-01
9.955610251771707109e-01
9.973624924080009002e-01
