5.000000000000000000e-01
5.000000000000000000e-01
5.000000000000000000e-01
5.003267277505505373e-01
5.973576219322163094e-01
7.014388197213682341e-01
8.788356083963522192e-01
9.239271979833911796e-01
9.085531352963088780e-01
9.618333282599211831e-01
9.650331438776231785e-01
9.781039643643525405e-01
9.857047187082800255e-01
9.908835130046049766e-01
9.948125953982703829e-01
9.954100694187756337e-01
9.946680756257328948e-01
9.964592800683028662e-01
9.970833387691321326e-01
9.977371711522876607e-01
9.977952979615027918e-01
9.980211372850870122e-01
9.987587824390358193e-01
9.985915047885762785e-01
9.991378967951979329e-01
9.986626195332168887e-01
9.991019190544320194e-01
9.995170401422874829e-01
9.990721163811784322e-01
9.990807556775108678e-01
9.992860694245732089e-01
9.994808594650304023e-01
9.995562938578375078e-01
9.994619283895105344e-01
9.993442832065705383e-01
9.994128177586828476e-01
9.996183344422362449e-01
9.994683063935143608e-01
9.997164397401833158e-01
9.997914102781535473e-01
9.997137725748727055e-01
9.996861442211659732e-01
9.997617815504639127e-01
9.997014804217023709e-01
9.997873805392601954e-01
9.998640905328679551e-01
9.995842701026712573e-01
9.997751173770170752e-01
9.998532769169888867e-01
9.997282970294446569e-01
