5.000000000000000000e-01
5.000000000000000000e-01
4.626532206745898601e-01
3.813642840473073226e-01
4.087818737126216462e-01
4.369178585561648287e-01
5.291222561899253662e-01
7.997810895080385007e-01
8.875456425911508740e-01
9.099606738071319700e-01
9.158366709138374695e-01
9.393453268799529798e-01
9.310692578757477911e-01
9.551986385860544715e-01
9.603496595740363961e-01
9.613007649256163356e-01
9.623917225104402506e-01
9.617834638649834789e-01
9.719443200250481585e-01
9.768037792572817901e-01
9.775539484918194244e-01
9.794132236316646090e-01
9.840146636110230771e-01
9.867947775743586281e-01
9.903309459304712181e-01
9.907969171047920076e-01
9.921226142278773974e-01
9.946334314676223975e-01
9.951379315843106310e-01
9.960080362850447511e-01
9.965056655519656248e-01
9.961794886290338269e-01
9.976754204771620671e-01
9.974538138289622546e-01
9.970134996252925097e-01
9.972758385263330583e-01
9.976424288019059006e-01
9.962315273435176088e-01
9.980242972961610448e-01
9.959230638771596755e-01
9.957158077379683059e-01
9.969704191073400779e-01
9.969802180407640879e-01
9.979854784445210125e-01
9.980051632841500098e-01
9.979557917349763940e-01
9.979886674465227037e-01
9.978055027679086919e-01
9.979421080172958813e-01
9.984425783950910960e-01
