5.000000000000000000e-01
5.000000000000000000e-01
5.000000000000000000e-01
3.423363208483904963e-01
3.785802273178608401e-01
4.000421238173513250e-01
5.001555653158343828e-01
8.641859130185208793e-01
9.049361692258409695e-01
9.185069672446009026e-01
9.258609508154422851e-01
9.461081854433652794e-01
9.472316708486079317e-01
9.618918029602636643e-01
9.216499026629615399e-01
9.189374535239196451e-01
9.454680077869629384e-01
9.588774423044307271e-01
9.667609451622115602e-01
9.744287845118868585e-01
9.763708867309977002e-01
9.798327513404681000e-01
9.829268080554190989e-01
9.870372576902064488e-01
9.892343930966803756e-01
9.892079533709922101e-01
9.801374749772059358e-01
9.889275531222503357e-01
9.817562703751862019e-01
9.877249224855081389e-01
9.881658454986512741e-01
9.887650009929391803e-01
9.912058631251354779e-01
9.952505613368294313e-01
9.959098150233882674e-01
9.956182822585669667e-01
9.967491023684138529e-01
9.972003751425990714e-01
9.981930244929846374e-01
9.983282381778620929e-01
9.978157655561692430e-01
9.984145441684028066e-01
9.972602414074515087e-01
9.986954952447630873e-01
9.983901917894795197e-01
9.984163416058944307e-01
9.986676349636379735e-01
9.983270785407704073e-01
9.984151239869478722e-01
9.989256252255855895e-01
