5.000000000000000000e-01
5.101305896319746624e-01
9.517076091037310892e-01
9.548962922053543245e-01
9.788422473187017303e-01
9.816352912356078875e-01
9.860845288466973946e-01
9.911218474178503657e-01
9.964426392760384887e-01
9.985139830490049606e-01
9.983518657836029098e-01
9.986134219296074477e-01
9.989493977859631446e-01
9.987947021979474149e-01
9.989800991779622663e-01
9.990358777220669229e-01
9.992624998006870429e-01
9.994185289713582998e-01
9.995847339575081314e-01
9.995711662035366984e-01
9.994348218724949939e-01
9.993846675682839242e-01
9.996296119129517432e-01
9.996052305431015750e-01
9.996910436878775341e-01
9.995609034152760364e-01
9.995171561059970067e-01
9.996582259581863195e-01
9.995803563274868742e-01
9.996085355088125679e-01
9.997991508557397822e-01
9.997584186028983799e-01
9.995049219346806568e-01
9.993847835319936701e-01
9.996757944601233348e-01
9.997994117740851561e-01
9.995915468254211733e-01
9.996664013996821030e-01
9.996498185892725985e-01
9.997587954849530556e-01
9.996985813289730460e-01
9.996632413886076263e-01
9.997408790918882460e-01
9.998446666115838877e-01
9.995668465553705362e-01
9.997440101120353972e-01
9.994919629901819480e-01
9.996864921122934344e-01
9.996770990518517586e-01
9.996759684056872874e-01
