5.000000000000000000e-01
5.000000000000000000e-01
4.330117369769130864e-01
4.136677726705427771e-01
4.732348221624042561e-01
5.906211741035642948e-01
8.533557723110550830e-01
9.156793371514384550e-01
9.347438579096669642e-01
9.545589537754159970e-01
9.664522207775079199e-01
9.682195077050637089e-01
9.606398877471296061e-01
9.717297871631073169e-01
9.707249036414056231e-01
9.705364336230977163e-01
9.781636276927133666e-01
9.772867681059212996e-01
9.824693312227938957e-01
9.856742492436995073e-01
9.864743118641021713e-01
9.893416595276507408e-01
9.910064635272389788e-01
9.910120297852789140e-01
9.914450092843444251e-01
9.927619801383156251e-01
9.940530331032907396e-01
9.949630873018290300e-01
9.955392239998489545e-01
9.956989640092135385e-01
9.959161640364647683e-01
9.960620463825847759e-01
9.968770683214683848e-01
9.969943076314270458e-01
9.968673853517538985e-01
9.973483738264113940e-01
9.974323895336955070e-01
9.961332191090795929e-01
9.970541738962790390e-01
9.888438563151662475e-01
9.883840022265030223e-01
9.916677755696353680e-01
9.948833622517834208e-01
9.941417743317229050e-01
9.943660191543061133e-01
9.940904893813478083e-01
9.965292351758516798e-01
9.965240457998668644e-01
9.964918948615031358e-01
9.967068915782806293e-01
