5.000000000000000000e-01
5.000000000000000000e-01
8.720099554844310541e-01
9.639510865074774060e-01
9.772711709870399721e-01
9.788447985203030388e-01
9.866566068148973079e-01
9.946936456236022961e-01
9.973256159484892303e-01
9.983369064651217428e-01
9.985936791081233554e-01
9.989734312646856296e-01
9.987931656788007206e-01
9.991964584683221684e-01
9.994612326072556119e-01
9.994774385356101076e-01
9.996318732052804634e-01
9.994819321293401115e-01
9.992099392495119581e-01
9.993845226136480742e-01
9.992612531908138251e-01
9.995742682327564133e-01
9.996030852144820456e-01
9.996118404745238939e-01
9.995888506691831266e-01
9.996183054513093635e-01
9.995027766060612384e-01
9.994538109298694017e-01
9.996217553716563176e-01
9.995370438821168380e-01
9.996414112203585445e-01
9.997344720969574272e-01
9.996763742786695106e-01
9.995763845704489503e-01
9.997786252792189021e-01
9.996735621587228282e-01
9.996044187971374617e-01
9.998418834825643087e-01
9.994624792171292738e-01
9.998380856710891162e-01
9.998143710925667671e-01
9.997464163590004116e-01
9.996505143715272990e-01
9.997229337078958888e-01
9.994772935809738135e-01
9.995038202794438442e-01
9.997116562371805015e-01
9.997207593883495891e-01
9.994357495821680759e-01
9.997629121966279397e-01
