5.000000000000000000e-01
5.000000000000000000e-01
9.538068711396769928e-01
9.675714445164386168e-01
9.799768072581684919e-01
9.805384484925442345e-01
9.866751030265078493e-01
9.930433660785855654e-01
9.968931872770421254e-01
9.980490265571388964e-01
9.982270308506953072e-01
9.984449266602017925e-01
9.991381577135434178e-01
9.987595651940726071e-01
9.992811989487890845e-01
9.995245777833826617e-01
9.992691387230363542e-01
9.993989021135833983e-01
9.994951809831112977e-01
9.995894594786564058e-01
9.995886477326920705e-01
9.995897203970017797e-01
9.996758234510511043e-01
9.994438380508817721e-01
9.998003394837582380e-01
9.998164584393314236e-01
9.996947255356434248e-01
9.997289928116996904e-01
9.996823754006183282e-01
9.997930337700815517e-01
9.995035593610980262e-01
9.993400505311864634e-01
9.996687786557196809e-01
9.997645936704111502e-01
9.997701309375233159e-01
9.998524941619520989e-01
9.997661591804845038e-01
9.997865687932961931e-01
9.998008903113768664e-01
9.998717441376717696e-01
9.998961255075220489e-01
9.997945123073735951e-01
9.998016440754865508e-01
9.998583503292647334e-01
9.998970822081229004e-01
9.999000102917793287e-01
9.998869353835719842e-01
9.997957299263195985e-01
9.998996334097245420e-01
9.997245282088974561e-01
