5.000000000000000000e-01
5.000000000000000000e-01
5.024027680537376250e-01
5.176098140087059818e-01
6.509894168619930754e-01
6.950669617943064926e-01
9.104202089955948374e-01
9.365118986013328817e-01
9.670715829481165704e-01
9.779123633258973713e-01
9.731070301549129553e-01
9.836435797417195648e-01
9.884559577080355153e-01
9.938289622262715950e-01
9.946360986329327858e-01
9.954579334397302137e-01
9.966019734124207385e-01
9.973807566921930601e-01
9.975267839929495839e-01
9.972652278469452680e-01
9.975454541501237449e-01
9.979589517460512038e-01
9.985167081961696667e-01
9.982977107314267018e-01
9.986268157380145949e-01
9.988691219082991291e-01
9.989108398526682642e-01
9.985072571538738950e-01
9.987460264310286107e-01
9.992541794045551873e-01
9.984194436351143676e-01
9.993246853397231844e-01
9.990360516676305425e-01
9.995348985534974195e-01
9.991392303778532380e-01
9.993062181190394133e-01
9.995850528577082672e-01
9.994757860527548887e-01
9.995041101887165436e-01
9.996766062060880031e-01
9.995703544575723631e-01
9.988027036938789127e-01
9.996590956860054167e-01
9.996217843625838650e-01
9.996970448098265738e-01
9.997382409175047391e-01
9.997396614729419095e-01
9.995755148426299641e-01
9.998135883375297572e-01
9.997159758853464417e-01
