5.000000000000000000e-01
5.000000000000000000e-01
4.302366384439989533e-01
4.003094201669587515e-01
3.801167174732668075e-01
3.803105798040503638e-01
4.756533612805872169e-01
8.451007217291349738e-01
8.964395372468186851e-01
9.035316457714558380e-01
9.148302508729895255e-01
9.445127277418531309e-01
9.624405432319956821e-01
9.247665723011982974e-01
9.461305374483055530e-01
9.489726050232578647e-01
9.539708148334977711e-01
9.629748170310101774e-01
9.718186733461763316e-01
9.737517303959729587e-01
9.738731154085330521e-01
9.778636295771240272e-01
9.808758738952646494e-01
9.837622685980424997e-01
9.862823049526648900e-01
9.861539331266282460e-01
9.869930755170165382e-01
9.892811554623981429e-01
9.894183985121854930e-01
9.907089006495418682e-01
9.905679757519884054e-01
9.933293325853679301e-01
9.941476015081082140e-01
9.939861510340337603e-01
9.951597617525593797e-01
9.950167784991682529e-01
9.964388414645635184e-01
9.960772376284839913e-01
9.948096963055413910e-01
9.964924746800489785e-01
9.961351035193539705e-01
9.962623736901536908e-01
9.975060264890104333e-01
9.978582372646477294e-01
9.975148397309060444e-01
9.976902348410069399e-01
9.972523558752287576e-01
9.983158010700553531e-01
9.974689760839345887e-01
9.974552053934720997e-01
