5.000000000000000000e-01
8.025296033606281743e-01
9.604717403688515232e-01
9.612042541286704989e-01
9.827868108675389403e-01
9.851702129818473708e-01
9.914915397226439220e-01
9.964971132284150546e-01
9.985098373464020849e-01
9.993096390484595970e-01
9.994407650125890497e-01
9.995444365685756116e-01
9.996695324198292543e-01
9.996344533978095415e-01
9.998309539029759385e-01
9.998134723738207885e-01
9.998620321770300690e-01
9.998567268373361738e-01
9.998215028606796118e-01
9.997291377663357625e-01
9.998144290744211959e-01
9.996853904570566218e-01
9.998649022788317353e-01
9.998039053678148269e-01
9.999034022302716318e-01
9.998619741951754181e-01
9.999175208118619151e-01
9.998838913362062542e-01
9.998745562576193402e-01
9.998813401346050567e-01
9.999304797563600689e-01
9.998683232082521410e-01
9.999154334650971476e-01
9.998958066073223572e-01
9.998955166980492137e-01
9.998963864258678669e-01
9.998790208604216856e-01
9.999213476142639889e-01
9.999279285547587603e-01
9.998920087958477199e-01
9.998857757464802987e-01
9.999363069327461551e-01
9.998972851446137344e-01
9.999706611815831758e-01
9.999086495881113201e-01
9.999769522128051369e-01
9.999502225778444942e-01
9.998466090037125831e-01
9.999072000417468242e-01
9.998984447817056420e-01
