5.000000000000000000e-01
4.548512692952741410e-01
8.873138021456185021e-01
9.289445707965695576e-01
9.547524682150720921e-01
9.537360752952364074e-01
9.623579480801480734e-01
9.685284640171859527e-01
9.684224731870161307e-01
9.876903363092520705e-01
9.815221976282523242e-01
9.931714479953501762e-01
9.959957151409463139e-01
9.954261593834212718e-01
9.955479792598909139e-01
9.963570870496076815e-01
9.861838517635905799e-01
9.939339963558403435e-01
9.927106372060866546e-01
9.983310502978091083e-01
9.953883552142359648e-01
9.967228365882898622e-01
9.983550547856049340e-01
9.961021408350257955e-01
9.990128879167265996e-01
9.986926541338890795e-01
9.965695035738567631e-01
9.990335294569562263e-01
9.982973048584443676e-01
9.942335016256661495e-01
9.963704228761608439e-01
9.979687796704019842e-01
9.965958853176898335e-01
9.982534995673105760e-01
9.965596466585783242e-01
9.966562734192335737e-01
9.943762819425661093e-01
9.982606023444962062e-01
9.990065099127228843e-01
9.972440644700242274e-01
9.937518463596817231e-01
9.980982241607487815e-01
9.966065249880052823e-01
9.973481418989925684e-01
9.972122034409329761e-01
9.933144312487407479e-01
9.951572685328127221e-01
9.983727392512514731e-01
9.973655364553661862e-01
9.986280043660336059e-01
