5.000000000000000000e-01
5.000000000000000000e-01
3.351392071851114207e-01
4.340188238090890160e-01
4.951069112921111515e-01
5.096175371917358587e-01
8.572456009891704642e-01
9.379867830362488279e-01
9.516898376653027958e-01
9.371258104776110098e-01
9.469242800465594856e-01
9.496733157358405730e-01
9.676029576544021849e-01
9.764049510705624657e-01
9.799036921395450905e-01
9.799289432372139119e-01
9.827374103274385542e-01
9.864982293791155765e-01
9.883141630826631774e-01
9.918431706797357084e-01
9.915996468905056149e-01
9.943916181431021739e-01
9.949794961666748039e-01
9.947977810344251770e-01
9.971975050407978491e-01
9.974745423419739687e-01
9.970980081783404891e-01
9.978486122767880051e-01
9.979236987784675383e-01
9.984296194505927202e-01
9.960407960328814259e-01
9.968358722137907746e-01
9.879565599945496768e-01
9.920987836856456354e-01
9.959809297680293216e-01
9.961423222602480143e-01
9.967580895558733056e-01
9.977866006833162604e-01
9.984193856532594946e-01
9.721471115614369607e-01
9.763536661201875910e-01
9.920452664338699211e-01
9.964321155694326748e-01
9.977765118406191069e-01
9.982228271662380026e-01
9.981116759510114678e-01
9.982884046437668912e-01
9.984519714555329939e-01
9.986651127529642125e-01
9.990990489526303531e-01
