5.000000000000000000e-01
5.000000000000000000e-01
3.263820337425402673e-01
3.816553529572919712e-01
4.224859140332032914e-01
4.470436646851367879e-01
6.003569362967858813e-01
8.378282606458309356e-01
9.030902589034761618e-01
9.154736465223207720e-01
9.219563077734824752e-01
9.536185170850780546e-01
8.340340730368431821e-01
9.550149230798223865e-01
9.458493834354539942e-01
9.531958873470547378e-01
9.593423987962965693e-01
9.588640195050960324e-01
9.663380834967696398e-01
9.717401079332225189e-01
9.731493858996825841e-01
9.757602798204303429e-01
9.813920283647232790e-01
9.817678087642476292e-01
9.838411239202691227e-01
9.836938210187120557e-01
9.868214492274640648e-01
9.883440527286981858e-01
9.898622206180577310e-01
9.918665953489856912e-01
9.927461221010887016e-01
9.936451307563299862e-01
9.942511281094581488e-01
9.946857890823066484e-01
9.958263211527952352e-01
9.965900871322320720e-01
9.964730217678375856e-01
9.967401731628087180e-01
9.971781391013685436e-01
9.970684374325050614e-01
9.962519079654019727e-01
9.972607342532152641e-01
9.975743001227769247e-01
9.977103545445453747e-01
9.981558291332728317e-01
9.980692912153138474e-01
9.977251399174630331e-01
9.976159021034368690e-01
9.983092201295605816e-01
9.985270289662849796e-01
