5.000000000000000000e-01
5.000000000000000000e-01
4.265346709747184217e-01
4.038295855312079574e-01
3.918329368824026160e-01
4.114018128026833421e-01
4.509212591919359858e-01
6.001846722068329143e-01
8.610921462128426906e-01
9.058977113112451907e-01
9.111159622596107788e-01
9.191031366733781738e-01
9.550182860273876972e-01
9.305791372589947708e-01
9.569191631478929372e-01
9.486257285782413451e-01
9.617984811653191857e-01
9.698979954223324595e-01
9.728717977708875031e-01
9.763533472199875662e-01
9.789151595008342976e-01
9.835159326888647247e-01
9.871367255617353731e-01
9.894929631771738343e-01
9.921032192975206554e-01
9.922111815107462762e-01
9.938704482432222376e-01
9.945413562825514697e-01
9.958502966496636244e-01
9.957153728740592014e-01
9.950206632834254217e-01
9.930342339364894855e-01
9.917613292919981172e-01
9.939140795887926316e-01
9.963243852836253245e-01
9.969018845552283237e-01
9.965579941757226612e-01
9.972300908430705713e-01
9.943069066535628053e-01
9.934351204790460299e-01
9.933738916406110731e-01
9.960824559953963542e-01
9.966325008588562406e-01
9.974563940214911106e-01
9.979979445432551888e-01
9.981340569468785118e-01
9.983461545709272356e-01
9.936226917786082913e-01
9.976835379368028667e-01
9.976898869498792566e-01
