5.000000000000000000e-01
5.000000000000000000e-01
3.479368171730656822e-01
4.001645235123668654e-01
4.685230137228554304e-01
5.247803719825880897e-01
7.114530687621308802e-01
8.694013808378667774e-01
9.232889337281898756e-01
9.330997534321635589e-01
9.347900404568392219e-01
8.664232298502183571e-01
9.216490039442156723e-01
9.392280585790676595e-01
9.501112236925453036e-01
9.493667656706834546e-01
9.561113889408309197e-01
9.638433562216706108e-01
9.722923561071564746e-01
9.674706720531808246e-01
9.687531726946053690e-01
9.741278007047690091e-01
9.802022696996977036e-01
9.834569651427581549e-01
9.860957193446309166e-01
9.860633364788486954e-01
9.902980412279979161e-01
9.925980074535678543e-01
9.939622335190201330e-01
9.929154870983125658e-01
9.935557517274972161e-01
9.946260387811634018e-01
9.871280572744761672e-01
9.944018809313627250e-01
9.952529675837942236e-01
9.957172282934059204e-01
9.951655309470902600e-01
9.970731629536531138e-01
9.970663500857406270e-01
9.977556093820437733e-01
9.967684683078431584e-01
9.982712420148112109e-01
9.981067185024449229e-01
9.977291406654286154e-01
9.976525466355303795e-01
9.970813963770041033e-01
9.978246077889925125e-01
9.980506210581396864e-01
9.985720228854375602e-01
9.988066754509176137e-01
