5.000000000000000000e-01
5.000000000000000000e-01
5.000000000000000000e-01
6.720962324840440427e-01
8.598773103957116914e-01
8.936796879416585293e-01
9.255200754923746942e-01
9.561238550395653180e-01
9.698553787592170128e-01
9.778706453815280142e-01
9.765998860656560643e-01
9.821790160769187095e-01
9.888513649653338788e-01
9.934840571643108742e-01
9.954387704367915202e-01
9.950217939295897818e-01
9.956864399286242673e-01
9.971185627457889167e-01
9.979823184334462027e-01
9.981825877591606888e-01
9.981266062785653093e-01
9.986569373114682069e-01
9.985031114512715744e-01
9.985833583380079315e-01
9.990121341526166932e-01
9.991901964280275328e-01
9.994366772918412689e-01
9.991232853678438941e-01
9.988696147540624404e-01
9.993748976257879058e-01
9.993554447135768459e-01
9.994075704008428263e-01
9.994068166367335859e-01
9.996655606627904422e-01
9.996043608152826998e-01
9.996045637517739779e-01
9.996859992665294570e-01
9.997353128338488659e-01
9.981475957099228413e-01
9.996291770490424167e-01
9.995479154798507793e-01
9.996116665289597192e-01
9.998328383132499830e-01
9.998047750956338131e-01
9.997917291783537941e-01
9.997859020019681520e-01
9.997945123073735951e-01
9.998127476006378744e-01
9.996526017182923995e-01
9.998008033385951121e-01
