5.000000000000000000e-01
8.548263370978052000e-01
9.482872305112115541e-01
9.487910928274996269e-01
9.755299179121894593e-01
9.790503441947843166e-01
9.881338974967782685e-01
9.928855974522773353e-01
9.956586666202811298e-01
9.975954345087703068e-01
9.976290639844259678e-01
9.984702937215798046e-01
9.987931946697281571e-01
9.990350369851757062e-01
9.990898298377521858e-01
9.993998878051115753e-01
9.992884466806114530e-01
9.995279987128031784e-01
9.993380791481302206e-01
9.995441466593032454e-01
9.996081586267578922e-01
9.996947835174981867e-01
9.996612410146243910e-01
9.995804722911967310e-01
9.994223557737607067e-01
9.996469774783981466e-01
9.997396904638693460e-01
9.998217637790252077e-01
9.996946095719344560e-01
9.997262966554615327e-01
9.997472570958919613e-01
9.998317366580127263e-01
9.996557617293667652e-01
9.997463293862184353e-01
9.997401833096335455e-01
9.997178602956202642e-01
9.997607958589360688e-01
9.998334181317954927e-01
9.997665940443938304e-01
9.997945412983008096e-01
9.998369550249248672e-01
9.996985233471181731e-01
9.998319106035766790e-01
9.996748957413774672e-01
9.996549209924755486e-01
9.997356027431215653e-01
9.997982811279212401e-01
9.998746722213280869e-01
9.998419704553459519e-01
9.997667100081029101e-01
