5.000000000000000000e-01
4.827428026399138705e-01
9.316956068598332141e-01
9.581206341475432264e-01
9.758670244147094053e-01
9.796016356681180870e-01
9.781265482967106406e-01
9.905702370443169036e-01
9.917888706729230952e-01
9.952463576523727928e-01
9.958100282516587631e-01
9.905259389074189125e-01
9.973550127487603723e-01
9.985979987562894067e-01
9.988985187085701600e-01
9.935868879834056644e-01
9.992487870920792048e-01
9.976514739712205593e-01
9.990491265758383310e-01
9.990622884568275408e-01
9.991478406832582371e-01
9.998576545470092558e-01
9.998196474413335588e-01
9.991355195391601329e-01
9.980789741850287777e-01
9.974043553070066626e-01
9.986804779444272695e-01
9.993686355854940473e-01
9.995715720765183665e-01
9.986758683869884079e-01
9.973499393364845256e-01
9.999095483068571877e-01
9.988629758317134621e-01
9.996036940239554358e-01
9.996020415410997728e-01
9.992453371717322508e-01
9.999669213519633004e-01
9.985237819824286376e-01
9.998447535843658640e-01
9.988533798347806192e-01
9.997632890786829485e-01
9.999407425446206199e-01
9.999349443591633024e-01
9.994997615496229448e-01
9.992366398935453864e-01
9.977670318073960098e-01
9.992113018230946997e-01
9.988449724658667872e-01
9.995431319768484091e-01
9.959584328084526428e-01
