5.000000000000000000e-01
5.000000000000000000e-01
4.012287804531572410e-01
3.722479420065490374e-01
4.169172207557644838e-01
4.412612502917211965e-01
5.912475230876497179e-01
7.504059454593684508e-01
9.069137563399535251e-01
9.238982940288839041e-01
9.242649422863116193e-01
9.574372600094801511e-01
9.637918393438772435e-01
9.749663632766123467e-01
9.812110090147283525e-01
9.816942297907870207e-01
9.846329241263948040e-01
9.872102465533413307e-01
9.898048475729518403e-01
9.922746136596550803e-01
9.930759808717860571e-01
9.932169347602669562e-01
9.952887713789969615e-01
9.950502630201878418e-01
9.957607436752665686e-01
9.959952222951827805e-01
9.949988910970311018e-01
9.969432256175431162e-01
9.969595765005339061e-01
9.973549257759780629e-01
9.974243300559091363e-01
9.967090079159726113e-01
9.972907688538870108e-01
9.980806846497387586e-01
9.981629319104589060e-01
9.979320481655264974e-01
9.975975798373900583e-01
9.959885253909791514e-01
9.980927158845639413e-01
9.982634434553703251e-01
9.978151277557689713e-01
9.979002161273631266e-01
9.972628795818346825e-01
9.978383204976000176e-01
9.984873113958985247e-01
9.984082531371806235e-01
9.986351941160012124e-01
9.989889704017125283e-01
9.987205723968680671e-01
9.961155056525057283e-01
