5.000000000000000000e-01
5.329478989550219259e-01
8.516358275677625711e-01
9.444251461505123180e-01
9.544848529652644187e-01
9.620574281278674311e-01
9.720018670157175578e-01
9.820108107167860867e-01
9.826696295394358183e-01
9.880620289880280849e-01
9.936127188996199955e-01
9.910264092852141271e-01
9.907955545312093770e-01
9.901757864876188364e-01
9.970794249939478604e-01
9.976172356860921742e-01
9.967706136364629099e-01
9.962728394149051869e-01
9.980190499383215785e-01
9.965850717018106542e-01
9.969756374742526628e-01
9.957431751733294423e-01
9.989143477548697581e-01
9.985092285369294718e-01
9.979884355191042111e-01
9.977571459011899124e-01
9.970637119113572311e-01
9.964010662863055368e-01
9.983128150045444960e-01
9.986479791149357466e-01
9.983573160779333211e-01
9.972812598297362552e-01
9.895726012544374672e-01
9.982689517315557204e-01
9.980060909938234248e-01
9.961789378014150875e-01
9.966301525937459882e-01
9.965530367271561163e-01
9.994930066635646648e-01
9.983170186890013564e-01
9.961848809415092543e-01
9.973114393850441850e-01
9.958304668553976668e-01
9.958505285770818949e-01
9.976910755778979345e-01
9.979870149636670407e-01
9.988976489807511738e-01
9.989690246437377130e-01
9.977165296120578120e-01
9.984325765251765850e-01
