5.000000000000000000e-01
4.728929321568814403e-01
8.051840126632370254e-01
9.400789133040814427e-01
9.646420272775636517e-01
9.651460925303426697e-01
9.718982824325130832e-01
9.804123959406902955e-01
9.851247841987849085e-01
9.938529667140665325e-01
9.814342391548565026e-01
9.915538122344612626e-01
9.952001171233461063e-01
9.969561845620412699e-01
9.939259368780537507e-01
9.971904602454663147e-01
9.954227964358552949e-01
9.980084392589340103e-01
9.910060576542569777e-01
9.973005387963838064e-01
9.963960798468116664e-01
9.815442017420648035e-01
9.985925194710317809e-01
9.985545123653549737e-01
9.977615815130653765e-01
9.982229431299474154e-01
9.975542673920199110e-01
9.974378108370984819e-01
9.968636745130612375e-01
9.955120015191246674e-01
9.951115788314049970e-01
9.969009568455554637e-01
9.940699638048274833e-01
9.993545170039035419e-01
9.973035828437488703e-01
9.986658375261461273e-01
9.994012213877664363e-01
9.984397662751441915e-01
9.973191799626307530e-01
9.980373432134413969e-01
9.980150491903557741e-01
9.977423605282726982e-01
9.984324895523944976e-01
9.970017003178857085e-01
9.966325008588564627e-01
9.976695063279945597e-01
9.980458085642095467e-01
9.993787534191171940e-01
9.980942524037103025e-01
9.980993258159861492e-01
