5.000000000000000000e-01
4.617397165557038941e-01
7.754018649863524404e-01
9.360720192615719082e-01
9.388527710253075087e-01
9.597081773259059645e-01
9.567623512221851145e-01
9.707688248962487165e-01
9.835937443377091860e-01
9.860097902361458777e-01
9.923318127591972404e-01
9.928984984149212822e-01
9.966640139968198087e-01
9.966560125008881998e-01
9.962987573039018274e-01
9.963225878461331453e-01
9.976190331235840203e-01
9.967460873119756704e-01
9.912842835834524413e-01
9.979856523900846321e-01
9.978017339473614911e-01
9.946689743444789844e-01
9.983525905567856018e-01
9.982272917690412362e-01
9.964601208051939718e-01
9.957341300040154497e-01
9.961537736765282425e-01
9.978765305397674368e-01
9.988474656856139999e-01
9.964704995571638246e-01
9.978506706326256692e-01
9.976363117162484473e-01
9.971700796235819508e-01
9.968929843405507363e-01
9.989390190339930697e-01
9.985903161605572675e-01
9.968232031785649871e-01
9.962686647213755409e-01
9.987867876747970053e-01
9.987526363624503745e-01
9.986541541824488499e-01
9.991663368948686674e-01
9.983807117562559785e-01
9.989819835882359778e-01
9.982175508174719880e-01
9.982935940197515956e-01
9.983436033693253719e-01
9.983664482200296231e-01
9.979773609848797689e-01
9.947874892552377446e-01
