5.000000000000000000e-01
4.161628768276968149e-01
5.012277657707020495e-01
5.229135592016478373e-01
5.106068525854833284e-01
5.904225282697780353e-01
8.857351301910066921e-01
9.370636249385756456e-01
9.566872357295782558e-01
9.700939450998810054e-01
9.749072797667968082e-01
9.841844924630832603e-01
9.894455920019831208e-01
9.942223981005144928e-01
9.956227758522969706e-01
9.943478708338227001e-01
9.878805747741243870e-01
9.886381946769755569e-01
9.924722448109866146e-01
9.950771086188576753e-01
9.952053934721127870e-01
9.969425588262156301e-01
9.977438680564916229e-01
9.984679454564695522e-01
9.987069756519697528e-01
9.988310858116951074e-01
9.989263789896952739e-01
9.991949799310303471e-01
9.992373936576548488e-01
9.992963322128339820e-01
9.993027971896193407e-01
9.993802609473367848e-01
9.994303572696922044e-01
9.993865229876310874e-01
9.996250603373673105e-01
9.996796502534529560e-01
9.995569026673105650e-01
9.996387150641206087e-01
9.996368886357015482e-01
9.993846385773572649e-01
9.993020724164374258e-01
9.996946095719345671e-01
9.995538006380899620e-01
9.995362031452253992e-01
9.996639081799353344e-01
9.996410923201585197e-01
9.996658505720634746e-01
9.996145656216888220e-01
9.997587085121709682e-01
9.997552296008963557e-01
