5.000000000000000000e-01
5.000000000000000000e-01
4.875741986545310547e-01
3.799668343791809955e-01
3.977325036129942815e-01
4.038884371136052809e-01
5.105564953447818688e-01
7.991334611833226242e-01
9.006517450363910049e-01
9.401196745478502814e-01
9.459098295188520522e-01
8.857356810186252094e-01
9.139851363515785199e-01
9.155270478103878506e-01
9.372498916464091501e-01
9.441475870126444514e-01
9.724147558021717375e-01
9.732822513194494540e-01
9.798257935179182088e-01
9.801923837934919392e-01
9.719685564402618105e-01
9.787584635388356658e-01
9.850584239662195651e-01
9.873183827121305711e-01
9.898056303279886281e-01
9.911684068470774100e-01
9.935209626147499806e-01
9.938912637290158170e-01
9.909688043126901880e-01
9.917836812969381688e-01
9.918557817331066229e-01
9.936222859056258461e-01
9.938619539015266513e-01
9.956105416809808428e-01
9.966516638617947121e-01
9.965406286102767019e-01
9.966081194890059614e-01
9.966011616664562922e-01
9.729123270872381823e-01
9.719876324704186388e-01
9.726857339995447216e-01
9.636818477657416171e-01
9.712508570442880407e-01
9.771357543656711275e-01
9.817456307048707531e-01
9.831595762106248859e-01
9.864661944044611497e-01
9.905184302572510591e-01
9.925883534747801384e-01
9.916377699598910578e-01
