5.000000000000000000e-01
5.721205848629671298e-01
9.383564463501147257e-01
9.719199966370526411e-01
9.801381127776064295e-01
9.812114148877109088e-01
9.890737253776431537e-01
9.946924859865103885e-01
9.974105883563738617e-01
9.983638100456463382e-01
9.978482353947332184e-01
9.986224381079943369e-01
9.988787468961590754e-01
9.983297457060815727e-01
9.991108772509649238e-01
9.989562396448034010e-01
9.993887262981050457e-01
9.995206060263442938e-01
9.995948517911319442e-01
9.990542579699682735e-01
9.992073010751285622e-01
9.996435275580509705e-01
9.997111054095618732e-01
9.997093079720700270e-01
9.996170878323626940e-01
9.995419723397561684e-01
9.995490461260146953e-01
9.995895174605105016e-01
9.996546020922750797e-01
9.997435172662714198e-01
9.997210203066948520e-01
9.996222772083473984e-01
9.997061479609957724e-01
9.996062162346296409e-01
9.994401562031164366e-01
9.995824436742518637e-01
9.998148639383306335e-01
9.997938165251184506e-01
9.996848686203650969e-01
9.998556251820994722e-01
9.998748461668921506e-01
9.998682652263974902e-01
9.996586608220954240e-01
9.997566211654064228e-01
9.994883681151984778e-01
9.996948125084256231e-01
9.998242280078449840e-01
9.997171645133655637e-01
9.998355924513426807e-01
9.998431011015103120e-01
