5.000000000000000000e-01
8.694759744937821111e-01
7.693251057081686994e-01
9.715462456024386295e-01
9.767972852895685509e-01
9.848240613100134322e-01
9.933579466306019512e-01
9.966960779624015609e-01
9.982533836036011632e-01
9.983298036879357795e-01
9.985391761648190201e-01
9.989649369229899323e-01
9.991900514733913496e-01
9.991415206611087285e-01
9.992843009780090213e-01
9.993315271985633297e-01
9.992295081254325417e-01
9.992811409669344336e-01
9.994338941628215789e-01
9.995889086510375554e-01
9.996195810521097957e-01
9.995798634817232298e-01
9.996173777416357265e-01
9.994471140256656616e-01
9.995992874030069641e-01
9.996223351902024934e-01
9.996609221144242552e-01
9.996087094543764096e-01
9.995467848336859751e-01
9.996844047655286669e-01
9.996122753384331094e-01
9.998165164211861855e-01
9.997392555999601305e-01
9.997194547966217204e-01
9.996708370115572340e-01
9.997244702270428052e-01
9.994628850901114969e-01
9.997279491383171957e-01
9.997032198773394551e-01
9.997225278349141098e-01
9.997187590143663538e-01
9.997529972994951830e-01
9.995157935324140430e-01
9.993244534123046918e-01
9.997259487643337383e-01
9.998129795280565890e-01
9.996450930681245461e-01
9.990375591958496893e-01
9.998210390058429597e-01
9.998543205903714925e-01
