5.000000000000000000e-01
4.504862213370326440e-01
8.497803792303199044e-01
9.416225062366732068e-01
8.981210110295982929e-01
9.623602673543313335e-01
9.679060577992117942e-01
9.714547212449866631e-01
9.760594661900557911e-01
9.846460280255296960e-01
9.861276963374313587e-01
9.905923861127661212e-01
9.909041545448353805e-01
9.899992317404272546e-01
9.921069301362140935e-01
9.941999881137199013e-01
9.890278907215991344e-01
9.933412478564833670e-01
9.946255459353997574e-01
9.959178165193202092e-01
9.920984357945180632e-01
9.966148453841372490e-01
9.970872525443160717e-01
9.958115937617326718e-01
9.961535127581824245e-01
9.961783289919422524e-01
9.975533976642009248e-01
9.947645284408244137e-01
9.978677462887987071e-01
9.940414947142293123e-01
9.978237090702466450e-01
9.954456122956321096e-01
9.969452549824531218e-01
9.937292624273232899e-01
9.986490227883184634e-01
9.987022501308214784e-01
9.942568973039888069e-01
9.974530600648526812e-01
9.983261218401701109e-01
9.979030282473101421e-01
9.940812412755428706e-01
9.976820593995107123e-01
9.982692126499012053e-01
9.986486748971906691e-01
9.989965950155897945e-01
9.962875957968952978e-01
9.937502518586808220e-01
9.955760134865790922e-01
9.973806407284839803e-01
9.933794578986506751e-01
