5.000000000000000000e-01
5.000000000000000000e-01
4.905102258248281166e-01
3.508192401188047760e-01
3.712831819282155776e-01
3.707026965911017768e-01
4.624466603176536350e-01
5.910073912369123716e-01
8.638095528004511303e-01
9.127381785870111175e-01
9.171674414491984839e-01
9.419374636707443793e-01
9.651713146370843877e-01
8.913289296114781379e-01
9.547725299367563201e-01
9.566747986217711830e-01
9.667554948678810378e-01
9.624822031945103884e-01
9.740236652939463502e-01
9.797451987400543905e-01
9.788089657341735306e-01
9.819783698691493257e-01
9.854095910684750326e-01
9.880354443077038473e-01
9.915785125045113446e-01
9.921358920725760200e-01
9.919414789141737243e-01
9.957783121772041390e-01
9.965775630516428008e-01
9.946395775442077314e-01
9.945914236139801190e-01
9.945367467251123861e-01
9.967776874227212147e-01
9.976924671424077795e-01
9.982845778413647064e-01
9.982660526388269506e-01
9.987891359399075908e-01
9.984595090966280617e-01
9.980824241053762869e-01
9.984657421459952609e-01
9.981946769758405225e-01
9.985381614823642948e-01
9.990586935818436265e-01
9.989599504834961730e-01
9.989027223930271315e-01
9.990462854649638791e-01
9.992482362644609095e-01
9.994103825207900638e-01
9.995359132359525889e-01
9.994876723329435553e-01
