5.000000000000000000e-01
4.954554112290558421e-01
7.124182057225191267e-01
9.378868803008099109e-01
9.530580934696485373e-01
9.556733650204169983e-01
9.672621693041166813e-01
9.725012937201301666e-01
9.604977162397029256e-01
9.875975653419261091e-01
9.808875862298893633e-01
9.936002817918134777e-01
9.831200035948747251e-01
9.949064970117600382e-01
9.964594540138662637e-01
9.967868775466716125e-01
9.961611083811319212e-01
9.960465072455573221e-01
9.941699825039753691e-01
9.988925755684763264e-01
9.983856112229675395e-01
9.981929955020570899e-01
9.985482793159885517e-01
9.978643833412335074e-01
9.984975741841591867e-01
9.986621266874531333e-01
9.967450726295202790e-01
9.903429191834415279e-01
9.989199140129094712e-01
9.975239718730022354e-01
9.961180858450349174e-01
9.985645432261974763e-01
9.935967448986841033e-01
9.943958798094136853e-01
9.993921762184523327e-01
9.992972599225072861e-01
9.987613626315642312e-01
9.991211690301519122e-01
9.944081429716572496e-01
9.959179034921020746e-01
9.966151642843371627e-01
9.977039765405414373e-01
9.976666072352654568e-01
9.981144880709581502e-01
9.988533508438535158e-01
9.973961798655109900e-01
9.969020585007920543e-01
9.994689731848418468e-01
9.994342420539488181e-01
9.991741644452367677e-01
