5.000000000000000000e-01
5.000000000000000000e-01
3.724004922659454597e-01
3.933381748181906667e-01
5.658519346370554093e-01
4.876136842974990726e-01
7.659870323582234075e-01
9.077752797262096385e-01
9.216555269028555708e-01
9.470569425298352995e-01
9.355576042477506959e-01
8.962189452810744861e-01
9.378330441488337277e-01
9.585197522435353612e-01
9.646785268550206460e-01
9.607448928857712511e-01
9.752874088054142021e-01
9.815168922885580960e-01
9.831946552326447097e-01
9.822196903479056829e-01
9.819952425888314185e-01
9.868655444278711109e-01
9.912749485048655274e-01
9.924591699027787151e-01
9.940574107333111087e-01
9.935276015370990699e-01
9.940333772545886237e-01
9.715709748634164811e-01
9.859981938652297995e-01
9.843650189673143203e-01
9.843762094652479533e-01
9.913742134399039507e-01
9.934385124175391102e-01
9.956602901122095783e-01
9.960183860460871674e-01
9.963728871049806202e-01
9.954786329618147134e-01
9.890559249482876458e-01
9.939282271613100184e-01
9.898126171414652896e-01
9.924453992123165591e-01
9.946517827245963117e-01
9.953278221580555973e-01
9.970395334779980079e-01
9.972306416706893106e-01
9.973208324454864160e-01
9.939060201110062609e-01
9.969217143494942812e-01
9.959315002370007219e-01
9.967040214764790740e-01
