5.000000000000000000e-01
5.000000000000000000e-01
5.000000000000000000e-01
5.021580556364885206e-01
7.877397948312075959e-01
7.888970546667422035e-01
9.109248250759924836e-01
9.479813182464549293e-01
9.733740945771021114e-01
9.833552069879731850e-01
9.848363244722566634e-01
9.873524470516953366e-01
9.900622290254266211e-01
9.938317743462182774e-01
9.954229703814190255e-01
9.955907118867152183e-01
9.968019238379345337e-01
9.966027271765302009e-01
9.968447724284684730e-01
9.973221950190688245e-01
9.976644908975734749e-01
9.976924381514805651e-01
9.982499626741812015e-01
9.984260825574635678e-01
9.984425494041639926e-01
9.984174432611313543e-01
9.985625138612872487e-01
9.984074993730710501e-01
9.988407687814097047e-01
9.987962097261664507e-01
9.985877069771017522e-01
9.989051286399919238e-01
9.989777509128516808e-01
9.985851557755002217e-01
9.987350678605130261e-01
9.990745806099982085e-01
9.991389404685802056e-01
9.988837333356523907e-01
9.990897428649703205e-01
9.989873469097845238e-01
9.990093800145246616e-01
9.992013289441070700e-01
9.991497250935319485e-01
9.991894136729911891e-01
9.990943524224095151e-01
9.993971916488734175e-01
9.994457804430102454e-01
9.992000243523787573e-01
9.991878771538447168e-01
9.989148116097067431e-01
