5.000000000000000000e-01
5.000000000000000000e-01
3.720418455044493533e-01
3.927050419571194717e-01
4.104116276811172193e-01
4.295839946888622141e-01
7.051389027803748322e-01
8.548518201228926250e-01
9.152586787964706039e-01
9.167045143222428694e-01
9.228181500599387244e-01
9.458721123224489435e-01
9.646190374722229954e-01
9.669633888074731232e-01
9.561783289919421058e-01
9.602290573165130905e-01
9.633997950341440797e-01
9.706739955730852021e-01
9.822805423042859641e-01
9.876534018678854165e-01
9.878739938336297266e-01
9.912597282680387645e-01
9.879255976842045150e-01
9.870834982192323581e-01
9.850407684915004625e-01
9.849575645301805737e-01
9.856562748687794917e-01
9.908284592336826790e-01
9.929638729559583377e-01
9.939051503831872747e-01
9.942042787709585161e-01
9.938972648509650787e-01
9.944920137243048464e-01
9.952671441472392688e-01
9.953629591619301831e-01
9.957990986720703930e-01
9.961365820566455698e-01
9.961423222602489025e-01
9.949681607141039885e-01
9.968416124173937742e-01
9.966352549969487162e-01
9.961744442076850836e-01
9.442250507703612294e-01
9.589366417779554563e-01
9.719936046014397979e-01
9.747792268409600780e-01
9.861136357376959483e-01
9.876771744282626386e-01
9.888541480943539019e-01
9.916402051977831755e-01
