5.000000000000000000e-01
4.469818270372287738e-01
5.425882520065344883e-01
9.296467310555160957e-01
9.473075980871785706e-01
9.565992772561825452e-01
9.668029820067810531e-01
9.668758651979864061e-01
9.841537910710846937e-01
9.866780890920183733e-01
9.787735388210259124e-01
9.894353582046501172e-01
9.915863110639525635e-01
9.892520775623268037e-01
9.965142758573701798e-01
9.889463392431339095e-01
9.936107765074922993e-01
9.869504008720472177e-01
9.931608083250348384e-01
9.963158329600751983e-01
9.965267419561046891e-01
9.927850569164379246e-01
9.899006046057886588e-01
9.973662612285488782e-01
9.966538381813411229e-01
9.970222838762611284e-01
9.967994306181880981e-01
9.976330357414648908e-01
9.972476303540809273e-01
9.943727160585095204e-01
9.982992472505727299e-01
9.957737895925471427e-01
9.988973010896242677e-01
9.977805125885854665e-01
9.955337157236644474e-01
9.918682188409139178e-01
9.950664399576151231e-01
9.957724850008189410e-01
9.986567633659043652e-01
9.986322660323448952e-01
9.962459938162353534e-01
9.983753484347076546e-01
9.961170131807253192e-01
9.964607006237398146e-01
9.984245170473901032e-01
9.979737661098960766e-01
9.966140046472458103e-01
9.977086150889078464e-01
9.986941036802535754e-01
9.970118181515095213e-01
