5.000000000000000000e-01
4.643432177899926017e-01
9.187964416535846501e-01
9.578297681740500780e-01
9.322847025023518475e-01
9.670473465329028073e-01
9.704574623371617914e-01
9.788902562942924934e-01
9.856884258071435534e-01
9.910774912990978347e-01
9.944546734099564134e-01
9.938383842776401522e-01
9.976034939865570106e-01
9.965670683359642013e-01
9.988969242075690369e-01
9.982375255663741287e-01
9.914697965271768165e-01
9.968666025967172217e-01
9.968249136432753010e-01
9.987758580952093013e-01
9.936905885303193298e-01
9.986268737198692458e-01
9.991863696256255700e-01
9.966153092389737900e-01
9.994185869532129507e-01
9.991794407940034484e-01
9.991625680743209115e-01
9.991778752839298727e-01
9.984673656379234874e-01
9.991742804089460694e-01
9.994294295600190114e-01
9.987923249419096150e-01
9.966822782810119685e-01
9.995983307024067788e-01
9.998774843412758795e-01
9.995606424969307735e-01
9.998248368173180411e-01
9.988694697994262572e-01
9.992148097252963046e-01
9.991305330996668177e-01
9.981435949619567038e-01
9.981452474448123668e-01
9.988616132581309426e-01
9.999539334165370441e-01
9.988305349840767011e-01
9.977862817831159026e-01
9.988868353648726606e-01
9.981539737139261126e-01
9.981397971504817335e-01
9.992337987826708234e-01
