5.000000000000000000e-01
5.000000000000000000e-01
5.000000000000000000e-01
5.000000000000000000e-01
6.414211642466489671e-01
7.395622949797859835e-01
9.035720591240971045e-01
9.374243590468362974e-01
9.648411659571138888e-01
9.743590033499016645e-01
9.770347209840680724e-01
9.825061786913783513e-01
9.868767639167320693e-01
9.912387098457537959e-01
9.931087406196227318e-01
9.935969768261023738e-01
9.949420688795442835e-01
9.957361883598523367e-01
9.964342608980518712e-01
9.976226569894950380e-01
9.972721856694949372e-01
9.981284037160570444e-01
9.982220154202744444e-01
9.984355046088326802e-01
9.983847994770037593e-01
9.985279856668856091e-01
9.983969756664651252e-01
9.986548499647034394e-01
9.985444235226588194e-01
9.988151118107587711e-01
9.986792893164085916e-01
9.988162134659958058e-01
9.988820518618695132e-01
9.990826690787117936e-01
9.991100365140729300e-01
9.989666763786274606e-01
9.990802918226745488e-01
9.992146937615871138e-01
9.990963817873195207e-01
9.990970195877202364e-01
9.992142588976782314e-01
9.986758104051338680e-01
9.991593210904645694e-01
9.990795670494918568e-01
9.992006911437066874e-01
9.988809212157055972e-01
9.991106163326189948e-01
9.991111961511647266e-01
9.992799813298430811e-01
9.990916272752442540e-01
