5.000000000000000000e-01
4.996014037406993902e-01
8.846042231083782736e-01
9.514646071511920766e-01
9.659324424421378286e-01
9.504711170639148499e-01
9.682978121996718146e-01
9.787314729855290940e-01
9.788381595979540606e-01
9.848461813875347692e-01
9.898909796179283793e-01
9.924901322131239878e-01
9.927215377947470332e-01
9.973688704120045045e-01
9.869108282562972789e-01
9.973475040985922968e-01
9.962760574078340925e-01
9.969931479943354713e-01
9.974937053449122182e-01
9.962778838362531530e-01
9.978413065631114298e-01
9.982849547234191601e-01
9.986505303165373881e-01
9.915126741086378592e-01
9.976794502160548639e-01
9.986617787963254500e-01
9.950110672864925787e-01
9.969483570116733917e-01
9.990236725416780095e-01
9.985353783533443828e-01
9.968610943205323816e-01
9.988473497219043651e-01
9.992222603936097292e-01
9.980903386285261414e-01
9.977544207540248733e-01
9.992104320952759355e-01
9.987582316114168579e-01
9.995238530102000807e-01
9.988318975576596648e-01
9.991570887890633967e-01
9.984390125110348402e-01
9.987895418128893699e-01
9.992264640780668117e-01
9.970369242945419375e-01
9.988377827158991806e-01
9.987713065196249795e-01
9.995306948690407811e-01
9.966241514717970595e-01
9.988112850083569194e-01
9.951629797454886184e-01
