5.000000000000000000e-01
5.000000000000000000e-01
5.343378689639076695e-01
6.050957352896411123e-01
6.316241152331377728e-01
6.869200473711752908e-01
9.185600786233947268e-01
9.511379083915688648e-01
9.705605250836750741e-01
9.813131150606417830e-01
9.824951911299359963e-01
9.912632651611676948e-01
9.944708503473836947e-01
9.959573021622881717e-01
9.964419724847111137e-01
9.969190761751108854e-01
9.970737427721997337e-01
9.973130338860456412e-01
9.978612233301591417e-01
9.977393744627620631e-01
9.975175358871439801e-01
9.983207295276944615e-01
9.979915375483243700e-01
9.986453409405525727e-01
9.986871168667768028e-01
9.985896783601574400e-01
9.987257617728532155e-01
9.989970298794993431e-01
9.986640400886541702e-01
9.983499813733291983e-01
9.988196054044883310e-01
9.989608202113150481e-01
9.989915505942413843e-01
9.989275966086412772e-01
9.992893164084299951e-01
9.990842925706401312e-01
9.993648087830913074e-01
9.991023249274142426e-01
9.995364350726440028e-01
9.989650818776261154e-01
9.993467474353903146e-01
9.994706546586245022e-01
9.991179800281502210e-01
9.993697952225851777e-01
9.994219209098513801e-01
9.990782624577636550e-01
9.991617563283567982e-01
9.996121303837960381e-01
9.995325212974600637e-01
9.996226250994749707e-01
