5.000000000000000000e-01
5.000000000000000000e-01
3.753195597437781750e-01
4.498038038995696430e-01
5.838770146882533707e-01
5.690109310291344702e-01
9.030570063098755096e-01
9.308463176448928955e-01
9.505398545525175491e-01
9.311055835076413878e-01
9.311902370153257724e-01
9.514754207670710340e-01
9.639527679812601724e-01
5.000000000000000000e-01
3.539912534372368080e-01
3.738878138086685343e-01
4.850545971638175469e-01
8.194338361809671012e-01
8.937339589575443721e-01
9.244073167302293559e-01
9.282689372360919400e-01
9.331910748531246913e-01
9.513479476597799245e-01
9.635782631825369204e-01
8.969449070913259048e-01
8.162865521235131983e-01
8.534615891956612854e-01
9.227136667579880491e-01
9.613905498274315509e-01
9.658249150928217563e-01
9.663322563203843307e-01
9.538732023813145666e-01
5.605011951509774049e-01
8.243687008150799578e-01
8.700594169054794991e-01
8.778565557908650785e-01
8.974739045415738303e-01
9.075566011616663653e-01
8.926504520410338817e-01
9.228964835454747107e-01
9.206787355896969283e-01
9.239056577244151303e-01
9.429962413262769072e-01
9.617040287242109020e-01
9.661232897164832023e-01
9.619110529359834461e-01
9.589389900430660418e-01
9.707004352987730345e-01
9.772443543792971310e-01
9.835543746584503033e-01
