5.000000000000000000e-01
9.536960388246499276e-01
9.729261847504822036e-01
9.769678389148117592e-01
9.768707772902469610e-01
9.791052820019974234e-01
9.787864397836697483e-01
9.922990820022872249e-01
9.933826179097249298e-01
9.958771712392606723e-01
9.962532415480577219e-01
9.985774731797684156e-01
9.992518891212998078e-01
9.994467951254655258e-01
9.995257954023286651e-01
9.995426101401566621e-01
9.996986103199001494e-01
9.996486299612540316e-01
9.996115215743234250e-01
9.997830319001667077e-01
9.996895651505863789e-01
9.997159758853468858e-01
9.998544075631531358e-01
9.999146797009873522e-01
9.997912073416624912e-01
9.998497690147865047e-01
9.997634920151740046e-01
9.997781324334545916e-01
9.998362592426700557e-01
9.998746722213279758e-01
9.998045141772882172e-01
9.998655980610866578e-01
9.999610651846502218e-01
9.999446853107318844e-01
9.999565715909204400e-01
9.999446273288775666e-01
9.999437576010589135e-01
9.999474974306788999e-01
9.999039530578902601e-01
9.999588908651035890e-01
9.999483671584976641e-01
9.999582240737761030e-01
9.999430038369494511e-01
9.999223622967193803e-01
9.999594127017953360e-01
9.999239567977199483e-01
9.999612681211413889e-01
9.999745459658402336e-01
9.998977489994508305e-01
9.999714729275471781e-01
