5.000000000000000000e-01
5.000000000000000000e-01
5.000000000000000000e-01
6.222601037005468516e-01
7.452523732697852177e-01
7.616049087438085952e-01
9.090472566610280358e-01
9.468231886831016686e-01
9.715795561778939327e-01
9.791443907629108212e-01
9.842535198609595470e-01
9.897899752272526497e-01
9.914126554094895294e-01
9.908103978859816863e-01
9.951619070811789092e-01
9.956718285012705616e-01
9.969801600589094370e-01
9.971885468442648337e-01
9.978128084815856003e-01
9.974073123815901942e-01
9.970735108447811301e-01
9.970724091895440955e-01
9.983275423956072814e-01
9.987315309673837627e-01
9.988147929105583023e-01
9.989129851812874605e-01
9.993287730604707431e-01
9.990945843498276746e-01
9.992312475810695149e-01
9.994806855194670048e-01
9.995062265264086365e-01
9.994764528440823748e-01
9.992659497210348851e-01
9.994480707262662911e-01
9.995717170311549937e-01
9.994614935256012078e-01
9.994238633019795204e-01
9.996986393108275859e-01
9.996768091425788372e-01
9.995034433973886134e-01
9.994051641538780340e-01
9.997379799991595872e-01
9.997563602470607158e-01
9.997935266158454182e-01
9.997736968215795716e-01
9.997965416722838228e-01
9.997322108046287070e-01
9.998847610640249073e-01
9.998418255007096578e-01
9.998734546023820835e-01
