5.000000000000000000e-01
5.000000000000000000e-01
4.988513794607977725e-01
3.692242462721291862e-01
4.453893843921544748e-01
4.942242825107882598e-01
7.873664496695760295e-01
8.626585550052112694e-01
9.152740439879338830e-01
9.239404178462349293e-01
9.315046436217783166e-01
9.573339073536937249e-01
9.577206753146603191e-01
9.740252887858744657e-01
9.803201178191285337e-01
9.810627494125713222e-01
9.590295866908452593e-01
9.728265719243162080e-01
9.711364298542773943e-01
9.765197551426282319e-01
9.752893511975424534e-01
9.724939300245989404e-01
9.859344138251933121e-01
9.867149945424578128e-01
9.889602258973053672e-01
9.906196955662727177e-01
9.903718811198038985e-01
9.640944176519957720e-01
9.737309149101788242e-01
9.775289873034233024e-01
9.788886038114372745e-01
9.844422507976129388e-01
9.897764364642084312e-01
9.891135879026659028e-01
9.924406736911682847e-01
9.926937644864040067e-01
9.936672798247787597e-01
9.937206811128456163e-01
9.832947609045749049e-01
9.908607261357557094e-01
9.865571679342949318e-01
9.924222934432670451e-01
9.942552448211334770e-01
9.962393548938859311e-01
9.960532041497612843e-01
9.955331359051181606e-01
9.968042431121180158e-01
9.968126214901048554e-01
9.866576214973523662e-01
9.894702342901788850e-01
