5.000000000000000000e-01
5.000000000000000000e-01
5.000000000000000000e-01
5.516716893448195824e-01
5.822552912066168984e-01
7.566030460767303456e-01
9.162114076399791029e-01
9.396121593747236433e-01
9.643579161901282282e-01
9.784430712408548336e-01
9.775765904060326195e-01
9.903798246338809674e-01
9.940574397242381011e-01
9.943494943257508156e-01
9.906466281377239724e-01
9.925288640919824878e-01
9.969161191005276867e-01
9.972846807591565499e-01
9.981572496887096690e-01
9.987425185288264506e-01
9.988394931806089394e-01
9.988779061592674147e-01
9.993548938859579955e-01
9.994495202726308980e-01
9.993602861984340890e-01
9.993890741892326179e-01
9.993920022728883801e-01
9.996516740086189845e-01
9.996068250441024761e-01
9.997595782399898434e-01
9.995011821050600043e-01
9.997508809618032011e-01
9.996434405852688831e-01
9.996919424066238458e-01
9.998616263040480678e-01
9.998545525177897630e-01
9.993460226622078446e-01
9.997814663900930210e-01
9.997743056310527399e-01
9.998432170652198359e-01
9.998604086851017314e-01
9.998047750956337021e-01
9.999041559943813162e-01
9.997505620616028432e-01
9.998129215462023822e-01
9.998949368795037040e-01
9.999256962533576987e-01
9.999146217191331454e-01
9.998953427524855941e-01
9.998285476560109242e-01
