2.477705472324944367e+02
2.535463583275903261e+02
2.511043173096595353e+02
2.493870628424054416e+02
2.505789117490206763e+02
2.480451902772660731e+02
2.471364334779679552e+02
2.478676614724715250e+02
2.485418446950538396e+02
2.467203784963575970e+02
2.459256168419982203e+02
2.438323136594263474e+02
2.415539171081628638e+02
2.411161163597392942e+02
2.387614266969362404e+02
2.376253931107166864e+02
2.367595257857394984e+02
2.352766040911082541e+02
2.351671730353857868e+02
2.344203559506853480e+02
2.337631429616201046e+02
2.351885670136347812e+02
2.187282567816445749e+02
2.182497082503147396e+02
2.166626238974689898e+02
2.210121614674434340e+02
2.198671229064198371e+02
2.223183439209261394e+02
2.206897851025371438e+02
2.205873065304157024e+02
2.180750362914410516e+02
2.184477109748773955e+02
2.186009906807658183e+02
2.184865460897230491e+02
2.190615655278488703e+02
2.192176440610143686e+02
2.177683518354311332e+02
2.184320885484088137e+02
2.187061478021131222e+02
2.185094292175195108e+02
2.178189003546512481e+02
2.182008939569850554e+02
2.136777923911928951e+02
2.156729216255833990e+02
2.133083681784294470e+02
2.095494654792449296e+02
2.092873173476166642e+02
2.078737723491196050e+02
2.082817284827863205e+02
2.076173764122779346e+02
2.063304461275313599e+02
2.049053739839138473e+02
2.059474813218008080e+02
2.063017449460961359e+02
2.070423618774693466e+02
2.063234382748606208e+02
2.066925158802444571e+02
2.060386178135025830e+02
2.058186555341446251e+02
2.050249179920924689e+02
2.037152270754054939e+02
2.030754216341954077e+02
2.021554730490962584e+02
1.842588960942883318e+02
1.803477829924768798e+02
1.830798335486713881e+02
1.825268830549145207e+02
1.778407267541568899e+02
1.770650559307682954e+02
1.763395697351278102e+02
1.750210961038663413e+02
1.726172575939750118e+02
1.690357140460493213e+02
1.675887123944656025e+02
1.656236731609697586e+02
1.649685112965518101e+02
1.637774046174234002e+02
1.624537666929619775e+02
1.605221874667194868e+02
1.588363543925135559e+02
1.572587637828525828e+02
1.564483362767920482e+02
1.548985022623338921e+02
1.536885588506748661e+02
1.358384535486167408e+02
1.165352920936774694e+02
1.164914646500759261e+02
1.154510522350704207e+02
1.144199520988885723e+02
1.135447658447327370e+02
1.128478048460587218e+02
1.147752804138575868e+02
1.142381776206763959e+02
1.131913710598767722e+02
1.122167726543121944e+02
1.103931986696750158e+02
1.103769532191979295e+02
1.101188504365814822e+02
1.095110460514237758e+02
1.079025757624304305e+02
1.068967348607083920e+02
1.057659686464805446e+02
1.046574833543772627e+02
1.040305623569555280e+02
1.032037713281864768e+02
1.007191855409528216e+02
9.301129513694270656e+01
8.909963470146234954e+01
9.085351326051048204e+01
8.968133847472066122e+01
8.927407027668715500e+01
9.022454162081024265e+01
8.881882736118660659e+01
8.776944274449930106e+01
8.726651849074228551e+01
8.674207416532991033e+01
8.724853364763683317e+01
8.647788846346820435e+01
8.502246790360898387e+01
8.487787185199523776e+01
8.413077431258187744e+01
8.346499997440984941e+01
8.347051644051400388e+01
8.368071536962041534e+01
8.427906057241963822e+01
8.431379183732261140e+01
8.474327629521721406e+01
7.383794529945939189e+01
8.190577164186335324e+01
8.494026440783882492e+01
8.357494857362326002e+01
8.389029676673371227e+01
8.227126353708688100e+01
8.153977281572323932e+01
8.134072989869278558e+01
8.046658656768425999e+01
7.954410161287879077e+01
7.965292079455950613e+01
7.951785897032138450e+01
7.872885277455668529e+01
7.775067503982521089e+01
7.688471507644119640e+01
7.786513474122790512e+01
7.770940219461030551e+01
7.739019980190273884e+01
7.729708033761400543e+01
7.693591188219856747e+01
8.423174124695401588e+01
7.397033184013214679e+01
7.245743903546951969e+01
7.468950572741276517e+01
7.429781661892330646e+01
7.370340075010544467e+01
7.492654838363642966e+01
7.433245354884364531e+01
7.344130277879291668e+01
7.382750606779731584e+01
7.406180766503658219e+01
7.334160279175594610e+01
7.286443341000143903e+01
7.151499681935214880e+01
7.151476036642814904e+01
7.108698324518356060e+01
7.135379974022472993e+01
7.067649937124217274e+01
7.090362191861490260e+01
7.040348456136983657e+01
7.035417288977330941e+01
9.317670649989310050e+01
7.310117672408286182e+01
7.516345551165136385e+01
7.135482820880143606e+01
7.093957687564582670e+01
6.939405350491760771e+01
6.956989185465722869e+01
6.808869118512146201e+01
6.789084191747194552e+01
6.669758880423142955e+01
6.640576763885833600e+01
6.579633661441884840e+01
6.553401174235966664e+01
6.626218958565713990e+01
6.617472390718667441e+01
6.741437871247441649e+01
6.718018438898441502e+01
6.678899164964185786e+01
6.659105731434928543e+01
6.674952144625048334e+01
6.642438054438196104e+01
6.170715396170860600e+01
6.376979730670841917e+01
6.476504965331874075e+01
6.443463520384790399e+01
6.411860855715418950e+01
6.426621452202697071e+01
6.510287906251663514e+01
6.419914368222789847e+01
6.372029613613494803e+01
6.403684826595240054e+01
6.376164197169364911e+01
6.339636570267386162e+01
6.366714973320629412e+01
6.368213378373777545e+01
6.327747465694965712e+01
6.327151121076319384e+01
6.267082189791449309e+01
6.272634349836317114e+01
6.241124360322785947e+01
6.173665658284961211e+01
6.220922509950117529e+01
5.575512354109440594e+01
5.554504668588972294e+01
5.900118763107645492e+01
5.874392161606569829e+01
5.939322024826751800e+01
6.068498306852325896e+01
6.050342852165356788e+01
6.119767200408367813e+01
6.065932278242789977e+01
6.112470311202988427e+01
6.105742957489123768e+01
6.164944642405286857e+01
6.163257844147619835e+01
6.134603648847365776e+01
6.201173735995593717e+01
6.138195383074526035e+01
6.069095051211039049e+01
6.068850700872396686e+01
6.038087918806598253e+01
6.015635490364798699e+01
5.984741355516607086e+01
7.176603951912800028e+01
5.908424369691330469e+01
6.141350814283039483e+01
6.122111235371882287e+01
6.135015174198621679e+01
5.882347332474369495e+01
5.693695259531889974e+01
5.914792496372422193e+01
5.840805854626755433e+01
5.945491365897284197e+01
6.051994510715660169e+01
6.066296866899843110e+01
6.055749004585510420e+01
5.972316685090175525e+01
5.932720428985743411e+01
5.873289007139738516e+01
5.906125562357513559e+01
5.943825597293113816e+01
5.919158941311262367e+01
5.883364041507689279e+01
5.820572934423960731e+01
5.506137851764620450e+01
5.302540471778829101e+01
5.543158560967778214e+01
5.470764522293749366e+01
5.441157748148871320e+01
5.327308708902956624e+01
5.440530200266450578e+01
5.397520142043956781e+01
5.397902905465120682e+01
5.420255972158430779e+01
5.484159317506208708e+01
5.523804034722081013e+01
5.562531837217478881e+01
5.626775853907872005e+01
5.631952193284453045e+01
5.656888759196358052e+01
5.611071875622331362e+01
5.589819871518126604e+01
5.557532128977462804e+01
5.567329069522191531e+01
5.547793659797680021e+01
5.948478193553040683e+01
5.289280693131701128e+01
5.411283689933588903e+01
5.569058130704815568e+01
5.486736909324076805e+01
5.331300033561445417e+01
5.348078654526682385e+01
5.334948099759814255e+01
5.355558628317648839e+01
5.322088865507425481e+01
5.347387773177166537e+01
5.295152112119708931e+01
5.413523976181986086e+01
5.421590042892916017e+01
5.403344270924014836e+01
5.472519905178560862e+01
5.460829092404737395e+01
5.480047665850347016e+01
5.455764918373904493e+01
5.388984767659768949e+01
5.394963865287580518e+01
4.634458292448238836e+01
5.525959564939503110e+01
5.434976211426217674e+01
5.358646997020736791e+01
5.373031922292601337e+01
5.362128041166452164e+01
5.379339777562083924e+01
5.343268027571800616e+01
5.286360996899272635e+01
5.285803878431317315e+01
5.267088038366764380e+01
5.225233982668724764e+01
5.297754835317613242e+01
5.284208640938228285e+01
5.251684425004523860e+01
5.248536569871772883e+01
5.224657831821330944e+01
5.212271408583386290e+01
5.224633830536772905e+01
5.220025671639475462e+01
5.188922479961784973e+01
4.339242344295108467e+01
4.795002877373153183e+01
5.011964224722558470e+01
4.861412389939356871e+01
4.748703970165237109e+01
4.918738674660534116e+01
4.988497914152533497e+01
5.094651106693412146e+01
5.067599088814867514e+01
5.008034766713829100e+01
4.975068839180268299e+01
4.991163071467765633e+01
5.026275652235212021e+01
5.082594863922095385e+01
5.077253520205061932e+01
5.166649387333350774e+01
5.127530448725705980e+01
5.135899539120573110e+01
5.135618687040074093e+01
5.150359731980642408e+01
5.137912968587167484e+01
5.260363571084251788e+01
4.708545501745337702e+01
4.980485071202159020e+01
5.228770424503204595e+01
5.258525509283807509e+01
5.183433663730363605e+01
5.073397492150022714e+01
5.003752515276766388e+01
5.013174639393283627e+01
5.013764122010088897e+01
4.954716251322167864e+01
5.048241085302973374e+01
5.021864553362934203e+01
5.041299417356034240e+01
5.066363069753396786e+01
5.050062075216784763e+01
5.050062314456105383e+01
5.023953888186561301e+01
5.034873589512843495e+01
5.030725537932512736e+01
5.024997131983076315e+01
4.135380963975298840e+01
4.333690174200976486e+01
5.005560006024836639e+01
5.010495765314081495e+01
4.888343904811461726e+01
4.860224297283477313e+01
5.025767638224719747e+01
5.056316735477312818e+01
4.948914966417506633e+01
5.045254224107431895e+01
5.071704277999145916e+01
5.058213102652026549e+01
5.047164325806748764e+01
4.953891399624787795e+01
4.909411169554877574e+01
4.867783868795379476e+01
4.841177853232422734e+01
4.855935617508612268e+01
4.856220483434789514e+01
4.828684799272743078e+01
4.850475643865120645e+01
4.762194912702750571e+01
4.346695331936396656e+01
4.556614502823480706e+01
4.607703754821977071e+01
4.639571984324235387e+01
4.631855210430929048e+01
4.764049131441749552e+01
5.067710588088007739e+01
4.993532529778813966e+01
4.970394367422499471e+01
4.940539920364498983e+01
4.986978655461003029e+01
4.979785734505763628e+01
4.976349437370812723e+01
4.979206395461495305e+01
4.929601808975619548e+01
4.872548680378282171e+01
4.818955682108952487e+01
4.829586630634224775e+01
4.820131754779266231e+01
4.812343126769850699e+01
4.891909240236290657e+01
4.535900673441072684e+01
4.744085878213788732e+01
4.859743414687180518e+01
4.917551502555345877e+01
4.970560384732264936e+01
4.816792565691488903e+01
4.940616254183641587e+01
4.831615147674053645e+01
4.826545355234929247e+01
4.837366426120306784e+01
4.792268058458776636e+01
4.773548239448988539e+01
4.700266195491260390e+01
4.798688793364873817e+01
4.779482331761184355e+01
4.751742327793624554e+01
4.718038019014635864e+01
4.712335012185643990e+01
4.695745155461381870e+01
4.694532813108669700e+01
4.288833760896945080e+01
4.385445725350136570e+01
4.347928631986084014e+01
4.584266024209636470e+01
4.417840898800856309e+01
4.444374372383158089e+01
4.473401076212972072e+01
4.537592382775778077e+01
4.474555263561352803e+01
4.550727301519260948e+01
4.648479916651063348e+01
4.714072372994719728e+01
4.682398509094940664e+01
4.651732990850003091e+01
4.685108953851832325e+01
4.679156956817971036e+01
4.657868442790636720e+01
4.622634527418766481e+01
4.690990684569454316e+01
4.708676104594295708e+01
4.799031410830907873e+01
4.527589900990042793e+01
4.442513597685218940e+01
4.577530090040878719e+01
4.576583338906065279e+01
4.714338799140985259e+01
4.518534413238038638e+01
4.478498775064812776e+01
4.602801224577498829e+01
4.480647677295671372e+01
4.534747451101819138e+01
4.506551407659100050e+01
4.685579856503336771e+01
4.730221318566545818e+01
4.688194242123051225e+01
4.671063803824333860e+01
4.697516497143845271e+01
4.697552924631084892e+01
4.714541165779253618e+01
4.666266754479378420e+01
4.676959860865782304e+01
4.677461998332476156e+01
4.563011670378719487e+01
4.406994987615690462e+01
4.467582446917376160e+01
4.431633276593547777e+01
4.899950348460443905e+01
4.827061147440815603e+01
4.722408554905940292e+01
4.771282369331511575e+01
4.726942374394374013e+01
4.842758760179017941e+01
4.769754403076432681e+01
4.809827741318341765e+01
4.796602424177764590e+01
4.722548575378623070e+01
4.686713195764990303e+01
4.651779029097235707e+01
4.622690613532386550e+01
4.616631438165472900e+01
4.647699869785076032e+01
4.617420782950473068e+01
4.617685155373337835e+01
5.775524111791997939e+01
4.934516869177760157e+01
4.702378381223559245e+01
4.580116135573492642e+01
4.519028703521567536e+01
4.561126977589591291e+01
4.596932194653843595e+01
4.702975583151731342e+01
4.545149857553205663e+01
4.491024088018246374e+01
4.475496559068544400e+01
4.517583700378820311e+01
4.498625263862403756e+01
4.496407755412211316e+01
4.509701534602108808e+01
4.472120015066510490e+01
4.501055757824939718e+01
4.503377999047075519e+01
4.566961882409770368e+01
4.599073224260405368e+01
4.618906924880828768e+01
3.975876947158671015e+01
3.755224902667180231e+01
3.835141492119873874e+01
3.993364705568431106e+01
4.295892926619437446e+01
4.201398532258841811e+01
4.312197829510617453e+01
4.297569397497472465e+01
4.413028734494581329e+01
4.330110541161356963e+01
4.341547444081431451e+01
4.371069544552830877e+01
4.439304789560276276e+01
4.574632797690271957e+01
4.535880648880592503e+01
4.535413049147502562e+01
4.520866617703964607e+01
4.530742156306797597e+01
4.542348631803422876e+01
4.538099308953626121e+01
4.553057008072189404e+01
5.078279639044245641e+01
4.625944228998083929e+01
4.882477474411015805e+01
4.598614959924854872e+01
4.769161498972204072e+01
4.531809658538083596e+01
4.562970325432654306e+01
4.659432774013833267e+01
4.631139645008595807e+01
4.600414956695816926e+01
4.574222948902244212e+01
4.546683511511761822e+01
4.623989738813371986e+01
4.581738914469481472e+01
4.583799533452084063e+01
4.572612599661954391e+01
4.523177765951412965e+01
4.532145910474404360e+01
4.532180393583401212e+01
4.508062196374528696e+01
4.527930766665622286e+01
3.651940033585056256e+01
3.988049923284582121e+01
4.314295210962647076e+01
4.543485373828288942e+01
4.519687644590624132e+01
4.594489810020408527e+01
4.631988104691508568e+01
4.481180381094578280e+01
4.447215446580599263e+01
4.400381513217644880e+01
4.433985243527992282e+01
4.386491059520130165e+01
4.419395003878403116e+01
4.451644431765740251e+01
4.451192509322926583e+01
4.497390340560068012e+01
4.527014190968942842e+01
4.472964138312090654e+01
4.436405070089543301e+01
4.432784020599218877e+01
4.462969894264049486e+01
3.859695050282157069e+01
4.973987340382804945e+01
4.588501264095813781e+01
4.642580151866761184e+01
4.407323547916895734e+01
4.511955739392605835e+01
4.509805864920033969e+01
4.468803142525242578e+01
4.398530787350501470e+01
4.398813218960834348e+01
4.416261796125408523e+01
4.528268951066908699e+01
4.553723880860923146e+01
4.534768730495051159e+01
4.563367573162560831e+01
4.600104326673275068e+01
4.562395864522767397e+01
4.519922310249346964e+01
4.502639695536083764e+01
4.481266088817756810e+01
4.524779044128225536e+01
