9.968920497947947297e+02
9.920489227726493482e+02
9.877351757173335045e+02
9.829619657455003789e+02
9.784685684181364422e+02
9.733460572509725353e+02
9.682628358886236128e+02
9.622503916070223795e+02
9.560529262692955399e+02
9.492403339001865561e+02
9.413435639896135854e+02
9.328898855239923478e+02
9.234338449400521540e+02
9.128831307118637142e+02
9.011070872007418302e+02
8.891971543548651198e+02
8.768298265960156641e+02
8.638719942806447989e+02
8.502024357433269870e+02
8.398697106792402565e+02
8.297717008555300708e+02
6.782341095468885896e+02
6.615201281933890414e+02
6.442754765418623037e+02
6.340152102930594538e+02
6.370701277799281570e+02
6.303013003105154439e+02
6.304580127590461416e+02
6.318078741801717797e+02
6.280196962795699847e+02
6.237446524504638319e+02
6.225845781732103887e+02
6.257970318546122144e+02
6.238401099018217337e+02
6.216924831829310278e+02
6.203340913730769444e+02
6.171255339160999256e+02
6.166678625923976824e+02
6.148011036025499152e+02
6.148885974310447864e+02
6.137968668351716133e+02
6.132372824246605205e+02
6.008017088045161245e+02
6.147805410982786043e+02
6.017201808093415139e+02
6.022182874247423570e+02
6.035156329104971746e+02
6.009766934628338504e+02
5.972013024271220729e+02
5.937562827090489463e+02
5.933293979046766253e+02
5.966972042621490573e+02
5.952786105878649323e+02
5.966976518642521796e+02
5.959141181363700071e+02
5.945072486933781875e+02
5.940474798313091469e+02
5.923847305922647593e+02
5.904623324077127791e+02
5.891209648538983856e+02
5.884511361922711785e+02
5.877284014076229823e+02
5.872170128888593581e+02
5.852711800947389520e+02
5.587719759118547245e+02
5.637986862646870350e+02
5.586594080148156536e+02
5.549610184228887420e+02
5.588169180172739061e+02
5.630901500949902356e+02
5.629921645021827317e+02
5.620411417944809500e+02
5.627420973175234167e+02
5.618855147196992448e+02
5.583546641998652831e+02
5.580431614734691266e+02
5.564758315339455521e+02
5.574369955444184370e+02
5.543799518628709393e+02
5.530500766260380487e+02
5.518880545789546659e+02
5.504669824334654322e+02
5.484446485244415044e+02
5.466600534009534158e+02
5.106823176001049660e+02
4.879329883012188702e+02
4.925787877995643953e+02
5.023745302775617461e+02
4.989374693613942213e+02
4.971580300100378054e+02
4.963558983698978864e+02
4.930241477319439696e+02
4.909222028936807760e+02
4.916439199310224240e+02
4.908161069990725309e+02
4.887422941639770784e+02
4.885527293764893102e+02
4.867810625464238115e+02
4.834550666692015852e+02
4.815701823756696172e+02
4.802154710782673988e+02
4.791612660016013479e+02
4.759248706662483528e+02
4.738963860331450633e+02
4.721625772706968291e+02
4.351928402185600930e+02
4.254605252382593790e+02
4.153224658369859412e+02
4.153984302821347114e+02
4.173374178649651753e+02
4.157801257289822274e+02
4.089158132735186086e+02
4.074482072073505492e+02
4.020085902347087199e+02
3.963048903947719737e+02
3.948525043687358220e+02
3.903039862668128990e+02
3.863029998915915826e+02
3.852994557500516066e+02
3.838105958131884563e+02
3.811214704862861140e+02
3.780291690794069268e+02
3.756416489491585935e+02
3.739605677249299447e+02
3.719617571063587320e+02
3.708159013581033037e+02
3.007554047591182780e+02
3.076780425193488782e+02
3.010351081831155966e+02
3.139127753567604486e+02
3.114077237077847258e+02
3.115062655379866214e+02
3.079240086166767583e+02
3.065249468744387968e+02
3.078097238187688731e+02
3.068979481533591525e+02
3.047057135486834341e+02
3.010661210243259234e+02
3.001819953678927391e+02
3.000942217439666138e+02
2.998740336123973975e+02
2.972239459379513846e+02
2.934412325176321019e+02
2.930802285453147533e+02
2.904521046296165991e+02
2.877421055294271355e+02
2.867394157568116384e+02
2.559002150266594242e+02
2.665743479140354566e+02
2.615033846797558681e+02
2.573571066816456323e+02
2.586542690653164414e+02
2.574091989362063373e+02
2.533521933666512780e+02
2.525386682184802964e+02
2.471523179443286722e+02
2.483822048965828344e+02
2.459877539667973281e+02
2.441988639487943260e+02
2.428701394706876329e+02
2.428836886527063541e+02
2.411642957627801991e+02
2.380086552167395268e+02
2.414169121180529487e+02
2.401056184807974887e+02
2.394213034462709402e+02
2.409144888111047180e+02
2.390927827398557497e+02
2.126483155919728461e+02
2.031057615155042981e+02
2.309521891893230929e+02
2.276306571406725254e+02
2.251822620559123607e+02
2.240534816490175558e+02
2.259372892113847797e+02
2.233210993984649519e+02
2.265347753970983433e+02
2.235367580069528515e+02
2.218740254934391487e+02
2.208679677045369658e+02
2.221026105441468985e+02
2.206083914952269822e+02
2.196686650260417366e+02
2.189639841603964499e+02
2.186133782643617849e+02
2.167869556402086175e+02
2.154409441679483166e+02
2.135043915100250729e+02
2.144185727334529190e+02
1.988598649018770175e+02
1.939558584185037091e+02
1.892213732820705729e+02
1.947418160430574119e+02
1.921567399594753738e+02
1.889266831285408728e+02
1.851096061611343941e+02
1.922718925905835476e+02
1.940682208893967982e+02
1.986571157366984153e+02
1.997786519481867344e+02
2.010290786086931405e+02
2.018473845351807086e+02
2.021328480738916653e+02
2.010906945888791313e+02
2.029671049510606906e+02
2.013986947549159083e+02
2.007729320162152931e+02
2.001754681128100231e+02
1.995790657578589560e+02
2.003312530406321059e+02
1.980599738705357424e+02
2.009152548193516452e+02
1.908548091785656311e+02
1.937961743661275591e+02
1.925508783304585450e+02
2.066636537585734743e+02
2.042904029272946218e+02
2.021222518030129436e+02
2.053921073757432225e+02
2.037343299289439358e+02
2.029766343932580526e+02
2.017210355918190317e+02
2.005021598901502102e+02
1.993733867266836057e+02
1.993105675905711962e+02
1.981218756907220495e+02
1.956147726282990789e+02
1.939833385179859420e+02
1.931354886188872229e+02
1.910884294725132406e+02
1.910292815694249384e+02
1.993554979340158297e+02
1.678676731166615923e+02
1.713023445428347316e+02
1.740217614382747229e+02
1.867540644715388680e+02
1.823463526856357362e+02
1.816065355659694660e+02
1.804414705337194391e+02
1.805132278198905738e+02
1.816698171895790210e+02
1.812855073871853904e+02
1.787209543809041747e+02
1.771485708080922734e+02
1.791572688702722473e+02
1.780412680241140606e+02
1.814405680654810169e+02
1.791830426801574845e+02
1.789266111002794730e+02
1.805131757057681057e+02
1.799421864362147119e+02
1.802978013480697825e+02
1.867370129741820506e+02
1.552433913486073607e+02
1.552862148393894870e+02
1.954747075088478709e+02
1.878587037908533546e+02
1.828644759389880790e+02
1.797185546619207344e+02
1.795879395863738637e+02
1.780261439159669408e+02
1.790928184029228589e+02
1.759329907617626816e+02
1.759167001957504510e+02
1.765878959184692292e+02
1.762177169191537871e+02
1.756990234047956960e+02
1.755297500551914140e+02
1.770404897893144778e+02
1.759889914496692143e+02
1.756655821156517732e+02
1.755425759790041127e+02
1.758158357418739115e+02
1.696217247901947758e+02
1.681713545171513999e+02
1.776572876525472111e+02
1.791819435303030161e+02
1.856641149702564633e+02
1.792113710047042048e+02
1.782330387215622522e+02
1.795705418174752026e+02
1.784333163838667247e+02
1.754599263066683932e+02
1.748080999999007759e+02
1.737983032384628359e+02
1.718869168449494964e+02
1.696726261528047530e+02
1.716093151152968801e+02
1.696493613854553359e+02
1.679053604169694722e+02
1.683477067577427420e+02
1.697511462030743417e+02
1.697595414789934409e+02
1.700309708974227192e+02
1.660600792552741893e+02
1.558473846371415164e+02
1.654201322965895997e+02
1.715954764211702468e+02
1.657315846060550086e+02
1.633415394069521653e+02
1.629642961097619036e+02
1.627685525108001912e+02
1.619551927685604653e+02
1.642323603492259281e+02
1.633036463470114938e+02
1.638073730773835450e+02
1.645326036705605190e+02
1.653376329188507157e+02
1.640359808793650700e+02
1.622979972446507304e+02
1.604914418209240239e+02
1.609278041410880462e+02
1.598955127769591229e+02
1.623527032682690106e+02
1.621731279484745869e+02
1.555104935382519784e+02
1.957254299144714196e+02
1.785977276507063891e+02
1.728908304868868413e+02
1.668638159153781544e+02
1.618443675046104318e+02
1.600708634637767318e+02
1.631157631073469361e+02
1.653445630525623073e+02
1.637225449375569326e+02
1.664030516125004340e+02
1.670156498795587652e+02
1.666303324460326678e+02
1.666386824568390068e+02
1.671561457092177818e+02
1.668761299906859108e+02
1.664174238064015299e+02
1.645283804038487858e+02
1.632375631103996341e+02
1.623608021308203888e+02
1.620984371458947066e+02
1.999121355444840731e+02
1.776982317703725300e+02
1.715905583913517773e+02
1.642343724279980393e+02
1.584004008634483398e+02
1.589998925941081893e+02
1.580337686499226777e+02
1.582129576748918112e+02
1.559133527833841129e+02
1.576779839504688709e+02
1.573712106358382243e+02
1.611067188247138517e+02
1.602090719619575054e+02
1.590944009378229964e+02
1.581384605765382787e+02
1.563911146848735996e+02
1.553277103501029046e+02
1.556393574616417936e+02
1.550034813938737557e+02
1.547227434769208685e+02
1.542026639172966895e+02
1.416833813493157948e+02
1.463757793550562667e+02
1.490892648882320941e+02
1.568256642479670120e+02
1.532426250153452543e+02
1.505794336997616369e+02
1.507142845499672319e+02
1.506351930329942093e+02
1.503510219009967557e+02
1.519638621270100600e+02
1.510845446301387085e+02
1.524393248592799353e+02
1.524663388954061531e+02
1.520573541346651041e+02
1.535353966793872758e+02
1.537802441428585780e+02
1.530194532123553870e+02
1.531533134647491750e+02
1.539323104773006321e+02
1.542754742089261981e+02
1.540913305056327260e+02
1.577927075010363183e+02
1.434773953958792845e+02
1.371689651255406091e+02
1.388931468107774947e+02
1.405841956173871381e+02
1.410865260567738346e+02
1.420540682089607571e+02
1.395458064129533398e+02
1.404208987659033312e+02
1.508208799556132078e+02
1.483755795710963241e+02
1.478645332731886981e+02
1.469665614417616837e+02
1.492213095744606335e+02
1.494531258773242257e+02
1.493122080428668141e+02
1.504642085660566977e+02
1.509327031550189702e+02
1.505587242185321770e+02
1.502980252089202509e+02
1.513892495447613271e+02
1.750866947078746989e+02
1.620607201902375039e+02
1.633528281057368474e+02
1.620039375103485781e+02
1.586392029570419879e+02
1.569409181323470648e+02
1.566185548775550558e+02
1.536370953169135305e+02
1.581068485191859452e+02
1.567383494023129629e+02
1.598752989765937116e+02
1.583120133329220209e+02
1.577588159486379027e+02
1.577436153786818807e+02
1.569041211604015587e+02
1.558594543033125035e+02
1.557449365576571267e+02
1.545679391784991594e+02
1.532237338355416512e+02
1.518582916133401852e+02
1.505519790928554187e+02
2.747343577101033816e+02
1.779048259376882015e+02
1.661420231826495808e+02
1.596699639598563181e+02
1.548413646803601296e+02
1.551163592459820961e+02
1.538129489775525371e+02
1.563806102188101761e+02
1.565033590327845729e+02
1.554583239555389298e+02
1.543746831326359938e+02
1.517175658050925620e+02
1.515856920485551882e+02
1.520986526281643023e+02
1.516151956806051828e+02
1.505523031307766928e+02
1.497330971032575349e+02
1.485518497721909910e+02
1.486261952548697138e+02
1.468877893955374248e+02
1.476909265795015358e+02
1.183379416181058303e+02
1.335369453207494246e+02
1.297623929179625009e+02
1.312722118845824184e+02
1.348084044425830257e+02
1.363130158230736697e+02
1.380121192700382267e+02
1.373991344225844102e+02
1.369565763606979090e+02
1.367662488329778228e+02
1.420470449395626247e+02
1.416145891076756413e+02
1.427009915447280264e+02
1.413905041817407096e+02
1.410546226126589033e+02
1.405830149727874243e+02
1.401284476507410943e+02
1.393642105195130512e+02
1.431502352353308538e+02
1.441259623831375905e+02
1.435385111745655990e+02
1.341551394871020193e+02
1.290340164871595050e+02
1.326819616535128148e+02
1.372045099729196238e+02
1.328894380043881256e+02
1.312346381966630702e+02
1.302090307781216723e+02
1.295936674518043503e+02
1.328513934513365200e+02
1.355341368966404048e+02
1.355455669059459183e+02
1.358809898801426073e+02
1.371221209351822665e+02
1.428770247067855053e+02
1.416331424583302976e+02
1.410039882391502601e+02
1.428122088279582442e+02
1.439144630403610847e+02
1.440835989564178021e+02
1.455141585897124514e+02
1.451028768492024028e+02
1.312317751470947087e+02
1.315054662060851740e+02
1.363070178195144990e+02
1.428307568599215926e+02
1.474569607342791642e+02
1.467946975276264254e+02
1.431302673405345729e+02
1.428305275423392686e+02
1.425288718862312294e+02
1.441185508372185495e+02
1.426416497748608947e+02
1.406804561729189231e+02
1.442383015540807776e+02
1.436318117560445273e+02
1.431298028470556574e+02
1.452656401211822583e+02
1.446790536422865330e+02
1.444164677947264295e+02
1.431926340638240731e+02
1.417310713432091234e+02
1.413112341318104086e+02
1.449495187156382201e+02
1.379849674182428600e+02
1.339173491231103412e+02
1.356107433291900861e+02
1.398973735371665441e+02
1.410434457343123427e+02
1.393489966501738309e+02
1.380857640306970495e+02
1.384221731309068559e+02
1.370193263898910345e+02
1.414392046492902750e+02
1.402822819781037822e+02
1.396291449848353068e+02
1.412034297559484628e+02
1.404360724150366764e+02
1.411981371288468665e+02
1.405172252119479310e+02
1.410310916391595981e+02
1.419054002147832989e+02
1.412329507930909926e+02
1.400478227509359215e+02
1.271686395150989881e+02
1.400691354334917378e+02
1.483865784980695821e+02
1.433736634405327379e+02
1.421313754706766872e+02
1.441185943305886212e+02
1.402163079837220607e+02
1.387873683219098382e+02
1.376375622876485068e+02
1.370082894912725067e+02
1.434124105001108944e+02
1.430134147487260066e+02
1.422208794190932792e+02
1.433439900234690469e+02
1.424269848228816215e+02
1.425890117147773140e+02
1.413249853725619403e+02
1.432950516943143668e+02
1.425226567442106500e+02
1.421803964096936568e+02
1.420346292231422183e+02
1.308099348738460606e+02
1.332897866838224274e+02
1.276634271873359836e+02
1.280120285690817354e+02
1.308353813620539654e+02
1.283746236696306653e+02
1.321699891451571602e+02
1.364274322629441087e+02
1.368891099831766667e+02
1.396004039814433497e+02
1.403581103643681729e+02
1.378862433298230030e+02
1.362026289484251720e+02
1.387136105853795129e+02
1.399034454033673001e+02
1.388523720270922013e+02
1.385617677787008120e+02
1.387040061348559163e+02
1.392911463103508538e+02
1.390669326930362217e+02
1.390165762556393929e+02
1.295897101700084590e+02
1.231387112733066118e+02
1.186315351221057171e+02
1.264415850476143106e+02
1.278158110658269777e+02
1.331660920216288559e+02
1.350092202684280949e+02
1.355529148943466282e+02
1.340560354551011528e+02
1.338449026711967633e+02
1.341863159043354017e+02
1.340716326964655991e+02
1.343697156403295025e+02
1.335921971197159337e+02
1.337720970190594016e+02
1.343928064492206715e+02
1.347685697007138970e+02
1.344798011683954826e+02
1.357813547889068957e+02
1.354238899305802306e+02
1.357798981254875059e+02
