3.422971884339618214e+02
3.316702042638765420e+02
3.158902414323179073e+02
2.915945030278926424e+02
1.730992303151810177e+02
1.770109119415183159e+02
1.729789880887505262e+02
1.727968374278367207e+02
1.695406457950511765e+02
1.655911295023188075e+02
1.661297841071790629e+02
1.655482910714567595e+02
1.574475231244229860e+02
1.552284703419051937e+02
1.527771817544079340e+02
1.527396411223846258e+02
1.443677298168180414e+02
1.334920796312090943e+02
1.296696597124004313e+02
1.236675030930610717e+02
9.891348776418109878e+01
9.039742035657684482e+01
8.630806209664829964e+01
8.151017251251066398e+01
6.615440546042724179e+01
5.877671895163498306e+01
5.604330946656964585e+01
5.362890638840412549e+01
3.670465703737180974e+01
4.131925862374103531e+01
4.066950608881747797e+01
4.022807490330963986e+01
3.523092213881484724e+01
3.583472947994255975e+01
3.452197795098437183e+01
3.382162711334193972e+01
2.957488956201845198e+01
3.115373757005160371e+01
3.011830163874572364e+01
2.915629442398475391e+01
3.060522195565388159e+01
2.841762778297090364e+01
2.736080522647753099e+01
2.610602336158142833e+01
2.233264556070975004e+01
2.350740877749371904e+01
2.470227969131898504e+01
2.447401007069514023e+01
2.321433061518501262e+01
2.236179086397312687e+01
2.303636248726298774e+01
2.273737282417765115e+01
2.045360253588727062e+01
2.184486077363495937e+01
2.141694557338784577e+01
2.077620398885308362e+01
2.073651367695884318e+01
1.975003369945028098e+01
1.925082191021710543e+01
1.980117561132707849e+01
1.945988896984083283e+01
1.859471956521554503e+01
1.837720603691846577e+01
1.821540207082214380e+01
1.781563388424114436e+01
1.792333836973239869e+01
1.937530389025016575e+01
1.869922848699782492e+01
1.765719507275998978e+01
1.761889125724612626e+01
1.675394940351801409e+01
1.694210946091527958e+01
1.552183307933703738e+01
1.561918642546519465e+01
1.520756117241874428e+01
1.546926862952432913e+01
1.447263972981140867e+01
1.632093410062483230e+01
1.561857473578171884e+01
1.569532851726603973e+01
