7.202554235546213022e+02
7.218573460688719479e+02
7.216216338135858450e+02
7.177828182586735011e+02
7.149454376660668231e+02
7.124379913021596167e+02
7.103397534419577823e+02
7.074461213058683597e+02
7.045820172959041656e+02
7.013598785035810579e+02
6.977970732165767913e+02
6.936649876898052298e+02
6.898189419218419971e+02
6.846864287664388939e+02
6.796753963568996824e+02
6.749057498744751911e+02
6.693753524591872974e+02
6.632198218017620093e+02
6.569952652451784161e+02
6.526246200805231865e+02
6.482891113080590912e+02
5.617677626249446803e+02
5.650658620480365926e+02
5.618981864013485392e+02
5.681564376080690408e+02
5.604653737561642401e+02
5.581433991777016672e+02
5.616225012765286237e+02
5.631839532363858325e+02
5.592460958308066665e+02
5.607323459103259893e+02
5.598005331874644526e+02
5.600309440326311687e+02
5.613339016925369833e+02
5.614970690407882330e+02
5.601462308574954250e+02
5.594057846479943237e+02
5.605613355900786701e+02
5.590334573571749388e+02
5.573703515158412074e+02
5.564168490047482010e+02
5.552946987615916896e+02
5.279665979936225995e+02
5.454939345762763878e+02
5.474109525954015680e+02
5.493400613798656877e+02
5.449950229147209484e+02
5.406084194298927059e+02
5.411792895565259869e+02
5.396449162781298128e+02
5.396336087817005591e+02
5.352534202660178835e+02
5.334955312910514067e+02
5.324015101645600225e+02
5.328348690826798020e+02
5.302696240908760501e+02
5.289116337940299672e+02
5.276561566448873464e+02
5.259019421776673653e+02
5.249853098195738994e+02
5.237480675200145015e+02
5.227327341933061007e+02
5.205654442625710772e+02
4.916250167076053117e+02
4.912896254511875327e+02
4.875890418486227418e+02
4.915934388751691699e+02
4.857300975032554220e+02
4.789565541393693593e+02
4.741051373274876255e+02
4.719252701640697296e+02
4.700363945679708877e+02
4.642699746005254724e+02
4.607020287736707473e+02
4.567286909427102728e+02
4.522670467031977068e+02
4.500916190632061671e+02
4.466512907345255030e+02
4.428295799471276837e+02
4.376569322021409221e+02
4.330515873173812338e+02
4.297005083379129928e+02
4.251912159366356718e+02
4.215707928923931149e+02
3.092622454395947784e+02
3.033695972353516481e+02
3.092095632976430579e+02
3.063149619812126048e+02
3.049227126742501355e+02
2.989174172666977825e+02
2.973829822358689512e+02
2.972604970422622159e+02
2.978693475899386272e+02
2.972748107137004467e+02
2.937040509831028317e+02
2.914073987108988604e+02
2.873988995857798159e+02
2.846351667482641687e+02
2.814295798898314160e+02
2.797056162300020787e+02
2.773262034577037412e+02
2.737241685381808907e+02
2.714713511481818955e+02
2.680144221913844831e+02
2.663554055219785823e+02
1.987549519280341883e+02
2.178818903074997877e+02
2.176700696369547359e+02
2.128388779688141312e+02
2.200165576495840583e+02
2.176404871174617881e+02
2.138160824243844331e+02
2.113126102805189817e+02
2.053398492303994374e+02
2.026407667792708196e+02
2.009535371901703797e+02
1.996322257582601196e+02
2.039894617573857545e+02
2.042518338475408655e+02
2.048058182757412737e+02
2.038055323447766796e+02
2.029846233372587676e+02
2.018457587050608595e+02
2.012780718121420307e+02
2.009906321350271980e+02
2.008675527292917309e+02
1.942255296182283644e+02
1.944630091910292435e+02
1.840291914988618203e+02
1.754860128642417010e+02
1.837618821618267191e+02
1.798940307317750467e+02
1.782832372794837852e+02
1.733355291114523880e+02
1.704615379483834658e+02
1.760938565335375472e+02
1.754971584784827030e+02
1.765962890099629590e+02
1.766832094050898263e+02
1.749828017937451250e+02
1.751910547781763228e+02
1.761315016387119385e+02
1.763414907728159733e+02
1.767272752879095208e+02
1.761130493905974106e+02
1.753149411845088537e+02
1.753930630427308586e+02
1.530131035593024649e+02
1.609417622260584722e+02
1.697175800841688726e+02
1.715517265926063715e+02
1.645610247886457103e+02
1.638891087328527760e+02
1.650949482108752875e+02
1.632577814370875728e+02
1.646032316665891244e+02
1.650422204094173537e+02
1.673289853164214946e+02
1.678315904994608161e+02
1.653900206293699569e+02
1.634227192476653272e+02
1.633869452881681354e+02
1.631149835796280172e+02
1.617726569235449290e+02
1.611150174302019877e+02
1.591412550413813278e+02
1.565511650590540569e+02
1.568416977912222592e+02
1.605552244781222555e+02
1.414898921185291556e+02
1.425669098080236097e+02
1.426338574986070569e+02
1.409995248100543392e+02
1.385422863840969114e+02
1.393519475895296864e+02
1.448390275236194782e+02
1.442042038524883196e+02
1.476765675362231036e+02
1.490961140416048920e+02
1.470574634644303842e+02
1.467327810789309694e+02
1.439843909472223800e+02
1.433606047867343136e+02
1.420362856170082182e+02
1.422069443974136789e+02
1.432356580981368950e+02
1.433324646200508710e+02
1.442355002696173472e+02
1.440422835302487385e+02
1.385112185218360992e+02
1.347378364762030571e+02
1.288024230299285193e+02
1.258408590147016355e+02
1.248002029956938230e+02
1.282774828746809419e+02
1.264189404417092817e+02
1.269685794040427425e+02
1.260408218221558627e+02
1.247554116796057855e+02
1.247499172562555714e+02
1.247360177670605879e+02
1.233330057347347406e+02
1.288526529912594469e+02
1.304150606593727275e+02
1.310836664529646214e+02
1.311249697415017579e+02
1.300513303723352578e+02
1.299558400999501089e+02
1.286793444606152264e+02
1.305063720650841788e+02
1.395299556699283414e+02
1.429772713295910194e+02
1.349769877804240252e+02
1.280265526467284189e+02
1.405165653105408978e+02
1.374528430651991755e+02
1.342557106075473712e+02
1.352162514040136898e+02
1.334508130673126800e+02
1.301848440361767985e+02
1.319197829744326214e+02
1.308598215999258514e+02
1.283243347917113510e+02
1.266470930689471999e+02
1.282078330985278853e+02
1.272774356163903349e+02
1.269544283397267748e+02
1.264587808751462887e+02
1.286441023068288416e+02
1.273074546578796316e+02
1.278089345359341138e+02
1.147862257082862669e+02
1.172313855732208623e+02
1.213039436326319986e+02
1.215167045525305269e+02
1.197889036877275828e+02
1.164790989467655464e+02
1.173018984051545175e+02
1.140969484174229223e+02
1.126982171555060148e+02
1.138372217688866073e+02
1.120134087693927398e+02
1.109232012525024516e+02
1.092919145171474042e+02
1.094445341709355830e+02
1.096707684746231450e+02
1.091079343955381233e+02
1.101252297212168116e+02
1.093692831803309957e+02
1.093693372630724667e+02
1.111584832864158443e+02
1.109669566542281842e+02
9.382603790414884770e+01
1.030977746977714276e+02
1.025882668270167386e+02
1.106680893252849529e+02
1.072312656954147343e+02
1.056826448321422873e+02
1.044138751881258571e+02
1.066650071957391646e+02
1.110897466372784805e+02
1.099912987536921491e+02
1.108854941127127063e+02
1.108165924106142057e+02
1.096464929495819405e+02
1.079175255243267912e+02
1.073660140934379399e+02
1.070952957386508615e+02
1.074330285758482688e+02
1.072478415561123910e+02
1.089141282891353768e+02
1.085734637251877501e+02
1.085425086632974256e+02
