1.723209513912271120e+02
1.709251336055442891e+02
1.696359530530028508e+02
1.682533751234377632e+02
1.668395847820260371e+02
1.652740083799427282e+02
1.637252035148768243e+02
1.620109756756288277e+02
1.602519903641566827e+02
1.582533073817231468e+02
1.561168054485020775e+02
1.538709226384180511e+02
1.515827398416662106e+02
1.487337508640450778e+02
1.461484045257226683e+02
1.433629416693687233e+02
1.405930945564106764e+02
1.376203427528138263e+02
1.352822381122282422e+02
1.330882947668458485e+02
1.312855434251071358e+02
1.297854671304632177e+02
1.281781522365662056e+02
1.268610412600697117e+02
1.253768993498213717e+02
1.238190783471512049e+02
1.224258953613439758e+02
1.210748589188716267e+02
8.972865104653277513e+01
8.885405889151951442e+01
8.724890019052217838e+01
8.768356453233957382e+01
8.746960416478569300e+01
8.917450041394896232e+01
8.871391939012760020e+01
8.906551105430693838e+01
8.915894377607162369e+01
8.919013735798669984e+01
8.875061970931193400e+01
8.883154700199413867e+01
8.879282435033312026e+01
8.912518359717242333e+01
8.921299876336820489e+01
8.950523537893337789e+01
8.952589922817683998e+01
8.911177945895332186e+01
8.875256862215785247e+01
8.834763471339682894e+01
8.816878259600227352e+01
8.809722122194261829e+01
8.798510961702690736e+01
8.784483266009789304e+01
8.784537777279678039e+01
8.778237460259880720e+01
8.779994149461759889e+01
8.750289512345143805e+01
8.963993413297927759e+01
8.400052522638256391e+01
8.399481258322384747e+01
8.401714952142626203e+01
8.464751527575762680e+01
8.463575662327379234e+01
8.502940027922714705e+01
8.468609538047114427e+01
8.407652439385431364e+01
8.419454189082388496e+01
8.373326542383544790e+01
8.362780712429572816e+01
8.379318179259597343e+01
8.330407539764100022e+01
8.289963899662139113e+01
8.269832429293829534e+01
8.265249061400851360e+01
8.251533110724528797e+01
8.223102476330890909e+01
8.183864017947205127e+01
8.173283949607917975e+01
8.139270223484774647e+01
8.115346298939209646e+01
8.098889452952367662e+01
8.072191440117217098e+01
8.077444692940170512e+01
8.055852586604783028e+01
8.038890017354508188e+01
7.491228691325594014e+01
7.724352671858055430e+01
7.675221284132953770e+01
7.750115978259069038e+01
7.584531855952738510e+01
7.499514099067326356e+01
7.465116213715957372e+01
7.434219160358705381e+01
7.360670541445558968e+01
7.328675627629296230e+01
7.266872563250312567e+01
7.280655967025697350e+01
7.290341675064011895e+01
7.258757814053952018e+01
7.203535542488478427e+01
7.193488742116090862e+01
7.188738895746909918e+01
7.140002215503734817e+01
7.086571647883151570e+01
7.040941329403982252e+01
7.000344817083976068e+01
6.977512410699085876e+01
6.954054204326311606e+01
6.932051860767452922e+01
6.906337661315272669e+01
6.873641469655420622e+01
6.854648645812682162e+01
6.833246072724399767e+01
5.501947071861611960e+01
5.809526124751092624e+01
5.760755618350023610e+01
5.912668140719461718e+01
5.785380240626945181e+01
5.765176962740939359e+01
5.801680863085127982e+01
5.789533835498772163e+01
5.711487258071505835e+01
5.706254554925819633e+01
5.705990617017570798e+01
5.662936605499914577e+01
5.657467214403491340e+01
5.642613963821014522e+01
5.608935827163271881e+01
5.590897746793359602e+01
5.574803188492935391e+01
5.555133784490986670e+01
5.522297158998429722e+01
5.483993531762664020e+01
5.464256525527634523e+01
5.443654976375329824e+01
5.421266920647842369e+01
5.404365051681745769e+01
5.382315256187288099e+01
5.340271416577746066e+01
5.312337234175981138e+01
5.288034400495591569e+01
4.688341404104016874e+01
4.520447075289219896e+01
4.426101642519635249e+01
4.579879622352644475e+01
4.542249628516081827e+01
4.459977826839887882e+01
4.445157698201674634e+01
4.453143770473031537e+01
4.416180185781969669e+01
4.360112510424675492e+01
4.318245373424451117e+01
4.271428305381940049e+01
4.254361197088831403e+01
4.208400032398272828e+01
4.188774763563188941e+01
4.156761670409466092e+01
4.148694948833872331e+01
4.130624674994214018e+01
4.087227571788442049e+01
4.076140599963297007e+01
4.056843511818141934e+01
4.050103178557203165e+01
4.034375826592643932e+01
4.026053088550271752e+01
4.008095808225608891e+01
4.005370828892738899e+01
3.986874617288119538e+01
3.963728736859520296e+01
3.866120171608341138e+01
3.632035617321284349e+01
3.724302595509804803e+01
3.715400074609146941e+01
3.673455315202097893e+01
3.607679066478959840e+01
3.591071388711938539e+01
3.535968368940309858e+01
3.474980460228163537e+01
3.453356868271853131e+01
3.488383521990378000e+01
3.476914873492422231e+01
3.441610017804985233e+01
3.422972513091010427e+01
3.396676619166391475e+01
3.357753027524831424e+01
3.375837136683866646e+01
3.352079106348528370e+01
3.328970547780484424e+01
3.313467336626722215e+01
3.294465082963230884e+01
3.271945700656669231e+01
3.243866272139666762e+01
3.224782803350308313e+01
3.201291473012787492e+01
3.193198659670973427e+01
3.190535665921811415e+01
3.185054896131532587e+01
2.960659175362820505e+01
3.044648556541252660e+01
3.070584052074389803e+01
2.934121986889785916e+01
2.874442112680478800e+01
2.860910108033677091e+01
2.929375275379815236e+01
2.914041530952120596e+01
2.860531211738210544e+01
2.868989560638259206e+01
2.872505830836874452e+01
2.862484651878711617e+01
2.851505572410719935e+01
2.843588206914720473e+01
2.843357741533305472e+01
2.842669524226655042e+01
2.845162049807021987e+01
2.832211478604800092e+01
2.825130752640161091e+01
2.805725556216748373e+01
2.783250488932484856e+01
2.768503594385438404e+01
2.777256189515435381e+01
2.767940762123975773e+01
2.762630037701605090e+01
2.738674042308562306e+01
2.725995893288266103e+01
2.719319155408820521e+01
2.854518466621679096e+01
2.481711823279645301e+01
2.545850134481025862e+01
2.546628100073693446e+01
2.532659976699959969e+01
2.516091732044221629e+01
2.505715493958686224e+01
2.517993515297095897e+01
2.506609767838835623e+01
2.479545169619528266e+01
2.464854126004607693e+01
2.436334439234433091e+01
2.451366655864678634e+01
2.439341554989433902e+01
2.435445473176173437e+01
2.443332755856334870e+01
2.434755693338820137e+01
2.468302110784696524e+01
2.475657766000126614e+01
2.475828636092778012e+01
2.477982680813594385e+01
2.479291482507498756e+01
2.475638520648379526e+01
2.461020745167712320e+01
2.458458336649308151e+01
2.469410820144280549e+01
2.475196712089373818e+01
2.474868690486940892e+01
2.351197727045040153e+01
2.660634687982529201e+01
2.692467366787071725e+01
2.545151999043039481e+01
2.490801696289873846e+01
2.416670807757824946e+01
2.406196323304321893e+01
2.468890750543111778e+01
2.444036582758459986e+01
2.427611285056334722e+01
2.418132435592769269e+01
2.407203647935354596e+01
2.429730862482774967e+01
2.465086910240823315e+01
2.419656610240457795e+01
2.388799535560649545e+01
2.381432327580111519e+01
2.386580815820099488e+01
2.372378396704111836e+01
2.378777260905877355e+01
2.363100212031438119e+01
2.354619173411415645e+01
2.345396126275299054e+01
2.348139681277142543e+01
2.345897523933316009e+01
2.352427388322224644e+01
2.352958125319455007e+01
2.347633537765187484e+01
1.966924528783232518e+01
2.193058865281559378e+01
2.215082890383598979e+01
2.235849800026778667e+01
2.191680920848312653e+01
2.171107122682009560e+01
2.219684613589947375e+01
2.225253457648820543e+01
2.221821634375652721e+01
2.242134003565281120e+01
2.226826817485016008e+01
2.210376475567268884e+01
2.204233442662532738e+01
2.223961919199435044e+01
2.234151030119668846e+01
2.228659352088594758e+01
2.239428150413959173e+01
2.225943546137986928e+01
2.215892082158745069e+01
2.225589683986241951e+01
2.224806597605934044e+01
2.237443552536834801e+01
2.226720049543082069e+01
2.223310279322639360e+01
2.224630562196370320e+01
2.239863751583777329e+01
2.234833850106556952e+01
2.234005329231554526e+01
2.111020712146022049e+01
2.313003266043095607e+01
2.192774257795556281e+01
2.230021982600784725e+01
2.203371282922194752e+01
2.197928373367673771e+01
2.191768374746186154e+01
2.196988280245769332e+01
2.186527360164345524e+01
2.173350368094642349e+01
2.183149728002174328e+01
2.189955997879764737e+01
2.186359829785629216e+01
2.191310696303684580e+01
2.174099984066270608e+01
2.172835160715252201e+01
2.171148606991888741e+01
2.163253521117718847e+01
2.146707263455688519e+01
2.163188688537960402e+01
2.149823277740869187e+01
2.135572895756656919e+01
2.137219418057277665e+01
2.137767898010694267e+01
2.144889495586992467e+01
2.142077831036387181e+01
2.136076809393641796e+01
2.132799747019965508e+01
2.474422654598872384e+01
2.349193278798106377e+01
2.184938413843063287e+01
2.106152101513625752e+01
2.110282458172244091e+01
2.092208193826748541e+01
2.093268388254226764e+01
2.080904238163977027e+01
2.056430072839531675e+01
2.111796755255432245e+01
2.133191973565563870e+01
2.096556903891910295e+01
2.078370399609796593e+01
2.088323832965731341e+01
2.120498309933136127e+01
2.101299444552395812e+01
2.093594026329368774e+01
2.088829921054939831e+01
2.103752206610280950e+01
2.101403898623519950e+01
2.102547202067584209e+01
2.099689294909692450e+01
2.098730448915507907e+01
2.101096807950423795e+01
2.103908145485531733e+01
2.102938498343097606e+01
2.110965084257911784e+01
2.108819414077254706e+01
