2.502990210643153546e+02
2.566115261071428790e+02
2.491424367246195288e+02
2.495058225629244077e+02
2.500642568716335461e+02
2.488326122370102382e+02
2.449953001657273717e+02
2.446843599420967621e+02
2.429637172045820535e+02
2.421963828162862171e+02
2.414284045269586727e+02
2.405252599254923496e+02
2.393347865458486865e+02
2.386768573695542557e+02
2.382582902680941856e+02
2.370057466137149049e+02
2.373729351368910159e+02
2.364305843096421711e+02
2.353007899675817214e+02
2.355097922359270228e+02
2.348211264431606651e+02
2.208962544112660566e+02
2.221077374186195357e+02
2.225565057511151679e+02
2.187738332536026746e+02
2.219359188200497499e+02
2.199209744966381948e+02
2.182461596717551515e+02
2.198210249404606600e+02
2.207526773826426734e+02
2.207051531346562001e+02
2.196846763949860417e+02
2.184809570480825585e+02
2.184947510692736898e+02
2.178208308363305434e+02
2.177880454390895864e+02
2.175605653298883055e+02
2.175196653199925265e+02
2.183870959330514836e+02
2.175843357834715448e+02
2.174475956436216677e+02
2.174943598409314518e+02
2.081786638940034209e+02
2.029781464618215807e+02
2.085475602635767984e+02
2.106406126346018937e+02
2.083356199540172895e+02
2.048578927053434029e+02
2.036337059830976557e+02
2.047006061853256256e+02
2.039000090874149294e+02
2.028999977326710393e+02
2.018975712485819543e+02
2.017634523975791581e+02
2.019206345597506242e+02
2.005852047842521415e+02
2.001164841789112074e+02
1.977975229226375404e+02
1.977717601579385587e+02
1.975678505355821244e+02
1.965665313425665772e+02
1.966823190657941609e+02
1.957631660197900487e+02
1.763870872442716689e+02
1.664226298009537004e+02
1.669309540370491334e+02
1.624455305604667217e+02
1.630431704127005048e+02
1.631505733572140855e+02
1.614188834287960788e+02
1.581831734932774793e+02
1.557947308245104239e+02
1.538506433474180710e+02
1.520767685209566480e+02
1.505294498550975675e+02
1.481491187408489054e+02
1.458992753918977030e+02
1.451257329213590594e+02
1.435578233713217458e+02
1.422430853735868652e+02
1.403539215681779240e+02
1.389400351590612104e+02
1.372209311610073144e+02
1.354945387027524077e+02
9.099055567677800127e+01
1.040305994056358827e+02
1.006974577225245042e+02
1.001576950006999027e+02
1.016130511678750139e+02
9.820642479814699755e+01
9.807684816409289397e+01
9.702201411564094258e+01
9.653971739635331062e+01
9.544011876811985928e+01
9.476343608099035976e+01
9.337395524932829005e+01
9.215252897592056058e+01
9.101847926026525215e+01
9.115631028522614088e+01
9.091589702816142449e+01
9.048872212987130581e+01
8.976405829128667335e+01
8.865068157213293887e+01
8.842881825206457336e+01
8.798980981451630612e+01
8.312505024014149058e+01
6.994801576822293043e+01
7.419927510070111509e+01
7.573179931496414952e+01
7.824628003146992228e+01
7.958036185572230181e+01
7.945221556996089873e+01
7.756653336672343357e+01
7.712691573606113593e+01
7.624515207164650121e+01
7.525676692756123032e+01
7.446724565841616084e+01
7.341924740123253912e+01
7.311239119038148715e+01
7.272591420430717335e+01
7.284348991853039479e+01
7.407449647468698117e+01
7.417042054188583222e+01
7.380673474208985851e+01
7.364398450276777908e+01
7.295032569739957751e+01
7.684241652057312422e+01
7.248167665876262333e+01
6.673783126487130346e+01
6.996121339582605003e+01
7.159371926156170218e+01
7.172804214553995905e+01
7.049904203565303362e+01
6.991141857291344763e+01
6.891411412961636529e+01
6.854458467993973159e+01
6.993881551978168432e+01
6.968111217530916690e+01
6.922518405739758407e+01
6.857265080929795431e+01
6.797737329527971895e+01
6.737891382649658567e+01
6.686961292348971142e+01
6.719410229738761586e+01
6.667492673403620529e+01
6.634563878772257794e+01
6.592096596274109288e+01
5.972377513509438529e+01
6.169230902999907329e+01
6.170874012389171526e+01
6.430526191955695481e+01
6.492841730784795118e+01
6.390067200327148100e+01
6.384963567899765735e+01
6.301408572294448618e+01
6.285680268011246596e+01
6.245738638311142665e+01
6.330092535287264610e+01
6.265595933234370563e+01
6.198214043710339638e+01
6.213619209377075947e+01
6.283949079245167013e+01
6.285134031773305452e+01
6.207351863976697359e+01
6.146622617386763210e+01
6.102752524873503859e+01
6.142465624682883174e+01
6.106120087648278627e+01
5.607392358628516149e+01
5.548718502985539658e+01
5.944291766815800315e+01
5.930657348994757427e+01
5.912826902403656248e+01
5.813147737176691976e+01
5.646130876669484877e+01
5.693745263416881386e+01
5.659283741727576711e+01
5.794490296040509492e+01
5.794530856754177250e+01
5.875856114191071100e+01
5.833626004600683501e+01
5.810460300643335785e+01
5.778474174323374513e+01
5.811788452307234110e+01
5.800079179035598997e+01
5.757755118329763633e+01
5.691150092581098363e+01
5.641405495269027881e+01
5.616058085040071290e+01
4.585700938490094813e+01
5.308866802426881293e+01
5.171633812152148124e+01
5.143143238376358539e+01
5.406150526209223273e+01
5.711180540662426353e+01
5.610959915490541050e+01
5.634347591566939428e+01
5.539761169594239476e+01
5.475502396542650985e+01
5.384782721713552434e+01
5.331631555661174104e+01
5.346144683208821391e+01
5.351984770424239457e+01
5.324180581435250303e+01
5.334748915020370674e+01
5.442037125772201023e+01
5.401183669318086800e+01
5.437272887282806266e+01
5.480013292975922212e+01
5.456122984862233238e+01
5.495137608845151789e+01
5.596014706370856118e+01
5.307464740552146765e+01
5.083291229937992028e+01
5.113976912739853731e+01
5.008527289824169770e+01
5.027886796408551362e+01
5.013080010709035861e+01
4.909792939130798572e+01
4.926969858381978895e+01
4.957455354443046502e+01
4.951041839490665808e+01
4.940704663397420404e+01
4.946707740349292237e+01
4.901008610706558244e+01
4.879306278679312925e+01
4.891307079707031136e+01
4.891541075332003174e+01
4.922813245064407539e+01
4.943255787219968056e+01
4.952622394371661585e+01
5.121096725973958286e+01
5.002739119161613246e+01
4.952469248142491409e+01
4.790864405147977578e+01
4.759598558015487413e+01
5.047838722242610032e+01
5.028885150561038131e+01
5.153645589653691417e+01
5.120043080490884080e+01
5.075530993359338083e+01
5.046033797667904253e+01
4.956072121153457033e+01
4.910248458764522184e+01
4.891256456356684623e+01
4.909259022305187159e+01
4.918039054120789899e+01
4.882511803583578569e+01
4.851965979861061840e+01
4.843175911867176353e+01
4.794854086574058272e+01
4.754835201212293327e+01
4.608462155709096919e+01
4.359352019490187757e+01
4.646263084433550006e+01
4.707296169360331817e+01
4.712862841446124662e+01
4.951919789271956063e+01
4.843533699734478404e+01
4.910603154743636622e+01
4.886799524165291331e+01
4.786106733997033302e+01
4.835916167177160219e+01
4.781361061037822680e+01
4.759861775047911436e+01
4.760833929997428271e+01
4.757262648203940358e+01
4.730328089855152740e+01
4.735029475814181410e+01
4.724549792718650565e+01
4.700043654692261441e+01
4.651016413135545235e+01
4.636811780213309220e+01
3.560248440776307888e+01
4.185878657796641278e+01
4.400919034066196645e+01
4.335509449693989836e+01
4.407252629273401823e+01
4.384435776782579097e+01
4.495774118973215394e+01
4.471660933491651235e+01
4.427830572526053743e+01
4.433469757510146536e+01
4.470125754047607813e+01
4.469540779968922806e+01
4.354693181023040438e+01
4.339999376516696827e+01
4.301265921474102782e+01
4.291438438661839427e+01
4.394687449865233475e+01
4.399660981302739771e+01
4.382421279214388221e+01
4.417905927874284089e+01
4.410810308187457451e+01
