7.198038371333773284e+02
7.074476219731635638e+02
6.914089251895746884e+02
6.663181204329605407e+02
5.515983413608597630e+02
5.592113132431621807e+02
5.554403264179341022e+02
5.555331484366738550e+02
5.625792632450383053e+02
5.376928118892058137e+02
5.363571505955987959e+02
5.284293093880552306e+02
4.869587510163228785e+02
4.760306821563522703e+02
4.588888093512422302e+02
4.401875330880600927e+02
3.204679144672756479e+02
3.054568461860811226e+02
2.911312598954471014e+02
2.793387896205626362e+02
2.234286928831507169e+02
2.134217525623295728e+02
2.168353179640702706e+02
2.089322003368628486e+02
1.784499798015324075e+02
2.012908867679826415e+02
1.941591182500453101e+02
1.880975040022835003e+02
2.013357886452387788e+02
1.719950453279104465e+02
1.810619446957494745e+02
1.737504763091027087e+02
1.667307303836614665e+02
1.595682899732749718e+02
1.495846929945505508e+02
1.533702570764376674e+02
1.512243536960894232e+02
1.379619915521481914e+02
1.554362885137629462e+02
1.615141040144833369e+02
1.488515893568139177e+02
1.465282666620313137e+02
1.411101659988667336e+02
1.359437320315877855e+02
1.199916332828810255e+02
1.206060715759646200e+02
1.224435802446716508e+02
1.239110682763909494e+02
1.285531320561433688e+02
1.231284276489232496e+02
1.259643181187010157e+02
1.201900041347874009e+02
1.122279322775189598e+02
1.109983795885585209e+02
1.236416615306286246e+02
1.303753552651519954e+02
1.146705812577084913e+02
1.087454124588914652e+02
1.106013553757561283e+02
1.088167371150556164e+02
9.207347122511852433e+01
1.028573395805212556e+02
1.045284506024748197e+02
1.042373150580439614e+02
8.803968679937442232e+01
1.025102172480319638e+02
1.009617397936902137e+02
9.888210371179677338e+01
9.572230940860681869e+01
9.846993770730757944e+01
9.609407030352272727e+01
9.440975834687920099e+01
9.515775457408450677e+01
9.142897260126879644e+01
1.041259835579470803e+02
1.022410657442411122e+02
7.712737763451717399e+01
8.314579538949010384e+01
8.483390719443821126e+01
8.516941276131410632e+01
