1.723540856283225651e+02
2.918430611724269284e+02
2.186433613953590509e+02
1.953560829285662237e+02
1.823642853011814395e+02
1.723495998083424752e+02
1.614668366908876180e+02
1.521806097197564895e+02
1.448865400634728360e+02
1.387252282561870800e+02
1.344688421198774790e+02
1.303910213483632106e+02
1.267727026971372908e+02
1.243108154716653644e+02
1.217890846734077002e+02
1.195874205301999780e+02
1.175946028212798780e+02
1.156496388969944036e+02
1.138601177808816374e+02
1.121872998515923001e+02
1.104879013439124122e+02
7.127396762367814631e+01
7.767583955992573408e+01
7.867098252842455963e+01
7.768418509964696739e+01
7.659439824025596977e+01
7.416013940397108684e+01
7.201521578018723346e+01
6.957476444019816597e+01
6.811331596900402019e+01
6.737052392719982663e+01
6.648516783278761011e+01
6.561195705945459622e+01
6.398089486164925432e+01
6.272797453500327691e+01
6.129106086851027868e+01
5.977270726740782436e+01
5.834354762265920868e+01
5.680796083054129753e+01
5.546157567559760793e+01
5.425970576735289796e+01
5.297348647658064635e+01
2.861735170047375476e+01
2.690187756453915924e+01
2.675523746719377272e+01
2.601588989530944218e+01
2.582792924540810375e+01
2.644949775935625880e+01
2.576495071431163097e+01
2.574726968075237110e+01
2.529286509690945195e+01
2.503467549571492512e+01
2.506242995643000882e+01
2.489854019255163919e+01
2.485084705547203754e+01
2.469565479117416373e+01
2.473737851411309308e+01
2.475990235828453123e+01
2.457167543967043244e+01
2.427752640887676350e+01
2.375768357093113536e+01
2.343932331671024727e+01
2.306926738952777356e+01
1.625417647178817759e+01
1.605298368115452590e+01
1.672472330747993396e+01
1.624106260822286529e+01
1.624719969811694753e+01
1.509486959694076980e+01
1.482012488155890217e+01
1.454023459593708445e+01
1.443064012537563023e+01
1.447551614688380361e+01
1.456714046453394396e+01
1.449889832551180824e+01
1.408709122894455135e+01
1.397191394874522885e+01
1.375452932940131490e+01
1.360357225362313294e+01
1.334599340387639721e+01
1.313020095784050767e+01
1.298331102589861707e+01
1.297125949891387720e+01
1.279968779570870296e+01
7.732874523562806246e+00
8.328371114205348036e+00
9.190772871484423234e+00
9.655596114046730349e+00
9.428022916433343781e+00
9.125549405898979671e+00
9.016055906056692493e+00
9.164469537642247587e+00
9.327048031938065975e+00
9.035009686508589155e+00
8.823057610349975377e+00
8.775715460038203020e+00
8.612133818646668715e+00
8.466394579730499359e+00
8.336021382940007385e+00
8.284447028425320880e+00
8.433079107485241366e+00
8.297258239296334992e+00
8.249167596248465628e+00
8.162697723191650212e+00
8.238900639024937078e+00
6.886962647511359670e+00
7.972421952829527925e+00
7.143240427618653854e+00
6.495953649860906509e+00
6.537266077111170581e+00
6.352426152423272576e+00
6.253664144645209255e+00
6.004753555022704248e+00
6.224143577824325035e+00
6.186013965013034799e+00
6.389839077323877348e+00
6.249847830692460526e+00
6.102891046257330920e+00
6.165966358750750054e+00
6.045810879209670752e+00
6.037808505801976366e+00
5.966955413764067018e+00
5.867300320409690073e+00
5.954754420479032362e+00
6.010004989380301588e+00
5.872868355975710664e+00
6.019875950034010437e+00
4.377931642032128146e+00
5.621387554593280989e+00
5.380128768895569458e+00
5.611498532484992197e+00
5.404306444793077091e+00
5.254083564391843097e+00
4.902211660796446324e+00
4.639662369700434219e+00
4.627677011711051058e+00
4.806388030165355651e+00
4.658933890510528641e+00
4.647503211292746350e+00
4.635926327282580139e+00
4.692925374108582126e+00
4.656995003603944916e+00
4.661060773080063058e+00
4.664525766327994205e+00
4.639678808816865896e+00
4.667971074194756653e+00
4.672477379861631697e+00
3.623028566855149180e+00
3.769705904387389950e+00
4.506432487820304367e+00
4.948271186049957748e+00
4.471969549630275154e+00
4.286794892627522557e+00
4.178593714428705752e+00
4.009867003618092340e+00
3.999135058663163100e+00
4.113195828634728102e+00
4.309403793867910615e+00
4.325154716514041375e+00
4.544189324357853721e+00
4.719015849532294027e+00
4.833184156226646877e+00
4.860204894823335842e+00
4.906525672479562949e+00
4.881646243880164882e+00
4.808561528606083435e+00
4.800713302821499440e+00
4.848534638509462980e+00
3.051426861203041518e+00
3.139854026644804730e+00
5.394414922257983136e+00
4.988176019937430539e+00
5.151249466753035300e+00
4.717487128755013082e+00
4.939364210939439559e+00
4.720207156609362187e+00
4.785947830793519486e+00
4.782126792352021205e+00
4.740495296649696044e+00
4.714862749071063064e+00
4.574587763425427056e+00
4.449012340996102211e+00
4.464267444737422430e+00
4.440455463149596937e+00
4.390251756675962014e+00
4.297819176165810440e+00
4.373166190744607107e+00
4.338785884415774952e+00
4.230236649330551657e+00
5.557381839434611948e+00
6.703620506921538436e+00
5.410059621015886222e+00
4.695656219442910562e+00
4.415672268672079070e+00
4.436730958118884516e+00
4.161641488943452316e+00
4.185835958103280241e+00
4.178314454484652885e+00
4.034173222027434669e+00
4.025082033289983485e+00
4.074376283166370349e+00
3.972120535720125023e+00
4.019416784882692717e+00
3.939628859462108501e+00
3.828495801457368675e+00
3.825731348813536936e+00
3.798262677911995677e+00
3.723345009541998873e+00
3.741511712488810648e+00
3.719202228716748326e+00
