6.915637586411055509e+02
6.094758676220470761e+02
5.187956332188915667e+02
4.833993751288987824e+02
4.495617046059978179e+02
4.370566126848510748e+02
4.238033908107717593e+02
4.121194055082456771e+02
4.003896124521319280e+02
3.924430465543425726e+02
3.837967630460558439e+02
3.773805054616152006e+02
3.710936217821341074e+02
3.657959545968353154e+02
3.592045930909877143e+02
3.541211261316668697e+02
3.501326510265215575e+02
3.434477989907972528e+02
3.360493454275692784e+02
3.278970515948953448e+02
3.213231136904190066e+02
2.240839982053682604e+02
1.859663076731406477e+02
1.736482651850318462e+02
1.683471409251970954e+02
1.662753967459141222e+02
1.614022902294379094e+02
1.561983709464647632e+02
1.550168677631573360e+02
1.507137630477273547e+02
1.493758399303905833e+02
1.448335111877326256e+02
1.410206665597209224e+02
1.362819914563270345e+02
1.326228615481296629e+02
1.287523041024782060e+02
1.262097781050904359e+02
1.227746547068788345e+02
1.191902859626069073e+02
1.157322475338211945e+02
1.132263498326598921e+02
1.112848092693355255e+02
6.734050110219588703e+01
5.769440809822052785e+01
5.591585298337790988e+01
5.327553822180784948e+01
5.419510820597960077e+01
5.239622156246855411e+01
5.360627006096000002e+01
5.451228297760826536e+01
5.393750189739486700e+01
5.298030493022785237e+01
5.139753783181979685e+01
5.004229653941530387e+01
4.916430007679822012e+01
4.788754644061776844e+01
4.665202502534178564e+01
4.610727884646874486e+01
4.544561678505017710e+01
4.433372157933308699e+01
4.387028528772665226e+01
4.296537859439876428e+01
4.161656462310642013e+01
2.478995504808854733e+01
3.129378022193632347e+01
2.679952095752864949e+01
3.254236094238030574e+01
3.757000836969521629e+01
3.681941941865258627e+01
3.732378514187805507e+01
3.656199249667813689e+01
3.754020300270973109e+01
3.659510872114007896e+01
3.531786317177186163e+01
3.371834169814504634e+01
3.237312825416323392e+01
3.090736778092403370e+01
3.055203374323591348e+01
3.028060779114745316e+01
2.983982618491620542e+01
2.891181685054558770e+01
2.889951737299385925e+01
2.812029654776993937e+01
2.764664490656102203e+01
2.028401771315085256e+01
1.437149035712724476e+01
1.482791319170799937e+01
1.628121850365510070e+01
1.549850232755332335e+01
1.513850355773939782e+01
1.568804242227937351e+01
1.545664409829637975e+01
1.578498468744287031e+01
1.616983591760710581e+01
1.567131259547121580e+01
1.537755454302265790e+01
1.520845007596594556e+01
1.532519576795486849e+01
1.547335040657080008e+01
1.553748056639548558e+01
1.557700013138332551e+01
1.612360582830887168e+01
1.572564777498027055e+01
1.579437620022555677e+01
1.574679363761118722e+01
1.578826973206290241e+01
1.659415704176720396e+01
1.583587082042182104e+01
1.432787650044431338e+01
1.527017273666047004e+01
1.336815731530243667e+01
1.284183094355543631e+01
1.236267789846987419e+01
1.247694190527405844e+01
1.238915295796352822e+01
1.208282017678721232e+01
1.181433888019900991e+01
1.156364689925240619e+01
1.148728649076281982e+01
1.139572915114649199e+01
1.151664453507597230e+01
1.153434996736227447e+01
1.177161501998255133e+01
1.196622657474502205e+01
1.190706308857785345e+01
1.192135119445071822e+01
2.274987030880539862e+01
1.209027817358767365e+01
1.250646424575933402e+01
1.111949809396715594e+01
1.202926983470698907e+01
1.210072943853266203e+01
1.115628460042472092e+01
1.061931311436542380e+01
1.083496638909886833e+01
1.131258511977767434e+01
1.147395223126167529e+01
1.096693732794025955e+01
1.097412376215660856e+01
1.064777507162017933e+01
1.023929239070947794e+01
1.007749294425970454e+01
9.919537169835701107e+00
1.017931799108174928e+01
1.023742367326488178e+01
1.038349148389894161e+01
1.027755340742026569e+01
3.838018675437407268e+00
6.108393014108510322e+00
7.847250065559584264e+00
9.007983315558211856e+00
9.143215232590673480e+00
8.817978969925508892e+00
8.421042130341181320e+00
8.160662661708265375e+00
7.987562854483754471e+00
8.179325265604775907e+00
8.473473556313052768e+00
8.383801682885636097e+00
8.250533042190397737e+00
8.308242044860946862e+00
8.268094288265256608e+00
8.437570719935326480e+00
8.166396840050881067e+00
8.376220208257279864e+00
8.634879272058569200e+00
8.579720783479849899e+00
8.408018746679143618e+00
6.907023957465588282e+00
6.849559603656591555e+00
5.975522589634525872e+00
5.633083682263560377e+00
5.953505415516814558e+00
5.771137335587639861e+00
5.548074898367953978e+00
5.794176882153752040e+00
5.937165175999178146e+00
6.009732641801525332e+00
6.273340260093995369e+00
6.905728573973776818e+00
6.741377422791298812e+00
6.486953767330796872e+00
6.214254189928808181e+00
6.301772209540809300e+00
6.479401957100704657e+00
6.572752033366081825e+00
6.586060775791088062e+00
6.570298769624227653e+00
6.477194965901767354e+00
1.854904959711611623e+00
2.100746556830843659e+00
2.362768700335996730e+00
3.263106576019702665e+00
4.787256510853492131e+00
4.430581242625646787e+00
4.735272233201932579e+00
4.722396360790700243e+00
5.058142900889243343e+00
5.409454127888199793e+00
5.517256715813842582e+00
5.632457543536255606e+00
5.715649240543648979e+00
5.793841523095050405e+00
5.840111334484292094e+00
5.938357925470082677e+00
5.733530100638589033e+00
5.868561262123958677e+00
5.895039216921394321e+00
5.821275718265724208e+00
5.757078081235873057e+00
