2.436425984588066171e+02
2.530076882502984859e+02
2.547438191630674851e+02
2.522386773486727805e+02
2.523059152424162619e+02
2.510126026353176485e+02
2.495849462062150508e+02
2.472005196216227887e+02
2.449372519498525378e+02
2.432593910753526529e+02
2.416943007989543162e+02
2.399962532897827145e+02
2.390837352815135546e+02
2.388172273130461463e+02
2.372357942469907925e+02
2.361722672292026743e+02
2.348881683371222096e+02
2.341527297310395568e+02
2.342409923798686577e+02
2.344129160277960580e+02
2.340291191874740662e+02
2.071702812589616656e+02
2.136446842609191492e+02
2.123932678879483262e+02
2.161372009652534132e+02
2.203856100886968079e+02
2.184545904158642884e+02
2.183224290948081148e+02
2.184364202016451770e+02
2.198636766572762724e+02
2.201562000759262219e+02
2.203724573312223072e+02
2.213308085204353119e+02
2.199334423046817619e+02
2.195252488743988124e+02
2.187764501502550729e+02
2.194944150198235207e+02
2.190304598959090754e+02
2.191839083753737896e+02
2.188592624666126198e+02
2.178298317982081187e+02
2.179369981736892044e+02
2.060937037412170127e+02
2.076190123034678834e+02
2.113228067423196990e+02
2.112771388348904509e+02
2.087694602311669883e+02
2.075862137351183776e+02
2.090067411330246330e+02
2.102666513184832695e+02
2.083060943816735175e+02
2.082628490648149864e+02
2.087987183341505499e+02
2.080401461549743942e+02
2.075389228325135207e+02
2.070991948757360603e+02
2.054735271810333757e+02
2.052358303317956256e+02
2.041831114220519510e+02
2.031438972479725749e+02
2.015585384113762757e+02
2.000331576191202885e+02
1.988820416821995707e+02
1.564458940975852386e+02
1.680476157413034741e+02
1.753334548492625800e+02
1.722995113149943904e+02
1.690295495498779133e+02
1.694108803838041979e+02
1.670325769041880051e+02
1.630271100465098471e+02
1.618525988829225071e+02
1.590686000485030434e+02
1.566962521921737448e+02
1.545308132870057705e+02
1.524820523614498882e+02
1.514456149370254536e+02
1.497673276755834593e+02
1.477937973962718843e+02
1.458505779736508146e+02
1.439100862622841817e+02
1.420231668246060792e+02
1.412238278811857981e+02
1.394396732269176198e+02
1.138855428153128599e+02
1.067472495018911047e+02
1.012551262749238248e+02
9.760453046142981748e+01
9.796025676644295288e+01
9.512385858177323428e+01
9.590530207708674482e+01
9.480105981603789189e+01
9.306081732767107439e+01
9.118178394024182865e+01
9.043399926613216167e+01
9.111779570858722366e+01
9.182886572580687812e+01
9.136464185291168860e+01
9.040663640753943753e+01
9.025968297214789970e+01
8.986488891672033219e+01
8.965682759444273131e+01
8.913134747472611252e+01
8.896340003992422396e+01
8.867926134205556821e+01
8.749285017954595389e+01
7.820529690575631321e+01
7.920701894931299591e+01
7.918186959474286368e+01
8.065592191287937851e+01
7.990749694927063729e+01
8.097828617329916767e+01
7.959592115525629197e+01
8.114025600325817322e+01
7.955980167724888474e+01
7.948483662337390854e+01
7.950084093796462525e+01
7.870841154952674401e+01
7.866399490618080392e+01
7.835725790254770118e+01
7.753629175056194356e+01
7.748890383694613604e+01
7.678278484801836612e+01
7.660409417547167266e+01
7.645259493283212748e+01
7.588239629372445449e+01
6.000332488757544525e+01
6.495007383123972033e+01
6.267284820292449865e+01
6.661865653909022456e+01
6.893416086808119303e+01
6.844970088641423445e+01
6.847607181708072233e+01
6.833169891024745368e+01
6.935832348764895983e+01
6.910600085711229212e+01
6.887905356134095314e+01
6.890865854316002981e+01
6.879825569460997770e+01
6.847757035093340505e+01
6.862319201562850424e+01
6.828899480953830903e+01
6.785869891823061550e+01
6.753082851689404720e+01
6.729372841824461204e+01
6.749368461230052674e+01
6.745302351567754329e+01
6.954075035784072156e+01
6.334441763839022599e+01
6.362227231115387838e+01
6.464874702501958836e+01
6.629345004078369641e+01
6.662545173129241505e+01
6.464561429631993406e+01
6.454317478518228768e+01
6.439045200007207370e+01
6.420775060913659615e+01
6.457386816896625703e+01
6.453520748299385446e+01
6.387865805179919221e+01
6.366151329434024575e+01
6.277272426327679966e+01
6.211324968998140150e+01
6.193942323484046852e+01
6.206892551620975240e+01
6.171359085928744292e+01
6.146616252607657316e+01
6.178920857493740471e+01
4.934415953661677179e+01
5.454714844018433695e+01
5.922235552761544142e+01
5.849844959302659220e+01
5.675492397584230986e+01
5.584280087103091716e+01
5.617628421816210249e+01
5.619468615154929836e+01
5.598174506419292129e+01
5.762588793013510724e+01
5.737458092970646106e+01
5.679391623450735693e+01
5.755630691875020943e+01
5.720485030093273338e+01
5.689490460409417238e+01
5.737436584667985073e+01
5.707918230542532001e+01
5.673428809522640393e+01
5.653434649958296632e+01
5.661567138042629210e+01
5.627399474902162524e+01
5.852261860116259129e+01
5.873723551321254632e+01
5.873144124822671586e+01
5.849244250960661162e+01
5.750161101983926670e+01
5.673866074016206795e+01
5.565051010922149999e+01
5.486816946869050327e+01
5.366871886966733030e+01
5.395781539302323893e+01
5.424681385206172024e+01
5.476869199918269260e+01
5.439832873542107450e+01
5.474706729665251004e+01
5.454034208440748444e+01
5.393225312545781236e+01
5.371303138453131254e+01
5.339230455279008680e+01
5.301799765362022754e+01
5.336364868342508316e+01
5.302368687232461042e+01
5.307412581682390851e+01
5.211581641080882576e+01
5.421335729548394511e+01
5.064597498540992149e+01
4.882591942449050038e+01
4.942943067052134865e+01
4.836830266466337491e+01
4.842786667324624972e+01
4.810535747870516587e+01
4.757402119866851109e+01
4.793934722426016037e+01
4.872120672407152142e+01
4.944209423804854708e+01
4.948110972882911085e+01
4.967370804434223430e+01
4.928129855860979092e+01
4.917987832782671376e+01
4.901340522053590831e+01
4.893245062099581588e+01
4.885221371482720087e+01
4.879487545010591987e+01
4.062839166919636114e+01
4.585696309355223121e+01
4.587786564209417861e+01
4.718128773733805303e+01
4.606915792710276492e+01
4.523223585149491299e+01
4.496851965468793111e+01
4.537492194135177925e+01
4.552952208591733552e+01
4.500842480921676270e+01
4.522779915747595680e+01
4.529622855887966182e+01
4.507030202077563530e+01
4.624008399190043406e+01
4.624746903891201555e+01
4.659655467805909268e+01
4.713619146274287885e+01
4.677629426068217100e+01
4.702582399933703527e+01
4.779444528779574597e+01
4.789426863062158191e+01
3.362507143157165501e+01
3.704603761331947709e+01
4.398415906641393747e+01
4.763425404756132764e+01
4.798071034602865836e+01
4.835033081361869733e+01
4.911512641375747279e+01
4.835629152598441749e+01
4.784879643747815692e+01
4.767688527134143328e+01
4.844741613338165109e+01
4.827091900413007863e+01
4.835779201209141576e+01
4.822458845273344963e+01
4.799658113141074978e+01
4.759694688344415425e+01
4.742443866867002100e+01
4.701420295785644754e+01
4.703377249826728956e+01
4.651306619696977407e+01
4.632593082857878386e+01
4.488998820510573751e+01
4.835877690257952821e+01
4.988443248249703288e+01
4.927515341444941299e+01
4.948042259422364708e+01
4.849282415176308092e+01
4.707253828128717998e+01
4.674591196696776052e+01
4.606172226416498461e+01
4.449421331691850412e+01
4.397729686863197429e+01
4.410438586807089223e+01
4.365904796804115762e+01
4.345780936822225016e+01
4.308382239746185149e+01
4.285204838085766710e+01
4.263434882852005359e+01
4.285955909666354557e+01
4.299702161776825449e+01
4.324941670326350618e+01
4.324487334085388568e+01
