2.627469297319383941e+02
2.531385396254006821e+02
2.494642368138731001e+02
2.502102880115422749e+02
2.485358936751024430e+02
2.474861065823405681e+02
2.473033029947607986e+02
2.464813104856209804e+02
2.447618740393011194e+02
2.441198322545541544e+02
2.428578103269126132e+02
2.430122832618833684e+02
2.413926246651239182e+02
2.394649477143273657e+02
2.388717950301291921e+02
2.379029052344225761e+02
2.368111039748701216e+02
2.375420243466274712e+02
2.363154419558435393e+02
2.356938088242226854e+02
2.343995715585539017e+02
2.261657894031321518e+02
2.168272962473566565e+02
2.200177042937129386e+02
2.210275400062395192e+02
2.213355546104256462e+02
2.196517771522539419e+02
2.212232724525738377e+02
2.220435226728811813e+02
2.208891228856100781e+02
2.218641411075156782e+02
2.200514988260766245e+02
2.197071033466888821e+02
2.187496481738564000e+02
2.199108564816116314e+02
2.193433544307731324e+02
2.190210846138416514e+02
2.189541165501131275e+02
2.190130722952917210e+02
2.182543253184860532e+02
2.171542273987447516e+02
2.172016373432940100e+02
2.168236989432875816e+02
2.005929120128795091e+02
1.997251180702131137e+02
2.025755753646685093e+02
2.025016603440769529e+02
2.022813365085848432e+02
2.034741948496140083e+02
2.038337130287024479e+02
2.044925315224463134e+02
2.067069304640532721e+02
2.058569451587433434e+02
2.046799027518069636e+02
2.050824491842094801e+02
2.033409872053180436e+02
2.029458421024515360e+02
2.024287205125277751e+02
2.015035556590541148e+02
2.013149819993647327e+02
2.003079037506771840e+02
1.996988592240804508e+02
1.992808602231883413e+02
1.763920008572300731e+02
1.794533403954486630e+02
1.822378432385726512e+02
1.794681408609219773e+02
1.789940862347671100e+02
1.769476329156134966e+02
1.754977570124840440e+02
1.704777538895544069e+02
1.688331099585139725e+02
1.667249047409124785e+02
1.654502134639708117e+02
1.621583569123635016e+02
1.600726419058611896e+02
1.585062882424323618e+02
1.567170137465604114e+02
1.549315962169314673e+02
1.537752317974236007e+02
1.518164278493967174e+02
1.501850293715041289e+02
1.482961237157743426e+02
1.467628516983361635e+02
1.104888822125003287e+02
1.078974709298530144e+02
1.054657651205743463e+02
1.057329954582762639e+02
1.058615610020986253e+02
1.041928807568490640e+02
1.062291678577873029e+02
1.042339362757076202e+02
1.036847558066459953e+02
1.018108126223638550e+02
1.008672127987511544e+02
9.967267974629859850e+01
9.851894780362248127e+01
9.782480412297542216e+01
9.711847071583785862e+01
9.617130799539278030e+01
9.539726231055777816e+01
9.442719664078840935e+01
9.366091242658050930e+01
9.323800729670425369e+01
9.210722924207472317e+01
6.932123043458106793e+01
8.217083193069548486e+01
7.742298463855451018e+01
7.791770040841204548e+01
7.715953633491123753e+01
7.844538099269958309e+01
7.857642903613815122e+01
7.850640336722541690e+01
7.688663260079283646e+01
7.623298293422246275e+01
7.515325680770285999e+01
7.459521266891464109e+01
7.405473122935573826e+01
7.484471964946992273e+01
7.602051476836071231e+01
7.632653876650991265e+01
7.574740447654778563e+01
7.573202907850972565e+01
7.635263766021529364e+01
7.602160633014770497e+01
7.557887262339583856e+01
6.382913950640900680e+01
7.294691716382757818e+01
7.229808914192076941e+01
7.066964704313923562e+01
7.118627967389305411e+01
7.385871870739617862e+01
7.309875559126466271e+01
7.229814654773983307e+01
7.392443662549936789e+01
7.372290783197369990e+01
7.359084251421636225e+01
7.353745755945462292e+01
7.292874225031657431e+01
7.293977425227006961e+01
7.214689883599977804e+01
7.149361931319910468e+01
7.130959341165174692e+01
7.056714324820006823e+01
7.000493727286588808e+01
6.981252060446065855e+01
6.896377800445324624e+01
4.854270893040477119e+01
5.923304795285801561e+01
5.984486220398044765e+01
5.852147896115518222e+01
5.878465124855306811e+01
5.910709073300857597e+01
5.954676165896550799e+01
5.953748164110569974e+01
5.894337738769986146e+01
5.990159947306803900e+01
6.068509166029648583e+01
6.083596832671483412e+01
6.104163072992688654e+01
6.183766800045292911e+01
6.302527669156449264e+01
6.361982681634454195e+01
6.373266765046395932e+01
6.374123295736092132e+01
6.360246642878161794e+01
6.333802487781591140e+01
6.357118416316322396e+01
6.760839446959545285e+01
6.680283928573363994e+01
6.743661646520500597e+01
6.549483819443302934e+01
6.404370252123581508e+01
6.287808194560786035e+01
6.287250615720341784e+01
6.205186464607083963e+01
6.169848999316134552e+01
6.147151335486631041e+01
6.106974184000903705e+01
6.173960675644386953e+01
6.090668333354739161e+01
6.048813395161822370e+01
6.054554526303842010e+01
6.111498959475511583e+01
6.097276849077359628e+01
6.067623564284502180e+01
6.044964023595316860e+01
5.999147704033355666e+01
5.995125167612010131e+01
4.822463802865331672e+01
5.914162538070640096e+01
6.059685915599883543e+01
6.125436121599621231e+01
6.269291808411917799e+01
6.173341192495163909e+01
6.260222255977779326e+01
6.279069686255726879e+01
6.197534894046244602e+01
6.140913697407714267e+01
6.022217613675233849e+01
6.007524660853364651e+01
6.007451703512778352e+01
5.980553967616764055e+01
5.912881976133179762e+01
5.846948487273155592e+01
5.772264282360680454e+01
5.741851150357108935e+01
5.721413941806534353e+01
5.672336500743391952e+01
5.625092036135531970e+01
6.502172438833189005e+01
5.224413739738039908e+01
5.039597079781145794e+01
4.832036036999768669e+01
4.664093744802180197e+01
4.881381902576133314e+01
4.865280560492525552e+01
5.115461182314496114e+01
5.150873847783259407e+01
5.251734252538098957e+01
5.200281793078565329e+01
5.271020757491153574e+01
5.244955596995772851e+01
5.226687886238516256e+01
5.308279431674802851e+01
5.260684721878179460e+01
5.262938432637248098e+01
5.295298529315738278e+01
5.316469052655274652e+01
5.281314324751525646e+01
5.396119150067436721e+01
6.274880016532092242e+01
5.714190951139624275e+01
5.166658049254084517e+01
5.268195040501935722e+01
5.154560359125817826e+01
5.123303004765355695e+01
5.306687251361746149e+01
5.216629265347988564e+01
5.264116612983263366e+01
5.257337336212491152e+01
5.230835574872066474e+01
5.218436004297171849e+01
5.176538165743735931e+01
5.144391031530882685e+01
5.324295310239393331e+01
5.308727129862150207e+01
5.356394749488767104e+01
5.343211156268227313e+01
5.331718481235824925e+01
5.323022636743201019e+01
5.352406890465706368e+01
4.734876180077026220e+01
5.299116746562604163e+01
5.326671880969718131e+01
5.245207714089822559e+01
5.324806657736407089e+01
5.244410497092749068e+01
5.196548915192386175e+01
5.167723716672487200e+01
5.069470264465059017e+01
5.132046059016294492e+01
5.038708182878556130e+01
5.070940503160072410e+01
5.143656358303542930e+01
5.117239613589649849e+01
5.081640835876946483e+01
5.102360782567068753e+01
5.144829970420913412e+01
5.118055141578171430e+01
5.095994902235966606e+01
5.076333855148089214e+01
5.077340827096892895e+01
6.962554749918398045e+01
6.001708016545762092e+01
6.073627242650352542e+01
5.746553326301183517e+01
5.666546006540124836e+01
5.530644295200711014e+01
5.564672066239119630e+01
5.481456076922885501e+01
5.305849695689941115e+01
5.233225573039695888e+01
5.180126233199947450e+01
5.154698570469437158e+01
5.130820105403816456e+01
5.086154160609073216e+01
5.127914119962868256e+01
5.133057156642611574e+01
5.086775927539603259e+01
5.048736301896078515e+01
5.062914719772756911e+01
5.022127648881778583e+01
4.992308199034740568e+01
