6.916140270307803348e+02
6.892535417370299911e+02
6.870177022505000650e+02
6.846871821106343532e+02
6.822018971915058501e+02
6.795593530502228532e+02
6.768611816029978172e+02
6.738027809572706701e+02
6.702528034269514592e+02
6.666409276179557537e+02
6.626561642533417853e+02
6.577899472031551795e+02
6.527352172237823424e+02
6.466734410625988403e+02
6.401843993847469392e+02
6.331699891672249123e+02
6.248579913910209598e+02
6.161878265486825512e+02
6.060548744098276757e+02
5.958807159422658515e+02
5.852342959805439477e+02
3.316500266931347483e+02
3.338551524597220919e+02
3.467606961779238759e+02
3.415949778264061365e+02
3.391823779106582037e+02
3.467150588124534352e+02
3.478802691831118636e+02
3.475374746783684827e+02
3.479555201935420996e+02
3.484790378314799000e+02
3.462365336518341792e+02
3.446315850658633622e+02
3.439053990931963654e+02
3.426797613947391028e+02
3.417656844197715031e+02
3.427357272129056582e+02
3.426299450971610554e+02
3.424869177084836451e+02
3.419073798819174499e+02
3.416024717438939433e+02
3.405527339156958533e+02
3.379177037681415641e+02
3.479985515090342005e+02
3.383579403471692331e+02
3.379633246821443322e+02
3.390215015214871528e+02
3.405578059433010480e+02
3.330724950241626061e+02
3.309661766903008697e+02
3.293350863592413589e+02
3.273239696966043653e+02
3.286476116677858954e+02
3.301305774420872012e+02
3.290337080556694218e+02
3.300309499153786419e+02
3.310232434257321756e+02
3.319889855792287108e+02
3.313706467057842815e+02
3.299415476572453372e+02
3.282927212208275591e+02
3.282746494439425078e+02
3.280316507911645090e+02
3.367218366621514178e+02
3.227850366063962042e+02
3.259659713935517971e+02
3.326799877583149510e+02
3.241929283116162992e+02
3.198769482491007352e+02
3.219452000807427794e+02
3.208654963623984031e+02
3.157166582605979670e+02
3.138879026767743312e+02
3.157185998735126304e+02
3.153943437587007566e+02
3.150412893458849339e+02
3.156755195607001383e+02
3.147022899063546220e+02
3.125502121978882997e+02
3.128057531429142841e+02
3.126778000862317413e+02
3.122004476089276750e+02
3.125234486744066658e+02
3.123135152085162076e+02
3.190991495217831471e+02
3.131619597697304584e+02
3.027478837259138231e+02
2.961086132746883095e+02
2.990334061051302115e+02
2.967028106338726161e+02
2.973547813611976380e+02
2.999999516962905659e+02
2.996503980574329944e+02
2.961147601958353448e+02
2.949759931013053915e+02
2.965572003168907713e+02
2.947232202369994525e+02
2.942029615189847505e+02
2.933688296200801346e+02
2.913777028690049633e+02
2.900264792420335311e+02
2.904721433566658675e+02
2.901913345190707219e+02
2.885593748846411586e+02
2.876578005975306382e+02
2.563435122289682795e+02
2.713247695818412240e+02
2.642597310181787407e+02
2.608405833278635555e+02
2.598154166016419140e+02
2.639728598398062900e+02
2.601058093980377635e+02
2.598747751134899886e+02
2.589920310373165080e+02
2.571228739583801257e+02
2.557388059415015391e+02
2.554562145645242310e+02
2.528766193976044576e+02
2.515371439728809264e+02
2.516063256445051195e+02
2.509274547479155046e+02
2.486131821569553324e+02
2.473799867543667972e+02
2.466514173540960826e+02
2.458638578726040862e+02
2.438022058418125937e+02
1.993181701058592239e+02
2.114130202906398210e+02
2.090826133471488220e+02
2.125747267477306366e+02
2.050485506590941895e+02
2.031076420868532182e+02
2.017536896805732169e+02
2.001837273693768680e+02
1.997405135001090457e+02
1.980645834393642986e+02
1.965688021367743090e+02
1.949252885955710610e+02
1.946367275494532691e+02
1.945851085537627227e+02
1.928658724386202721e+02
1.907106616213819166e+02
1.900910165109495438e+02
1.886997301835513383e+02
1.868833398247277557e+02
1.859915443211336310e+02
1.847548725031377046e+02
1.534860985654961496e+02
1.521990141258283131e+02
1.486320592446346325e+02
1.530175734611187295e+02
1.530836691877520366e+02
1.536943684825495495e+02
1.500524095987094597e+02
1.498977525286159391e+02
1.505283515947261890e+02
1.498797142527054405e+02
1.479342901605368183e+02
1.456081637656019439e+02
1.445199230103339971e+02
1.434071951558524631e+02
1.426273983627997950e+02
1.412036519895080460e+02
1.406988049504710716e+02
1.402744694667554199e+02
1.387338285653756031e+02
1.382171265070980439e+02
1.374125172451936123e+02
1.170811331806452245e+02
1.192493405767354773e+02
1.226798042041734789e+02
1.183004095028978782e+02
1.158114877784627055e+02
1.166529759257810070e+02
1.164882000312855155e+02
1.139038204006703410e+02
1.135031378202702115e+02
1.126217727364730621e+02
1.119194619822597900e+02
1.112372738740220086e+02
1.103388804832234911e+02
1.095414314729915191e+02
1.094049035821796991e+02
1.087003523060368195e+02
1.076929330344905651e+02
1.067717125203602535e+02
1.056325794471051580e+02
1.053530065967689069e+02
1.045747020742589797e+02
8.505789698066745075e+01
9.175339926648787525e+01
9.615332795974383373e+01
9.741016917901657735e+01
9.653765094724082019e+01
9.650845942047885728e+01
9.497190497212793048e+01
9.353022289879953632e+01
9.268614448228360914e+01
9.137132643080596495e+01
9.086464172762838132e+01
9.046531446670623211e+01
8.936596696993849775e+01
8.834879485201290095e+01
8.768242209627905481e+01
8.752587169703990355e+01
8.701290464031349359e+01
8.718260675793375469e+01
8.660297631934618323e+01
8.646755075809784330e+01
8.614187833038847941e+01
8.696462056201725943e+01
7.760689673966557223e+01
7.837759518674410231e+01
7.564297611840225954e+01
7.730755622129137805e+01
7.663498234516815444e+01
7.548935987131244474e+01
7.584523255670374908e+01
7.580832972463625197e+01
7.446580963863092961e+01
7.276765278181493102e+01
7.212310210186122106e+01
7.274319756399032144e+01
7.365475957564976284e+01
7.402791034949626692e+01
7.351800536403895592e+01
7.325123476818234280e+01
7.359155741961365038e+01
7.349923037928972747e+01
7.360426776370167090e+01
7.435235336470948653e+01
7.430611939730367510e+01
6.596516018866424247e+01
6.970313115118371172e+01
7.378134714302005648e+01
7.268043741828682869e+01
7.106811325597378470e+01
7.035078160305073425e+01
6.942331009839142553e+01
6.877234061170227619e+01
6.872992755483852534e+01
6.718557904579026285e+01
6.737151142186536390e+01
6.751931543164882044e+01
6.753076793400174438e+01
6.815707892461864503e+01
6.767339493276128337e+01
6.699793748161438600e+01
6.633737452690692749e+01
6.651753161907183198e+01
6.627835163945358943e+01
6.607569966180027166e+01
6.147062752616447767e+01
5.792473452736585671e+01
5.715086311143438991e+01
6.142159245378591947e+01
6.083512772976646232e+01
6.091221586874930694e+01
6.051661016452686681e+01
6.040261675797719931e+01
6.157287961631222828e+01
6.114765608777955208e+01
6.195770817420233811e+01
6.143048566156209489e+01
6.094304085621091360e+01
6.134988254933533369e+01
6.109686433108748105e+01
6.093066470093075537e+01
6.096206998260780807e+01
6.104564936934092145e+01
6.048718572191866372e+01
6.074796434473652340e+01
6.005446673221133125e+01
6.296768791769568452e+01
5.535524234398137366e+01
5.435930791892607061e+01
5.581661997119623209e+01
5.566358295835681957e+01
5.712023165996308904e+01
5.785095418625338226e+01
5.700051195510344115e+01
5.705256954858273843e+01
5.824144580411472560e+01
5.745741544247290022e+01
5.781552086614038188e+01
5.689094029847453982e+01
5.552497279806147645e+01
5.654119791721540622e+01
5.642815216627526098e+01
5.672239366733639798e+01
5.642934811594606970e+01
5.606888002177291952e+01
5.592838704351105150e+01
5.548497728396868212e+01
