2.436439173310809281e+02
2.434217245660605897e+02
2.467452634438127745e+02
2.458897085900070749e+02
2.488194712624928684e+02
2.467308197176035947e+02
2.457847825899287386e+02
2.447091893940084901e+02
2.443556775505554413e+02
2.442688503011114562e+02
2.429000735169004770e+02
2.412376155444239885e+02
2.401726535150409916e+02
2.400051452136449086e+02
2.388105657335529202e+02
2.380481333019496049e+02
2.372401055119759974e+02
2.364337010321767423e+02
2.342936180597480416e+02
2.345866308927829778e+02
2.342301790267921433e+02
2.134057259353296558e+02
2.053646311275577432e+02
2.118638839439655328e+02
2.175006746734010790e+02
2.157468140082738728e+02
2.149784829417217225e+02
2.173040740025806201e+02
2.181961246479542353e+02
2.191673027077780773e+02
2.190320917988194367e+02
2.187775095322492973e+02
2.183808329436757276e+02
2.179332447840482700e+02
2.165555753863633868e+02
2.170362908752467206e+02
2.178889575358262221e+02
2.179670336544661495e+02
2.177631682727451619e+02
2.176849912680914088e+02
2.172226129316108825e+02
2.165340830461208839e+02
2.238914837611622772e+02
2.092252915195385299e+02
2.126348375328938118e+02
2.091595887913322827e+02
2.098386990390621634e+02
2.093220377500676079e+02
2.097460797311229612e+02
2.075859040308756391e+02
2.058626111517381787e+02
2.037563884239003187e+02
2.043696989692255670e+02
2.038014411777450334e+02
2.037589708830691109e+02
2.026401931369604199e+02
2.022888475557324739e+02
2.012790018527045959e+02
2.000888044411955775e+02
1.991754611861865669e+02
1.978175417558934726e+02
1.962714921636655561e+02
1.946644589192675028e+02
1.845396521535341776e+02
1.744048501698105724e+02
1.673499355694381165e+02
1.670931411198914702e+02
1.661745730191781263e+02
1.626873140423508346e+02
1.581665742307822313e+02
1.553564757541813890e+02
1.519858848924637584e+02
1.497055615366942050e+02
1.484738321033313753e+02
1.470534708128189152e+02
1.457077798417845145e+02
1.435626498276305654e+02
1.408719152118333398e+02
1.389283482513823742e+02
1.368701316187286068e+02
1.348771394879418608e+02
1.332670216659225559e+02
1.315706047003385208e+02
1.295879186548966118e+02
9.655051199785634708e+01
8.742426079751477630e+01
8.902714766976177430e+01
9.100020133874457429e+01
8.924402320799100607e+01
8.713194640838902671e+01
8.764629830275508482e+01
8.770457554595220984e+01
8.617580461680061887e+01
8.498801511972688161e+01
8.487587510638972788e+01
8.488170265134426984e+01
8.377639390799633645e+01
8.379718362358268280e+01
8.564657857458325907e+01
8.506526541789953910e+01
8.530238399087122048e+01
8.462092388315970481e+01
8.446558906413807222e+01
8.384122562839905868e+01
8.322355498394269091e+01
7.811194667883387410e+01
7.549264239795326148e+01
7.790137676953239065e+01
7.591120136679957398e+01
7.546105231286703940e+01
7.366784559058358184e+01
7.340514859547218407e+01
7.160197221449939775e+01
7.086508559271143781e+01
7.070713071133809535e+01
7.203020199178521921e+01
7.175369450476694055e+01
7.095083126328634648e+01
7.096981645780185488e+01
7.039519392497395245e+01
7.017653791921033246e+01
6.976659865147887274e+01
6.966147125272983942e+01
6.978468527056816129e+01
6.955321987543698015e+01
6.958585822466639570e+01
5.387421593956902655e+01
6.289176526510815535e+01
6.128485749494768697e+01
6.077084521265015127e+01
6.334980674116504673e+01
6.354608635061102007e+01
6.304671240531948939e+01
6.586015374444460235e+01
6.468473852837000493e+01
6.396594674842990713e+01
6.430657796893935085e+01
6.410355443590273694e+01
6.348611220415660483e+01
6.305935610707317807e+01
6.320022783257794430e+01
6.305129303049248080e+01
6.297453000146678903e+01
6.250036385381276460e+01
6.275891684116606939e+01
6.241844438518079841e+01
6.200990524914003288e+01
6.045513387960517804e+01
5.905681611372511952e+01
6.076478864376313282e+01
6.121398094421776648e+01
6.060014914948313702e+01
6.137881172919141193e+01
6.023304822306604223e+01
5.930680486605927371e+01
5.793177086464609715e+01
5.753849766970678559e+01
5.742136971291824210e+01
5.824789980252946719e+01
5.808911500360409974e+01
5.755316206887132324e+01
5.737865756733162925e+01
5.739244278429673329e+01
5.700484362067876987e+01
5.715636921627654488e+01
5.779655862563726743e+01
5.765760253554739023e+01
5.760257171481615757e+01
7.248485772373754799e+01
6.912566062503066178e+01
6.498496594159813355e+01
6.232567913075209987e+01
5.821667150214575770e+01
5.723593150896499537e+01
5.708409842747326479e+01
5.557631189117920911e+01
5.605856469843094914e+01
5.522242938090142417e+01
5.391740874802778194e+01
5.466955305909674223e+01
5.504367594382171802e+01
5.500775919487396948e+01
5.462795139841376368e+01
5.441636562669190624e+01
5.421741237847282946e+01
5.380024399133220925e+01
5.330407842865639623e+01
5.288280660172392089e+01
5.283659399856120586e+01
4.779728832731171906e+01
5.301338779480998653e+01
5.036846289333936255e+01
4.958889383159166186e+01
5.168383007959565845e+01
5.078622126305490525e+01
5.182965321196714825e+01
5.098116029021610274e+01
5.054484984717064577e+01
5.001269753159714782e+01
4.876451390475959613e+01
4.838750801777309363e+01
4.852466299903006330e+01
4.873511150655421886e+01
4.870770337362431235e+01
4.881932798348539393e+01
4.860744566496764207e+01
4.896176941483125233e+01
4.859164463472980344e+01
4.855866342881896003e+01
4.821205220350474008e+01
4.654754712756459867e+01
4.890909978758287480e+01
4.814057355008137762e+01
4.936383414766761035e+01
4.751077101289106963e+01
4.777950901755621516e+01
4.750099305967091823e+01
4.699808731076508650e+01
4.645073416271807076e+01
4.649395602959156548e+01
4.611509464965086380e+01
4.624814759788445429e+01
4.672222393650870487e+01
4.646975625945629673e+01
4.757098274519634629e+01
4.737026053831073824e+01
4.677060367459710477e+01
4.672355226929644800e+01
4.647076971841812565e+01
4.608836967910335147e+01
4.593208968458927188e+01
5.360534641606669481e+01
4.906909864446276970e+01
4.716003689664621135e+01
4.476696530032334920e+01
4.403705214600989137e+01
4.381070397481305179e+01
4.432962340887515751e+01
4.387271686801737758e+01
4.321259108787266712e+01
4.281257695285329845e+01
4.256804397352461677e+01
4.289944447123615845e+01
4.256851394968681745e+01
4.383606100473236467e+01
4.408597069676896751e+01
4.384937930938912132e+01
4.365598789957698500e+01
4.344424819879423438e+01
4.325774319027781445e+01
4.294293163420685744e+01
4.274898061876482558e+01
8.781167706123150651e+01
6.060950027857683864e+01
5.417010620655555897e+01
4.914917945607851379e+01
4.685876160963074710e+01
4.686561599484241469e+01
4.527493272957775616e+01
4.511831301056737686e+01
4.523971010446229712e+01
4.443092539146964981e+01
4.530856513168193800e+01
4.519714348209792121e+01
4.464839652994695030e+01
4.405945398055111184e+01
4.333448809618268882e+01
4.335829908108028263e+01
4.384681339468321681e+01
4.361732226354735786e+01
4.395906021843677536e+01
4.344605444501628710e+01
4.320807172527941731e+01
3.152774910871911374e+01
4.327772046369290138e+01
4.090160679584418801e+01
4.042662867154852790e+01
4.129918998941049324e+01
4.377379084288067901e+01
4.282293790493822172e+01
4.149668643307091997e+01
4.140082390111621891e+01
4.075703384448822675e+01
4.092451304086984720e+01
4.144469490864052830e+01
4.071528810416494792e+01
4.026761044669850520e+01
4.005746750724555483e+01
4.021659842172157084e+01
4.027577152886814105e+01
4.043958864389504271e+01
4.069807609253259528e+01
4.036533503484915997e+01
4.052176821920683381e+01
