2.577169469715454966e+02
2.543195097712494999e+02
2.556644716623662532e+02
2.557731832323172227e+02
2.536643549729848530e+02
2.498667244090176780e+02
2.487377253348344937e+02
2.466166365032536874e+02
2.462684511044971032e+02
2.443021042390334969e+02
2.430553658407933142e+02
2.406910555374527689e+02
2.401660179907394195e+02
2.406303805655081192e+02
2.389248057109033994e+02
2.384249896079728899e+02
2.370031451897296790e+02
2.357789341838566202e+02
2.348800609098120162e+02
2.341903330453829710e+02
2.332953971882117798e+02
2.123190340875262336e+02
2.254722775870438340e+02
2.231470618324696886e+02
2.232153068910319575e+02
2.221253790284845877e+02
2.212428679854284894e+02
2.203056332992486546e+02
2.211140050999154880e+02
2.180371312045563172e+02
2.183315759322401277e+02
2.182455526230774865e+02
2.182793081388287533e+02
2.184096848673096360e+02
2.174379414202473981e+02
2.165544856139525507e+02
2.166931073790357232e+02
2.160119016546425996e+02
2.165192082299805065e+02
2.159217563296630544e+02
2.167283663094858639e+02
2.166088597541075842e+02
2.135910660148450688e+02
2.192820423018384304e+02
2.184985006797901690e+02
2.155036394745600035e+02
2.142695391200763879e+02
2.107756455444451547e+02
2.090144399216307534e+02
2.092708154083242391e+02
2.082144554478833243e+02
2.063142572182386800e+02
2.051003946279294894e+02
2.041783392573631204e+02
2.027076804802909749e+02
2.018971586510446912e+02
2.003156493204213859e+02
1.997197324999017098e+02
1.983883817284894349e+02
1.977280658690407336e+02
1.968941172876922963e+02
1.962293572777361987e+02
1.948868344219309847e+02
1.543990262771670245e+02
1.644411222143930615e+02
1.699687431212420847e+02
1.669369257514549361e+02
1.607802066436699988e+02
1.599207814948607620e+02
1.586756916883520034e+02
1.562054527165232969e+02
1.532951206716835486e+02
1.518762787770347700e+02
1.496702429706031126e+02
1.472007129581269282e+02
1.454167995495441517e+02
1.430219300726099618e+02
1.408033662663997632e+02
1.391170713338194105e+02
1.366779364156363954e+02
1.344776827955190583e+02
1.326591123514360504e+02
1.312695379477463007e+02
1.301849889851877720e+02
8.844027127774785413e+01
9.771301404746780861e+01
9.765956327731966269e+01
9.707414616989460399e+01
9.420009123627316683e+01
9.306452618041525682e+01
9.155640001317178189e+01
8.930499049404417633e+01
8.961639818270795388e+01
8.929260170365373028e+01
8.902321557518992279e+01
8.856992062451858772e+01
8.782737892336484720e+01
8.718289668778496093e+01
8.656362697349157997e+01
8.638590625852357618e+01
8.619587548443955427e+01
8.514025077648435058e+01
8.496981700782801283e+01
8.495687289116959562e+01
8.429462683201377615e+01
6.556382545170909282e+01
6.886059911321294180e+01
7.623818936103467081e+01
7.432675231221269030e+01
7.451059552220796434e+01
7.314499839061798525e+01
7.179316540920889622e+01
7.160801947280459956e+01
7.106042854196351755e+01
7.071690212749150817e+01
7.166639321608577973e+01
7.152943240992117069e+01
7.137390667017120904e+01
7.137814560856618584e+01
7.134038218874877657e+01
7.072153754408874704e+01
6.999043547879941229e+01
6.935017275907745216e+01
6.968560896288838080e+01
6.960333422560313466e+01
7.016283244877239156e+01
5.968498439087004215e+01
5.737716491018105813e+01
6.098652707034307241e+01
6.364571205325045611e+01
6.426294460963488575e+01
6.321499216788184583e+01
6.336683842186520366e+01
6.430501688701059493e+01
6.463874101696204377e+01
6.513000953455507158e+01
6.475720456019554661e+01
6.452896557576947600e+01
6.454319004158000439e+01
6.448521634908782119e+01
6.434611965930513122e+01
6.386915171833255300e+01
6.399828594271488669e+01
6.335537690559209523e+01
6.339696927614495081e+01
6.304438202856231754e+01
6.255560799064110000e+01
4.806853890504397953e+01
5.172422794689289560e+01
5.484930162674917398e+01
5.360705759215570509e+01
5.216898673102080863e+01
6.388898828046681899e+01
6.546247590232303537e+01
6.593967523610845660e+01
6.538302076000485386e+01
6.560803875487016512e+01
6.698102554061213709e+01
6.621112622268283587e+01
6.625432499704453448e+01
6.605952466418325741e+01
6.539291251763363277e+01
6.439842547085427782e+01
6.346329104839794866e+01
6.363942339384144731e+01
6.281875697534299974e+01
6.257031494231618751e+01
6.240890346729205618e+01
4.748663057500325380e+01
5.234143192208752282e+01
5.420191811170247576e+01
5.269709647019249843e+01
5.514709889377195395e+01
5.633370910422797095e+01
5.744937497832013662e+01
5.671090906684203503e+01
5.666069912577565049e+01
5.651661883594371716e+01
5.609225862387459927e+01
5.543867087813664085e+01
5.527832828793875564e+01
5.466669395425459754e+01
5.430537332485820201e+01
5.399932454161668716e+01
5.355946726053082330e+01
5.398977008570188474e+01
5.548815893284930212e+01
5.557041935612027572e+01
5.549748185055315730e+01
6.056602661900172535e+01
5.358089478425328167e+01
5.679215818024177764e+01
5.285109993642351611e+01
5.106224019997632269e+01
5.052676638769455764e+01
5.246108757940100986e+01
5.232797109552763004e+01
5.257082420248207200e+01
5.204136511339423521e+01
5.290462519412267994e+01
5.258037233904173036e+01
5.234967392507081740e+01
5.197323998233521536e+01
5.161684422394994698e+01
5.146064067592447344e+01
5.121032566357371962e+01
5.130784251595131451e+01
5.174343807229574566e+01
5.133954450146729442e+01
5.122387943138205202e+01
4.583735768650350195e+01
4.715290326185291292e+01
4.774281673690820327e+01
4.727332006261395492e+01
4.789794376027570166e+01
4.662224283736578201e+01
4.689689679675488065e+01
4.634525596240576562e+01
4.672874555490124493e+01
4.686599999985477893e+01
4.770016725599371199e+01
4.743966161230609657e+01
4.771570703026782923e+01
4.801627838504182222e+01
4.738696007576680813e+01
4.734319975336482855e+01
4.732579720687751745e+01
4.767820252327170749e+01
4.769037171477274484e+01
4.762384408827465876e+01
4.787435960546540770e+01
3.565349471192231334e+01
4.069979167352451555e+01
4.453740474870295429e+01
4.478219736185292277e+01
4.453665381085117048e+01
4.427948792626141028e+01
4.537854255814014692e+01
4.483643257966789264e+01
4.382090362875137401e+01
4.434788397628688017e+01
4.518551466652674264e+01
4.641158069590255764e+01
4.626004422568101404e+01
4.605706876764543267e+01
4.574104602036253908e+01
4.608303625407606319e+01
4.624744669398074137e+01
4.636924355142107856e+01
4.599635258732924115e+01
4.566574548880061712e+01
4.522499356845997198e+01
3.282572049016521731e+01
3.665746547476376804e+01
3.915805619844006458e+01
4.125180412074126224e+01
4.253337961738287021e+01
4.314533372962281987e+01
4.249876079079828628e+01
4.389686031825888790e+01
4.347090219625336260e+01
4.311111008685386281e+01
4.354082932354652513e+01
4.301298030470420741e+01
4.467976685754649679e+01
4.491505871002699735e+01
4.462797580914805451e+01
4.422339714934737742e+01
4.415192744242994394e+01
4.416304987009858962e+01
4.416670060279040655e+01
4.425558339005404918e+01
4.473973684591299360e+01
4.386502531726292631e+01
3.868735004988100457e+01
4.147520827403575083e+01
4.370496056932539375e+01
4.267815229426564372e+01
4.283342597930113982e+01
4.258222821986339568e+01
4.308515265818362394e+01
4.260399732367871195e+01
4.250987920774846174e+01
4.242784563804254105e+01
4.176780417741003504e+01
4.229182982307588645e+01
4.182350802866232442e+01
4.262683318843304647e+01
4.209914825313011733e+01
4.195726190683270573e+01
4.196927465840699512e+01
4.160017627698342579e+01
4.148534466284939271e+01
4.174334605025529754e+01
