2.552254075837226424e+02
2.504038244748890918e+02
2.478481245084072384e+02
2.461906447369586601e+02
2.464176834555306641e+02
2.451041870750455871e+02
2.455603886616763134e+02
2.452199317833036218e+02
2.446831783544501491e+02
2.435639381511869601e+02
2.420587655063320369e+02
2.401565985596938049e+02
2.401607638385724783e+02
2.384455352486664026e+02
2.372752318893450081e+02
2.377182828241659251e+02
2.371181138025809503e+02
2.356174937669913447e+02
2.349675598349245149e+02
2.332104888850328734e+02
2.335479618015966992e+02
1.953550821406916214e+02
2.096823911372070484e+02
2.227701682461801340e+02
2.229681471173205125e+02
2.213422010997685163e+02
2.213008859593830095e+02
2.217247259008452716e+02
2.210760680995569487e+02
2.222733647030527209e+02
2.230675717842135839e+02
2.225790959240482891e+02
2.214961243119647918e+02
2.204844354848040950e+02
2.203553601175275105e+02
2.198915080878484503e+02
2.188015203017336034e+02
2.177794085385858409e+02
2.176133648177768976e+02
2.180271209502397483e+02
2.181442461245721063e+02
2.178964876102978678e+02
1.946236214456503149e+02
2.058775564704965007e+02
2.103975095920809508e+02
2.062105375531348841e+02
2.085502556900682691e+02
2.075864632505352461e+02
2.079365181378032617e+02
2.071201254571610946e+02
2.081937176443402961e+02
2.086875242762518496e+02
2.092357113501583399e+02
2.095884884713430552e+02
2.099615971616828176e+02
2.100469767224132909e+02
2.100058703794787789e+02
2.087033769251204944e+02
2.086430703779772955e+02
2.079840371287747303e+02
2.077392992836472843e+02
2.072287645577751505e+02
2.064094325887552088e+02
1.977279057769430324e+02
1.907831294272898504e+02
1.917656764108003529e+02
1.928314906645409792e+02
1.949831789872244201e+02
1.941007709009449229e+02
1.949016143862011177e+02
1.943432615012117708e+02
1.941790592302247092e+02
1.929537360446432785e+02
1.920230085072334703e+02
1.910588585825431664e+02
1.891084438836308550e+02
1.879992851259705731e+02
1.868362464734029516e+02
1.863375510677628029e+02
1.844270939855830420e+02
1.833715825276981377e+02
1.825255223838165080e+02
1.811387221350113919e+02
1.798751151244625817e+02
1.534435134048016494e+02
1.491044698676859923e+02
1.546661923673180752e+02
1.534282834461304219e+02
1.500909427622991359e+02
1.487367034671877946e+02
1.478815174550580593e+02
1.475602372635164841e+02
1.460815212504087413e+02
1.438213295881613192e+02
1.422172335078269896e+02
1.425169419551223200e+02
1.417645685421962867e+02
1.414811722194813512e+02
1.411305746309066649e+02
1.401584769007522198e+02
1.392416956343885488e+02
1.387070591448353412e+02
1.379963431104437461e+02
1.370550457056837388e+02
1.362621003147524164e+02
1.069241655461793528e+02
1.060398224563308389e+02
1.119807830654461469e+02
1.123412512594675974e+02
1.118725745923491672e+02
1.133687312828423046e+02
1.125958144751727872e+02
1.111761278385226746e+02
1.100347058235503255e+02
1.107271669806375627e+02
1.094534255951796240e+02
1.085940254844108068e+02
1.083597792384399980e+02
1.074021127990788784e+02
1.067457310768226364e+02
1.065620715018817606e+02
1.052980486942457361e+02
1.050148011460307913e+02
1.048006968056395323e+02
1.040947751778520853e+02
1.036248743545531141e+02
7.910907699851235009e+01
8.736195617000490188e+01
9.588520494368204083e+01
9.677020537433941172e+01
9.483300032860675799e+01
9.372425827931544973e+01
9.382650494180970213e+01
9.379841370362215969e+01
9.217931270577035718e+01
9.129387079160557050e+01
8.962485767148564264e+01
9.007691909336517710e+01
9.035750115122320381e+01
9.060898078322769322e+01
8.991071603522252076e+01
8.957588091556178256e+01
8.888146317928971030e+01
8.892330278368613961e+01
8.919548530002998632e+01
8.896579109246290784e+01
8.962707698524054933e+01
9.747376027234022899e+01
9.299606794249048392e+01
8.844614641990270343e+01
9.228286584638721024e+01
9.112804540460687974e+01
8.907617264961265846e+01
8.830751839287786709e+01
8.713603073587469794e+01
8.698508807229787010e+01
8.597224823269203853e+01
8.621445898624938309e+01
8.705587509522102607e+01
8.717310850628912533e+01
8.640796356828971625e+01
8.625403995657291034e+01
8.571090599270223720e+01
8.524742608293330193e+01
8.466062542274418945e+01
8.447229145857241406e+01
8.403575805419843903e+01
8.380219404078934531e+01
9.256404986441336291e+01
8.173461355132189965e+01
8.154373803739431992e+01
8.303365127155684888e+01
8.293817639698831101e+01
8.305558534627445511e+01
8.254375951579734760e+01
8.234361468005543827e+01
8.079878375853159866e+01
7.989952670285731529e+01
7.941139763805199436e+01
7.936789620933181766e+01
7.928396865436897656e+01
7.919291469780165471e+01
7.917244912607621643e+01
7.990430154003026075e+01
7.973107334490772757e+01
7.964464861025406606e+01
8.001656285257364232e+01
7.989047428379181781e+01
7.945209094870686783e+01
8.165532105942284602e+01
7.652402359122859821e+01
7.439899799147471526e+01
7.534334065766633159e+01
7.691468408479562413e+01
7.603001548874115656e+01
7.573924459678040932e+01
7.581642786584592386e+01
7.563276490394173379e+01
7.573796353925099822e+01
7.552051459801290889e+01
7.609104333134082765e+01
7.554455670571566372e+01
7.479797054205147333e+01
7.518137457730628626e+01
7.593746976325486742e+01
7.575978093875070840e+01
7.607157342239958098e+01
7.681293314619033197e+01
7.726833552345259193e+01
7.739139420385122037e+01
7.104203768359198534e+01
7.488818548189794910e+01
7.390237329487079876e+01
7.225793325910073861e+01
7.276336430234535158e+01
7.622166535628697659e+01
7.349844065519589265e+01
7.302470637022570088e+01
7.513273800182108175e+01
7.588498643462403948e+01
7.515172727630150007e+01
7.570957196649104048e+01
7.592913501312283131e+01
7.573666417086329261e+01
7.629544409350414469e+01
7.596433193843010656e+01
7.601364754269539503e+01
7.574781513633340069e+01
7.575463439524003206e+01
7.552413340810674924e+01
7.521765145671476205e+01
8.155941157898374172e+01
7.479692418999565007e+01
7.619508085675197151e+01
7.825169708066896135e+01
7.790796161418332133e+01
7.868063422482006786e+01
7.693904081769417758e+01
7.965688962587030630e+01
7.959160865529972284e+01
7.880690222215676499e+01
7.906841938063288922e+01
7.841929583973433182e+01
7.828724293608202345e+01
7.744634935735614079e+01
7.628791650432911808e+01
7.535576793602687928e+01
7.511305957160203661e+01
7.465866240653515717e+01
7.437930227878003109e+01
7.446306601042142859e+01
7.439638634848940058e+01
7.953537026820953315e+01
7.761068576440436573e+01
7.675612202581297083e+01
7.693093431090859724e+01
7.502653569487911511e+01
7.519869211787741392e+01
7.462518056879484618e+01
7.381383652775460291e+01
7.413502155536315286e+01
7.338772101188905594e+01
7.422603826467856436e+01
7.476180933752077351e+01
7.396115905644379040e+01
7.416533249854708743e+01
7.345793399737307539e+01
7.369806232689981584e+01
7.318910890885480569e+01
7.365558968476074142e+01
7.322524898284035544e+01
7.352548708584286885e+01
7.377567354874895500e+01
7.332882807064970621e+01
7.369258163779599613e+01
6.583101668780982152e+01
6.550311555354440429e+01
6.795244681994498137e+01
6.917505143083768360e+01
6.956521878237786893e+01
6.829394150788762374e+01
6.837114697817595754e+01
6.894514452847390373e+01
7.014553582741463345e+01
6.948536573514830650e+01
7.079466808394086286e+01
7.068680112776071667e+01
7.129231421676111324e+01
7.152338695631060261e+01
7.245535270323190957e+01
7.279358063238983334e+01
7.275311335169310212e+01
7.228346680077969211e+01
7.247499865170489386e+01
6.540592624676730793e+01
6.801514833478508137e+01
7.064456891947465067e+01
7.208739797993204945e+01
7.408756582830170601e+01
7.229493381284089537e+01
7.128973938498771190e+01
6.977101291311242903e+01
7.049625871957356082e+01
7.086471520796912671e+01
7.098119864399701839e+01
7.107138666341131739e+01
7.126424724579040060e+01
7.109444555662221887e+01
7.075997129539901209e+01
7.085964261873957071e+01
7.130454501103132259e+01
7.150446513351589317e+01
7.178402787190790946e+01
7.174388876435236284e+01
7.142532542525245276e+01
6.286092058258692816e+01
6.625357384541871397e+01
6.717232182542785779e+01
7.117103443286113418e+01
7.409336661738930729e+01
7.455786463663110908e+01
7.337662781772677079e+01
7.419859647363578858e+01
7.293643221338970761e+01
7.399626878054776569e+01
7.372645938718048342e+01
7.377770269521548130e+01
7.348754792957021209e+01
7.309148545916575301e+01
7.252389472681463189e+01
7.245590768979511154e+01
7.210246226014609761e+01
7.185990412062027133e+01
7.227463079702891946e+01
7.214397358492810497e+01
7.130347344854303060e+01
6.569453861614979928e+01
6.954159085413488128e+01
7.268544735645272681e+01
6.959533098160007114e+01
7.133538245346807116e+01
7.527051178054591674e+01
7.415258305112283210e+01
7.395579887701502741e+01
7.343209132992255661e+01
7.282825075965463668e+01
7.243613174766633733e+01
7.234405038252631925e+01
7.214070356372772608e+01
7.220538135372902389e+01
7.250026603654687563e+01
7.261786884545092846e+01
7.210841886944118073e+01
7.198636411951301284e+01
7.154275947204764918e+01
7.173948327129370739e+01
7.142046533647851447e+01
6.855901688488916079e+01
6.955080149418036228e+01
7.126717550572854520e+01
7.431974538406160491e+01
7.155141304544342518e+01
7.144342038384090188e+01
7.207713583961616166e+01
7.021204947753857084e+01
7.101922543499904350e+01
7.069416423482608991e+01
7.035083184236873421e+01
7.060760820260404103e+01
7.024188804555190302e+01
7.024120644409590852e+01
7.014914399515890864e+01
7.019947396602556466e+01
7.097593029056614000e+01
7.059357923156851200e+01
7.059729053166334722e+01
7.080680372124538735e+01
7.089799265807877759e+01
6.528662412480701960e+01
6.897304941891485441e+01
7.235243088030618708e+01
7.533040367482851707e+01
7.535823697392829956e+01
7.418964084193586928e+01
7.381923807654163738e+01
7.270755220503907879e+01
7.157068032502643007e+01
7.131075965585154108e+01
7.088566609173271615e+01
7.093596778092057775e+01
7.131390395483221312e+01
7.110568546523755629e+01
7.138142074703578999e+01
7.240497002905414092e+01
7.203859177589686169e+01
7.184538114245017937e+01
7.181820716044610720e+01
7.177922648510440240e+01
7.128951773522128121e+01
6.368180584017314061e+01
6.651502002718714834e+01
6.621255813537126755e+01
6.816581523807326448e+01
7.092109163242301406e+01
7.040146519220000698e+01
7.022031285223968666e+01
7.055990167196549123e+01
7.265548046822819117e+01
7.185331175444662222e+01
7.177624523290293723e+01
7.087933835613495148e+01
7.009353570851831705e+01
6.987363682341320725e+01
7.075003165190975096e+01
7.036472287362407485e+01
7.072525509394695575e+01
7.068719880418318269e+01
7.066031802384510740e+01
7.066676334856971664e+01
7.042565485316765717e+01
6.907821403737339949e+01
6.831765272638679676e+01
6.947121319830623065e+01
6.863359298351927862e+01
7.018789325981853722e+01
7.037478778844531746e+01
7.138297964241616000e+01
7.076956492665983944e+01
7.016049151568918774e+01
7.102518081548676321e+01
7.059523086888229670e+01
7.030056801002592692e+01
6.993139240630922870e+01
7.011302581812343249e+01
7.020547765944886009e+01
7.031538762037858703e+01
7.029716756622555351e+01
7.030467956362274151e+01
7.012779021231050081e+01
7.013683432524204875e+01
7.008340745418016127e+01
7.724886419121750691e+01
7.238884914792892289e+01
6.835412031332180050e+01
6.715246014115174944e+01
6.579465282010728799e+01
6.575057979474073022e+01
6.729289933241183519e+01
6.786633449684259745e+01
6.789699147776278210e+01
6.759781194527667481e+01
6.875647245887421377e+01
6.872430319235266438e+01
6.853444040625846867e+01
6.846244359449902106e+01
6.867671256739569685e+01
6.988370916846088221e+01
6.975210111780937439e+01
6.959343238858357950e+01
7.005801918378945459e+01
6.941344349315411932e+01
6.954318354017233617e+01
6.585503209785834144e+01
7.054710422995319163e+01
6.918339477928371650e+01
6.843894018417803693e+01
6.882142234551257332e+01
6.777066301624033429e+01
6.797004675548087960e+01
6.809367931431076215e+01
6.982247656257378310e+01
6.994694354321390506e+01
7.168347326763846183e+01
7.184747460233030836e+01
7.206749716285771967e+01
7.093410019145177614e+01
7.053065032861363193e+01
7.015223300141749974e+01
7.024750509128993770e+01
6.972598910742192402e+01
6.997330482807861074e+01
6.961644004559452981e+01
6.994072368176193777e+01
5.827254164270682679e+01
6.092973075162057484e+01
6.813588011171182757e+01
6.768754169191026904e+01
6.811471052332987597e+01
6.876166648936673198e+01
6.894122622104487164e+01
6.749537218102632607e+01
6.765780567958591973e+01
6.698100070345600443e+01
6.708279620016925548e+01
6.792867181783465469e+01
6.794220176422409452e+01
6.802463259888230596e+01
6.792138120576046845e+01
6.773741571695889263e+01
6.877270005739087821e+01
6.944986456445336387e+01
7.011314320378342302e+01
7.038922615553471474e+01
6.992026528910042771e+01
9.558150481166856594e+01
7.380718219050913831e+01
7.191185053104197777e+01
7.327858234235904433e+01
7.290008412066121934e+01
7.101882757943768354e+01
6.952726477595645349e+01
6.900243468872407959e+01
6.838097626355553871e+01
6.845070816377415213e+01
6.767115226842129516e+01
6.744155298051124703e+01
6.720199769407162194e+01
6.737611894112225741e+01
6.773881962706897752e+01
6.888551177763255851e+01
6.871152307457595043e+01
6.924193589329402698e+01
6.930685901618960543e+01
6.940036114542881762e+01
6.922428470479920293e+01
6.597267103117538056e+01
7.362676377470207001e+01
7.220929746574573471e+01
7.439177850641426915e+01
7.352880613803695553e+01
7.154165134542404303e+01
7.105617097605325228e+01
7.114899232495569947e+01
7.095290164343924744e+01
7.098027251347335209e+01
7.100034061757069992e+01
7.130922564985421275e+01
7.082833185985019497e+01
7.114969823827424023e+01
7.150437014901801547e+01
7.094116469306199235e+01
7.038736940322323221e+01
7.081734690431635215e+01
7.045635546121393133e+01
6.996073680479128143e+01
6.999519086006523594e+01
6.287348822220248223e+01
6.583758930192352921e+01
6.563862418334974791e+01
6.722850447876702162e+01
6.748572208793895300e+01
6.846161657436361736e+01
6.965470605453900532e+01
7.096684472354158402e+01
7.057747929685385202e+01
6.996967234600896290e+01
7.090274488715775192e+01
7.087094961692709205e+01
7.004270766278503402e+01
7.002894515705932577e+01
7.021149176078041876e+01
7.001183522936155157e+01
7.007728198600304381e+01
6.987297998605912142e+01
6.997888536002993476e+01
6.965401089976735705e+01
6.983634098421165959e+01
6.479197421361612896e+01
7.184135660418647262e+01
6.963498627589756040e+01
7.043114370873902885e+01
7.016146082351872337e+01
7.044633175157640892e+01
7.124947721891298613e+01
6.989976648655006386e+01
6.969440757411928189e+01
6.922783898858034490e+01
6.891808559420702807e+01
6.849123596574779071e+01
6.901556965007769406e+01
6.848119768912820859e+01
6.871847531728673175e+01
6.889319266840601585e+01
6.967107754260256058e+01
6.995102598419977369e+01
6.935490500150513071e+01
6.907574416352851188e+01
6.954272317604160492e+01
