1.723492602085595991e+02
1.709560365523823577e+02
1.695669842283125490e+02
1.681755773632972648e+02
1.668125859779751750e+02
1.653006350632809074e+02
1.636449371273008353e+02
1.619303009163158151e+02
1.600602865239236223e+02
1.581713567417561705e+02
1.558596754933942066e+02
1.537511220563206393e+02
1.512938144466374695e+02
1.484688943212460117e+02
1.459962616178598580e+02
1.431934089770631999e+02
1.403414645377086458e+02
1.374483281835054527e+02
1.354877158282255039e+02
1.332093158436412921e+02
1.313309761929367596e+02
1.079972722381752845e+02
9.708094408217375815e+01
9.287066798605994222e+01
9.253444625095671938e+01
9.163577258622936483e+01
9.236993380860043601e+01
9.260095229599976108e+01
9.245803767026062303e+01
9.188517217513877711e+01
9.135839420093252272e+01
9.070455344832467404e+01
9.104221878296681325e+01
9.069046722510488223e+01
9.079483916234666196e+01
9.061143615784908434e+01
9.030159479891545971e+01
9.045739967897685574e+01
9.045321866970131452e+01
9.027517549864549551e+01
8.991391942109284230e+01
8.949962526385515105e+01
7.896931317103155834e+01
8.428233818898947050e+01
8.517684749380433118e+01
8.663659476920200575e+01
8.622038080078614541e+01
8.585898212383915507e+01
8.529279955926921275e+01
8.613334899340964057e+01
8.610560313864741033e+01
8.573664319468709039e+01
8.590904381707484561e+01
8.575284569059574835e+01
8.534595312924206212e+01
8.532818315598780146e+01
8.545890568923124420e+01
8.555907559148540997e+01
8.556380377026765416e+01
8.511952150114025528e+01
8.472176953042273340e+01
8.447183736639057372e+01
8.436994335633887943e+01
8.711759568451395808e+01
8.092815832972094370e+01
8.053634703218098423e+01
8.203728946565068725e+01
8.140059639934986535e+01
8.115362371032374256e+01
8.038867971145829472e+01
7.989204177661149231e+01
7.989076838866178321e+01
7.912170785539390749e+01
7.835574772587598602e+01
7.787587644649759966e+01
7.780923790395880246e+01
7.712108132184157228e+01
7.685765209803092546e+01
7.660700981825399936e+01
7.602342983625524653e+01
7.580287861583659037e+01
7.546704263788353728e+01
7.511310748962998218e+01
7.469984016154474205e+01
7.121501758630088830e+01
6.580978404607938614e+01
6.624902259371256719e+01
6.669237980564692236e+01
6.536574459550156746e+01
6.426406293693271721e+01
6.414107141610867302e+01
6.363904576609735386e+01
6.351178372194319621e+01
6.219827634466778932e+01
6.185668156273845852e+01
6.153584362579106681e+01
6.132098050156137248e+01
6.074122160181744334e+01
6.044849725968776966e+01
5.985713693046200490e+01
5.913686733172379206e+01
5.886161159088769779e+01
5.836529406130870257e+01
5.782465736246475529e+01
5.731114334922481390e+01
4.531378474046226046e+01
4.593029813299455810e+01
4.666822744816533231e+01
4.560823734633194704e+01
4.493674752898874658e+01
4.431735318105599930e+01
4.358544706327612062e+01
4.290168184328860690e+01
4.267151744390491785e+01
4.212445546941074781e+01
4.152086750059028475e+01
4.093196352509922065e+01
4.009442271523207779e+01
3.950020798411242851e+01
3.913617551890389024e+01
3.875549562427475081e+01
3.851561688393020688e+01
3.815746402465227760e+01
3.777399805424069967e+01
3.743465351654677420e+01
3.698322640018786700e+01
2.836211662384310728e+01
2.945974522561049369e+01
2.866938849806627232e+01
2.863773239970686291e+01
2.781105621903378378e+01
2.763346094053515856e+01
2.739839911036271403e+01
2.690832678778816955e+01
2.666132272939620051e+01
2.656494059728065338e+01
2.621183203017182350e+01
2.612847255083079290e+01
2.587348026591632433e+01
2.575758071400160176e+01
2.559513374831669097e+01
2.580475547022085436e+01
2.568273714868037061e+01
2.552218261328479088e+01
2.534767394617409408e+01
2.517739353431658955e+01
2.509945577510728754e+01
2.147733628719036503e+01
2.068286762213674734e+01
2.115438686914142608e+01
2.116350086167116373e+01
2.121089135372798040e+01
2.087583279301708572e+01
2.040518375784363769e+01
2.012081817145262974e+01
2.069071588451074106e+01
2.039329128741396246e+01
2.031298908035780215e+01
2.023702933120052805e+01
2.019529784064079081e+01
1.999168010243121429e+01
1.978937367162949101e+01
1.963859889813540605e+01
1.955371596519695032e+01
1.934380252462133143e+01
1.933695471332632110e+01
1.942488970095449474e+01
1.949747742108463910e+01
1.868505686675977273e+01
1.800839504753713882e+01
1.642151364656151102e+01
1.725966757993946743e+01
1.688557300325592081e+01
1.668468897894573999e+01
1.670693520747984451e+01
1.661473735917789796e+01
1.663977368593151240e+01
1.649833625053963715e+01
1.677899437659831250e+01
1.656937436723979928e+01
1.639837976614788317e+01
1.655638357094302648e+01
1.639803475944300359e+01
1.651784738423636867e+01
1.642139304825007784e+01
1.660432288564237524e+01
1.650409862238913306e+01
1.649572858445488421e+01
1.645719368364606439e+01
1.883573864540415244e+01
1.641740644487442324e+01
1.646976251255993162e+01
1.650977015224324163e+01
1.639189172788766413e+01
1.584476725715905943e+01
1.568990574257208515e+01
1.599909485215082228e+01
1.592947598133326892e+01
1.574688334609107976e+01
1.588826535158771769e+01
1.575577908317801423e+01
1.550530646899643550e+01
1.522350575120574412e+01
1.518365933783307575e+01
1.494933188105992095e+01
1.504072808668812122e+01
1.491567871042228077e+01
1.473392527598843671e+01
1.473728664019389889e+01
1.464313915385116793e+01
1.301650152554020679e+01
1.203577230087147676e+01
1.177262030802661918e+01
1.394463425071937479e+01
1.434052634730026909e+01
1.392209681283101830e+01
1.390878615274017882e+01
1.422477413175233529e+01
1.422848397517692831e+01
1.438909893250678351e+01
1.401961832068459124e+01
1.377550578626737554e+01
1.385838997677593198e+01
1.388363101238243225e+01
1.371652157808179950e+01
1.382748404760975802e+01
1.376396554609591938e+01
1.378271151787176763e+01
1.363617607748046900e+01
1.353068119551084436e+01
1.355692865474687103e+01
1.289152963182884193e+01
1.527106795402044881e+01
1.461122696299059953e+01
1.393707838677589628e+01
1.346806014986166922e+01
1.313319172911744737e+01
1.302017223764610954e+01
1.357595667946359441e+01
1.363358518024083743e+01
1.359105355385139191e+01
1.372442569186437922e+01
1.344482406246216044e+01
1.338501603607305412e+01
1.315900600589707103e+01
1.315011110844708320e+01
1.293360896262370296e+01
1.275355295313879900e+01
1.263796352969025882e+01
1.253035197511058207e+01
1.258098650500833493e+01
1.260665760023445969e+01
1.302715484382244071e+01
1.273752797375058243e+01
1.338362570713798405e+01
1.300755385853025103e+01
1.283117807430959623e+01
1.308643566834215655e+01
1.248245071094011038e+01
1.252209497577655206e+01
1.231952754886783730e+01
1.215305989761203520e+01
1.194841200166420769e+01
1.199038002152013860e+01
1.205809015560041431e+01
1.210228345520330606e+01
1.208913130493941956e+01
1.231218806922687037e+01
1.225809963940293557e+01
1.214806690914088882e+01
1.222698910379314619e+01
1.217101392920026548e+01
1.213014221778029622e+01
1.020842715911886245e+01
1.153462062387654896e+01
1.050493920902106026e+01
1.129974124995643869e+01
1.188363512012958267e+01
1.188428659754439565e+01
1.186526148235926570e+01
1.158824953699068594e+01
1.166358470984000562e+01
1.150057450919202751e+01
1.133885819152982855e+01
1.149293558748745703e+01
1.159269749638123237e+01
1.135049147572491712e+01
1.110161216070863865e+01
1.115359437168812384e+01
1.116696925329628698e+01
1.109636588724215223e+01
1.126838306260277633e+01
1.122882616759170382e+01
1.111009028683075606e+01
