1.723268028332247752e+02
1.709118455513417985e+02
1.695219801305556189e+02
1.681206740262796018e+02
1.667827131201358668e+02
1.652759355485847266e+02
1.637500160262266320e+02
1.620844112725187358e+02
1.602631053324585935e+02
1.583599369412296483e+02
1.562365411676467204e+02
1.539425944972623483e+02
1.515715394433825338e+02
1.489371102989885571e+02
1.461987373017487073e+02
1.432856963876695886e+02
1.402569901016758251e+02
1.377188390103752340e+02
1.352687557276776431e+02
1.332439947936957481e+02
1.314354420127644119e+02
9.734200614021128217e+01
9.019473427633394635e+01
9.087716271943203594e+01
9.049253216899140284e+01
9.142800938540749200e+01
9.151355239316627888e+01
9.141052330142557025e+01
9.121078273384304680e+01
9.083875752888151567e+01
9.048600619178111515e+01
9.033393777376556955e+01
9.065081133508165578e+01
9.061476316247217255e+01
9.081284577374457001e+01
9.041044521499193820e+01
9.026360267488352918e+01
9.020435478625792314e+01
8.956820136464131110e+01
8.948939625441398960e+01
8.956979700767585939e+01
8.973097120260571558e+01
9.354233932862797474e+01
8.680583375615751152e+01
8.615401519459595647e+01
8.491452068355761185e+01
8.571470817500627959e+01
8.566738846564950904e+01
8.677433140144319168e+01
8.629144223931295699e+01
8.682678038005278154e+01
8.621846421214610245e+01
8.606381374165839304e+01
8.622895106449284697e+01
8.614624347801512272e+01
8.608907182159209981e+01
8.550390149557436814e+01
8.519699392869139842e+01
8.519432917678818740e+01
8.538430157286066446e+01
8.533137619534630858e+01
8.489953035177971685e+01
8.439666740267523437e+01
7.872690974824344323e+01
7.807830899382067003e+01
7.773480447084544664e+01
7.618126487472720498e+01
7.744073630204661640e+01
7.755178158763978047e+01
7.698070985363378327e+01
7.691672355061992050e+01
7.716862716291315394e+01
7.724180190105093402e+01
7.710018933948022379e+01
7.680422713592137995e+01
7.668544294925222005e+01
7.659189285951318027e+01
7.647070128350978280e+01
7.612713625848313370e+01
7.585687908423908254e+01
7.541482316529202024e+01
7.547991874783082267e+01
7.522422730764613164e+01
7.494979470541828448e+01
7.254458821223252585e+01
7.001843911913240959e+01
6.601690776131169969e+01
6.425472476744415928e+01
6.577435069103395904e+01
6.526452335440495744e+01
6.444995511704334490e+01
6.337150161557796935e+01
6.256134471689239973e+01
6.225201055078262158e+01
6.194919974240185212e+01
6.134518417889393760e+01
6.078070653133459444e+01
6.029523110878527348e+01
5.967318583853872838e+01
5.928665895274162523e+01
5.901198351234237549e+01
5.848131113734454800e+01
5.805688320118031243e+01
5.765333725845947299e+01
5.725957906964008970e+01
4.604403440675807246e+01
4.834545259374996817e+01
4.782491989715310865e+01
4.703585878680442534e+01
4.573927503606059730e+01
4.501498001697407858e+01
4.388272187520156820e+01
4.331148271242536651e+01
4.289474239409003076e+01
4.233062531660836925e+01
4.189859373216150829e+01
4.142817387040989985e+01
4.091828170511929130e+01
4.033433675475075120e+01
4.030323469128615699e+01
3.964317624647449634e+01
3.916074720914672014e+01
3.865798221698151593e+01
3.840141036642773997e+01
3.824199837170726113e+01
3.776326297316285974e+01
3.026751733622003115e+01
3.146776734189192481e+01
3.020008664186848435e+01
3.037790669812355304e+01
2.916877286851529050e+01
2.841218012618739053e+01
2.850636079722332994e+01
2.847434950335143000e+01
2.834117398261923526e+01
2.839973412346632742e+01
2.788572664184601280e+01
2.783527983040419684e+01
2.767157696375809550e+01
2.730958169486325460e+01
2.725329193070745504e+01
2.712046457494357199e+01
2.689786289453013168e+01
2.664312031341240328e+01
2.650496357366116129e+01
2.616306314388107523e+01
2.608073952187162803e+01
2.916484925332296285e+01
2.472890492310694199e+01
2.296970011768008035e+01
2.238436135986023245e+01
2.257290891474728411e+01
2.275386688958192138e+01
2.235701444786097980e+01
2.232110077335647702e+01
2.241315006794735609e+01
2.210553236823524870e+01
2.270164179383693792e+01
2.241292519671259953e+01
2.224261782821352895e+01
2.222510135182571389e+01
2.170164461548960944e+01
2.168311774233558609e+01
2.167165221742769532e+01
2.157846864192225667e+01
2.166359005543771943e+01
2.164024470079736417e+01
2.154280666737806271e+01
1.445471822090374836e+01
1.776441930765676247e+01
1.970923246921539729e+01
1.972688283702700929e+01
2.003799076279195290e+01
1.968800580164953118e+01
1.979297600060161244e+01
1.928159501452355684e+01
1.907269642088274608e+01
1.871319068959520493e+01
1.860096699572891055e+01
1.883137638672964087e+01
1.871087504926727263e+01
1.868672267062758152e+01
1.877923798756385665e+01
1.871085653640428248e+01
1.888454791652202047e+01
1.870804719989488518e+01
1.864737843060587963e+01
1.849735532198850052e+01
1.831887992039812119e+01
1.660180325019958758e+01
1.652633542630297470e+01
1.719723855309277383e+01
1.658646513509181020e+01
1.643892750682971027e+01
1.681069974504521980e+01
1.711391294672091945e+01
1.745668147041575580e+01
1.721258702607775959e+01
1.722129991855628006e+01
1.708610235122121424e+01
1.699553371816508474e+01
1.680314736453700419e+01
1.701301024913874826e+01
1.686073431603603723e+01
1.665634935653950421e+01
1.665053073203669598e+01
1.673711442454414211e+01
1.667501410051314537e+01
1.649982143056312012e+01
1.637559141377591843e+01
1.625151088318390435e+01
1.488696254434756483e+01
1.436831636884518737e+01
1.418339124102976534e+01
1.481481335861711202e+01
1.461776508964397614e+01
1.465605139444503813e+01
1.515447736356712483e+01
1.504958217282034028e+01
1.491669744352205917e+01
1.478954245459590133e+01
1.500972672793792562e+01
1.491779246232685807e+01
1.487298320396615736e+01
1.469756184092295292e+01
1.453719341504046625e+01
1.457763555119501042e+01
1.463221561822465944e+01
1.468004613857208795e+01
1.478454405096646163e+01
1.478112934208240858e+01
1.351347763496906396e+01
1.256313762820694357e+01
1.349349023987438478e+01
1.335501211361878937e+01
1.289151213715770972e+01
1.257314091186001370e+01
1.278633568415202149e+01
1.304055665541400977e+01
1.317041549491300145e+01
1.331165530963452248e+01
1.344471021927830279e+01
1.356701415560974411e+01
1.334033618008546362e+01
1.360703459338670918e+01
1.358323738329874431e+01
1.363317597837444950e+01
1.353222110145456902e+01
1.367200857028953287e+01
1.362337782032947153e+01
1.349372700809233372e+01
1.350243966400195106e+01
1.041789564287973491e+01
1.179507885126511901e+01
1.265219552397300795e+01
1.346688029077976623e+01
1.246134525993723408e+01
1.264046599269992477e+01
1.237881363006455082e+01
1.243108275589483647e+01
1.225481745107262554e+01
1.272632878515845256e+01
1.270565719542286409e+01
1.256949065103803420e+01
1.259433501937451005e+01
1.252794207647208324e+01
1.249648149975943667e+01
1.275446123927521391e+01
1.283753672128221801e+01
1.296552931658386321e+01
1.293025128326567419e+01
1.291576531934165040e+01
1.297509315234705696e+01
1.065952832663610650e+01
1.265985510836272887e+01
1.249692088547119084e+01
1.165660545021878924e+01
1.192988604262919772e+01
1.277823251930834125e+01
1.276112634162253912e+01
1.265517280743924822e+01
1.235198061806060288e+01
1.242082242901983236e+01
1.260389586333317880e+01
1.230360557263809618e+01
1.227721327013271946e+01
1.224328304097207543e+01
1.214288099756311290e+01
1.198526995517094562e+01
1.206667134856324175e+01
1.212698304892898804e+01
1.208180101539969975e+01
1.206031282200125965e+01
1.198888886863412928e+01
