9.967938836528719548e+02
1.319490721380690957e+04
8.207331600217330561e+03
6.126147065823602134e+03
4.975584831758248583e+03
4.243318727376240531e+03
3.735311019355261124e+03
3.359963467255050546e+03
3.065763782242333491e+03
2.820403759683895260e+03
2.617137863193803241e+03
2.450238259730377195e+03
2.304440788648369107e+03
2.183500010802753422e+03
2.078375680820499838e+03
1.986157946742521517e+03
1.904803592127301954e+03
1.833819943838655036e+03
1.769026216738400763e+03
1.710004524076216967e+03
1.657747076591592304e+03
6.320001349038892613e+02
6.321146502757902681e+02
6.252120345250571063e+02
6.058984456799129248e+02
6.035618073653820375e+02
6.054091235213899154e+02
6.046279226136703073e+02
6.053066611271032116e+02
6.073295185871460262e+02
6.039473650520575347e+02
6.042617976653509686e+02
6.024168719352851440e+02
6.001560773922037697e+02
5.977921964744908792e+02
5.925164804079645364e+02
5.889850242575462289e+02
5.836140868868839107e+02
5.794998401440903990e+02
5.761715959976487511e+02
5.712334894620746581e+02
5.654176820894733737e+02
4.311413622369226459e+02
4.042194932290852876e+02
3.880093645939297744e+02
3.785096376405547858e+02
3.626916467186381396e+02
3.501847517443937932e+02
3.394279340588533387e+02
3.334336487437479377e+02
3.352269572225433762e+02
3.759575199200452857e+02
4.074711648191260451e+02
4.543196848682723044e+02
4.936290669663030144e+02
5.217389514813894493e+02
5.327461382247837491e+02
5.436174641328581174e+02
5.494998333697986936e+02
5.552332663866412759e+02
5.594739104489173087e+02
5.642086311849949425e+02
5.656429499640358927e+02
6.018661119499295182e+02
6.108879887808723197e+02
6.210698876232805787e+02
6.213832200883600763e+02
6.159656035950132491e+02
6.164068737342192890e+02
6.106174437368154031e+02
6.096854333559840597e+02
6.059887006956928417e+02
6.053755598911528750e+02
6.019778538478319660e+02
5.998461088837171928e+02
5.959495227148929644e+02
5.932944251892220109e+02
5.907696799080391656e+02
5.882274195253338576e+02
5.841308783559072708e+02
5.815825629470227796e+02
5.774667689003391615e+02
5.718572824715014349e+02
5.683331022061182694e+02
4.767735459765730184e+02
4.785765608493633181e+02
4.661744710932591715e+02
4.559005520632173898e+02
4.416101561758042635e+02
4.341992925206747032e+02
4.311042957479874076e+02
4.211899942190763682e+02
4.172983307558329784e+02
4.148373134818522772e+02
4.084545215429713494e+02
4.048311127313574502e+02
4.012695915353720011e+02
3.992342628032074003e+02
3.931448481178634324e+02
3.925686007071424797e+02
3.938777305559652291e+02
3.924318973778733266e+02
3.914382872171829604e+02
3.881711291085783273e+02
3.860226089527962472e+02
3.046413682079549972e+02
3.216584223330607415e+02
3.114429611249599361e+02
3.157660860006241137e+02
3.086119532902131368e+02
3.103316468439771256e+02
3.050706799261628248e+02
2.989866412650204097e+02
2.933850841735592212e+02
2.909496798329989815e+02
2.863017442377246766e+02
2.837242835861192134e+02
2.830647298670153873e+02
2.842627105469788376e+02
2.824240245255950867e+02
2.840814419064767549e+02
2.843833133669371023e+02
2.855894962299857980e+02
2.851784949820990960e+02
2.842846092149886204e+02
2.831491865862279269e+02
2.381255215148042339e+02
2.357068997545365789e+02
2.306016868599869269e+02
2.239226031094747498e+02
2.248685828088460710e+02
2.244338313030917504e+02
2.190990287621249308e+02
2.311000862890176677e+02
2.401041499783133588e+02
2.462488880376543250e+02
2.440688565705131339e+02
2.461392041546481835e+02
2.420579647386749400e+02
2.407379469647256371e+02
2.397532547382495522e+02
2.357996682099555414e+02
2.342937595452022492e+02
2.375596239985023601e+02
2.418960728882290994e+02
2.447867267091987458e+02
2.462689188264876918e+02
2.367408444468730977e+02
2.516305955371340133e+02
2.318289542356818060e+02
2.277050756596723886e+02
2.175696526339324919e+02
2.062673890146855342e+02
2.116257549117930239e+02
2.104897989893417218e+02
2.097925414471366139e+02
2.064905628085867875e+02
2.062358542132921002e+02
2.031157928658133187e+02
1.994234395135196962e+02
1.965725777415075015e+02
1.942622571429809000e+02
1.887663019218676084e+02
1.925940028560013104e+02
1.959539183784760610e+02
1.949568097943272562e+02
1.941586186437297670e+02
1.953171301105767554e+02
1.630867549349088677e+02
1.738600167724595735e+02
1.719201036753463825e+02
1.660538783306031689e+02
1.665456596937986546e+02
1.637702438343592632e+02
1.589785367760984229e+02
1.626880737406998492e+02
1.586644480258349006e+02
1.572069215031213218e+02
1.528354081507692968e+02
1.522883680930183630e+02
1.492035480787102983e+02
1.486234724926741535e+02
1.467999379139697567e+02
1.437443233750822174e+02
1.418016059001060398e+02
1.394349174501008122e+02
1.385860502010501421e+02
1.388716183057670435e+02
1.372809932772908041e+02
1.172109304810175701e+02
1.100843903916186690e+02
1.111648177473452819e+02
1.153558904272426133e+02
1.110669847395563323e+02
1.129733999876832513e+02
1.114000314743109641e+02
1.098135944295742519e+02
1.097178626867614071e+02
1.105353545160483293e+02
1.096204999288203652e+02
1.067653299154763289e+02
1.071443394336285877e+02
1.064546838419559975e+02
1.059347376584484266e+02
1.067042522639492574e+02
1.078856402587619243e+02
1.082730594431724995e+02
1.078315647322511523e+02
1.114257501304135332e+02
1.114083433091442856e+02
