9.967769139379272474e+02
9.923346432208037413e+02
9.879742510900432535e+02
9.831141745379518397e+02
9.782708841445797816e+02
9.731779006493650286e+02
9.676056103422918113e+02
9.619825419326763267e+02
9.559861374173048034e+02
9.486213725836902313e+02
9.408375713168811671e+02
9.323062894545510062e+02
9.234430762778438293e+02
9.134707075905373586e+02
9.023389976181025531e+02
8.900334684671905734e+02
8.769642710821919991e+02
8.637302544145502452e+02
8.515332667054321973e+02
8.408820511292774427e+02
8.309224642482570289e+02
5.869765131538574678e+02
6.306324395123330078e+02
6.476455125909942581e+02
6.401429057194472989e+02
6.365241131136129979e+02
6.310248746703181268e+02
6.308129210045667605e+02
6.266154053319364721e+02
6.240025430383458342e+02
6.216665576210888275e+02
6.215604397434337898e+02
6.207493277703703143e+02
6.207554581699092751e+02
6.185550370781206766e+02
6.183504841105350351e+02
6.186383201064763853e+02
6.172540584599875046e+02
6.179839671309929372e+02
6.173626923384580323e+02
6.157236740083371842e+02
6.146006866560418302e+02
5.903660332646356892e+02
5.924763215780560586e+02
6.006268774950018496e+02
6.030495133049853393e+02
6.020003429748696817e+02
5.985376234077796198e+02
5.984298347665510391e+02
6.002349494605832660e+02
5.983417713919072867e+02
5.999633243389207564e+02
5.957082744871471505e+02
5.929623878477821108e+02
5.898456545337181751e+02
5.884404522600223117e+02
5.878864908513296541e+02
5.890213377424496457e+02
5.886663177947579015e+02
5.879632042483668783e+02
5.860824639766401560e+02
5.854046045197985677e+02
5.843776988038554236e+02
5.092490171421817422e+02
5.478628019941257890e+02
5.537492959993849126e+02
5.529378846252753874e+02
5.574980796786970814e+02
5.577558700711161919e+02
5.576502817347909513e+02
5.531396551509928941e+02
5.481074463897637088e+02
5.468734885238081915e+02
5.453367852961289373e+02
5.426319034770276630e+02
5.440141792339899212e+02
5.438847580362227063e+02
5.416508362807976482e+02
5.400297572155146781e+02
5.379610613437870370e+02
5.380953246379251595e+02
5.353953481786519433e+02
5.346079629624277914e+02
5.331388574060014207e+02
4.713503079489712491e+02
4.749621894915335929e+02
4.839049470172760152e+02
4.829970044132346061e+02
4.709965521367564634e+02
4.673852125800496538e+02
4.696468037694767190e+02
4.692666780191934777e+02
4.676952375853684885e+02
4.650516862897766828e+02
4.618802863225205328e+02
4.598422774824130101e+02
4.581134069528579857e+02
4.535585679395172747e+02
4.516311007992460418e+02
4.497004952497390491e+02
4.460410745768652987e+02
4.431586113201186095e+02
4.396419842514826541e+02
4.353949707113567342e+02
4.313563011896605985e+02
3.336600953934188283e+02
3.383450151586811216e+02
3.491275797465277719e+02
3.497749291058349286e+02
3.503766285179172542e+02
3.486601582342888150e+02
3.459166399294835514e+02
3.423745912819168780e+02
3.376926519514198617e+02
3.327914233094176097e+02
3.320543222877039966e+02
3.265939279538844744e+02
3.232550822182965931e+02
3.215904849376244670e+02
3.186248361644806550e+02
3.157947791544393681e+02
3.112880458370178758e+02
3.095474932458093917e+02
3.076740881568113082e+02
3.052552426676843425e+02
3.021935580545813878e+02
2.307264893749885744e+02
2.532626368929958005e+02
2.453348000961710227e+02
2.437895421787374346e+02
2.414980461661205595e+02
2.416543808343554929e+02
2.419300831697147203e+02
2.430390901395577998e+02
2.399443155814346653e+02
2.423832931282067875e+02
2.408831299211488783e+02
2.392914363368041393e+02
2.394656967754796142e+02
2.393273214673638734e+02
2.370217653226090988e+02
2.351693833200291408e+02
2.359519466158115506e+02
2.342688629993700147e+02
2.329554668269293813e+02
2.317323775507038874e+02
2.292742249785577258e+02
2.504566287108980873e+02
2.224943481261318539e+02
2.291117193636814022e+02
2.245658394561478701e+02
2.250130197706801312e+02
2.196679771096625871e+02
2.130804018487606015e+02
2.109084487477544201e+02
2.093277536751572541e+02
2.064602392434886156e+02
2.050689334820213219e+02
2.040022502508176956e+02
2.019470120554450432e+02
2.015031627997389023e+02
2.014577272066242415e+02
2.004392014865738076e+02
2.003757225072889980e+02
1.992146414357503659e+02
1.967396286312416294e+02
1.950514403357501294e+02
1.960019383760511289e+02
1.674706132213436263e+02
1.741819236931892476e+02
1.726026216781097844e+02
1.713581174113603538e+02
1.646846907579715946e+02
1.662709545867996326e+02
1.696987635227434339e+02
1.711212623888219753e+02
1.718948780078982566e+02
1.709347561445728445e+02
1.728631470096784426e+02
1.763316331085639774e+02
1.772143817505061634e+02
1.782572852508441201e+02
1.801101298345315058e+02
1.804963233015269282e+02
1.820263755071992193e+02
1.825603819817692681e+02
1.828555393397379021e+02
1.835601680070927273e+02
1.828667033226518299e+02
1.675575730606865079e+02
1.583781021352991445e+02
1.759000798459373129e+02
1.731142707533126668e+02
1.686897572073621063e+02
1.740153558482070935e+02
1.735302924718732811e+02
1.700668545582108493e+02
1.688265520318190340e+02
1.754939449933835363e+02
1.742489372771487979e+02
1.754032702955012155e+02
1.749013284636258447e+02
1.724031255511363838e+02
1.728693604396467265e+02
1.718930723440787744e+02
1.709266718426526950e+02
1.686001212575667978e+02
1.685255508801705844e+02
1.677192161028262376e+02
1.665897121201816447e+02
1.522725463654303439e+02
1.335312503057043330e+02
1.681387699101594251e+02
1.618634607999349839e+02
1.616987123473486747e+02
1.632518200031225604e+02
1.598304563731005317e+02
1.573372798603681133e+02
1.562212799804377141e+02
1.569246271973003104e+02
1.565632934463346828e+02
1.539963321152779372e+02
1.540429164861652680e+02
1.543675774857517524e+02
1.569568587320618747e+02
1.569907385707429341e+02
1.566415412192830274e+02
1.559930476702536453e+02
1.557313712350578498e+02
1.547247509880932057e+02
1.546798937283311659e+02
1.544964327706097151e+02
1.598071671826566558e+02
1.610952389337355157e+02
1.595018446388847053e+02
1.580674790527776565e+02
1.507936194482500980e+02
1.467384978344840647e+02
1.490087815666727522e+02
1.448174415056676025e+02
1.448775870484386985e+02
1.445686360196337432e+02
1.448206723717734405e+02
1.458396036375422682e+02
1.449831759368743462e+02
1.438846389049874119e+02
1.440671616444371921e+02
1.422967363148050879e+02
1.419016689830803841e+02
1.410208131689336142e+02
1.446981776934247250e+02
1.448906549617248629e+02
1.190401895605000959e+02
1.333234151880051002e+02
1.350356345119910202e+02
1.319013448767659327e+02
1.354025717115113991e+02
1.352445580097065942e+02
1.372713766626445988e+02
1.449925180281652786e+02
1.434252990015416742e+02
1.425609426574138183e+02
1.412211324248356732e+02
1.400621617403884898e+02
1.397236690582965366e+02
1.388504140710785464e+02
1.403506361083059915e+02
1.398891241855849046e+02
1.399798905007469330e+02
1.387014855985568715e+02
1.377795215168744676e+02
1.385607694183734679e+02
1.375531020563244908e+02
1.097633552577653830e+02
1.310839781340942523e+02
1.375321938697351243e+02
1.325707853275685295e+02
1.281255253213172125e+02
1.293159437023358578e+02
1.314874360836579683e+02
1.301978117933416286e+02
1.308777134566924758e+02
1.316614959919051842e+02
1.301193382865460251e+02
1.291422116607388944e+02
1.304556547420180266e+02
1.301505757510970795e+02
1.345841514193989781e+02
1.342799839418234171e+02
1.349983994161559053e+02
1.356511890676650864e+02
1.348356970814440672e+02
1.331545478050578026e+02
1.328989058886121200e+02
