7.215010347305847063e+02
7.194321194366550571e+02
7.177242207767620812e+02
7.161415453409659904e+02
7.138125751208528982e+02
7.106862664907300768e+02
7.088015879814322489e+02
7.066768452888304637e+02
7.037961493436239380e+02
7.003251676613720065e+02
6.972457506455962175e+02
6.935799803915464281e+02
6.896329975912070722e+02
6.848669906894216410e+02
6.798628245946498510e+02
6.746003252107605022e+02
6.683944475243184797e+02
6.633071506844165697e+02
6.577385880824464266e+02
6.526453804571663113e+02
6.482220650174604089e+02
5.254986783535737231e+02
5.556259579209207686e+02
5.588648730410051257e+02
5.617073371275766931e+02
5.580144156857946882e+02
5.576046347259665481e+02
5.579110332170407673e+02
5.623183317362560274e+02
5.597788482602445583e+02
5.592134957910625417e+02
5.599924614272115377e+02
5.605629586614700202e+02
5.589783914324988245e+02
5.595929396891365286e+02
5.612636559089287402e+02
5.580689813984366765e+02
5.574798277843160577e+02
5.564031052727361839e+02
5.560487043542630090e+02
5.552099754541429775e+02
5.550953438715432640e+02
5.632209240622896687e+02
5.215691642266547206e+02
5.402636169975811526e+02
5.488499473211481927e+02
5.463533431901258837e+02
5.485600975989952985e+02
5.436698065461049509e+02
5.411398797805683216e+02
5.419651071529384581e+02
5.404238414873710781e+02
5.360727159734990437e+02
5.354170330816841670e+02
5.349855230198563731e+02
5.326292567935474835e+02
5.327335953750385897e+02
5.329090781907190149e+02
5.317502120416273783e+02
5.313071341413977962e+02
5.304022214243877897e+02
5.290077131190987529e+02
5.296061102737944566e+02
4.905703621695203083e+02
4.934386448458646441e+02
4.977551854368829822e+02
5.026405439759867591e+02
5.029661689597280088e+02
5.023146758862430943e+02
5.012383712872509136e+02
4.977077324673803673e+02
4.954288283499899990e+02
4.950096609589821242e+02
4.945332275502020707e+02
4.920501080014405488e+02
4.912210487921701088e+02
4.889524316569374491e+02
4.854191388703634402e+02
4.833186594926871180e+02
4.821833956409912503e+02
4.811579309656951295e+02
4.782636279288258265e+02
4.764366185122653974e+02
4.748755324716937025e+02
4.635990123634517204e+02
4.356238974279036711e+02
4.253591228676924629e+02
4.219411990049983388e+02
4.135924955658946374e+02
4.133796537293470692e+02
4.113428524178519297e+02
4.095772996471612259e+02
4.063361334624281085e+02
4.048122063992690869e+02
4.004113726436209504e+02
3.971784139924822625e+02
3.929152829212414986e+02
3.889562968436703727e+02
3.842398330732356158e+02
3.813827956521116107e+02
3.773576161112733871e+02
3.745084392193593885e+02
3.708120244314429215e+02
3.677706912721912431e+02
3.645330633658192028e+02
3.125626925262802160e+02
3.128752225282048016e+02
2.964359626654051567e+02
2.909593449091382240e+02
2.826071240878633830e+02
2.801883567723979240e+02
2.773167771487904361e+02
2.790550806299609690e+02
2.777979429177332804e+02
2.759282653340378033e+02
2.736109393458367549e+02
2.741192469506478915e+02
2.714660537024240625e+02
2.692235883948958417e+02
2.669119060071054150e+02
2.654057813802853616e+02
2.646005766243107473e+02
2.615828792280618700e+02
2.605144085102369900e+02
2.582202815076020102e+02
2.553174979176673105e+02
2.027781933886384422e+02
2.053892850764535183e+02
2.031682345675898773e+02
2.068519330170238106e+02
2.064327743855283757e+02
2.080816614242381490e+02
2.079932518544497384e+02
2.102203396535698516e+02
2.108376826044824384e+02
2.068916271793576129e+02
2.056367585499715460e+02
2.059522484274311864e+02
2.032177755865596964e+02
2.019845919123442570e+02
2.052918818279693198e+02
2.060926245645018184e+02
2.053546102296964193e+02
2.090176613766724927e+02
2.075499608518209698e+02
2.062476206164398889e+02
2.047117434527587250e+02
3.313335452543067277e+02
2.380782385695856931e+02
2.197812151185808318e+02
2.130611072608997461e+02
2.109274987194079074e+02
2.016295981331685994e+02
1.981792672768229124e+02
1.967118601952012114e+02
1.977406019654975751e+02
1.951305429099816706e+02
1.936773942686269265e+02
1.929526541890600697e+02
1.924994437433317955e+02
1.915361348922515106e+02
1.904056518594205443e+02
1.888114373337682537e+02
1.901700087165130810e+02
1.888047746629775645e+02
1.877265292544280442e+02
1.869151684516360490e+02
1.896975267893337502e+02
1.433724118912974177e+02
1.598573948434283523e+02
1.619849101882140019e+02
1.645486300177523731e+02
1.646938979020602858e+02
1.634106184769045456e+02
1.632107463868747459e+02
1.620051916302329573e+02
1.642667032173110613e+02
1.693936527269474936e+02
1.709004738029280475e+02
1.785956800156929205e+02
1.793208444067881544e+02
1.792984077865324366e+02
1.781499647586961430e+02
1.775149311417187619e+02
1.812501313372286518e+02
1.786814158482687560e+02
1.785874125441280000e+02
1.777290473963819579e+02
1.763036571516843480e+02
1.618786745019804698e+02
1.644332451153699139e+02
1.737921528871806629e+02
1.689681777902439990e+02
1.639284132253194741e+02
1.620913477370028772e+02
1.628064260654076918e+02
1.646973240055543499e+02
1.630157852696650878e+02
1.669018144016248186e+02
1.656623501602454098e+02
1.674480547046926517e+02
1.667586377239932176e+02
1.664772345189672649e+02
1.673856944924408765e+02
1.659363701464798169e+02
1.648116440597508756e+02
1.645577666045575143e+02
1.643576247343965520e+02
1.708695473697261491e+02
1.707126285493316402e+02
1.636809361991881815e+02
1.680292536115625524e+02
1.790836737316890890e+02
1.791919603343514211e+02
1.771303125603856188e+02
1.753366578697958005e+02
1.861856252252806883e+02
1.794798168326461507e+02
1.776906837074725445e+02
1.735884882153918625e+02
1.717923444088907559e+02
1.709709050573326294e+02
1.702813780826103027e+02
1.675420098766931574e+02
1.707246428039117632e+02
1.688974366580285107e+02
1.681192700127080855e+02
1.689559489088130988e+02
1.685233059427199578e+02
1.673027579745006790e+02
1.669825262193562594e+02
2.333403630525344283e+02
1.645640573170525158e+02
1.536500692035896236e+02
1.504756247992060310e+02
1.692791090326574306e+02
1.628130103054072890e+02
1.627149284210274516e+02
1.612048018206190534e+02
1.604973072093314101e+02
1.592487458034257486e+02
1.589242206485811266e+02
1.583281470080475515e+02
1.589872096711422955e+02
1.593269809159080239e+02
1.609120140805850099e+02
1.610443293343021196e+02
1.602483351692376061e+02
1.594387768467227033e+02
1.588570607391204987e+02
1.578651293286437181e+02
1.593147771649328206e+02
1.381893502741399118e+02
1.376891385477621554e+02
1.429890631110309585e+02
1.445910562156294930e+02
1.479042873803186353e+02
1.466613229940355438e+02
1.492163933287330906e+02
1.495859480595305513e+02
1.487287659174007217e+02
1.492153517837188872e+02
1.493398655680079230e+02
1.544979819978506441e+02
1.533137137866331727e+02
1.528733602783002823e+02
1.523898458856753564e+02
1.553579479153649459e+02
1.546085038569055712e+02
1.541197111429709139e+02
1.534195505875310914e+02
1.531305718229130548e+02
1.529674290931719725e+02
1.324775688000785863e+02
1.723853210198650743e+02
1.566650278744701268e+02
1.588075465652579226e+02
1.546417412936473283e+02
1.529479117003567410e+02
1.498144097763924094e+02
1.501672551427666917e+02
1.485809029753597201e+02
1.467226240149693979e+02
1.521594304227131715e+02
1.545830113432452606e+02
1.533718345086160184e+02
1.535870488263963693e+02
1.532046083221353854e+02
1.530394614042708668e+02
1.521961055300575083e+02
1.518560312684911366e+02
1.511351241094212696e+02
1.503957119487054115e+02
1.490578704046707514e+02
