7.249160379702914270e+02
7.207794700393392304e+02
7.170497445623560679e+02
7.166590902966637486e+02
7.140610051859405303e+02
7.115048809336328759e+02
7.086284905771470903e+02
7.055182334487660682e+02
7.034221172649793061e+02
7.002939723731585673e+02
6.966714633100440324e+02
6.937395518006935617e+02
6.896060444576869486e+02
6.849854211491439173e+02
6.799814064238225910e+02
6.757974819942597833e+02
6.697213448137206342e+02
6.631213753636902766e+02
6.575665011727297724e+02
6.523819295768897746e+02
6.476163883211642087e+02
5.741587191175899534e+02
5.482630974905644052e+02
5.472124445350980295e+02
5.586207437629223023e+02
5.590661544343413425e+02
5.542086558185477543e+02
5.595702424609394257e+02
5.588925077383141797e+02
5.598682902103012111e+02
5.569701375156719223e+02
5.563646265575698635e+02
5.557271617503399739e+02
5.570671431197151833e+02
5.560121741718359090e+02
5.569133152478397051e+02
5.573993262742440038e+02
5.570758570822066531e+02
5.584044226612945749e+02
5.587924133194620708e+02
5.581232022433053999e+02
5.576574323051341935e+02
4.875066142935598350e+02
5.470031129234031368e+02
5.456077654167769424e+02
5.510183646777200011e+02
5.444891329045658495e+02
5.418568849150910864e+02
5.432515401502470240e+02
5.440743349619102673e+02
5.433456814785412234e+02
5.439052114371318112e+02
5.428741295321349298e+02
5.409960754736689523e+02
5.404957935851480215e+02
5.405508963390004737e+02
5.399139745008467344e+02
5.388837489592405063e+02
5.386105617381770116e+02
5.363191003168564066e+02
5.352725282537918474e+02
5.360177356577760293e+02
5.364340456508159605e+02
5.216310976290792496e+02
5.313187176197531016e+02
5.194935783820234292e+02
5.211490943295890474e+02
5.226669986618136363e+02
5.217890414623471997e+02
5.214455380065091958e+02
5.215271567642101900e+02
5.156002424328642064e+02
5.150526915728165704e+02
5.150704901389426595e+02
5.145775802964531067e+02
5.144745799455522501e+02
5.150116851423380240e+02
5.141011016328340020e+02
5.127276335922161934e+02
5.116129968830095436e+02
5.112552968257903103e+02
5.096312281587213420e+02
5.080109653098280660e+02
5.055887033703251063e+02
4.898345977933452104e+02
4.957913766957574353e+02
4.869194887273802692e+02
4.869434304690455519e+02
4.852218795798116844e+02
4.866845550001370952e+02
4.824654696972809234e+02
4.784898242516320011e+02
4.779446868421098884e+02
4.740336904126893955e+02
4.744191638352786526e+02
4.744825373396620876e+02
4.721541637411881993e+02
4.700210768330834412e+02
4.688558949917583050e+02
4.661727404254589828e+02
4.656259783672508661e+02
4.627987603024906775e+02
4.619688642771016589e+02
4.601359562699258845e+02
4.595839587071091614e+02
4.219600311333338141e+02
4.255989826040158732e+02
4.236368270036036279e+02
4.250554067355631105e+02
4.186279795906679055e+02
4.200017680675210272e+02
4.183659223082565859e+02
4.141099998411230558e+02
4.132534423344494030e+02
4.124771519572962006e+02
4.120050421494133843e+02
4.100674936853282020e+02
4.073979207713679784e+02
4.063218167995037788e+02
4.069145552772027941e+02
4.067686318620571910e+02
4.048184813452516551e+02
4.033313429749552483e+02
4.015435948378463422e+02
3.996149798055905649e+02
3.981561975402245253e+02
3.829015812749411793e+02
3.689656334248651319e+02
3.597515754220347048e+02
3.639449317589126736e+02
3.624983381449862350e+02
3.577606474050124916e+02
3.585562846274191315e+02
3.547219175328100960e+02
3.539106814154114318e+02
3.551231935856744144e+02
3.536466997935713152e+02
3.510554720995731373e+02
3.504099369470583838e+02
3.489662132758582516e+02
3.472514605210755008e+02
3.457488255893712221e+02
3.440454780720447161e+02
3.420127194938170874e+02
3.409342203903365771e+02
3.392487987288083104e+02
3.375512031596035172e+02
3.246302667295420861e+02
3.182886564021015943e+02
3.058583989502442364e+02
3.043473825253570340e+02
3.047160993265225102e+02
3.039597868818522670e+02
3.057338009645742432e+02
3.050928627642417155e+02
3.042820205058033594e+02
3.027453924140502295e+02
3.037050883990556258e+02
3.038926803658051767e+02
3.018022197862013627e+02
3.006623769330079767e+02
2.983958727148428807e+02
2.972423953610414742e+02
2.964964927381298594e+02
2.948638035899691658e+02
2.940033088541291590e+02
2.926248390617450923e+02
2.920090874986714766e+02
3.060164938499704022e+02
2.805395603654297929e+02
2.738092860936745296e+02
2.679860165236661373e+02
2.697118755483928112e+02
2.693103673371294349e+02
2.721348835364412366e+02
2.703393801652287038e+02
2.675443309233028799e+02
2.655740495755113102e+02
2.641937911379058619e+02
2.634883242456361359e+02
2.622356622092565885e+02
2.617251909365727442e+02
2.611258458218775331e+02
2.597321581863463393e+02
2.588158765247352449e+02
2.599873613765522578e+02
2.602291161055565567e+02
2.607113419082028827e+02
2.599542972977473596e+02
2.374353859733164995e+02
2.421056213559558898e+02
2.447622809940499167e+02
2.438372204923689708e+02
2.430121785461504089e+02
2.399971304744006773e+02
2.432561804577250939e+02
2.429785151102317116e+02
2.421832378255016351e+02
2.455323703064492520e+02
2.459929951388581912e+02
2.471801399598086846e+02
2.461761110226770199e+02
2.451457315622423891e+02
2.439973421267446270e+02
2.427618157462479473e+02
2.428333485481618936e+02
2.417287795766787895e+02
2.419394277170897567e+02
2.419008306407273210e+02
2.413926392359413740e+02
2.310428945141816541e+02
2.262640238937208608e+02
2.206095570593341222e+02
2.195162771639008952e+02
2.191359022370953937e+02
2.217075871606984379e+02
2.213608580311808396e+02
2.229383008221523426e+02
2.244112381518564519e+02
2.243466210383979274e+02
2.248014919677765704e+02
2.247724556992295391e+02
2.248769738867023875e+02
2.245937149215327509e+02
2.239345795104359524e+02
2.272637959358739295e+02
2.268374255207694148e+02
2.263491438734740484e+02
2.266546082645964759e+02
2.267024766145834747e+02
2.278192784779742226e+02
1.887961826855345180e+02
2.136100707211291478e+02
2.061743606922204890e+02
2.115519174631446901e+02
2.149667909644566066e+02
2.163104678372353931e+02
2.142448685839092946e+02
2.221238673849687473e+02
2.230845019762631694e+02
2.220935727876403689e+02
2.220968592050055008e+02
2.195503268486147874e+02
2.189104246762439345e+02
2.187939732978484813e+02
2.189614420232087753e+02
2.229552156736867516e+02
2.227585427604971073e+02
2.221640927531941827e+02
2.215080526008436550e+02
2.200984074908480181e+02
2.204803726749337045e+02
2.052008240258734304e+02
1.993574083021094623e+02
1.999018712849928363e+02
2.139422613001665354e+02
2.109362896985232680e+02
2.101181809294685081e+02
2.081392714356360329e+02
2.103099398331820282e+02
2.131309491508181395e+02
2.100915551964486383e+02
2.091019333400852247e+02
2.109295753701755700e+02
2.117597987887069451e+02
2.118235844899196252e+02
2.157017320224455545e+02
2.166100084973719504e+02
2.163044554479362773e+02
2.160728754385653474e+02
2.170369012719142461e+02
2.175292837848350587e+02
2.179397772467229117e+02
