1.723040986200470570e+02
1.709444133978074660e+02
1.695912389267084563e+02
1.681990807280458569e+02
1.668203944448029858e+02
1.653063874535935156e+02
1.636885802942354360e+02
1.621047040462113671e+02
1.603669335072989668e+02
1.582724882573940874e+02
1.560136991750320874e+02
1.537080303543430375e+02
1.514054097729379862e+02
1.487779565328512774e+02
1.461274155028433483e+02
1.432041658142739209e+02
1.406955456791901042e+02
1.377785421179366665e+02
1.355037762620041804e+02
1.330914399106543158e+02
1.310291941103129716e+02
9.061453158831959342e+01
9.434049659379742536e+01
9.522088204207655338e+01
9.438813062365846918e+01
9.414216685843007326e+01
9.368032062170674124e+01
9.348317482383481547e+01
9.223821794074609670e+01
9.198720443624037557e+01
9.194443185044011102e+01
9.197807252201688755e+01
9.188977784120416459e+01
9.130694896548023110e+01
9.127541057671933800e+01
9.124721601505717672e+01
9.090863431201918843e+01
9.074792096465100144e+01
9.060762365507072502e+01
9.053951217968399590e+01
9.005149094085668082e+01
8.985071944393902754e+01
9.801786527257414150e+01
9.388062177928215135e+01
9.318374503157305355e+01
8.974848266844459488e+01
8.833032680178192209e+01
8.847687420230799660e+01
8.730825074479911052e+01
8.791764779597669133e+01
8.733451255164671068e+01
8.757640993292199028e+01
8.679597127966535197e+01
8.659575437698391909e+01
8.633863089442232308e+01
8.634294564401098171e+01
8.612470820165464147e+01
8.591149345517673908e+01
8.592607516118066258e+01
8.551734960107219763e+01
8.539172747047486212e+01
8.532945992428041393e+01
8.513409559747793764e+01
8.482931353070709690e+01
8.122783410884996158e+01
8.111811393260251180e+01
8.271661955326312921e+01
8.156647356182241992e+01
8.022918013205001841e+01
8.028686544776009271e+01
8.024948317445971213e+01
8.029094829462087546e+01
7.962754355320778643e+01
7.938160618246973854e+01
7.906007906323205248e+01
7.940170863103723775e+01
7.934198681150493826e+01
7.919617319978041792e+01
7.925742182671906733e+01
7.861807537903966647e+01
7.827308983308508061e+01
7.808972100776857417e+01
7.810432542761256514e+01
7.789646760276518478e+01
7.276510631846350918e+01
7.151852215266433177e+01
7.223281412652710287e+01
7.082753359342619603e+01
6.959992882163017214e+01
7.063661171704332276e+01
7.052761390055353274e+01
7.044727719618461492e+01
6.979436908631380732e+01
6.983238975852474084e+01
6.960936661146486415e+01
6.959684634679209125e+01
6.949582908054398445e+01
6.928243704930750368e+01
6.881320158353776151e+01
6.815740442262968202e+01
6.747233254362674870e+01
6.702125986491675746e+01
6.666593416643182479e+01
6.623137486300218768e+01
6.573657048543003611e+01
5.815095485585471380e+01
5.880762750949910611e+01
5.767688270204056522e+01
5.793797434660666568e+01
5.753220758993158057e+01
5.604802494472319552e+01
5.545328115949708092e+01
5.531272360366010332e+01
5.524291650457954006e+01
5.493313589877413250e+01
5.435909645864463613e+01
5.417246812434808589e+01
5.371922436127236011e+01
5.343446536819921988e+01
5.287372170821565476e+01
5.229253328813798163e+01
5.181381386694986446e+01
5.118881926583618025e+01
5.068232925274843126e+01
5.016221047288078694e+01
4.979275219641075978e+01
4.407695638714923092e+01
4.132599911866791587e+01
4.181735687448781391e+01
4.106211079715919965e+01
4.030124126446406763e+01
3.978607833153835571e+01
3.974631731789985167e+01
3.923426914578720925e+01
3.905114733013273565e+01
3.925608950918270068e+01
3.884093580925456024e+01
3.842318805863475717e+01
3.804793147472903314e+01
3.796161832747898046e+01
3.779438648272436296e+01
3.750129388585457946e+01
3.725258117047586381e+01
3.682479183755637564e+01
3.667595744265153712e+01
3.656934342635950941e+01
3.641100683102343538e+01
3.156614456489085541e+01
3.134115882373335538e+01
3.031632532235670396e+01
2.939563306699649203e+01
2.987526030998203552e+01
2.971746852421264862e+01
3.014286341849413731e+01
3.016686297038136289e+01
2.983360410148639730e+01
2.965051107399710162e+01
2.971868483000591254e+01
2.960916989675495614e+01
2.978820211582065625e+01
2.961006939922563319e+01
2.963469401573292572e+01
2.943373102690497944e+01
2.941286842428012704e+01
2.917809930078165692e+01
2.900181017303929210e+01
2.879242495218894859e+01
2.850785329487239395e+01
2.466723048001865592e+01
2.394279871281338856e+01
2.526742190723966885e+01
2.548529089752134524e+01
2.582194494980904054e+01
2.561629026042722757e+01
2.543448142223537545e+01
2.566162278363204763e+01
2.497181493620517045e+01
2.466976629155424661e+01
2.451269185472422762e+01
2.454475423300882397e+01
2.453812248750725189e+01
2.485004539294113002e+01
2.480273474827880165e+01
2.462117980145004026e+01
2.462860231135809741e+01
2.439338550331938293e+01
2.438624176362944951e+01
2.416324910190643749e+01
2.419403409434784180e+01
2.500264603247142503e+01
2.475646065180973210e+01
2.388857265614171155e+01
2.394648401881299549e+01
2.297659824991764310e+01
2.319414108975051292e+01
2.277526886008040208e+01
2.265923205624645576e+01
2.265101669204769053e+01
2.245717710776214204e+01
2.251776481760077786e+01
2.231109956453233778e+01
2.239723486553870657e+01
2.236289846560286421e+01
2.243186100027919849e+01
2.234858434441695962e+01
2.224978939897381736e+01
2.207220385108975691e+01
2.212154828167297183e+01
2.193602525166003758e+01
2.185191633991209059e+01
2.386482643931502423e+01
1.976747512044224209e+01
1.937528234189539944e+01
1.872485401459515586e+01
1.940540213781925871e+01
1.985992069810353300e+01
1.992739887238068519e+01
2.037470475797192293e+01
2.032716407847145135e+01
2.063821635083039752e+01
2.079975509580598469e+01
2.059320919058679777e+01
2.056476092964529556e+01
2.041073506554745620e+01
2.030506013973862167e+01
2.023091380830592101e+01
2.025287202033391409e+01
2.023461035202418401e+01
2.030989698243677566e+01
2.019147288013812158e+01
2.010003648607094462e+01
2.239600514099623041e+01
1.761354015794554684e+01
1.825331324843009995e+01
1.833490141026713616e+01
1.813073212596914630e+01
1.793261066159991302e+01
1.784192308017284745e+01
1.806034182779157504e+01
1.802060347735161372e+01
1.831480621152135413e+01
1.847718383303460854e+01
1.843017731477995014e+01
1.846258100194286556e+01
1.851895067959629415e+01
1.878754193242604131e+01
1.889503722398816876e+01
1.888028892348338061e+01
1.897793417620126277e+01
1.876341143917621324e+01
1.859759085540127899e+01
1.854111496757606758e+01
1.395282414338016430e+01
1.736402351582584913e+01
1.809658720202351390e+01
1.850894822981689103e+01
1.787449054601561826e+01
1.831754591908373087e+01
1.752059695484836155e+01
1.737026381209929582e+01
1.744821790593553956e+01
1.737352220754807064e+01
1.778318049899748488e+01
1.787631148100916434e+01
1.815642706078839197e+01
1.800406436192282911e+01
1.789111942179971848e+01
1.770298955055897139e+01
1.779801133725338502e+01
1.770054530499287893e+01
1.761499402583226725e+01
1.756259973199195201e+01
1.755253178667041780e+01
2.378637814429492181e+01
1.836812447688800631e+01
1.748516277754060155e+01
1.719472868144319833e+01
1.802767050034452723e+01
1.788253867670776387e+01
1.761247669366845869e+01
1.802873567435579716e+01
1.818306129344296806e+01
1.810381899534094430e+01
1.783365444230026853e+01
1.745029130980120868e+01
1.723124217712666351e+01
1.705924014494842211e+01
1.684316265752579866e+01
1.681961517184590704e+01
1.676356764203480409e+01
1.672948146262002567e+01
1.680277422421347921e+01
1.680279187456956791e+01
1.659251848464887402e+01
