1.723291794590622317e+02
1.709762051406908654e+02
1.696917372174597460e+02
1.683354395695567405e+02
1.668519783890388055e+02
1.653407850433924580e+02
1.637951251313469641e+02
1.620656723633511831e+02
1.602559458148455462e+02
1.582366903016571484e+02
1.559986053685335605e+02
1.537861555125822974e+02
1.513404530671044483e+02
1.485604666388612145e+02
1.456767662484470236e+02
1.427528399134904760e+02
1.397700536475882700e+02
1.372301484594646013e+02
1.349132375557506691e+02
1.327629477818627493e+02
1.313477478338281799e+02
8.247517316016831046e+01
8.869166157341130940e+01
9.051059702157331799e+01
9.284997379738554457e+01
9.164915999559406146e+01
9.097800987938803985e+01
9.153308141682757082e+01
9.159291702841747451e+01
9.100889415446999919e+01
9.119687945825080533e+01
9.052423976470714706e+01
9.009028180368511585e+01
9.014836075184318531e+01
8.977436992162674301e+01
8.926440723404967059e+01
8.941169483018572350e+01
8.926128604108440356e+01
8.924051788514337602e+01
8.927526248772660722e+01
8.927451178420263034e+01
8.960573232724139814e+01
9.192001602474257993e+01
8.925337643414887623e+01
9.037088117425818723e+01
8.765864592288615142e+01
8.657229154635334112e+01
8.674190246294223527e+01
8.644180409646516239e+01
8.603371420983793882e+01
8.575108283367116258e+01
8.530610544874409129e+01
8.520386639103381299e+01
8.550779988534873155e+01
8.511393234615756853e+01
8.469038999636759968e+01
8.434866756358634632e+01
8.412067635221166029e+01
8.444560868822965460e+01
8.438447480761584529e+01
8.399498091240430142e+01
8.389730294043802417e+01
8.391225560803152916e+01
7.442033143307175180e+01
7.899791896586289397e+01
8.046119945651022931e+01
7.917851028362444765e+01
7.850501368178751704e+01
7.865275474870412609e+01
7.800178927051508992e+01
7.788473805531027949e+01
7.732679449653764436e+01
7.746045499278585567e+01
7.751833307384401905e+01
7.724592653868887737e+01
7.667392603602360168e+01
7.606131901686055130e+01
7.544099419081972258e+01
7.500288908034509916e+01
7.439076136713055121e+01
7.359941066611001759e+01
7.296558768616678492e+01
7.230657119408516564e+01
7.187975372772406502e+01
6.208014856034577633e+01
6.094945156961410504e+01
6.110023222926757569e+01
6.030840485228304004e+01
5.945743940073521827e+01
5.895308097602671182e+01
5.815148931185768078e+01
5.727352190184836900e+01
5.691851563830409333e+01
5.592239578224990737e+01
5.514089793137656415e+01
5.432458471478926754e+01
5.376774567835117580e+01
5.297721884290331928e+01
5.227804283638017324e+01
5.167970778568522405e+01
5.091423458132744884e+01
5.028828668307266270e+01
4.961557441609699737e+01
4.903128199580346092e+01
4.856267757061067414e+01
3.597740952194254760e+01
3.448249966452672055e+01
3.587244728075826572e+01
3.571471310659750742e+01
3.558661894579151408e+01
3.513389983308533004e+01
3.417659542705933973e+01
3.316962097230484119e+01
3.293045777799249407e+01
3.247522059127906857e+01
3.199482984541018027e+01
3.179731978857409302e+01
3.125382055685815885e+01
3.079793652459093423e+01
3.042358388454269402e+01
2.981072819301270016e+01
2.940412232158332273e+01
2.927358945029609671e+01
2.901431492262295819e+01
2.870524744934117578e+01
2.823836012436269982e+01
2.321673768157581463e+01
2.258704314749302711e+01
2.196213023911327511e+01
2.183312451916154728e+01
2.139765223024498297e+01
2.196968632499401508e+01
2.218880413541780428e+01
2.188247399625696943e+01
2.177036270416743591e+01
2.158201564604054568e+01
2.199831735767214980e+01
2.209035731817764159e+01
2.181933869329035147e+01
2.162206130442844909e+01
2.126133124366046090e+01
2.130152330637307401e+01
2.104164819431375477e+01
2.087204163445229455e+01
2.073721888780243816e+01
2.054633738990603575e+01
2.042672823386735459e+01
1.337863382082332642e+01
1.493334279277680920e+01
1.578775412033069081e+01
1.527783088888534380e+01
1.573863136260404794e+01
1.580925788687349431e+01
1.604548728049056550e+01
1.601335123118741777e+01
1.615928488385839046e+01
1.620161342010273131e+01
1.625166121158040511e+01
1.631548696309652158e+01
1.630318372294388851e+01
1.655334387368834825e+01
1.651282917820181595e+01
1.657072640514653017e+01
1.642985623749958890e+01
1.631901623897008591e+01
1.643277066188418090e+01
1.648761710367520905e+01
1.664430103454786902e+01
1.231693311803457291e+01
1.360962366772466758e+01
1.357064888746340792e+01
1.352275751106128787e+01
1.376005217748530818e+01
1.393425360948598701e+01
1.441493085143877906e+01
1.441825604865234034e+01
1.439836239654057337e+01
1.424217471482282527e+01
1.407869882782698312e+01
1.432481350294509959e+01
1.445400994242750592e+01
1.429685696829519159e+01
1.406880440073655514e+01
1.403658654503556669e+01
1.389726660100002320e+01
1.378786706858535815e+01
1.390784797913658188e+01
1.401088988106224420e+01
1.403340318315319202e+01
1.120762677481235947e+01
1.396485528905432894e+01
1.414486444662350095e+01
1.400685817265087962e+01
1.404063579853416677e+01
1.341927984172712485e+01
1.341512384938967095e+01
1.314026188264837280e+01
1.269311914883012271e+01
1.246248021175544096e+01
1.228058228800281348e+01
1.224692993934590746e+01
1.222889022031198536e+01
1.210996802837456343e+01
1.216579665575912905e+01
1.235219319021641127e+01
1.233451140775175325e+01
1.235376920482596574e+01
1.243640984911097114e+01
1.254098808263267273e+01
1.247652607301842664e+01
1.306106901226833372e+01
1.204282814888619946e+01
1.188500047194779974e+01
1.185242413857891464e+01
1.203830445032678398e+01
1.232088367101281889e+01
1.200074270505049157e+01
1.204215054138961527e+01
1.211687614548494452e+01
1.194489332415383132e+01
1.222123533716746913e+01
1.206878603649602866e+01
1.198662964079033166e+01
1.175762387290778399e+01
1.156967626684680717e+01
1.146034762750314151e+01
1.155887269919286098e+01
1.140692901911405599e+01
1.137830526088342786e+01
1.134402823196539956e+01
1.124879710109688347e+01
1.231912877501462944e+01
1.099013062612489300e+01
1.097983593292061499e+01
1.037048223959187077e+01
1.029822832303925750e+01
1.063571256477341365e+01
1.056834733501702672e+01
1.047791344550427084e+01
1.047822153450429639e+01
1.046007594425459075e+01
1.068519948958506660e+01
1.061029803330474586e+01
1.066318276524784103e+01
1.075196479630547941e+01
1.100619823179099832e+01
1.114151543305644232e+01
1.109330157709480424e+01
1.107294171838935171e+01
1.099118300769319490e+01
1.098380823336112044e+01
1.081257274423120762e+01
1.319078127572747761e+01
1.069042773090832377e+01
1.062533824712569874e+01
1.026501877033261856e+01
1.020647856131149211e+01
1.013585734671038630e+01
1.011906041937282730e+01
1.020635011704484185e+01
1.033382130154446976e+01
1.013293255837831630e+01
1.015909438134531229e+01
1.007531318655013663e+01
9.908514279032024419e+00
9.815292551978652469e+00
1.000083577459883166e+01
9.934853482099171629e+00
9.962935374224205276e+00
9.895994223368484555e+00
9.799597049843416841e+00
9.811207513983859485e+00
9.784917283594847248e+00
