6.915996803182941903e+02
6.892204266461034194e+02
6.868596346555007131e+02
6.843900315749821175e+02
6.820097517323947613e+02
6.793503494901428894e+02
6.764091585468033827e+02
6.735189013880697075e+02
6.701565192612500823e+02
6.665145467103209285e+02
6.623863053844644355e+02
6.579728104320603279e+02
6.527772595569666692e+02
6.470899477293568225e+02
6.403014112265884705e+02
6.329306516636584092e+02
6.249564064583526033e+02
6.162803897052338016e+02
6.064626468579247103e+02
5.967477736590001314e+02
5.862641564261672329e+02
3.364688326917647601e+02
3.295252536369980021e+02
3.370667939630295109e+02
3.457183998976177008e+02
3.389696364659129131e+02
3.434029318033320237e+02
3.414347544173260189e+02
3.418587196924510749e+02
3.412631391833838279e+02
3.412806419850213615e+02
3.419521584521953059e+02
3.432705188561281489e+02
3.426598905798423402e+02
3.446373664001482098e+02
3.431359819908622626e+02
3.418035354822577006e+02
3.420332145976054790e+02
3.408043787975969963e+02
3.407472667363996948e+02
3.400865845175512732e+02
3.399967899552463564e+02
3.494780089367113760e+02
3.591227213519472343e+02
3.533776256277386096e+02
3.493434551044459795e+02
3.425531504471066455e+02
3.376951639773507168e+02
3.350990856066041488e+02
3.319932080457360257e+02
3.345719969176380459e+02
3.344229233242031114e+02
3.345809164890533225e+02
3.331631103301411372e+02
3.329888334851473815e+02
3.324909422221880959e+02
3.310524671600887245e+02
3.307131514414417666e+02
3.309313936241656506e+02
3.287389025064609882e+02
3.272658102516937788e+02
3.277085454034689747e+02
3.282570693663381576e+02
3.467681610963749108e+02
3.292258249570393787e+02
3.190044201976913882e+02
3.122232584663307762e+02
3.127692971738248957e+02
3.188513550049007108e+02
3.205185326135544983e+02
3.230236556811247510e+02
3.198130109591146493e+02
3.191301188824460269e+02
3.199364697537033635e+02
3.226126191801621417e+02
3.194948529622312208e+02
3.184955222665673773e+02
3.215953198096686378e+02
3.197250490258942364e+02
3.177272067468179557e+02
3.176681921924637777e+02
3.167104339380061333e+02
3.167937597056964592e+02
3.153571479108174458e+02
3.015619823733338762e+02
3.190556925845626779e+02
3.115552969598395521e+02
3.105104374667768639e+02
3.096746163248440666e+02
3.048957440951011222e+02
3.011573006175340765e+02
2.993173840457710639e+02
2.999384518787819047e+02
2.967382397373064009e+02
2.973980239282935827e+02
2.962043621991779787e+02
2.971530066882452843e+02
2.965262222969845993e+02
2.975772381232033013e+02
2.990874234900593933e+02
2.993248673076071213e+02
2.984969047643367048e+02
2.992954836335629807e+02
2.981150143657473564e+02
2.976603991907747968e+02
3.074272487102963964e+02
2.755136224011981199e+02
2.849932225450736496e+02
2.768461168955622043e+02
2.823327912557001014e+02
2.784672025752021227e+02
2.808461328013854654e+02
2.789066190691781912e+02
2.779737435135996861e+02
2.800668137904322066e+02
2.820265768531955359e+02
2.805079503431128387e+02
2.798061777914541040e+02
2.785454715958707084e+02
2.778265739240187031e+02
2.763488062835394885e+02
2.757467932842917548e+02
2.755993115896009158e+02
2.740530556775348714e+02
2.726903743988077053e+02
2.707166505585230993e+02
2.400729905908135038e+02
2.659467655467752820e+02
2.553571008402494158e+02
2.587190086192506442e+02
2.545752362483012803e+02
2.516123147589763391e+02
2.541476514539908464e+02
2.527744575385506778e+02
2.508321177913244640e+02
2.494140721484937728e+02
2.459617847516204847e+02
2.457794538265670781e+02
2.447630838216227005e+02
2.414399670165202565e+02
2.406628559910126057e+02
2.396555052682683140e+02
2.390819364168747825e+02
2.372313996226982340e+02
2.349542860493650380e+02
2.341563473879708681e+02
2.329136468221407199e+02
2.153593374114251446e+02
2.041084621456659249e+02
2.056239810316042451e+02
2.076105053624577579e+02
2.099903687654425255e+02
2.122660963337359306e+02
2.099622560729733891e+02
2.108085331498475057e+02
2.087619067158404960e+02
2.067443461240444265e+02
2.050091319010767847e+02
2.015826996588441204e+02
2.003937405272848196e+02
2.003457080841685070e+02
1.985362421925176761e+02
1.977076852075503268e+02
1.963984946638676661e+02
1.949038028744965061e+02
1.938774961145058171e+02
1.923489739975047712e+02
1.916905967973503948e+02
1.629052842484053372e+02
1.706724991350485823e+02
1.697210400575301037e+02
1.682113030045955213e+02
1.692033242766193553e+02
1.679903194379690490e+02
1.660581546471807144e+02
1.664988795408035003e+02
1.636700393776319515e+02
1.620233812596673033e+02
1.624665031672006137e+02
1.624996338246514256e+02
1.622230471377578453e+02
1.619788992000043493e+02
1.614122027764484812e+02
1.602135956375221042e+02
1.590841023540328649e+02
1.582153455493975684e+02
1.576888088207698218e+02
1.565310832184223955e+02
1.557698995421237953e+02
1.300965996918471319e+02
1.374756078746251546e+02
1.336032024855364568e+02
1.312856173008794087e+02
1.294893584474924637e+02
1.301931789698931254e+02
1.315606084078213485e+02
1.333603911663904000e+02
1.343593627913124351e+02
1.332102121370329257e+02
1.331503223349206166e+02
1.325128824649529236e+02
1.322985236208953097e+02
1.316944467168937933e+02
1.308116818347398009e+02
1.302046289168023634e+02
1.298935581944914759e+02
1.292854473534368651e+02
1.284958366918031061e+02
1.279876374616183767e+02
1.277703638104299699e+02
1.160850214795451620e+02
1.198648521657763411e+02
1.170938384681280269e+02
1.190021132897305876e+02
1.198219686813546758e+02
1.170406072184240429e+02
1.158591191247691938e+02
1.157424537392368364e+02
1.160933223466674633e+02
1.157157563441412407e+02
1.155096194179306650e+02
1.143483607612457575e+02
1.131979613759734917e+02
1.128049512842507482e+02
1.123142361802011919e+02
1.120251376425193399e+02
1.111665759242938378e+02
1.105018616766650439e+02
1.099640193262533359e+02
1.095905691462718465e+02
1.090858869848547954e+02
1.109406055864753569e+02
1.106393065110987521e+02
1.092695571977110518e+02
1.046744107945863078e+02
1.060719533542021082e+02
1.049525767609734004e+02
1.037367805987986458e+02
1.025683909597255337e+02
1.023451615925403360e+02
1.026818507579428115e+02
1.024727221454642887e+02
1.015741459073315411e+02
1.016576829559784727e+02
1.010058899959342114e+02
9.985807267970800183e+01
9.927353143269085933e+01
9.904091429776364919e+01
9.867015595744216228e+01
9.785654813929326679e+01
9.714973011366669198e+01
9.622010196823627837e+01
8.566458135485829928e+01
8.502966117361663123e+01
8.484029380884362581e+01
8.655272240117858473e+01
8.511291456264821420e+01
8.422416026420124524e+01
8.527541418297369091e+01
8.532440252332909836e+01
8.673527779206848720e+01
8.774222871193695994e+01
8.673424129341928790e+01
8.567836175662806397e+01
8.618659208712391262e+01
8.647804673798033548e+01
8.660280261597290519e+01
8.666662357618628221e+01
8.642105486231770328e+01
8.637678781619531776e+01
8.623725504262229435e+01
8.610376552521553606e+01
8.580407995251182740e+01
7.868699619251619026e+01
8.307647100075678281e+01
7.801965483499662923e+01
7.962380079171967395e+01
8.572137737320500150e+01
8.351031832163960189e+01
8.326851601105566658e+01
8.242620024140313717e+01
8.204060370992300477e+01
8.148141655891606661e+01
8.156519552849823640e+01
8.134936587229499594e+01
8.104741401152126912e+01
8.035031671450397539e+01
7.923771393528606666e+01
7.973407208747171637e+01
8.016543979206750237e+01
8.033637046049568653e+01
8.016411253705550166e+01
7.994837461945340351e+01
7.951965323750441428e+01
