1.723790809938053599e+02
1.709319921169787904e+02
1.696028585618117290e+02
1.682022599192642076e+02
1.668553859593554023e+02
1.654177386131159722e+02
1.637965140005679530e+02
1.621114882856099371e+02
1.602228760907742640e+02
1.581680563192009856e+02
1.561784066468884475e+02
1.538665539610767610e+02
1.513669788689800271e+02
1.486729451657122354e+02
1.459565065286365666e+02
1.431229245096869533e+02
1.401950617826451264e+02
1.375967617789478652e+02
1.349802850602375486e+02
1.329645566202837301e+02
1.309936803947309159e+02
9.670228602806596996e+01
9.501896429451673498e+01
9.673751987244465056e+01
9.593007584426604240e+01
9.418905642175725745e+01
9.324747038364300522e+01
9.262112746601437152e+01
9.281432706995286708e+01
9.236693623749680171e+01
9.215436505406657375e+01
9.221330854957628276e+01
9.187107547168237431e+01
9.148285688446476627e+01
9.114545452036398387e+01
9.096865195984571528e+01
9.055287633747194320e+01
9.035774738842552267e+01
9.034431152846929081e+01
9.009661004727000488e+01
8.974343806363455656e+01
8.982247396207775125e+01
8.802597351266813064e+01
8.656572282193592116e+01
8.906882724932265205e+01
8.830527848857381912e+01
8.841985954601702247e+01
8.845673314071072468e+01
8.850497456528015050e+01
8.834500303821245382e+01
8.795589612809263258e+01
8.734344466917652028e+01
8.713054883982680110e+01
8.693171615888540771e+01
8.637083975150279969e+01
8.649039893264905743e+01
8.599746848600338467e+01
8.554810094682629540e+01
8.530975042312869050e+01
8.551936105127988696e+01
8.557760177286033354e+01
8.529451809253315275e+01
8.486753846144426916e+01
7.499112090532061359e+01
8.211962087973846280e+01
8.154627543899120212e+01
8.001068338618763676e+01
8.030162116385812965e+01
7.976354648124498681e+01
7.996645366623434370e+01
7.943143527625304046e+01
7.934205940110467736e+01
7.876076749924121145e+01
7.855500022750982225e+01
7.844756986898775608e+01
7.835951187494730164e+01
7.832230453404051218e+01
7.883702310955374060e+01
7.865674912507491001e+01
7.870665553525006430e+01
7.837412874148078856e+01
7.826504012352445727e+01
7.786736731304547732e+01
7.776374366919726810e+01
6.853164451932299528e+01
7.021169583522193136e+01
7.150636762680018421e+01
7.140648251880993769e+01
7.147044953121182687e+01
7.022095146060281934e+01
6.904780087207500117e+01
6.904408649957755983e+01
6.879279943200306491e+01
6.831238215288247773e+01
6.838733944427211497e+01
6.861373403945191285e+01
6.850674514178413688e+01
6.816596420958531155e+01
6.770905481625540290e+01
6.724570505730783054e+01
6.698222241757112272e+01
6.676389073738620539e+01
6.642296422715072879e+01
6.606183944136790842e+01
6.573758798133360415e+01
5.589906429305545998e+01
5.588777013397562143e+01
5.567905900934040631e+01
5.639754900307898566e+01
5.569492998895852054e+01
5.504259082785468138e+01
5.484228328234848959e+01
5.466766908202793473e+01
5.389501615408281054e+01
5.336376007954353184e+01
5.277023024211697333e+01
5.264845972499816185e+01
5.196994944008322648e+01
5.180730223992107852e+01
5.149671453174006075e+01
5.114062490565195418e+01
5.079202331111881108e+01
5.047542265309078857e+01
5.008097352346518960e+01
4.980228120451099727e+01
4.945858045952940074e+01
3.931768726347432619e+01
3.881749393537079129e+01
4.038858580033087264e+01
4.054410898632126248e+01
3.946081595474303327e+01
3.920281926710762122e+01
3.891171025518803361e+01
3.859309529520542270e+01
3.842184034488689548e+01
3.783871608709421963e+01
3.750646821276696130e+01
3.723773244859423670e+01
3.695671460774216399e+01
3.714114315845888825e+01
3.695692311223304216e+01
3.654721162300761961e+01
3.631268838711464753e+01
3.610361345958641266e+01
3.607447370521068564e+01
3.571038402599933903e+01
3.559542954581140606e+01
3.243826182978176575e+01
3.212979032105770472e+01
3.152269738841802038e+01
3.094641971176123008e+01
2.994918741797140527e+01
2.977330845186391528e+01
2.934203342198043174e+01
2.936395482073294261e+01
2.907356940357252384e+01
2.864227508032567115e+01
2.884094980729387458e+01
2.884964771263885908e+01
2.865817740237745781e+01
2.858986791862938404e+01
2.858543028268596586e+01
2.825798108985661372e+01
2.816284115612850414e+01
2.804780858761303364e+01
2.781412548705019816e+01
2.771175278401030440e+01
2.767369137799725110e+01
2.339794780523732598e+01
2.276673962766587422e+01
2.245074838664642769e+01
2.264500631716991208e+01
2.313780248982714838e+01
2.306350311645957873e+01
2.360193652906863448e+01
2.372065642329673452e+01
2.380701432195327527e+01
2.360694573303793220e+01
2.375988384781059892e+01
2.390471058765920276e+01
2.378349825652246707e+01
2.376577559208584489e+01
2.397048592758719820e+01
2.382422715579548012e+01
2.366658976653991431e+01
2.348282706620840088e+01
2.343348746847654596e+01
2.329034565376289123e+01
2.317824772405692002e+01
1.820821247609208626e+01
2.194095235673710675e+01
2.182564864850558095e+01
2.119292432483852906e+01
2.070224645878306191e+01
2.072514212197404149e+01
2.043429420227232285e+01
2.033143537449318572e+01
2.064431801751269546e+01
2.052368063329284098e+01
2.046322199122688090e+01
2.072177892182520509e+01
2.112404241056706766e+01
2.112267126398959149e+01
2.089315773661724762e+01
2.085539065270490156e+01
2.077668976809431456e+01
2.076925026771861837e+01
2.058064417236803578e+01
2.049421167824629819e+01
2.058191685897445922e+01
1.645424171098501986e+01
1.943665049921831667e+01
1.998162352570109235e+01
2.013155108554298423e+01
1.949326347835603102e+01
1.887685355742107873e+01
1.869743590132591393e+01
1.870762048336484895e+01
1.866535935612765940e+01
1.902005376871348830e+01
1.902652345606004758e+01
1.913009626178707379e+01
1.902269857283231147e+01
1.898941050629792926e+01
1.921685750967722583e+01
1.937815045201770303e+01
1.936709742867301287e+01
1.926392781143789534e+01
1.931923329737996298e+01
1.917504095473005421e+01
1.904119967713893757e+01
1.646929099078364445e+01
1.737403795010232344e+01
1.658923259549700191e+01
1.724863783524446958e+01
1.745765596193023939e+01
1.726320032308153429e+01
1.751835837713364086e+01
1.762934278871543725e+01
1.751440541833613551e+01
1.747046083448425691e+01
1.754726000673415953e+01
1.759535569550930489e+01
1.740598607910440165e+01
1.754623063737862054e+01
1.757742004418826909e+01
1.746408258268283831e+01
1.739036346264147426e+01
1.732275121599748857e+01
1.718697814351261854e+01
1.731226583737475266e+01
1.722958304020469811e+01
1.950664752538229152e+01
1.561640533336463754e+01
1.471760047218134027e+01
1.538548450245178500e+01
1.605293395650671329e+01
1.642470646126317391e+01
1.597746648206197051e+01
1.606184362774768815e+01
1.622053343976996231e+01
1.631979827318627940e+01
1.621794781336830127e+01
1.604486343966689077e+01
1.613124778511762969e+01
1.607427381776681585e+01
1.597620208916909768e+01
1.603452950427815793e+01
1.614109650428202158e+01
1.611393214332722934e+01
1.611968233034463793e+01
1.618938773806827669e+01
1.624005012596776965e+01
1.944232370667734244e+01
1.657090379875559449e+01
1.628143965859023012e+01
1.663339127969969056e+01
1.653011036054876826e+01
1.647516364949764167e+01
1.705123265451425851e+01
1.649871634978526558e+01
1.614921394814264133e+01
1.572131958355727654e+01
1.568539479399790082e+01
1.574774309601745337e+01
1.563428046047320663e+01
1.569903208906987579e+01
1.567902100790368891e+01
1.560950801727219961e+01
1.562909790715201908e+01
1.559651511535481561e+01
1.551840450637465452e+01
1.549448196148941648e+01
1.543770647359382941e+01
