6.880265733974009663e+02
6.750817534047276922e+02
6.555187388060602416e+02
6.211471667471226965e+02
3.203449567388918808e+02
3.462690590769901178e+02
3.472494562011433459e+02
3.421976499044034767e+02
3.319248984063534635e+02
3.313338133018432359e+02
3.298741983595730858e+02
3.284033730223845282e+02
3.153335743004101914e+02
3.153246300723776017e+02
3.119150860999621386e+02
3.121439878063218316e+02
2.993994311923343616e+02
2.851762502910602848e+02
2.842665260795860149e+02
2.783103858218660775e+02
2.290397094217134395e+02
2.311924147370909566e+02
2.243375407240962716e+02
2.183306602821615172e+02
1.696749454284281171e+02
1.584163712660474062e+02
1.518695596722541836e+02
1.457161716057610477e+02
1.202913297602672884e+02
1.114413715374729890e+02
1.018799230878188382e+02
9.745398874960868341e+01
7.985751755430185028e+01
7.902299801390586254e+01
7.477386661313276761e+01
7.573639419995018329e+01
7.182337075846918140e+01
7.131650247953901101e+01
6.613102135183844155e+01
6.472958569994567313e+01
5.659202838656909762e+01
5.378465096784822208e+01
5.526837555803133739e+01
5.459655048220994900e+01
5.581019324708041296e+01
5.385686636574716601e+01
5.202595983141740987e+01
5.075955427885969584e+01
5.128558863578135174e+01
4.805478419897040254e+01
4.651527872646241235e+01
4.705824107716419036e+01
4.169578130336484634e+01
4.502471206064117126e+01
4.278531866807127670e+01
4.388627971451351328e+01
4.845625670010205255e+01
4.111144582934694824e+01
4.097984236270680469e+01
4.007748961093731310e+01
4.025131003078653436e+01
3.709334667866283297e+01
3.684368016967511750e+01
3.805773483083992659e+01
4.363886874587021936e+01
4.025204319997141766e+01
3.832019366669069171e+01
3.716379032314592479e+01
3.314245040848805957e+01
3.449451811084392716e+01
3.411262887412829059e+01
3.542365103694788075e+01
3.302929806821564540e+01
3.393089119600956849e+01
3.328973682349774066e+01
3.476604161688738515e+01
3.322482330837296871e+01
3.515521956673054405e+01
3.261260994467070873e+01
3.269307838488369811e+01
