6.916108676253157910e+02
6.891477024857325659e+02
6.869009445968423506e+02
6.845050747042645298e+02
6.821501973383641371e+02
6.795747923403182540e+02
6.767555466545599074e+02
6.736431107134003469e+02
6.702526083079914088e+02
6.666000272797040225e+02
6.626888949651347502e+02
6.578321562642573781e+02
6.527735933861708872e+02
6.468833169026893302e+02
6.403977960716312055e+02
6.332183156621034641e+02
6.252133247395145190e+02
6.165513466727218201e+02
6.064148155962813007e+02
5.966423190296352459e+02
5.856205295005878497e+02
3.413724673260790041e+02
3.496913495370841929e+02
3.420490087356610047e+02
3.426775025533405028e+02
3.452539537076208376e+02
3.458850274349939014e+02
3.427082299713916314e+02
3.391702092250271789e+02
3.434105823635568413e+02
3.456062030983034106e+02
3.442630775986219760e+02
3.446327146807398094e+02
3.436293011778429900e+02
3.443543164514251202e+02
3.437345063067319870e+02
3.433526873998429778e+02
3.422962246622864768e+02
3.418951984968173861e+02
3.415476729491722381e+02
3.408669414526856372e+02
3.408448261172084699e+02
3.170368363618807166e+02
3.214537387843763554e+02
3.188623796391712517e+02
3.253880424764732311e+02
3.285092975974748697e+02
3.294481469992944653e+02
3.317583349662298247e+02
3.338916623436792293e+02
3.334921467939578861e+02
3.329300097857550327e+02
3.341660897837311950e+02
3.337726376705193729e+02
3.327409768635225191e+02
3.326351198749883906e+02
3.313603352867853005e+02
3.283568368155122812e+02
3.290433179964015267e+02
3.305309636500406327e+02
3.308258998052322681e+02
3.314231795378386778e+02
3.305667546259880964e+02
2.708306858416382852e+02
3.186936545105775735e+02
3.185253783773860050e+02
3.175478400191511810e+02
3.186355878653857303e+02
3.224420538478917138e+02
3.266299538349335307e+02
3.241900316010792835e+02
3.226938527516846875e+02
3.216594906262543532e+02
3.203348193218003530e+02
3.213683611581973878e+02
3.223347028597430040e+02
3.225407036070363347e+02
3.211674242648088580e+02
3.210881581875408415e+02
3.218123063451676558e+02
3.218210328034058989e+02
3.221072941560320828e+02
3.224391530158197838e+02
3.219030098225883876e+02
3.264479344869630495e+02
3.258640304734867641e+02
3.268165052536973008e+02
3.170934320855823785e+02
3.181305641282988859e+02
3.177457758368661302e+02
3.183243836292585343e+02
3.146249261848532228e+02
3.150109771397915779e+02
3.130214499616075727e+02
3.116512220105194615e+02
3.138193088976482272e+02
3.112099892897221594e+02
3.100213963224232998e+02
3.094078747153409381e+02
3.098639574952017028e+02
3.095748377678548877e+02
3.124896583775882277e+02
3.127765709444414597e+02
3.123727941955521032e+02
3.129296591567906489e+02
3.000885420781547168e+02
3.019554492015760729e+02
3.108511083498327139e+02
3.175638637668472484e+02
3.166341907026126705e+02
3.147440620630026160e+02
3.134873592669376308e+02
3.098226104413153053e+02
3.084162691047666272e+02
3.065114300499059823e+02
3.041171848116455294e+02
3.029312228154291233e+02
3.022411653222537211e+02
3.034104333187665929e+02
3.037467264915917440e+02
3.025189736179736428e+02
3.028297225834667756e+02
3.015800247368322857e+02
3.017082763725176164e+02
3.019109681459478907e+02
3.016944366906234336e+02
3.016790754981558393e+02
2.970517918673109534e+02
2.919789941460959426e+02
2.961997322585272627e+02
2.974911377273309085e+02
2.986705780183933143e+02
2.987798405713354555e+02
2.973872021098035248e+02
2.955596025051464721e+02
2.930999800673693585e+02
2.941706659056291642e+02
2.943670799461903016e+02
2.952045186808276753e+02
2.949437258023639288e+02
2.930965421565966267e+02
2.922500466337835405e+02
2.923206215434540240e+02
2.923431980896199320e+02
2.919802104832418763e+02
2.909298371117361626e+02
2.910129705735615175e+02
2.986453466116232676e+02
2.864933061222918127e+02
2.726476514326949996e+02
2.818310907636679872e+02
2.777506224986116194e+02
2.778982977863176984e+02
2.800116660000464321e+02
2.811563884806756164e+02
2.815676583907583108e+02
2.823696038263209971e+02
2.805631362019761923e+02
2.813597725531533342e+02
2.801974174737417798e+02
2.807254102706925778e+02
2.804273585398481714e+02
2.802336835360427472e+02
2.801543166948846419e+02
2.812584835123819289e+02
2.813012157009753196e+02
2.802678034245220147e+02
2.806848707709001474e+02
2.815156583932861167e+02
2.739083182849364562e+02
2.632735764312415654e+02
2.666913785342139249e+02
2.689453715317982301e+02
2.691212256481308600e+02
2.673567952482242731e+02
2.682475852933851002e+02
2.663618814132331067e+02
2.658854758331930839e+02
2.667873808388710586e+02
2.676886638782603427e+02
2.680583832744677579e+02
2.679164993922939288e+02
2.693601148921285358e+02
2.699612415958668521e+02
2.701590240782934416e+02
2.704146550582152031e+02
2.695339597507181111e+02
2.695815168591778388e+02
2.700411711157012178e+02
2.730651018558916121e+02
2.639252875831940628e+02
2.714126162075457387e+02
2.670644330198327339e+02
2.659295856810328473e+02
2.673779168473930099e+02
2.656643101860981915e+02
2.628713785284493838e+02
2.636093681469822059e+02
2.636704351282940593e+02
2.651707355079564650e+02
2.634059759576569490e+02
2.645650221322868560e+02
2.637552066348760604e+02
2.637342754190947858e+02
2.638893566666081369e+02
2.622463064868299512e+02
2.618805847216717666e+02
2.610100657705154390e+02
2.604435927090632958e+02
2.616088170357000422e+02
2.657384207957877607e+02
2.546805521367369920e+02
2.610476495662588832e+02
2.683408341786177402e+02
2.632908222177891844e+02
2.604620359282101845e+02
2.610636970197635378e+02
2.598183319402347138e+02
2.603219605047613072e+02
2.584992982380474018e+02
2.586896412880274170e+02
2.554820870804509809e+02
2.560841689215755537e+02
2.554212963866005452e+02
2.537631841960958354e+02
2.538007176400429330e+02
2.530391420986575497e+02
2.526700954071803835e+02
2.530736391008486805e+02
2.535149929654839980e+02
2.537224874556979444e+02
2.718795137252652125e+02
2.540431839105264658e+02
2.490111127740332506e+02
2.564603709345703351e+02
2.571411695571896416e+02
2.560116968224996299e+02
2.530258011489616194e+02
2.529902249761863970e+02
2.534885267423655932e+02
2.532869377829180166e+02
2.523570629447779652e+02
2.521405155526829560e+02
2.511219188557964515e+02
2.496943568516740299e+02
2.478188473764947446e+02
2.475062159971290612e+02
2.481517832643953625e+02
2.477640249352430715e+02
2.473104112681660922e+02
2.473281057519289448e+02
2.468116069730514823e+02
2.211067507937011101e+02
2.301034703585173418e+02
2.319348312563903107e+02
2.294503515124758621e+02
2.343012340915009020e+02
2.340584003975452845e+02
2.374487404869059048e+02
2.408505319924585137e+02
2.421405121192311185e+02
2.422942958219527725e+02
2.422915413231878858e+02
2.427712258935664522e+02
2.444377211700802945e+02
2.435258997021573464e+02
2.427978515782830300e+02
2.416919260942119365e+02
2.411028440151047789e+02
2.405948999914131434e+02
2.407035872225243907e+02
2.413122165740914227e+02
2.413417619089626953e+02
