2.486293161455175493e+02
2.382311094245833942e+02
2.348425033738547825e+02
2.310754037920228825e+02
2.287899273543542620e+02
2.283958620362667773e+02
2.261324755452576767e+02
2.240017113543789833e+02
2.205553773706033667e+02
2.157616386108304312e+02
2.119784027992523363e+02
2.073913012347066740e+02
2.038237293315468435e+02
1.983671517897345495e+02
1.923465238699248800e+02
1.875126526114007390e+02
1.831431604777110351e+02
1.784062108080024132e+02
1.748146781031139767e+02
1.705123860749978633e+02
1.659316204310108276e+02
6.599162507543348966e+01
6.808381437484362664e+01
6.160172994439301419e+01
5.704988286915932605e+01
5.671665048693731848e+01
5.537815776654898769e+01
5.408228982068285973e+01
5.222349541947946250e+01
5.025649209350608260e+01
4.877356144706302388e+01
4.752923728307131768e+01
4.620337215842746303e+01
4.472043558154870624e+01
4.365678511642634163e+01
4.245282554020720056e+01
4.206135541094314334e+01
4.125264551924580303e+01
4.091593357529794872e+01
4.031250100379264723e+01
3.991719658946612981e+01
4.000405444357650708e+01
4.070755528002402457e+01
3.281862952802525513e+01
3.209048025726067976e+01
3.201692271366082565e+01
3.244144704079347008e+01
3.197728999603005917e+01
3.255217087092900385e+01
3.041994880259785816e+01
2.888529196863211368e+01
2.765739220315974833e+01
2.674991380147522690e+01
2.666843400728880553e+01
2.565092251091813225e+01
2.482930207384575994e+01
2.398508675201618701e+01
2.354271085429221699e+01
2.328700765322446031e+01
2.304795841340193263e+01
2.271166230910187167e+01
2.218508199863801522e+01
2.171129052236188883e+01
9.413103601106428187e+00
1.089104830695973192e+01
1.168641153469838656e+01
1.116723895453079862e+01
1.139795654518392709e+01
1.085992443289121034e+01
1.178525320460077808e+01
1.258427203471893030e+01
1.342440520318130659e+01
1.358515832775868226e+01
1.390120689375878449e+01
1.417331197281024657e+01
1.401232878082483957e+01
1.434268396193931849e+01
1.403223583143627629e+01
1.400359426093980986e+01
1.428308230252625499e+01
1.424155031802902549e+01
1.440064203574219981e+01
1.423528835589649155e+01
1.401266612481963314e+01
1.658989061922883224e+01
1.392797131249830933e+01
1.530450935635090559e+01
1.393264319377867899e+01
1.293898649012590951e+01
1.218908402085716425e+01
1.243518892215723604e+01
1.258267494191775349e+01
1.185793403583252115e+01
1.279509991705081795e+01
1.258642238586299733e+01
1.236848450000623423e+01
1.203416569957639304e+01
1.186349753779908234e+01
1.159865233825297715e+01
1.143336187049809638e+01
1.184494014828994679e+01
1.166029208633090342e+01
1.164940865834936723e+01
1.170409363669887348e+01
1.138484599385501106e+01
6.471468404289526077e+00
1.022715600995735841e+01
8.425723910860522636e+00
7.951275185580810145e+00
8.411488180521368818e+00
8.769979465271477537e+00
9.370624651341454836e+00
9.518646151258721488e+00
9.723935859157712969e+00
9.707335687563622528e+00
9.583659536929484801e+00
9.555331378779113649e+00
9.662935640522340108e+00
9.368676212595174135e+00
9.020285310218312702e+00
8.839466081715713131e+00
8.669403201041303575e+00
8.458331526200181472e+00
8.253103778295006521e+00
8.379727064922022350e+00
8.280671065193635272e+00
9.254791356885476716e+00
7.830111068738503377e+00
7.203612173588723522e+00
6.764138239801733121e+00
7.958077107122862870e+00
7.314349411996504458e+00
7.865160612528097950e+00
8.015045778235483809e+00
8.738245141009958417e+00
8.353821797593184328e+00
8.448476986554300794e+00
8.338593605119784868e+00
8.044605726236239818e+00
7.753183897541181757e+00
7.566590538492240725e+00
7.369302531007615009e+00
7.332624220620191480e+00
7.171835484907864711e+00
7.308001928559842320e+00
7.369252794647617399e+00
7.402645892388440174e+00
8.515439688978609922e+00
6.640523091087262131e+00
5.410931391594636430e+00
6.687452661804042187e+00
6.763883710248667747e+00
6.306452058988536891e+00
6.324576228993338489e+00
6.513006242348924779e+00
6.666698194546177625e+00
7.153795493191849708e+00
7.228252737944685258e+00
6.975436787239980951e+00
7.012081218351223555e+00
7.095600092982927265e+00
6.852126589913093646e+00
6.745090535064441895e+00
6.702375520785816221e+00
6.600042399431725215e+00
6.473607973230173229e+00
6.341129742814228365e+00
6.264400127139088781e+00
2.993117884740914114e+00
6.533562793493386422e+00
4.908194992068988682e+00
5.515380807691449228e+00
5.839030524706886105e+00
6.292426262875372878e+00
5.840943726486415244e+00
5.863524429164961305e+00
5.785965190810434144e+00
5.887193418870838357e+00
5.722651424785352603e+00
5.777882664630300980e+00
5.925547873368954832e+00
5.791101361789143809e+00
5.655256807575477218e+00
5.617373222471448102e+00
6.015215722550593114e+00
5.814248640606054508e+00
5.946252793614355880e+00
5.840572994488806735e+00
5.939280405480333869e+00
2.369830063723779467e+00
2.608743277537231009e+00
3.537538598874301332e+00
3.707040516740752523e+00
4.038544242449944477e+00
3.852088146583848349e+00
4.357534946218719618e+00
4.124878327886922769e+00
4.477751039462607885e+00
4.432660663144346813e+00
4.244515900170040545e+00
4.355544624752554661e+00
4.329072019987696862e+00
4.394707076100758059e+00
4.294873059015928973e+00
4.162364647164010556e+00
4.530036225409918238e+00
4.464422604517521265e+00
4.644887452994414190e+00
4.562466628080214193e+00
4.611164915879032655e+00
