6.881740253717251790e+02
6.752390517837858397e+02
6.555243274922567025e+02
6.210843091155727507e+02
3.417088574885081016e+02
3.407955156420912886e+02
3.433472057747060262e+02
3.431543578710129054e+02
3.486953230220058231e+02
3.416761237443224672e+02
3.367053229425514473e+02
3.313483071829609798e+02
3.221286235425221207e+02
3.143652500599231985e+02
3.123282774162508417e+02
3.098736145690859303e+02
2.958076523519336547e+02
2.917210288908314055e+02
2.838329078061553332e+02
2.770966952516593551e+02
2.455960313627275866e+02
2.289305811299330173e+02
2.148822029752479921e+02
2.064201054777382467e+02
1.717822339242110843e+02
1.566953742845917361e+02
1.444992607551983212e+02
1.380212792608493544e+02
1.047265257840333987e+02
9.859033843752648352e+01
9.610045355201188499e+01
9.454024963141975491e+01
8.270083818155333688e+01
7.778084875532789511e+01
7.660455795539458279e+01
7.438686489726521245e+01
6.629646952970303175e+01
6.399287812980514190e+01
6.338401096462711592e+01
6.301279605540103290e+01
6.316607513334899693e+01
5.606069038955741490e+01
5.723531161108992649e+01
5.608738174214182237e+01
5.376678421303775934e+01
5.015716274849128098e+01
5.031180573371677411e+01
5.293778228173991351e+01
5.430268424278568773e+01
4.904132681360659518e+01
4.788254709950666665e+01
4.736300909201781195e+01
5.116057517341378258e+01
4.242731298686102548e+01
4.194590972217925184e+01
4.217377742154446452e+01
3.629016581471420011e+01
3.956341600563515470e+01
3.868517676210444023e+01
3.953905080301792196e+01
3.855702072625211940e+01
3.736052708501942732e+01
3.581423479059083803e+01
3.739584114711818330e+01
3.554476028506092433e+01
3.762298515086816764e+01
3.528076403989643239e+01
3.707082872128965789e+01
3.857212048153775186e+01
3.356644321345869031e+01
3.480392800827761590e+01
3.633579852599100946e+01
3.631042222944786602e+01
3.411226509893052139e+01
3.591355765769395703e+01
3.474957064754440239e+01
3.493983786364436384e+01
3.096458059560093901e+01
3.240287480715400648e+01
3.221585846740487824e+01
