6.916055886328692850e+02
6.891502447245921985e+02
6.870108192037438357e+02
6.846437005978280013e+02
6.822506961482696397e+02
6.795809594512351168e+02
6.768180560642193768e+02
6.735401803595934780e+02
6.702026239515095085e+02
6.665929751811656843e+02
6.625951803516377367e+02
6.578014050854962989e+02
6.526335111536587874e+02
6.467635682135971820e+02
6.404599463654991496e+02
6.332711752500694047e+02
6.251043161514377289e+02
6.164369274824238119e+02
6.074106836630726320e+02
5.971265809959714943e+02
5.859005588623161884e+02
3.706480540445000997e+02
3.485478347542193660e+02
3.420749328813894863e+02
3.448213227070836524e+02
3.494782308194025973e+02
3.483186476710099555e+02
3.506238548338665169e+02
3.541420842113805065e+02
3.513875131709258994e+02
3.499097778252336752e+02
3.488448989189217855e+02
3.468848238172009815e+02
3.473471919939312329e+02
3.461914857466663307e+02
3.453801021878977053e+02
3.444776768229168624e+02
3.442576354561190328e+02
3.439346323468788000e+02
3.429520809077897638e+02
3.417628792154560529e+02
3.415395925608596031e+02
3.329866986155670361e+02
3.517454589155632902e+02
3.409713940609551059e+02
3.349536799227877850e+02
3.323735396932725621e+02
3.348329444888902344e+02
3.331281380991829906e+02
3.328076601949753694e+02
3.318573977085337674e+02
3.330803735039276035e+02
3.337334454491177667e+02
3.340108766962870845e+02
3.340324525703297809e+02
3.309294655570898271e+02
3.314037333319493541e+02
3.313565225003250134e+02
3.302514830301863071e+02
3.286108216697476223e+02
3.287617186609852524e+02
3.276335207098667865e+02
3.272981211503983445e+02
2.797084049917840503e+02
3.140607270532195230e+02
3.144436748004016522e+02
3.106135994560539757e+02
3.152860907685652023e+02
3.152382426091299408e+02
3.172843652596626498e+02
3.179509861542991302e+02
3.165666919145623410e+02
3.177465953499275315e+02
3.195576339925473235e+02
3.187229479872104321e+02
3.167183449687769894e+02
3.162771677382820030e+02
3.171828402139123000e+02
3.161383588130763087e+02
3.157858833061212067e+02
3.146143950488451537e+02
3.147188902131912869e+02
3.133533337887454877e+02
3.124927198260728005e+02
3.091016462642170950e+02
3.046891805738238759e+02
3.029050504826445831e+02
3.019102845911398276e+02
3.003215589993602066e+02
3.024196489461926376e+02
3.004013821449465809e+02
2.986320119271129556e+02
2.977722873626669298e+02
2.961931030591684362e+02
2.925402498085418301e+02
2.915177471166664418e+02
2.928092869297561265e+02
2.917634936510071952e+02
2.903286404539850309e+02
2.900510653069212594e+02
2.894537338866634855e+02
2.899253041529385087e+02
2.893702407336044189e+02
2.879950579438059890e+02
2.871106771754465967e+02
2.713577005252622598e+02
2.802636687635699673e+02
2.761729543743705335e+02
2.739440172506435260e+02
2.702039700619341716e+02
2.673787058696996723e+02
2.639596361522848724e+02
2.598472136579654830e+02
2.585979673813313298e+02
2.567002389171253185e+02
2.533588692285707680e+02
2.516416009809481409e+02
2.520036878220824121e+02
2.509676091233355635e+02
2.492194047615791135e+02
2.477060202351725025e+02
2.469679251701396652e+02
2.465923320798826524e+02
2.450366481803026488e+02
2.447425285815575080e+02
2.430321264937929868e+02
2.202260586110440386e+02
2.086846474197842838e+02
2.091798624872850496e+02
2.071328375818676193e+02
2.026377733246117430e+02
2.035411879661671151e+02
2.035149860661749415e+02
1.993821879201209128e+02
1.986909121351255294e+02
1.958587684923267318e+02
1.951003481752611037e+02
1.942448479302214537e+02
1.927418806545899201e+02
1.912336798320545768e+02
1.894899069092475941e+02
1.888490103021168807e+02
1.883234997078430126e+02
1.881564808154464572e+02
1.866189965890744986e+02
1.862317300623350889e+02
1.850288241882417140e+02
1.662236832326721583e+02
1.486257832189465091e+02
1.461984931474850384e+02
1.485473377440280274e+02
1.483771839604458762e+02
1.491777713941540640e+02
1.493346097923927118e+02
1.488528895280742290e+02
1.463176747345922877e+02
1.462872368514071297e+02
1.459312210081210424e+02
1.447802593924862435e+02
1.439467873064059233e+02
1.428161016802020526e+02
1.414814296463910637e+02
1.413928746775700347e+02
1.406743452823378391e+02
1.399148242381047851e+02
1.391429518635432885e+02
1.384518440743806593e+02
1.380676657313663327e+02
1.276547972652138867e+02
1.204357817541154390e+02
1.214545601431665460e+02
1.235471452920596249e+02
1.197410548752278601e+02
1.175363325500234737e+02
1.161259326940663215e+02
1.159215166571656539e+02
1.148382140106035649e+02
1.128762273494988051e+02
1.113660246372062375e+02
1.102534454877904011e+02
1.097434623847949524e+02
1.092832257034937129e+02
1.081763372642181906e+02
1.091568107708213660e+02
1.080673461170828062e+02
1.071086303226332888e+02
1.060226969487970337e+02
1.056025414448298108e+02
1.047998048225238676e+02
9.503512784387234547e+01
9.408478191897121690e+01
9.255665784342720315e+01
8.836733323941599849e+01
9.016148079875146948e+01
9.244740099893957108e+01
9.201829474532749487e+01
9.270721989612012237e+01
9.386313689921890102e+01
9.303676387687757199e+01
9.210043255478765900e+01
9.153827044463571383e+01
9.042209692969893808e+01
9.058895999135476984e+01
8.948391510954489547e+01
8.894287992452348135e+01
8.817213804458427262e+01
8.711008327106137017e+01
8.637309559233543155e+01
8.566150155192111981e+01
8.506383516300033421e+01
7.072837520913166998e+01
7.455131937813924026e+01
7.718295977040190792e+01
7.914170608447567190e+01
7.845727511604962956e+01
7.699491935174397383e+01
8.054135350877999144e+01
7.965688959239363953e+01
7.894895748077455266e+01
7.769318905840478351e+01
7.783917742376621618e+01
7.779273652103853465e+01
7.810148262675521380e+01
7.749170768930792974e+01
7.695515401104221098e+01
7.643175048687001549e+01
7.632133354054688823e+01
7.561508482279280940e+01
7.571527206267501242e+01
7.615905508296050641e+01
7.593529536037996763e+01
9.084599194260694333e+01
8.197831575534820558e+01
8.207250048839028977e+01
7.801965750149214784e+01
7.798491529453691840e+01
7.708005557365777349e+01
7.580036552449520570e+01
7.550660204285206589e+01
7.335422824206918335e+01
7.154035102179133787e+01
7.105278293145312318e+01
7.098758416280273309e+01
6.927862161009261399e+01
6.860731076274655038e+01
6.841739713655738342e+01
6.816238011731125823e+01
6.854837583038799664e+01
6.842608440686228732e+01
6.869853843189849840e+01
6.820547256087115784e+01
6.771056417462676791e+01
5.292907597577110579e+01
6.584701267453056062e+01
6.246722401961109483e+01
6.453407464510503644e+01
6.173949851104453046e+01
6.014602253866488013e+01
6.213216364455496432e+01
6.173066779704102203e+01
6.297944557042636404e+01
6.247879903142261071e+01
6.181911633467282030e+01
6.198310355158835705e+01
6.162850813485728452e+01
6.174176196100441416e+01
6.295390231877967580e+01
6.268033450007246898e+01
6.252198114146882091e+01
6.182557794873884660e+01
6.217631111100842389e+01
6.229007997286188214e+01
6.219082247961088683e+01
5.673843742442666382e+01
5.929476355610884042e+01
6.252212923470581529e+01
6.143359592761760979e+01
5.981897238610819301e+01
5.851530098195299701e+01
5.747123815636174982e+01
5.765358457290034977e+01
5.758067643988784567e+01
5.756369267939660972e+01
5.630377659433026594e+01
5.562424602527083550e+01
5.593456393607800692e+01
5.626843895769496839e+01
5.634846913411177383e+01
5.645385187550380124e+01
5.644644704570075078e+01
5.643094793678864818e+01
5.645834328816403058e+01
5.660298397613450305e+01
5.648837121312075027e+01
