1.723373701494201100e+02
2.986696435370106997e+02
2.244922869169851651e+02
2.000344694091971007e+02
1.867157541718637788e+02
1.769376434593264662e+02
1.673500143822586210e+02
1.572256204475714014e+02
1.499427986718920351e+02
1.424529325729505160e+02
1.378511856727797351e+02
1.337410540434752875e+02
1.297672118341591272e+02
1.263392676119346305e+02
1.236554275662304860e+02
1.210730672621181867e+02
1.189338041472101679e+02
1.168586197088247189e+02
1.149765311874928955e+02
1.132977662331807949e+02
1.116908164350839741e+02
8.616819791841845699e+01
8.372606493939585448e+01
8.087190337768261372e+01
7.961219592100363229e+01
7.833262990710980489e+01
7.565585365834138543e+01
7.271621233602797929e+01
7.118381378774836321e+01
6.909579196087005926e+01
6.716548210794245222e+01
6.597275628317855478e+01
6.419077715293914821e+01
6.375157652507012784e+01
6.320123250824192951e+01
6.220151836487431041e+01
6.148771612950366006e+01
6.017840585473104653e+01
5.892445504972447878e+01
5.774237862047203151e+01
5.661480086780013465e+01
5.543111265957948319e+01
3.038670282912718079e+01
3.170568874845437435e+01
2.818921742954383447e+01
2.737870704163333357e+01
2.861001263432328301e+01
2.793774474578303213e+01
2.789502682528718225e+01
2.797121978927258468e+01
2.765793396826049388e+01
2.701245727894929516e+01
2.684005727650956885e+01
2.635228578366705676e+01
2.598499830053097526e+01
2.556692707845591528e+01
2.536361428556599762e+01
2.523976394040350257e+01
2.472783580678488846e+01
2.434563078845583561e+01
2.395731586490790122e+01
2.360100442667078724e+01
2.330722198476985696e+01
1.506606269095676787e+01
1.496886091595742307e+01
1.520778021402948355e+01
1.490303841400687190e+01
1.445793490012411908e+01
1.387451368122717277e+01
1.328217388407035671e+01
1.321799604929250194e+01
1.335181065668128575e+01
1.298646323191245600e+01
1.297364291828987248e+01
1.299575113562929118e+01
1.270702973432218208e+01
1.241786123267158715e+01
1.211997203509468157e+01
1.187068991650927074e+01
1.164656269281650047e+01
1.151090321567741981e+01
1.115372557534810660e+01
1.081391806146240242e+01
1.057331208873262973e+01
3.035621730545417396e+00
5.536263376926210178e+00
9.828256828513369570e+00
1.022092067887083644e+01
9.497942962034468195e+00
9.089298764474202486e+00
8.850990430198399039e+00
8.674198123725366472e+00
8.424686615514858090e+00
8.098582773087626308e+00
7.851793302693550025e+00
7.689377002162205876e+00
7.456330975674423378e+00
7.555258362379968951e+00
7.670406467502605352e+00
7.827837184623782640e+00
7.961146551270383398e+00
8.114220139284418210e+00
8.398103859151262895e+00
8.428976980458237733e+00
8.365626824517413240e+00
9.195788832526886836e+00
6.997876208020997524e+00
8.060746999389857947e+00
7.638807569460817959e+00
7.374327850837212317e+00
7.239049651754487336e+00
6.768536940479089381e+00
6.801369343707041715e+00
6.517709350199422325e+00
6.577192957315963540e+00
6.499970295620237870e+00
6.507382168104526521e+00
6.457277008506740579e+00
6.343661991026756652e+00
6.220580444082272287e+00
6.091395408988066862e+00
6.070333138156642327e+00
6.005140090977407752e+00
6.044079067879739142e+00
5.938829326555084442e+00
5.953946275172463665e+00
5.266774700576544177e+00
4.949969399539107862e+00
4.587511459541136816e+00
4.975735002408424812e+00
5.586895281384755663e+00
5.339840199610073945e+00
5.882869141069457797e+00
5.775606447826639567e+00
5.713155846014216444e+00
5.626764303704523407e+00
5.596773637745362961e+00
5.593948177915656572e+00
5.356581378553007866e+00
5.240427924253178382e+00
5.114477985228031542e+00
5.045675288799655434e+00
4.900352659597443150e+00
4.812552594020588437e+00
4.773535916440305726e+00
4.827633404829541952e+00
4.735185643412654244e+00
2.739899550072076195e+00
4.028523330563458238e+00
4.908859001780794706e+00
5.170229139692192888e+00
4.677985787620011493e+00
5.325187887411367171e+00
5.105137618588732273e+00
5.204076231075960735e+00
5.614433792656771338e+00
5.554984597968736004e+00
5.387772523849242212e+00
5.387611313653455802e+00
5.236820666196550178e+00
5.055089667887723515e+00
4.929111412880749832e+00
4.990812380456274511e+00
4.932425614683200621e+00
4.855796893019158844e+00
4.737646425089769409e+00
4.792718689149218392e+00
4.861491420752735770e+00
3.663639917061184192e+00
4.446333747569447326e+00
3.837930067826068381e+00
4.244963867566418081e+00
4.681457853521644452e+00
5.068041521775120017e+00
4.666008014115252678e+00
4.434501402742242249e+00
4.241990204075328563e+00
4.071752905653701404e+00
3.898796857467932142e+00
3.959557422585770148e+00
3.955558720041872700e+00
3.889013832020748129e+00
3.790558325992263722e+00
3.704188421159571476e+00
3.633470322899241989e+00
3.616904490843614983e+00
3.637193216621471326e+00
3.604270866949592644e+00
3.557594408004086883e+00
3.165564630455637740e+00
3.374975548837519490e+00
2.578195883269013944e+00
2.504455939029958778e+00
2.577603211800651106e+00
2.516903484921566569e+00
2.500800053886652830e+00
2.565005187864053404e+00
2.562275601877161968e+00
2.611787098674549057e+00
2.764717079564016355e+00
2.690422328129443486e+00
2.743683806250445834e+00
2.828375046852711794e+00
3.056316049999248996e+00
3.036667500338659842e+00
3.054652944662198610e+00
3.019948131683598991e+00
3.105524487880333417e+00
3.117328613256111325e+00
3.081457985528521348e+00
