7.186998868037029524e+02
1.618520923370352830e+04
9.946342876465540030e+03
7.301379139784055951e+03
5.835711833347944776e+03
4.902650415046205126e+03
4.255627489275183507e+03
3.781175812138919355e+03
3.416640933450582452e+03
3.125496191797722986e+03
2.885433479998134317e+03
2.684961486752727069e+03
2.516984405144809898e+03
2.372638450743306748e+03
2.249001714935307973e+03
2.141699649493664765e+03
2.046840935975811135e+03
1.961832765621285262e+03
1.887631591170203137e+03
1.819778700096625926e+03
1.758227258580670195e+03
5.335969408593923617e+02
5.496969281944993782e+02
5.518228893226707896e+02
5.582614026767091673e+02
5.588155226279708359e+02
5.579407289740078113e+02
5.568851370941763435e+02
5.563882231953015207e+02
5.554448001357145586e+02
5.546597520856139454e+02
5.499869998000908708e+02
5.473883946933143534e+02
5.454876584605743801e+02
5.433933294491898778e+02
5.388966368584914335e+02
5.352448290208149047e+02
5.308349468884390490e+02
5.256120819082959770e+02
5.224565198393050878e+02
5.177089530346931951e+02
5.127103360107518029e+02
4.505688536423655819e+02
4.078039532659460633e+02
4.090754499188512341e+02
4.090887297826413374e+02
3.936943105316095171e+02
3.979524968066171482e+02
3.945140445938543508e+02
3.948919084302594342e+02
3.899867005464004137e+02
3.903458288872183175e+02
3.804030455387443794e+02
3.752528873063770334e+02
3.715781376131629941e+02
3.676680532217856125e+02
3.616141666825412244e+02
3.580153471301024979e+02
3.548855506744712329e+02
3.516633861276365565e+02
3.500451452409255353e+02
3.464672752914528360e+02
3.445167503632466719e+02
3.169481388601138860e+02
2.671273974102143143e+02
8.535348682312938990e+02
7.430592082114111463e+02
7.281179858731494505e+02
7.249968692994423236e+02
7.237911058697110320e+02
7.213070511017720037e+02
7.165021369909795794e+02
7.076120839998604879e+02
6.942473251422576368e+02
6.865188464854595622e+02
6.766301446774554051e+02
6.695376705776856170e+02
6.633034812915069551e+02
6.578145549739463149e+02
6.522087145933982129e+02
6.463949126548607182e+02
6.408011848475671286e+02
6.356557014100789047e+02
6.302033014050959991e+02
5.121630629559546151e+02
5.324663272438128843e+02
5.326239802799325389e+02
5.250113290514664186e+02
5.230949247594159033e+02
5.205791784913168385e+02
5.168531327853789890e+02
5.120259493668421555e+02
5.073631459933976089e+02
5.008171038483656616e+02
4.922480660342571355e+02
4.836597853837083107e+02
4.770703578742660511e+02
4.682252804646430491e+02
4.622117366743061666e+02
4.539107380180876703e+02
4.478589054800833651e+02
4.419917411062053247e+02
4.362324237829205913e+02
4.302350624831903474e+02
4.243862742880375549e+02
3.390198789244957993e+02
3.175912543001916788e+02
3.015212725438180428e+02
2.971465478510471598e+02
2.996701389547391727e+02
3.031355813427910562e+02
2.967606089663865419e+02
2.944100710994371752e+02
2.924477449336472432e+02
2.927418462763117191e+02
2.889104994847845660e+02
2.853561852262142224e+02
2.826591472372298881e+02
2.801872122420460300e+02
2.756035922827722970e+02
2.756499575232235770e+02
2.751565461784126114e+02
2.734959375238036046e+02
2.712152615612185969e+02
2.705311697837566385e+02
2.732297443695158563e+02
2.850890656388721709e+02
2.610525013024437726e+02
2.637935985234296936e+02
2.548589803059242058e+02
2.488966144171312749e+02
2.447869124985180633e+02
2.377252507290857011e+02
2.332450313987068284e+02
2.461501572989997157e+02
2.460110612594235704e+02
2.461569148884532581e+02
2.445473563345838670e+02
2.404868999598917014e+02
2.430756871841855400e+02
2.402113188543048636e+02
2.379315947434560599e+02
2.359658688216696873e+02
2.366958168872758392e+02
2.333936445009542808e+02
2.315479607622038998e+02
2.282529548244201578e+02
2.031967920861894470e+02
1.848133741079514039e+02
1.880649280197415862e+02
1.882140563025167808e+02
1.885993927567524224e+02
1.874625428949290438e+02
1.913463880352500439e+02
1.897492243858798417e+02
1.893744291336460890e+02
1.873933359529775373e+02
1.894293197155830057e+02
1.885252674867210771e+02
1.879510859561554810e+02
1.872765144564006050e+02
1.854288343129854582e+02
1.834103860023730022e+02
1.817873688090522819e+02
1.811574232433965790e+02
1.809516987447485974e+02
1.797336831656343747e+02
1.804023153464563620e+02
1.531224189544109038e+02
1.581351629788146340e+02
1.675678917379472068e+02
1.785338340326372588e+02
1.754137336991340419e+02
1.747124883191752929e+02
1.697672395103044494e+02
1.724730350367477740e+02
1.727831243040952813e+02
1.731195224555822563e+02
1.719775705471059837e+02
1.705035034500738220e+02
1.688667956167130626e+02
1.674881599821574696e+02
1.679808499354244589e+02
1.674824318960405094e+02
1.675918056943147008e+02
1.665466341055921191e+02
1.648685028083636155e+02
1.637318376102121249e+02
1.645062849974054018e+02
1.742692819944022631e+02
1.757748139259632580e+02
1.618743393416872607e+02
1.571634331778022897e+02
1.519693629625962217e+02
1.549104092496760359e+02
1.586729670474960585e+02
1.570370589263739021e+02
1.532301574187461597e+02
1.547773474123797257e+02
1.535936648566999736e+02
1.528501395673396814e+02
1.543656076596693936e+02
1.584718393606905238e+02
1.583522726172579951e+02
1.584555104387773099e+02
1.599358767156317640e+02
1.596499740215169822e+02
1.597363284360893374e+02
1.584152680160858608e+02
1.581160682593023807e+02
