1.723991800218235255e+02
2.653103878848331760e+02
1.999100010851375657e+02
1.814964180224608015e+02
1.709880032227495690e+02
1.615958045203087181e+02
1.512863086359964484e+02
1.445006979506932225e+02
1.384387288367176723e+02
1.337127959293027288e+02
1.295410245848789828e+02
1.260462338331913088e+02
1.224811827266707240e+02
1.198248125535036763e+02
1.168421373807201462e+02
1.150329906334728918e+02
1.132909070063909240e+02
1.116943167115082218e+02
1.100919446505529748e+02
1.087896859370526812e+02
1.073421572449034898e+02
8.384579017510171184e+01
8.264592482821245767e+01
7.985251619526005129e+01
7.744534196058930320e+01
7.451757939425124277e+01
7.243325158548815068e+01
6.998605933765951193e+01
6.804772713986892541e+01
6.632384227854188907e+01
6.437239859565997335e+01
6.267362653026399499e+01
6.107544482430317601e+01
5.916913357676845209e+01
5.833647797883363495e+01
5.697568617510108169e+01
5.556918215098915681e+01
5.416820784529186028e+01
5.278293617120905878e+01
5.125998499932821773e+01
5.001684489638540043e+01
4.884331042389299427e+01
2.670697274069740601e+01
2.693509454175697826e+01
2.506751676279085927e+01
2.421236319055399377e+01
2.335431071948865167e+01
2.277884521161578846e+01
2.234011224934791073e+01
2.167763817301768015e+01
2.157194733219239069e+01
2.175497573959395936e+01
2.107407670156770507e+01
2.054436218287480287e+01
2.016936679138032318e+01
2.015886208620199938e+01
2.005426434282016857e+01
2.010883591934425851e+01
1.968040430438599486e+01
1.917291499339295413e+01
1.891152799366743409e+01
1.855283334332745326e+01
1.821858546354474839e+01
1.135231821622936010e+01
1.322734053768184737e+01
1.231393769821132800e+01
1.143042657438551757e+01
1.114426952982374885e+01
1.072908486321598431e+01
1.095042027861499001e+01
1.082806367236213774e+01
1.058656349286613363e+01
1.069166852647716226e+01
1.029482426525678385e+01
1.005199159530616626e+01
9.869993044918789593e+00
9.539873967639600494e+00
9.348663890693934775e+00
9.192010201712005113e+00
9.124942712392499544e+00
9.023618539918105697e+00
8.834414677458806153e+00
8.813211237964386768e+00
8.864528696134485131e+00
1.153578182963194543e+01
9.721942647661986570e+00
8.645069467286367271e+00
8.181645861756091875e+00
7.546404051635628996e+00
7.069403561896351995e+00
6.680324004234925006e+00
6.238383706516510863e+00
6.404445551620739252e+00
6.036519521081067374e+00
5.894843759983454667e+00
5.852288714200561515e+00
6.356303085463950175e+00
6.426676649085687032e+00
6.566576263683095327e+00
6.455128081863377609e+00
6.429514004251651649e+00
6.288021646337901061e+00
6.211234232342532025e+00
6.280461160636989781e+00
6.315208748400420902e+00
5.697878464610313998e+00
8.213477744607240894e+00
5.995456239025920731e+00
7.399602417824947764e+00
7.229285565223448451e+00
7.175012496260705142e+00
7.068600488310220697e+00
6.745792809200466422e+00
6.702940904841132586e+00
6.429015147076885484e+00
6.456317799712604888e+00
6.228679673933751992e+00
5.954832533998449584e+00
5.757974948429758655e+00
5.607521239433545190e+00
5.574564013382607541e+00
5.328170817976722873e+00
5.297244573618652197e+00
5.081475047867921369e+00
5.062930075602771751e+00
4.991697699410612366e+00
2.103984075720604530e+00
3.113316808380908629e+00
2.991082847992404314e+00
2.869253006493683422e+00
2.752683406033303637e+00
2.681944520395270981e+00
3.197480500344275001e+00
2.999844487685567884e+00
3.025980944702360009e+00
2.885277550640370059e+00
3.105419845846854265e+00
3.100119850991696957e+00
3.138274090498705426e+00
3.048143533300338159e+00
3.053084957822861156e+00
3.051919015992635043e+00
2.972571059551962769e+00
2.898975463558679522e+00
2.854817582783126362e+00
2.789300052328802959e+00
2.832112820666429442e+00
3.356116824606154125e+00
3.535464968370485739e+00
2.700101522982590652e+00
3.038898301265343882e+00
3.742954015886258201e+00
3.667817695944688872e+00
3.940927170247000788e+00
3.672872020656115843e+00
3.533074653309156599e+00
3.370380228321717908e+00
3.231380118147096692e+00
3.336761564600126295e+00
3.286774172106376568e+00
3.244633800534277412e+00
3.144963131896769237e+00
3.114421047502511364e+00
3.022814616368200813e+00
2.926375068002230684e+00
2.965798575001497461e+00
2.911994661228977321e+00
2.872085601559162704e+00
1.567742631527184738e+00
1.801930861949151197e+00
1.823965561104334165e+00
1.927005669022564538e+00
2.229793711996276517e+00
2.453873409431775787e+00
2.380859188030585827e+00
2.560217301948791491e+00
2.395465872619899184e+00
2.272023376960338403e+00
2.152235729014779775e+00
2.261052426138446148e+00
2.396584263726134978e+00
2.354332520693249720e+00
2.293480410029428374e+00
2.359685294545823542e+00
2.400307681962775774e+00
2.374249420984971159e+00
2.377443902935001852e+00
2.389394364521216563e+00
2.390237646885671641e+00
1.269279739683933705e+00
1.999380079469221583e+00
1.634935173977598355e+00
1.570248794875711784e+00
1.695517331617723888e+00
1.591428366005283035e+00
1.782813020401633919e+00
1.655411803132476933e+00
1.705193544197951105e+00
1.813301451374132567e+00
1.965095773599377926e+00
2.008642486559744977e+00
1.981027421859036908e+00
1.920582741854311992e+00
1.908559513916250117e+00
1.863399315494473907e+00
1.796032361930004928e+00
1.790872975471763162e+00
1.776795499936771883e+00
1.845252569968082623e+00
1.823403617853603942e+00
