6.915582622100072285e+02
6.892523459602936100e+02
6.870951773120805228e+02
6.846002744839887555e+02
6.821849469850550349e+02
6.795092633399142414e+02
6.765888265568266888e+02
6.735230120372848432e+02
6.701434757786538512e+02
6.665929971367639837e+02
6.626238713057415453e+02
6.580063038629392622e+02
6.527782690264585881e+02
6.468644214271466808e+02
6.401617852448350732e+02
6.330500149891132651e+02
6.248232973363781184e+02
6.159572046870403028e+02
6.060172891254233036e+02
5.956899291324225487e+02
5.849620609094351948e+02
3.525481075178364563e+02
3.514784840222437197e+02
3.489189412410696036e+02
3.484940218630013078e+02
3.500275729302335321e+02
3.470955461470523460e+02
3.484387176713495933e+02
3.470974770137872270e+02
3.451982798395026180e+02
3.455879678887107502e+02
3.450851267214858922e+02
3.425205646585932868e+02
3.437374071471961088e+02
3.426983190612750150e+02
3.413048311202820173e+02
3.418669961793745529e+02
3.415742405485753466e+02
3.417606438487998162e+02
3.410168018773246672e+02
3.402190228269792556e+02
3.395052699531391909e+02
3.210645976483559707e+02
3.305626313790240260e+02
3.246486246158966651e+02
3.294432183156545761e+02
3.332868771673068977e+02
3.310035589244650964e+02
3.302005368435431478e+02
3.263731365548065355e+02
3.306058362741320025e+02
3.305179223744644332e+02
3.316018789416618802e+02
3.268870912856538098e+02
3.273080063637799526e+02
3.284017183646298008e+02
3.291429692215895102e+02
3.310693721046067139e+02
3.293279748965293265e+02
3.283527830185242351e+02
3.270097370245858883e+02
3.267294928240755780e+02
3.266323256115715594e+02
2.954781713658600211e+02
3.194182414164706643e+02
3.175756472828080632e+02
3.153447913137563319e+02
3.157779498273828267e+02
3.132696476912464050e+02
3.104889020302464928e+02
3.112369584547458317e+02
3.116952486063769925e+02
3.124679511916452270e+02
3.140236725718938260e+02
3.126715927736746039e+02
3.137073340083362041e+02
3.133491017313798466e+02
3.136604141703492701e+02
3.132152465159512644e+02
3.122262745614536357e+02
3.112606963990936038e+02
3.112404072913379309e+02
3.119362188465804024e+02
3.105290519515654637e+02
3.093164249819016618e+02
3.190517252503452141e+02
3.096198202198273748e+02
3.069736268034075692e+02
3.117482858197778910e+02
3.061538039445852633e+02
3.000179250323958513e+02
2.957545578089992659e+02
2.933169740135805910e+02
2.922316048074375772e+02
2.908125090255808232e+02
2.891392854447320815e+02
2.900243645425103978e+02
2.881487493838901059e+02
2.886686514010580709e+02
2.884652479882142870e+02
2.881447329247856146e+02
2.878021765373318885e+02
2.854251741143141317e+02
2.850044856990251105e+02
2.833254538243546108e+02
2.783011942764658784e+02
2.544113651787168351e+02
2.521239202185811905e+02
2.482511559264892185e+02
2.487851371795575517e+02
2.466978590949795773e+02
2.490282587673006560e+02
2.463110405771438423e+02
2.454500359028914716e+02
2.482884906388598552e+02
2.472161624141523646e+02
2.465606842187552843e+02
2.450189153919115768e+02
2.445023675209243947e+02
2.426232056503560557e+02
2.405118045799275421e+02
2.394636212304934588e+02
2.388916938848991265e+02
2.374378081540492644e+02
2.356670816187732100e+02
2.344285805825108184e+02
2.066327980483661975e+02
2.027106368520695696e+02
1.993339682637220847e+02
2.014094922813380606e+02
1.970891885605816185e+02
1.954516003444001626e+02
1.926046428188111577e+02
1.883774136113178201e+02
1.874919554004641213e+02
1.860797496425721533e+02
1.847344048370040070e+02
1.834861931812560840e+02
1.804082628309582219e+02
1.798639088016079484e+02
1.800965139293008974e+02
1.794449131193658786e+02
1.779305211817584791e+02
1.764736194622493031e+02
1.752080084764974401e+02
1.741407898134401080e+02
1.726513598464419488e+02
1.311394803665373843e+02
1.324032614900879139e+02
1.351677743193366723e+02
1.380351377991973720e+02
1.335368615545558839e+02
1.342961397295279369e+02
1.321587093566610918e+02
1.303615654141680409e+02
1.292758887044175538e+02
1.296995364370230277e+02
1.293664835199063816e+02
1.292901073697530592e+02
1.291414690199613062e+02
1.286722853029661735e+02
1.284380471775735657e+02
1.292392930719570927e+02
1.282834171169782849e+02
1.276539146699959986e+02
1.272860790784014711e+02
1.265401485125029239e+02
1.259488085255270562e+02
1.020649906228676116e+02
1.036980916083168722e+02
1.047011233704586317e+02
1.018974983959544858e+02
1.027754340633358225e+02
1.034756282595531758e+02
1.032258310225217883e+02
1.035767611034692237e+02
1.025339527864152700e+02
1.016113282204056389e+02
1.016481805895112984e+02
1.013787704978033304e+02
1.005599357726042911e+02
1.007928370539602696e+02
9.947618820638020054e+01
9.897709269311268088e+01
9.861904667941654168e+01
9.764830661191605543e+01
9.674822330259532066e+01
9.594478291795741143e+01
9.513499886739833755e+01
7.491639888856479956e+01
9.021026831371123933e+01
8.500426833272182137e+01
8.526828751598294787e+01
8.351402840729292620e+01
8.473620011209918346e+01
8.385551836882336829e+01
8.397058510830540001e+01
8.206014850575023445e+01
8.111398238084775869e+01
8.071213270940597795e+01
8.075089006332464692e+01
8.024575105466972502e+01
7.928200571169799105e+01
7.962556780625666875e+01
7.965441281369591309e+01
7.944314788179187303e+01
7.951955531159482859e+01
7.880341755838942674e+01
7.858781420767647319e+01
7.790533279133130407e+01
8.456816708244686254e+01
7.158371956770152167e+01
6.942560025280323543e+01
6.834289146563551753e+01
6.979784420028204295e+01
6.857089711535607535e+01
6.807195627618254719e+01
7.023487847863911782e+01
7.037488086564789569e+01
6.913717050335831971e+01
6.892936386687156869e+01
6.925736223980848649e+01
6.773684747056952915e+01
6.859364739757688767e+01
6.828658910640950808e+01
6.807148139621330074e+01
6.880099019045719899e+01
6.888289490634761592e+01
6.910978542359588062e+01
6.917948668097609755e+01
6.916898159178403205e+01
6.055416499778054629e+01
5.644302707908541095e+01
5.948719439500121808e+01
6.002112876391962004e+01
6.250336750017638110e+01
6.278734440525877147e+01
6.382438122894897958e+01
6.467595632965168306e+01
6.318606521403763310e+01
6.230590268960587963e+01
6.198079254510435732e+01
6.140480815295951089e+01
6.256000400113313731e+01
6.262183692552249425e+01
6.208592652247305210e+01
6.273572220005280542e+01
6.255824756236155082e+01
6.228638601454141366e+01
6.228720183785355147e+01
6.139726035724117281e+01
6.141360119563896802e+01
5.635920048192102882e+01
6.028612236950230141e+01
5.539643536002639479e+01
5.644313180521128004e+01
5.371523661992218024e+01
5.576366945859267332e+01
5.574004812181327395e+01
5.732370601293081336e+01
5.665112283469321852e+01
5.759565755226455508e+01
5.829691161651786047e+01
5.838789167599200880e+01
5.833631977535089419e+01
5.850230595066114603e+01
5.796109904843842031e+01
5.746184228256941395e+01
5.752773797010046763e+01
5.729772177922241383e+01
5.696424228938306555e+01
5.675969575592645100e+01
5.666429280003200830e+01
5.569673018304953160e+01
4.895870226783468127e+01
5.697052285967260588e+01
5.640735532336159963e+01
5.629132907104306582e+01
5.641197317297601899e+01
5.526661299149056106e+01
5.624506982029102176e+01
5.533380270424535752e+01
5.385316385219805824e+01
5.330092618409307192e+01
5.248616504945866268e+01
5.259660543998753468e+01
5.257924005248787580e+01
5.209867087772615690e+01
5.221143681773833123e+01
5.242727753546969893e+01
5.247800824941025866e+01
5.203609846467820432e+01
5.231576071521359950e+01
5.240439501683101753e+01
