7.205641458268246424e+02
7.197396756639215027e+02
7.173165065604703159e+02
7.171447905386592083e+02
7.150882510546332469e+02
7.127908665539331423e+02
7.102634685900285376e+02
7.072646617469933972e+02
7.037363590813066594e+02
7.008023164057660779e+02
6.973785649619068181e+02
6.938500601649778901e+02
6.889186059229207331e+02
6.836105733864719696e+02
6.785440224590984144e+02
6.734203390055564569e+02
6.680648654654437451e+02
6.620360905695390557e+02
6.581833870260705908e+02
6.551993884984765373e+02
6.496170261551269505e+02
5.469910029718475926e+02
5.645547314977994802e+02
5.713190452059170639e+02
5.701878277492052121e+02
5.637292407216278889e+02
5.633563461593452075e+02
5.592279546861793733e+02
5.566803363409422900e+02
5.558828713230669791e+02
5.535526787680388452e+02
5.530651782058638446e+02
5.540953097111248553e+02
5.557253064157293920e+02
5.552530691606100390e+02
5.556592790586383899e+02
5.561540091912510206e+02
5.555361526812023385e+02
5.546631170679595471e+02
5.551843390230028490e+02
5.550959514040080194e+02
5.550056560403536423e+02
5.211125380943281016e+02
5.144663916182607863e+02
5.161216029469472915e+02
5.208706594061700343e+02
5.268043888373161963e+02
5.311938803264637272e+02
5.319212584330293794e+02
5.349681097803265857e+02
5.343892633342617273e+02
5.350088002037596198e+02
5.367049490169297314e+02
5.342059064009482654e+02
5.349400048878064808e+02
5.339485742931059349e+02
5.306945251624811135e+02
5.301170902700166607e+02
5.296240459031288310e+02
5.278474888558217799e+02
5.280588817785155697e+02
5.255408835774081808e+02
5.237719471698723055e+02
4.641081988033803327e+02
4.848045169101132501e+02
4.852689250045770564e+02
4.881686741841254502e+02
4.901520427517011171e+02
4.888782766460331572e+02
4.864138814997581903e+02
4.847652316108141690e+02
4.838379518827063066e+02
4.799043042923618714e+02
4.779627086846384145e+02
4.769020552628632572e+02
4.726789300000581306e+02
4.696065536739671415e+02
4.678520608463738313e+02
4.650786758843511848e+02
4.613697409146559494e+02
4.577082043041498309e+02
4.547318751836904198e+02
4.519081035675792464e+02
4.485706660184299608e+02
3.842240816975686357e+02
3.783687313519544091e+02
3.706687183506284100e+02
3.671140065203650238e+02
3.678834256586914648e+02
3.630279874633321811e+02
3.567292386852097366e+02
3.501222757179486962e+02
3.473803528820122324e+02
3.435090687999641546e+02
3.391581339742808723e+02
3.366778652863814045e+02
3.307371222616694695e+02
3.272831073874613139e+02
3.226289148278240191e+02
3.179626976756683234e+02
3.143928250078286624e+02
3.118084936665765099e+02
3.088769596007110181e+02
3.065591032362866599e+02
3.034899863706968972e+02
2.171562798278518187e+02
2.291595840675395550e+02
2.600454626414921790e+02
2.523914123811767922e+02
2.498530604504934161e+02
2.427573062435123177e+02
2.367447062069327615e+02
2.359389040393611197e+02
2.330024307205314358e+02
2.317122922014535220e+02
2.315646235104241839e+02
2.290801039567003556e+02
2.275300714810379645e+02
2.263968787136319349e+02
2.234685499391309236e+02
2.218101021214762909e+02
2.188280376825642577e+02
2.167537498133704048e+02
2.188086366260644127e+02
2.177896864671722028e+02
2.167019195705964307e+02
1.635259635440764043e+02
1.926009246360302711e+02
2.073258731998145663e+02
1.988356086247823100e+02
1.942299689601942134e+02
1.942154823696850769e+02
2.107652231219229577e+02
2.059239992457014239e+02
2.052595771689219930e+02
2.025685266599852810e+02
1.979619747517888015e+02
1.976667703816188180e+02
1.973346824255818603e+02
1.964141902783840976e+02
1.949894919116161986e+02
1.939131408643631289e+02
1.923706770084771165e+02
1.919958887257826916e+02
1.912952511609249484e+02
1.894325627536590559e+02
1.884039932063724052e+02
1.516273750284349831e+02
1.631046258627029317e+02
1.680911171256134367e+02
1.652726018195519089e+02
1.677105993075572883e+02
1.685870959423019713e+02
1.659041869107090577e+02
1.644486795272928248e+02
1.655075121090056598e+02
1.631028785594870101e+02
1.617381432026929815e+02
1.618753824107990624e+02
1.586234537965046911e+02
1.628505070426022598e+02
1.650607968830042296e+02
1.650850977886740623e+02
1.653968372632702994e+02
1.662869387422430520e+02
1.651807470064139238e+02
1.647453427585654424e+02
1.661450058740296356e+02
1.479101430738032548e+02
1.627138706155290890e+02
1.604376740503068959e+02
1.632390454384705265e+02
1.561656155222994755e+02
1.564641970141638865e+02
1.597858519179073937e+02
1.568537676332097988e+02
1.547818020379907011e+02
1.537125800967538396e+02
1.610804952383331283e+02
1.606331381565889842e+02
1.591557113546403173e+02
1.589762706039624049e+02
1.603944368332816452e+02
1.608383319994352121e+02
1.595507626561235952e+02
1.581893929916043646e+02
1.570580834608496730e+02
1.559516947158169557e+02
1.576593179573664827e+02
1.818440229648612387e+02
1.544886003204168787e+02
1.526485021934706197e+02
1.462594803947835373e+02
1.513756191093272605e+02
1.506987591986082577e+02
1.468800904923023438e+02
1.532297684703909795e+02
1.520453979400900835e+02
1.523900941682538246e+02
1.501365538806340396e+02
1.485892998049246216e+02
1.469184111729295807e+02
1.477248649885976590e+02
1.477881194448388840e+02
1.504885005533995468e+02
1.509206519246929474e+02
1.505263936579734150e+02
1.502526974914119364e+02
1.497225852621486410e+02
1.482929943632508127e+02
1.618455156500127998e+02
1.446911944668372030e+02
1.401388870359639043e+02
1.396483724426446997e+02
1.414361679638691385e+02
1.447871880030985778e+02
1.436773823132332666e+02
1.431095929200278931e+02
1.474042854424615712e+02
1.452544795397796236e+02
1.451403500320453190e+02
1.439012416918648114e+02
1.419363786266096383e+02
1.401433982971332455e+02
1.431090539808016331e+02
1.426830226306380212e+02
1.419725109350010257e+02
1.416915274331917374e+02
1.401272025428164625e+02
1.407316282745888714e+02
1.394206791761919533e+02
1.316771694511048167e+02
1.311383567409939701e+02
1.265828452607425163e+02
1.261398471820096319e+02
1.302074050726078838e+02
1.296393215018742353e+02
1.277829577109902317e+02
1.264809692821325768e+02
1.249141740432544339e+02
1.244664350525728764e+02
1.306532395405053251e+02
1.312892719382805353e+02
1.313794249435551933e+02
1.320703466949956635e+02
1.324132217678607333e+02
1.318271932810060321e+02
1.306674107296578313e+02
1.306514304563764313e+02
1.327248540673016350e+02
1.327068710109981566e+02
1.328401978133655064e+02
1.179079218215124314e+02
1.478365782830436785e+02
1.369610256252189231e+02
1.345453279585140933e+02
1.313833105950174911e+02
1.326817667881342118e+02
1.288572242554006948e+02
1.281372303038649818e+02
1.277173606687513256e+02
1.261798744146011728e+02
1.274569224667345395e+02
1.267099397107111258e+02
1.285077793574569682e+02
1.311967636137628404e+02
1.295107850487557073e+02
1.285831317657943771e+02
1.285307149451859914e+02
1.276363156496775417e+02
1.273595004220424158e+02
1.267666372193398416e+02
1.261995570958221577e+02
1.137561923569441547e+02
1.169409785070541972e+02
1.124028745492670964e+02
1.135731299047823200e+02
1.139294415065067341e+02
1.259198314786966364e+02
1.231803683390063782e+02
1.222504770444780888e+02
1.202623528257074383e+02
1.236838393757249861e+02
1.235687656429499555e+02
1.235180613487234496e+02
1.234945621587725100e+02
1.241670223991702784e+02
1.220134646867923465e+02
1.210902021080051725e+02
1.225426306021820295e+02
1.215128026730907322e+02
1.209131205595487017e+02
1.202498613369689764e+02
1.210850714075339027e+02
