6.914983700676749550e+02
6.891619643777247575e+02
6.869735247800443858e+02
6.845348759930114966e+02
6.821213023945897476e+02
6.794979405386538929e+02
6.768531317197746375e+02
6.737090837911454173e+02
6.702477013768757388e+02
6.665072872552350418e+02
6.623781650834349648e+02
6.578735493953056448e+02
6.526002965511179355e+02
6.468583319541526180e+02
6.403194263887895659e+02
6.332522279759392632e+02
6.253356046725745045e+02
6.166386902015514124e+02
6.067931154410536010e+02
5.968025289985429254e+02
5.855394403565381936e+02
3.560944203215260586e+02
3.426875649310030667e+02
3.598160406814241128e+02
3.491444588181454378e+02
3.504748961933886449e+02
3.472921130218381336e+02
3.487823961189885154e+02
3.483783428626489354e+02
3.478014491094813252e+02
3.481801046505229351e+02
3.481249254556570918e+02
3.482845668441837006e+02
3.472050596497949755e+02
3.451537350983364263e+02
3.448809913971625178e+02
3.435095665180662650e+02
3.432620927469482126e+02
3.412440586613374762e+02
3.405286012059461314e+02
3.401136347232088042e+02
3.393545443021773735e+02
3.161476260412073884e+02
3.214343589747707597e+02
3.306392429990392543e+02
3.364728537231750352e+02
3.325234742410920603e+02
3.345721709039771667e+02
3.262171321306068421e+02
3.257139447879522436e+02
3.270633389489273100e+02
3.258480041805164547e+02
3.270695189581452382e+02
3.288677174388894855e+02
3.279991843044879261e+02
3.275233648392928103e+02
3.273969639793548367e+02
3.261625586252363291e+02
3.266984040111341869e+02
3.263558921813871621e+02
3.267534930822912429e+02
3.269530770521864156e+02
3.260327263744379707e+02
2.771894991865582369e+02
3.042998629182619652e+02
3.114518348328666661e+02
3.155685012208952571e+02
3.126423251748084908e+02
3.154675389561156749e+02
3.141434762376876506e+02
3.122263726353829725e+02
3.145676824770736175e+02
3.159775542335786440e+02
3.172578999173087482e+02
3.173694903909375853e+02
3.170802640941337813e+02
3.148123697438499562e+02
3.130142603996841331e+02
3.123986302353811197e+02
3.112195584866956892e+02
3.099366299395069859e+02
3.092562832760020228e+02
3.084069351845889173e+02
3.068667251792542174e+02
3.074220012444027361e+02
2.857930057106358959e+02
2.872157051554866030e+02
2.820899641190345051e+02
2.850819553633150463e+02
2.866187851580166921e+02
2.870918326143603281e+02
2.878354875366675287e+02
2.853797145637060453e+02
2.842631164195862539e+02
2.824467573442146886e+02
2.809746301267175568e+02
2.795549793701819681e+02
2.785009160266570234e+02
2.779714724675129105e+02
2.757884195340835163e+02
2.744894719081912058e+02
2.737473118853752112e+02
2.718372650311454208e+02
2.700660766326586781e+02
2.693740414938906724e+02
2.272021238883132241e+02
2.293413382563022935e+02
2.308302520329045251e+02
2.233731750437773371e+02
2.241970498082862946e+02
2.243856616739599019e+02
2.251373185197498685e+02
2.253172874480131043e+02
2.227288831935051121e+02
2.210169789551514725e+02
2.193431266180300838e+02
2.162870923232619305e+02
2.144871933220217386e+02
2.131394123879492213e+02
2.105657840040087763e+02
2.091463374671027964e+02
2.078939686558551330e+02
2.055212715838439408e+02
2.044313523481093569e+02
2.028782883825240617e+02
2.016734155540480913e+02
1.417769131902511504e+02
1.552764206176296966e+02
1.535604811405740691e+02
1.557229343865653277e+02
1.518161505476545017e+02
1.492077854422262817e+02
1.487969227175068454e+02
1.473430726981311807e+02
1.473187425746352233e+02
1.456369112531225483e+02
1.454102529433380653e+02
1.432922100272325565e+02
1.435836960704539251e+02
1.429539774597608925e+02
1.419055011165947349e+02
1.408070796882046807e+02
1.394651112403319644e+02
1.373098987982043298e+02
1.361670869334906797e+02
1.347259977327655633e+02
1.332973974704481179e+02
1.037211257427024407e+02
9.412126933795163097e+01
9.743034939747911949e+01
9.714891319563582783e+01
9.583836668150453875e+01
9.688758647225623122e+01
9.737323766539044811e+01
9.923658329791567212e+01
9.889557080390142119e+01
9.842348926401217568e+01
9.782469603406158853e+01
9.830645733888194115e+01
9.742844885071579597e+01
9.741238907570527772e+01
9.653435947694079289e+01
9.543476476420194388e+01
9.488639371713898640e+01
9.376072401347788343e+01
9.386205040455946857e+01
9.302875910139172788e+01
9.267271657811670593e+01
7.282618764703806846e+01
7.186920757782441171e+01
7.225008909517019617e+01
7.064699829802658826e+01
7.083485552732000201e+01
7.499233635106661211e+01
7.610501223030205153e+01
7.568004553812041024e+01
7.590994862172099999e+01
7.654765285688233689e+01
7.623162155552095953e+01
7.589486945002921914e+01
7.545148284594100119e+01
7.537490935491862842e+01
7.484085538098894119e+01
7.444631644878279531e+01
7.350951760362138998e+01
7.339846489397018559e+01
7.327780344731097273e+01
7.275874330240461063e+01
7.279699733948653773e+01
7.307391231168300294e+01
6.420825022691872164e+01
6.676443893287992637e+01
6.420090129934197876e+01
6.292082642315042307e+01
6.226022286276630524e+01
6.294324231356299038e+01
6.124200061646713067e+01
6.193356920363885365e+01
6.086299339309187673e+01
6.073406394872067438e+01
5.999393230592804827e+01
6.000856428125265296e+01
5.945819613732782472e+01
5.901279031200267866e+01
5.959744109169146498e+01
5.998147966253852559e+01
5.968895911265297372e+01
5.978453557445340749e+01
5.978784819642083193e+01
5.958305899854796195e+01
5.044302736343569649e+01
4.816620748655702755e+01
4.767760792998755193e+01
5.284429220245685599e+01
5.367456020621448687e+01
5.348242276958497854e+01
5.515808403751672984e+01
5.413940071611384752e+01
5.355633556152724850e+01
5.361603329306155530e+01
5.336586357794872981e+01
5.429255535444250569e+01
5.400284534252889301e+01
5.400336054244885275e+01
5.355222419528232791e+01
5.330155869332880769e+01
5.253592163667811832e+01
5.226415438327522622e+01
5.231279067674682892e+01
5.294687330661033542e+01
5.301994155139647802e+01
4.758718676539429282e+01
5.146489969510624007e+01
5.318278453877910295e+01
5.291476127094719573e+01
5.212270730767944116e+01
5.111779858044676672e+01
5.063263658866615913e+01
4.975064408616572820e+01
4.954719094404293145e+01
4.878995733046888006e+01
4.842409532020840146e+01
4.920296231110509666e+01
4.866144418455673559e+01
4.997616815919230504e+01
4.970883847854938864e+01
4.882604100272443048e+01
4.902214054230879015e+01
4.890532044804356104e+01
4.898094047771766668e+01
4.887802045008800889e+01
4.894308081059401161e+01
4.454844716681512296e+01
5.001750156247695145e+01
5.011500648706213923e+01
4.831773590430861987e+01
4.673918661350773363e+01
4.576357627067859113e+01
4.654934387637711524e+01
4.650597562666697371e+01
4.604843195770119024e+01
4.579809730773065723e+01
4.479605803017568633e+01
4.481925658958594738e+01
4.463349417721689605e+01
4.450698048368024473e+01
4.453211947109694080e+01
4.449245715674270940e+01
4.390224749852574604e+01
4.370271625474886434e+01
4.385860840877437994e+01
4.386087671661015719e+01
4.360173350777092338e+01
