9.967709039300450513e+02
9.922027420055939047e+02
9.879214212421668435e+02
9.832930647990671105e+02
9.783740519014563688e+02
9.732417730539846161e+02
9.676782876054418239e+02
9.615992496525443585e+02
9.550630819796283504e+02
9.483639948166036220e+02
9.408109537849557000e+02
9.325571915425920224e+02
9.234843989082270355e+02
9.132785032415594060e+02
9.018103552301582795e+02
8.898773188770747993e+02
8.777517419038990738e+02
8.655215868856777206e+02
8.519507583252432141e+02
8.417113105910916602e+02
8.328519542771326769e+02
6.682360089632823019e+02
6.588011439888809946e+02
6.511312318020271732e+02
6.365434476706376472e+02
6.327143128746031380e+02
6.238557422975322879e+02
6.208029419417534882e+02
6.201128587994209056e+02
6.154382205994030528e+02
6.158578841331983540e+02
6.153522990739863872e+02
6.156202873751841480e+02
6.152734551501458782e+02
6.147042188218442789e+02
6.152281102340632515e+02
6.146059708151478844e+02
6.133385975165433592e+02
6.142586403877395469e+02
6.154834426724346486e+02
6.150252760278539199e+02
6.131069084447514115e+02
6.273955710762504623e+02
5.897157710391443288e+02
5.895977998216092146e+02
5.909713035959546232e+02
5.929791021498079999e+02
5.835627785572822859e+02
5.830649006132886143e+02
5.861788493779083637e+02
5.836436989964131499e+02
5.851910433798557278e+02
5.880666299638085093e+02
5.871395525410426899e+02
5.876294567574876737e+02
5.892817861403200368e+02
5.884097802104262200e+02
5.865248024906367164e+02
5.854376681177336650e+02
5.847296240422708706e+02
5.844552926675860363e+02
5.830861676561780769e+02
5.822335120017798999e+02
5.359752722605446706e+02
5.600446700474300314e+02
5.560447984144823295e+02
5.505180524622834355e+02
5.488218497342129467e+02
5.510898407930970961e+02
5.481503054216752844e+02
5.448996512330370479e+02
5.462303589590303545e+02
5.460340361637660180e+02
5.452084279891890901e+02
5.438334783023439059e+02
5.439481494265558013e+02
5.450417970987568879e+02
5.437791005499276480e+02
5.421460556356415736e+02
5.398781921973086355e+02
5.378125806625170071e+02
5.352895456607756159e+02
5.340179823558729595e+02
5.306580320644364974e+02
5.123030124410329336e+02
4.885050711701470618e+02
4.936744815766613783e+02
4.911585076883314969e+02
4.867624733387040123e+02
4.781493995115449707e+02
4.749827784859044755e+02
4.719383780315948229e+02
4.673679654126942751e+02
4.609148186555584061e+02
4.569062484890997666e+02
4.519563997091861438e+02
4.505533350231276586e+02
4.478646907065834739e+02
4.441730317728575983e+02
4.396166973400444249e+02
4.358122753825856535e+02
4.318671107495390515e+02
4.291580345502015916e+02
4.256878186677363374e+02
4.237809229167211811e+02
3.678023267590076557e+02
3.668522930048079616e+02
3.541533166672909374e+02
3.440178197665199491e+02
3.413186170007040801e+02
3.358580283625370839e+02
3.328419170209305662e+02
3.298899172941097504e+02
3.282389007769228328e+02
3.246604399981127926e+02
3.254989060432821475e+02
3.225725132065009007e+02
3.181810533701417398e+02
3.139502762294563354e+02
3.092528865243339737e+02
3.072810613086935518e+02
3.046582054485606363e+02
3.036248641614246253e+02
3.005307657286795688e+02
2.984283206600646281e+02
2.962063432038616497e+02
2.601156634553490221e+02
2.549742860043066344e+02
2.457984357873184535e+02
2.442716632759990887e+02
2.427574451323131370e+02
2.378708397986062550e+02
2.361285285993689911e+02
2.329416608084770814e+02
2.360427313355646390e+02
2.358041519252800526e+02
2.380726738312372959e+02
2.377181873070264260e+02
2.381510061014457733e+02
2.366515887744064628e+02
2.359726852425970662e+02
2.330248765762719074e+02
2.329413296304711309e+02
2.331296211598964589e+02
2.315724773211577769e+02
2.303069917564843934e+02
2.329297763489932152e+02
2.046748268579815431e+02
2.062320095474145205e+02
2.261831098807551825e+02
2.172225039961378172e+02
2.157896759110359710e+02
2.131486817464303556e+02
2.146336453390931638e+02
2.112131330079687359e+02
2.115348579272712186e+02
2.094644797654852937e+02
2.090639998604929701e+02
2.064252245454360946e+02
2.034148520547213650e+02
2.035801393827956076e+02
2.010788376321932560e+02
2.015979179445643013e+02
2.027915980505216567e+02
2.032811613666630137e+02
2.038302182029180472e+02
2.027337628035124339e+02
2.021810405546779066e+02
1.725451897457857626e+02
1.757046131069695889e+02
1.642317352216959989e+02
1.639973211347470112e+02
1.644846772105363755e+02
1.684669446074623238e+02
1.713911113596703046e+02
1.777605176158172924e+02
1.800857034370824010e+02
1.817646890197666494e+02
1.812323558128831280e+02
1.795104466431541255e+02
1.786297277794825220e+02
1.793115298481870923e+02
1.841794168329660693e+02
1.859382421078337870e+02
1.858798383123380518e+02
1.859295116632543738e+02
1.850935893807451578e+02
1.837388757113864415e+02
1.833527927296847508e+02
1.956097567994845008e+02
1.874308796487340771e+02
1.815457612224825255e+02
1.783369493406065089e+02
1.783096405349148768e+02
1.856036396102757919e+02
1.839661908750595387e+02
1.821252063315459964e+02
1.827240970591703615e+02
1.788682111760683995e+02
1.768714706752354857e+02
1.763053606841978933e+02
1.738284649956395356e+02
1.728211832707822282e+02
1.722636104796831660e+02
1.707109973261479468e+02
1.718939117923809476e+02
1.721337827699144611e+02
1.725125781314117717e+02
1.710709884057050374e+02
1.710956914098399864e+02
2.250711750266099784e+02
1.812534715023535057e+02
1.730390417770581450e+02
1.628900392678799847e+02
1.602268517379450259e+02
1.541076370196938399e+02
1.592615751991694424e+02
1.627393241896786549e+02
1.601473477255021010e+02
1.582771390624816092e+02
1.580686946066968801e+02
1.589657374052446812e+02
1.643101835038498848e+02
1.636540416706352801e+02
1.630816371383659487e+02
1.615749807595250047e+02
1.620444579825820597e+02
1.604134580516106325e+02
1.597631644777383144e+02
1.605067097677172967e+02
1.600021472721247449e+02
1.616205214945714488e+02
1.564776461858770062e+02
1.640559411582831046e+02
1.625935602548570102e+02
1.568118751634181649e+02
1.566900973835240904e+02
1.533458051749825870e+02
1.539435700329784424e+02
1.509669419940666728e+02
1.517905051520125710e+02
1.503684042830809915e+02
1.498282622455527076e+02
1.479288512005740870e+02
1.469493242076451622e+02
1.461251992533806288e+02
1.459838724802463616e+02
1.464113448028039954e+02
1.461933672951213907e+02
1.454932253962824120e+02
1.448985328992247616e+02
1.438044287777269403e+02
1.287199126761913135e+02
1.190336036637995818e+02
1.277220987766790898e+02
1.287663788808541767e+02
1.301036305001900075e+02
1.335567492929806974e+02
1.312561163057539773e+02
1.328617387281511242e+02
1.336290809655905321e+02
1.363428325755820083e+02
1.365183237023258300e+02
1.378094153749918860e+02
1.365937157297149156e+02
1.357818225689360361e+02
1.388037972355854492e+02
1.378579433962659664e+02
1.369616152027024896e+02
1.369209376602422594e+02
1.406500420367721631e+02
1.402510883867398945e+02
1.406006614862406252e+02
1.288880849289188291e+02
1.305783437723233931e+02
1.653625873638003725e+02
1.586921147849292595e+02
1.531933996332554386e+02
1.503495533688164016e+02
1.485942186834932386e+02
1.450017752097186587e+02
1.423594505613376953e+02
1.429317581251422666e+02
1.411736466499394282e+02
1.385319687776933222e+02
1.383023770021483472e+02
1.376132653190023802e+02
1.370021757778954168e+02
1.367243132925524947e+02
1.391299443772809923e+02
1.394485609422993093e+02
1.390327931732963975e+02
1.389498940972596017e+02
1.381001323295722045e+02
