2.577840795013105435e+02
2.534961775160456625e+02
2.520828482437764819e+02
2.498270406392615826e+02
2.494350107613921068e+02
2.492949180715300486e+02
2.476091951995329339e+02
2.454512751971411433e+02
2.436049816530104977e+02
2.439587470414433028e+02
2.427505507867433039e+02
2.417231663933820016e+02
2.411047591197003896e+02
2.398768964678447730e+02
2.386749334147820321e+02
2.382533074780535571e+02
2.360073055547347280e+02
2.364550734078027858e+02
2.353440348487242773e+02
2.340169753088948710e+02
2.333212514663164541e+02
2.299791651271296189e+02
2.249840036203029001e+02
2.222605500853027252e+02
2.261677809246055801e+02
2.244122411443739509e+02
2.243449398869203151e+02
2.225265339330380243e+02
2.211546478224717589e+02
2.207375575423505722e+02
2.208619563187389190e+02
2.197851458803920082e+02
2.189242108125467610e+02
2.197399517548295478e+02
2.195340167240468077e+02
2.194595738080362821e+02
2.181788769609120777e+02
2.182253605486605466e+02
2.187337907532576367e+02
2.181440544896121025e+02
2.182071518068479463e+02
2.176255140951007832e+02
2.075391735277702026e+02
2.167168158662983615e+02
2.157259055031480841e+02
2.164376485256549643e+02
2.166379617831484268e+02
2.175329669507090102e+02
2.154690890830259491e+02
2.154230505774874871e+02
2.113475238985679994e+02
2.127584622092836355e+02
2.114962371390395788e+02
2.111337839123539482e+02
2.111306626099032542e+02
2.095399635253176882e+02
2.089203424651368550e+02
2.079381415714265131e+02
2.068448893675106319e+02
2.071682344910587688e+02
2.064976079000653328e+02
2.073880795793170364e+02
2.060752323122034397e+02
1.977652378069937811e+02
1.949999739920896502e+02
1.975656793558999311e+02
1.894039070418147048e+02
1.899206001405063375e+02
1.888373232386806535e+02
1.878095257908575775e+02
1.869052844823203543e+02
1.876074188145413757e+02
1.870882629694742718e+02
1.852966426720848858e+02
1.857622097374044472e+02
1.853419110597513111e+02
1.847816430698833585e+02
1.840288462063513464e+02
1.830874769391198811e+02
1.824688578219531507e+02
1.808685208539393159e+02
1.798129003606625531e+02
1.791933586161062806e+02
1.786913914250820312e+02
1.464040293515664644e+02
1.464874835418101213e+02
1.523421205393602520e+02
1.531706938810432348e+02
1.516430128976364529e+02
1.512359867039052972e+02
1.475229698579303204e+02
1.464114665563784285e+02
1.449584310246427776e+02
1.436996173422828349e+02
1.431365843106764828e+02
1.432087677574016880e+02
1.418317921168556950e+02
1.406958437755251339e+02
1.408246553190568306e+02
1.403232572464835357e+02
1.390448558070752938e+02
1.382524404004451810e+02
1.370789102084429203e+02
1.362642939056543696e+02
1.351679949385927841e+02
1.205879443146365873e+02
1.149636619333766703e+02
1.141606032869481879e+02
1.106348365460270742e+02
1.111289201923219423e+02
1.118473775242936483e+02
1.103085458588761725e+02
1.094554040278556499e+02
1.101083357017669186e+02
1.082600545754248316e+02
1.076212898495158328e+02
1.065878346266817829e+02
1.063984128223783188e+02
1.058221373310460649e+02
1.050206006027926406e+02
1.047106403979502858e+02
1.042630427566041647e+02
1.036848096580710461e+02
1.031755795654155463e+02
1.027714788823010821e+02
1.025087861038766022e+02
9.976567556587798435e+01
9.991681468607960426e+01
9.549228665287363071e+01
9.479920654556411819e+01
9.395781307636394786e+01
9.187485507487446057e+01
9.188623060124658082e+01
9.215662370721793195e+01
9.226139820251438550e+01
9.221614494147166852e+01
9.184338268704975405e+01
9.156659674123551440e+01
9.099391492181170804e+01
9.106720134907504871e+01
9.150802570840653516e+01
9.125261831128507595e+01
9.067538453584080571e+01
9.050418831261660557e+01
9.006743420112908893e+01
8.959236386919022266e+01
8.910189250088541257e+01
8.409174204924696028e+01
8.553816650212414174e+01
8.689115141367956596e+01
8.782792980233374180e+01
8.723728874401548694e+01
8.735581392426732350e+01
8.719827156018808978e+01
8.651076441658396732e+01
8.588836135238456393e+01
8.536660562753546344e+01
8.437342919811068498e+01
8.410591722224033617e+01
8.443617698234525903e+01
8.406712377457330376e+01
8.348533850986258642e+01
8.372927967114958392e+01
8.317911445401664139e+01
8.288916275727970628e+01
8.314547968593919336e+01
8.276858928482548095e+01
8.274555193407444165e+01
7.309400306460477736e+01
7.511788438111321398e+01
7.982851440136312249e+01
7.974821482865284850e+01
8.128821694349336724e+01
8.108219246313348094e+01
7.909538237491257462e+01
7.929532302031331881e+01
7.854870222045761352e+01
7.817906066578612467e+01
7.843674861276564059e+01
7.776435479602911016e+01
7.849766717318617282e+01
7.791257496349558664e+01
7.755984367391351952e+01
7.827474668948951830e+01
7.859443300312052827e+01
7.814256188601227393e+01
7.854980557243462158e+01
7.890600390479886528e+01
7.890539362292656733e+01
5.927119673561928437e+01
7.050569066755039671e+01
6.796182528986120985e+01
7.171477374704029728e+01
7.264940406677806095e+01
7.354809164452298376e+01
7.419395993645987630e+01
7.451562883233719958e+01
7.487225313205867394e+01
7.588128174751682309e+01
7.657055677026706064e+01
7.663618981023985555e+01
7.552804306527649203e+01
7.565276999107673817e+01
7.563741497631455957e+01
7.579130119956477074e+01
7.608367070149232347e+01
7.632639486961795683e+01
7.651540937571162715e+01
7.626258454516910490e+01
7.631599294021761182e+01
7.966029366068312356e+01
7.811982709023497762e+01
7.559898756740550141e+01
7.526622413050625937e+01
7.249334884402625789e+01
7.237610957899093478e+01
7.389226023690812895e+01
7.390886580515783066e+01
7.435214303410364778e+01
7.355390336490802383e+01
7.428722479101976717e+01
7.501869532707871713e+01
7.500070948352414746e+01
7.442346049689432164e+01
7.447546984807472370e+01
7.475116138293455492e+01
7.528010105940035146e+01
7.523511650467841605e+01
7.491894912130759110e+01
7.462956974990632375e+01
7.400443186214225477e+01
6.293814667793976980e+01
6.693891420755527122e+01
6.960359868768880176e+01
7.106030485485163695e+01
7.305515488419231929e+01
7.173211369799166448e+01
7.266926735202655152e+01
7.311258943659296961e+01
7.348794531930295193e+01
7.263626359840526447e+01
7.251349992663887178e+01
7.228629600286477341e+01
7.254022169167831180e+01
7.318619579033210698e+01
7.300795752027758567e+01
7.268424538762151599e+01
7.276942198276260854e+01
7.294254377435679260e+01
7.243346196704203521e+01
7.283036207124894190e+01
7.242313234145461820e+01
8.687596099906897962e+01
7.674382209656360487e+01
7.137913058059938010e+01
7.303236670703303446e+01
7.247383312168339842e+01
7.216608968892145981e+01
7.266925692320660346e+01
7.125108678290987996e+01
7.136254749664870189e+01
7.109705947965670703e+01
7.178731500646425445e+01
7.207060232945212874e+01
7.128369820773980337e+01
7.198931205598807992e+01
7.174712199968128346e+01
7.168975211029986383e+01
7.199493445143390602e+01
7.189044961925608845e+01
7.167904807705484416e+01
7.208177214371978891e+01
7.185985602303614428e+01
7.200288991522370452e+01
7.104985351052516762e+01
7.141007384450107054e+01
7.329311140432052696e+01
7.114688443338937418e+01
7.257534023975667026e+01
7.221225193973927503e+01
7.272206452359563400e+01
7.339319382457210850e+01
7.289734033029563420e+01
7.290955950323143497e+01
7.217734721487818206e+01
7.208915549219537411e+01
7.143346043810728929e+01
7.125316802741109257e+01
7.189003189475273814e+01
7.128959690964904894e+01
7.076613780189437364e+01
7.093673525468841490e+01
7.090227325860391261e+01
7.080019188229860561e+01
7.837758969395467545e+01
7.890967861986530352e+01
7.261203963492843627e+01
7.395651177089081330e+01
7.498198016183407333e+01
7.250168658997381499e+01
7.112583288600893638e+01
7.141860700478898138e+01
7.188404721136653563e+01
7.121392293633873294e+01
6.976273912611480910e+01
6.983593338000177653e+01
7.016310045680918961e+01
7.002730583666696873e+01
7.063304160370394413e+01
7.033613729246752655e+01
7.004958045998048988e+01
6.990628787732700289e+01
7.034790311537908281e+01
6.998930067185067116e+01
7.029181880162109053e+01
5.986208438956538913e+01
7.121579132943915624e+01
7.196573991415634453e+01
7.302006893188629988e+01
7.074987000872911835e+01
7.109808406229436173e+01
7.216090094232752961e+01
7.264416973487131202e+01
7.221798987522872437e+01
7.258914745713296668e+01
7.227187955988853219e+01
7.159063958716653531e+01
7.110820789574977141e+01
7.044340465353181457e+01
7.064619904215653889e+01
7.046291436050047707e+01
6.966222659386610871e+01
6.934742876424533620e+01
6.930141513875135217e+01
6.942897291613454058e+01
6.940204394811902944e+01
7.208245211392426199e+01
6.153776889318262988e+01
6.278185437131460134e+01
6.593356662093590614e+01
6.652335687984043489e+01
6.615966748119473095e+01
6.612824144191056064e+01
6.753854854220780624e+01
6.619395044327509936e+01
6.733864164967465626e+01
6.756783783260763698e+01
6.727256298422574332e+01
6.695071404678921567e+01
6.744554392771385665e+01
6.794320133701434372e+01
6.847684524076350954e+01
6.806892772761661092e+01
6.853741523657787127e+01
6.863706356459469760e+01
6.870806506313812179e+01
6.876995473649564872e+01
6.699754406365767068e+01
6.866886901328935267e+01
7.149119672814794058e+01
7.000834499687559287e+01
6.974056346165339448e+01
7.105351562937947563e+01
7.120631641794300037e+01
7.131297998505736757e+01
7.267131516975463512e+01
7.210021387171623530e+01
7.114385170279545889e+01
7.044127865466367666e+01
7.022418137635033020e+01
6.988530750987487750e+01
7.047714912189587722e+01
6.987313470950473970e+01
6.974758465036092048e+01
6.949987306681390464e+01
6.943888806666848268e+01
6.903595529729290092e+01
6.871407211213141863e+01
7.166602325057429823e+01
6.866289758843169011e+01
6.656572526656354682e+01
6.609587398480999809e+01
6.511038024347915609e+01
6.520414607868785595e+01
6.624164617315138059e+01
6.640267282793799097e+01
6.750838371095804291e+01
6.794825030818620348e+01
6.851446325950846017e+01
6.849122149738474263e+01
6.823472217643016791e+01
6.812565714404394157e+01
6.797478531711939809e+01
6.807298547341578399e+01
6.834512006867272760e+01
6.872595518102218648e+01
6.835267278737428853e+01
6.849550947768241826e+01
6.859528471338354905e+01
6.068584577213029263e+01
6.683112894912865443e+01
6.807586342152910674e+01
6.581400981757546731e+01
6.788626605631039013e+01
6.855797615960523217e+01
6.928476371536865486e+01
6.809743442708575856e+01
6.989208352066457053e+01
6.947423286150100807e+01
7.063260621744824164e+01
7.089299342773750823e+01
7.081377016551161319e+01
7.017511782023002809e+01
7.071676380571878440e+01
7.059519683580363392e+01
6.995549941968526753e+01
7.023394002890007926e+01
7.047384409822689122e+01
6.991665193733516048e+01
6.945258640376027870e+01
7.343171664168957591e+01
6.255069886155825287e+01
6.322434560883063881e+01
6.102619594759439536e+01
6.207325828646225574e+01
6.159418019442546210e+01
6.148535723935690811e+01
6.388496793688085518e+01
6.532255271843061450e+01
6.555994508009116828e+01
6.680737648625651559e+01
6.661169458675999522e+01
6.643599969287876661e+01
6.640123628549281420e+01
6.605487943678073748e+01
6.585577103908642016e+01
6.697527048263616223e+01
6.701958821853250470e+01
6.698208623271163731e+01
6.698260763029065856e+01
6.801546099536778911e+01
6.728384628877284968e+01
7.499031064591716245e+01
7.149472141792557522e+01
7.032678278983011921e+01
7.254249106292169813e+01
6.996167214640769316e+01
6.891846796371986272e+01
6.832877152763470008e+01
6.886819713120482334e+01
6.955183019801337707e+01
6.864032620681217622e+01
6.854870734892080009e+01
6.845392848546605080e+01
6.901917963438003767e+01
6.880414402652918682e+01
6.815651099717847217e+01
6.811498622690018578e+01
6.813023845334492989e+01
6.829537644493714765e+01
6.806697240677098648e+01
6.859687269719670155e+01
6.473302765673257397e+01
6.686518537122218220e+01
6.880394158822159056e+01
7.027617581961135329e+01
6.899470135650867064e+01
6.768654133361508229e+01
6.791078870505502607e+01
6.720153933000206337e+01
6.767970116623848753e+01
6.850536481779084852e+01
6.907528969746965686e+01
6.952433109415855483e+01
6.897882245207382823e+01
6.894969300160775560e+01
6.902056069716000763e+01
6.935925696598572188e+01
6.887763163098553321e+01
6.867342797922131581e+01
6.924240778325469137e+01
6.896922305542707932e+01
6.881645475126794054e+01
5.759424680649692618e+01
5.903656825445321488e+01
6.329695465603349902e+01
6.486821700440984273e+01
6.714270778988567656e+01
6.660747792195317629e+01
6.665723148012857280e+01
6.657368657218843566e+01
6.543999699936463799e+01
6.624161350586231833e+01
6.616501427296618942e+01
6.587382034815628629e+01
6.639702081234129594e+01
6.664324347533309378e+01
6.648056971663989145e+01
6.663825354724799865e+01
6.649298101876834721e+01
6.703080609423709291e+01
6.679419358368676285e+01
6.834272065368547544e+01
6.849668702884989102e+01
4.873188265525320162e+01
6.027961127296012478e+01
6.301033449792303287e+01
6.608511730273940543e+01
6.549846958290193299e+01
6.540636003163641021e+01
6.480339748030108638e+01
6.592320225305998349e+01
6.751734734900999513e+01
6.771906806360713915e+01
6.784844706143243798e+01
6.847786281748653892e+01
6.893494043454983000e+01
6.903562313383976345e+01
6.891547399968553123e+01
6.903607328657145104e+01
6.935974096476824968e+01
6.910764476109440579e+01
6.871801988400154926e+01
6.868343331265180041e+01
6.889046293794196174e+01
7.038269434163063920e+01
6.698035605565415551e+01
6.375769275857995666e+01
6.342604810074306698e+01
6.597591848417523863e+01
6.615921582099853993e+01
6.669235291549071576e+01
6.614736948821862939e+01
6.791951235111376661e+01
6.838586410642155045e+01
6.843970834310171369e+01
6.871770842135907742e+01
6.832581376611406654e+01
6.775032669320455625e+01
6.773344047131793388e+01
6.797543608354339995e+01
6.830872451774592946e+01
6.808317120909954667e+01
6.790873312496628955e+01
6.784928087953089459e+01
6.805788738287846229e+01
5.481488754658020213e+01
6.019644459489238386e+01
6.271711357078654459e+01
6.409445629126953747e+01
6.471030714491837443e+01
6.488317836275183481e+01
6.500951800331509389e+01
6.572950106431375161e+01
6.651099784351727351e+01
6.661485112932187747e+01
6.688412937299000305e+01
6.740279108429577093e+01
6.744283166282447439e+01
6.753049773939112299e+01
6.763504599093319314e+01
6.822972662747633876e+01
6.816869103962272902e+01
6.755009320384239402e+01
6.765020446260770370e+01
6.742106470003749052e+01
6.784015505825175296e+01
6.391520604019941487e+01
6.263103933296185488e+01
6.391536495723480726e+01
6.391199823783869505e+01
6.454001158442217445e+01
6.604732665263912850e+01
6.571074106974371887e+01
6.745801577805254112e+01
6.771935280247998890e+01
6.786182777633756302e+01
6.861841508408734569e+01
6.866620919931330036e+01
6.872398011658216888e+01
6.831219880075671824e+01
6.822577732429805053e+01
6.825813358878843928e+01
6.840849806528400734e+01
6.900714241419049699e+01
6.923284924172077126e+01
6.878002894435444148e+01
6.861430830394844804e+01
