2.519522629125698074e+02
2.495689193706205913e+02
2.473157886012901940e+02
2.487993232998979352e+02
2.506052699356014557e+02
2.492989674151705231e+02
2.491372724097779781e+02
2.481990268131136759e+02
2.481449595039622125e+02
2.467866769334372350e+02
2.463648942353740097e+02
2.442955608273232713e+02
2.423709431299271557e+02
2.404676549719906689e+02
2.398686657865116274e+02
2.375309137207729293e+02
2.361924944914022433e+02
2.355085535341650882e+02
2.354373012962384166e+02
2.337308001208275812e+02
2.333772299114095574e+02
1.945030881011661279e+02
1.969367028069232788e+02
2.038457197421315072e+02
2.118184762008291386e+02
2.160678529338080409e+02
2.175213069043800544e+02
2.171652417633757466e+02
2.180710694041238469e+02
2.195111079272083714e+02
2.181002925847383835e+02
2.190533422480221191e+02
2.187817604147195425e+02
2.178870825522855625e+02
2.176178816056899734e+02
2.175299567266866347e+02
2.168411365343316390e+02
2.171549205261629538e+02
2.166170111415584927e+02
2.172833917149205263e+02
2.170756644779305589e+02
2.172320248492470967e+02
2.088569953580289678e+02
2.035366271969743934e+02
2.062156029321938888e+02
2.035246131726171370e+02
2.048410498615260451e+02
2.052597325145610228e+02
2.038581794575480330e+02
2.036501551921604118e+02
2.032167026072876297e+02
2.025298447756934195e+02
2.036469101542471378e+02
2.026897247435931320e+02
2.023796622393424798e+02
2.017117318392422192e+02
2.014348536670391638e+02
2.011654331311271449e+02
2.003023724413183118e+02
2.000827457851579538e+02
1.993322215882250532e+02
1.985298327365347006e+02
1.975566480989597551e+02
1.736128298973244455e+02
1.727287697271336526e+02
1.725846821089463674e+02
1.670880510520613882e+02
1.643698594329421212e+02
1.663947281030660008e+02
1.628792801476484442e+02
1.618535303080155074e+02
1.595524449940407123e+02
1.563592504935181751e+02
1.535503582556585229e+02
1.518732409636428144e+02
1.492669344487082697e+02
1.479729601653089901e+02
1.458517919958494531e+02
1.436962867640272066e+02
1.414545915468725070e+02
1.394702354743680814e+02
1.372743545674553332e+02
1.355766006926062346e+02
1.338781685924793976e+02
1.002276470381000308e+02
9.763513593196763907e+01
9.444917183434944263e+01
9.134972629100717256e+01
9.022809339495042025e+01
9.100742142978769778e+01
9.004560514838192375e+01
9.018757153321475073e+01
8.766785510227998657e+01
8.835822421335609533e+01
8.811152283389628792e+01
8.793568628959332045e+01
8.695728743930288829e+01
8.617604089190720629e+01
8.558136461380783544e+01
8.514121871932997010e+01
8.583651360298537725e+01
8.717905373842191352e+01
8.642196075762481655e+01
8.610912039886939340e+01
8.611604835138274439e+01
7.237961052312783750e+01
7.126043639683527431e+01
7.032822550188377875e+01
7.167555757749941847e+01
7.292951050048023376e+01
7.162792157598383369e+01
7.360857974109822521e+01
7.379417088647278433e+01
7.399140302248841294e+01
7.356762781160303177e+01
7.362593422675251986e+01
7.280230194333007887e+01
7.371965351066518224e+01
7.402383106709979188e+01
7.370978728105376376e+01
7.293808020563956518e+01
7.235370210387051770e+01
7.266878915090579483e+01
7.320379386355658369e+01
7.422459874251919132e+01
7.422118118054858371e+01
7.295264204892038151e+01
7.402113814609182896e+01
7.149910865285841055e+01
6.947039882622283358e+01
6.857836321252912626e+01
6.879659721213620571e+01
6.643256473944128970e+01
6.678532141769247232e+01
6.939956392566256227e+01
7.008675207935085893e+01
7.043805842524569982e+01
7.031130677706438803e+01
6.916058116900514108e+01
6.925445310249052966e+01
6.894877478094433343e+01
6.897629774109640266e+01
6.839784820945853028e+01
6.825470102461120803e+01
6.855502177245963935e+01
6.838306425163916913e+01
6.767252398524357204e+01
7.819107319206661089e+01
6.754375048438269857e+01
6.506273597178442003e+01
6.676848022659133619e+01
6.664160087914173403e+01
6.616088170943045554e+01
6.508060102965835370e+01
6.531898993383626362e+01
6.702328341194035488e+01
6.618101545094418725e+01
6.609143947383931561e+01
6.531221976201392465e+01
6.606395859453513708e+01
6.541161485893745464e+01
6.567036398851706736e+01
6.522437595098396912e+01
6.464415788322465062e+01
6.389062233527933188e+01
6.324481760993485580e+01
6.239904884732079893e+01
6.251514902541637753e+01
6.425686875498494999e+01
5.456260637499590871e+01
5.453419826840075046e+01
5.778136514478062935e+01
5.639655181096623693e+01
5.665090731494927923e+01
5.882876018550669528e+01
5.740256944921963367e+01
5.748194444984549989e+01
5.827605208591343455e+01
5.912589034436867053e+01
5.892190229461564854e+01
5.945802068694809606e+01
5.992453011630615833e+01
5.981321168234948260e+01
5.926839634113428446e+01
5.845239115910317196e+01
5.825433312101035455e+01
5.862487547833048041e+01
5.803826748190890328e+01
5.806545191732262623e+01
6.034890980563372409e+01
6.147930385504193396e+01
5.845136435368239347e+01
5.700172284189686422e+01
5.558192804651427821e+01
5.535031874442162803e+01
5.537454447352732245e+01
5.495604582508997993e+01
5.472183899062995494e+01
5.448119799723190937e+01
5.359196390191920045e+01
5.293073245637819468e+01
5.284176816563593349e+01
5.373931422826949245e+01
5.378085352155211041e+01
5.360165407252111436e+01
5.309790246465126273e+01
5.402425491090547638e+01
5.391246729095674795e+01
5.347087694423265702e+01
5.323086407106611517e+01
4.606436368081902799e+01
4.419736683901208352e+01
4.593890646520459597e+01
5.413553137057070330e+01
5.478625513413892634e+01
5.392147359061919332e+01
5.343017639206606617e+01
5.335843549840587485e+01
5.228254398902831213e+01
5.161700772119272784e+01
5.103641640836423932e+01
5.090646184878185920e+01
5.144404563916681639e+01
5.083990635846127759e+01
5.068036037883155132e+01
5.111263714651016699e+01
5.144832487751001082e+01
5.187180382538367240e+01
5.157602747175272384e+01
5.136273438546429304e+01
5.137959618155440467e+01
3.711561350547229665e+01
4.254463255325853055e+01
4.355102584023173762e+01
4.195761734929408249e+01
4.297811377757136597e+01
4.353558304796238332e+01
4.468769621113405321e+01
4.507992570175206737e+01
4.519831175891411590e+01
4.498397760178378491e+01
4.513076575443678706e+01
4.721340730106016537e+01
4.751136089186415035e+01
4.763165827220147719e+01
4.735432949084228227e+01
4.738152123757875955e+01
4.821489802906255306e+01
4.829666008509988728e+01
4.853751616340503716e+01
4.878011920516691191e+01
4.886174685777832849e+01
4.861817540391179193e+01
5.336629413374441810e+01
5.327809805432533352e+01
5.071822207633484680e+01
4.970678631729077779e+01
5.012075743035726560e+01
4.991572033626565741e+01
4.800902697426193555e+01
4.780062941054636383e+01
4.808389693300027545e+01
4.826396394984316629e+01
4.836581780099071182e+01
4.807305270497972316e+01
4.803345945807308226e+01
4.731266159099303792e+01
4.662316993717445968e+01
4.673104118902237758e+01
4.653264569146528373e+01
4.643415804174745887e+01
4.627838688716215643e+01
4.585790954310615319e+01
4.774731501559524816e+01
5.325136842797814296e+01
4.847721752581968957e+01
4.812933493880754554e+01
4.701365718450609421e+01
4.718606959007724555e+01
4.614391940305949902e+01
4.761396008937856550e+01
4.711860857334065145e+01
4.611659332153151780e+01
4.626991706174572982e+01
4.548209255363790504e+01
4.586833214284310856e+01
4.532645710333616762e+01
4.529290851756590541e+01
4.498781822166875344e+01
4.531672311372177830e+01
4.511548229563808121e+01
4.475842819770659986e+01
4.459046304248216330e+01
4.476920344870447366e+01
