9.967814000394949971e+02
9.923347652668143155e+02
9.878431410340818957e+02
9.830121080644591984e+02
9.781542701404251829e+02
9.730773070451965623e+02
9.676107611884262951e+02
9.617043469628880530e+02
9.553332688335437979e+02
9.487335127419404444e+02
9.410551867653349518e+02
9.330211254724879382e+02
9.233938874052828396e+02
9.136209563382185479e+02
9.029201391242758064e+02
8.911713385353860986e+02
8.782638715377088374e+02
8.655391015050640817e+02
8.524680157801718678e+02
8.420219246144180261e+02
8.290506678701430019e+02
6.252430169729227600e+02
6.383616905517695841e+02
6.528341977089876309e+02
6.507665506882051432e+02
6.420429915878459042e+02
6.376333881962555097e+02
6.328752063859151349e+02
6.296372169825864376e+02
6.276768655590070694e+02
6.255312058230050525e+02
6.221446032803859225e+02
6.212559721623475752e+02
6.229066971344577723e+02
6.205264550393213767e+02
6.197012466349538045e+02
6.190585638644458868e+02
6.188494963816594918e+02
6.165827135015565545e+02
6.143842702008698780e+02
6.162942988823371024e+02
6.180041135648559703e+02
5.619883102779890578e+02
5.918624108546259777e+02
5.885088068175037961e+02
5.909621100388499144e+02
5.956117273616390548e+02
5.984118904009638982e+02
5.959177730546705334e+02
5.969527966574739821e+02
5.996717834878610347e+02
5.973587255250180306e+02
5.979327089254621796e+02
5.975106687100224008e+02
5.981972492004388187e+02
5.983600008074784000e+02
5.985137557147480720e+02
5.979328120688227273e+02
5.973055600783088721e+02
5.943713858756914306e+02
5.942034348315145280e+02
5.937289026282097666e+02
5.937609431961064956e+02
5.505253905742451934e+02
5.669759280738948064e+02
5.639962771113266626e+02
5.674961310956053921e+02
5.700750158668408858e+02
5.727328939264754126e+02
5.692543494113357383e+02
5.710967761173045574e+02
5.706121900439754882e+02
5.710629408607650248e+02
5.705251115063238103e+02
5.719504769740925667e+02
5.695109016734949137e+02
5.692231207595035585e+02
5.680212884803636371e+02
5.707265663018721398e+02
5.715583347648671406e+02
5.708735354193526064e+02
5.701973984782300704e+02
5.703695104671099898e+02
5.705294389090300911e+02
5.381525885473422477e+02
5.325683173424031338e+02
5.466390326863573819e+02
5.481690494694101972e+02
5.506052338235972456e+02
5.496807934936524589e+02
5.477006437161929853e+02
5.483014457455135471e+02
5.461403320195540800e+02
5.481717984620463540e+02
5.440564439526139040e+02
5.413074847073773981e+02
5.424980275028510732e+02
5.435374000312322096e+02
5.424423580378235101e+02
5.410341533363128974e+02
5.394682832682544813e+02
5.395422496064762754e+02
5.393881015193115900e+02
5.380550442115581973e+02
5.380991455552851903e+02
5.135694603105191618e+02
4.963002527859119937e+02
5.044378951571297875e+02
5.065731968236467537e+02
5.017825506644351208e+02
5.042701679779682422e+02
5.039890007652776944e+02
5.042610580548432608e+02
5.083469722769248165e+02
5.073000198803878220e+02
5.079088684637998767e+02
5.083584611435951501e+02
5.047954031018215915e+02
5.041013475681278351e+02
5.042088097016228971e+02
5.026599328533175708e+02
5.015109972104993972e+02
5.017274114630117765e+02
5.019162847050097298e+02
5.009654309803661931e+02
4.996247438915267480e+02
4.792685212824566179e+02
4.739160167051662143e+02
4.717661535990226866e+02
4.786832005619985466e+02
4.739740684643865620e+02
4.765749749848333181e+02
4.759747646694782475e+02
4.764535850761782854e+02
4.771179830004224414e+02
4.792547386605737643e+02
4.761709177998850464e+02
4.766205663557760204e+02
4.737321981122732950e+02
4.704213825614485245e+02
4.681497060726608197e+02
4.652670372158826240e+02
4.639237194333460934e+02
4.629368954066721926e+02
4.613956665962535908e+02
4.592940140113221901e+02
4.581900078524836317e+02
4.486003944348681216e+02
4.445310415922687639e+02
4.369746121642828030e+02
4.401955062687092095e+02
4.292982223070135319e+02
4.315930656701793851e+02
4.303348287177958582e+02
4.279816144814859626e+02
4.316365648234186665e+02
4.303209040682527302e+02
4.281155355555493429e+02
4.283139983901113510e+02
4.265379601643148249e+02
4.246186735436969570e+02
4.233900417865823442e+02
4.215877791094930558e+02
4.208117064691165865e+02
4.200409633017071656e+02
4.197404193682485243e+02
4.197723918984734155e+02
4.185986024184239795e+02
3.795241541872192101e+02
4.006219547470463453e+02
4.042319137494586698e+02
4.013106974579075086e+02
4.003138748088928764e+02
3.947004856506912915e+02
3.941073512143786388e+02
3.957078713804542645e+02
3.966877698288318470e+02
3.984184552150935588e+02
3.965017112040790721e+02
3.933779245402854485e+02
3.922345956223843473e+02
3.918041157926032838e+02
3.905357486666803197e+02
3.905014228061077688e+02
3.887490315775642671e+02
3.873667122836556018e+02
3.860750656006148347e+02
3.840300307703497538e+02
3.848286528175871695e+02
3.680320954884273306e+02
3.471906494267597054e+02
3.562960432509795510e+02
3.594900792624115979e+02
3.598312398073264262e+02
3.586681119614086697e+02
3.575559247543968127e+02
3.618499532515940018e+02
3.627650412356645688e+02
3.649635308660832607e+02
3.625666700841799752e+02
3.622886072627234171e+02
3.598138827890770131e+02
3.605902631698872938e+02
3.608652733676661342e+02
3.595408492238603912e+02
3.589097915688707303e+02
3.588211675779984944e+02
3.584196475567289895e+02
3.583089545325041172e+02
3.574001924658464304e+02
3.258627201283518389e+02
3.414366023806452404e+02
3.437740889997329532e+02
3.419934016084985160e+02
3.382672689731253399e+02
3.398714001689397151e+02
3.411064498514372758e+02
3.422212986878885772e+02
3.433884925345246870e+02
3.445049610402472240e+02
3.435750221148576315e+02
3.414292817097397119e+02
3.404931590197997480e+02
3.399627254208209024e+02
3.391181246671068834e+02
3.395982811328962043e+02
3.388470094899150240e+02
3.382529748327731909e+02
3.375332580568602907e+02
3.364313056786514267e+02
3.356252708583709818e+02
3.320158573069139720e+02
3.393709297525544457e+02
3.377931899744074826e+02
3.333225103846759794e+02
3.361834558427104298e+02
3.360449792388540686e+02
3.362184924595255211e+02
3.317926573010688571e+02
3.297037495220913002e+02
3.281974084612676847e+02
3.301874346365738120e+02
3.293654842682998947e+02
3.293417900156202336e+02
3.279823083780852926e+02
3.272250434119723081e+02
3.262233026594118996e+02
3.245200379165579534e+02
3.255534966371981795e+02
3.242737775435156777e+02
3.226919467093999856e+02
3.213469659111570422e+02
3.175247569391688103e+02
3.156431880588743297e+02
3.106544250215554825e+02
3.142701795277343990e+02
3.205872563417761398e+02
3.222342716678597299e+02
3.177062999776562719e+02
3.165945661661427835e+02
3.166638231289194323e+02
3.149554580155040640e+02
3.140745301051566685e+02
3.132951792834662683e+02
3.111711573232610704e+02
3.109474886195979479e+02
3.107312494450868599e+02
3.110903053442781356e+02
3.102971390053219238e+02
3.115057788104923020e+02
3.110189149769515211e+02
3.097333137641884377e+02
3.099742120445519049e+02
2.876242718152072939e+02
3.048985084326945980e+02
3.161619804603940906e+02
3.168365680250231549e+02
3.138158373474044538e+02
3.097602230105257490e+02
3.113181040171247105e+02
3.100740957170708043e+02
3.076309453300989389e+02
3.035200146286413201e+02
3.035837820985091753e+02
3.036904637241372598e+02
3.026493370963531220e+02
3.012655898305820870e+02
3.016434449417899373e+02
3.020334440797425941e+02
3.017803906415944653e+02
3.010632686849979791e+02
3.007562846448034861e+02
3.000818412116329341e+02
3.006637888488650674e+02
3.295810188854306944e+02
3.112828731340365493e+02
3.035358471502437396e+02
3.046638254556183369e+02
3.001592441954985588e+02
3.011604379536320835e+02
3.010848040212295018e+02
2.999057006036361486e+02
3.006144993391900471e+02
2.983840373444155603e+02
2.993295661013975177e+02
2.979689544377310426e+02
2.979351313160636892e+02
2.973620833281805744e+02
2.971843801222282195e+02
2.966470019085343779e+02
2.964602718547729978e+02
2.948216053969534300e+02
2.954279114549011069e+02
2.946067167882100648e+02
2.950869033423346082e+02
3.042484380972680356e+02
2.819291461645369168e+02
2.802351488436711406e+02
2.900522482059499794e+02
2.900404966125101964e+02
2.893959810663369581e+02
2.881407991462930340e+02
2.888973361738297285e+02
2.869942660722264236e+02
2.864887088895511056e+02
2.874287603382781526e+02
2.863077914918911233e+02
2.876518091976211053e+02
2.895908688936663111e+02
2.895532248598386786e+02
2.889489209019714053e+02
2.878254723997116571e+02
2.882584124379770287e+02
2.904382889700131045e+02
2.895374481413469425e+02
2.891494576326682591e+02
2.767138078006892101e+02
2.739125610052388424e+02
2.843746617144958009e+02
2.872239028332924136e+02
2.855098101099485461e+02
2.852896521220463342e+02
2.856999035217328924e+02
2.848417149538888680e+02
2.876502752470301516e+02
2.871510175925434964e+02
2.844617017074035061e+02
2.832609112428216349e+02
2.839384696854903041e+02
2.847021622443674573e+02
2.855123508550828433e+02
2.858896713686385738e+02
2.865077638681351004e+02
2.858485424519666935e+02
2.855491124259989988e+02
2.859668795933849879e+02
2.855428618323832097e+02
2.929080436393907121e+02
2.977186328518927212e+02
2.955453906364278964e+02
2.873555217074440407e+02
2.871046031270891490e+02
2.868045657317255177e+02
2.860807738211281617e+02
2.851084826340010636e+02
2.871414470917091535e+02
2.847121673755877396e+02
2.846842113383647188e+02
2.855885954863123288e+02
2.854928679297385656e+02
2.843942449586287466e+02
2.834722951061227150e+02
2.848594930087969033e+02
2.849800537825252604e+02
2.838285574981624109e+02
2.831189395006519476e+02
2.828514629768909003e+02
2.826610318028384654e+02
2.810374677448503462e+02
2.917023013485833758e+02
2.818755837228032419e+02
2.845845684914561389e+02
2.857754019343042842e+02
2.882638048327452793e+02
2.868148248133832112e+02
2.852783665695067157e+02
2.829728139149552248e+02
2.810218635192669581e+02
2.806228047874358822e+02
2.796151048628115632e+02
2.799196496701322872e+02
2.810716571452077233e+02
2.805898457497251002e+02
2.810082850058632857e+02
2.805136040562638300e+02
2.812126024578458328e+02
2.819910422675426389e+02
2.817059412723794480e+02
2.811613808848766780e+02
2.967234263424992378e+02
2.898417840760764079e+02
2.804288372499755724e+02
2.795464937603024396e+02
2.768132206234861314e+02
2.749762946297088320e+02
2.795167723340509269e+02
2.759700834021655282e+02
2.757854710379618268e+02
2.752203154861948065e+02
2.749947621188611038e+02
2.737858255766097386e+02
2.744553258074692508e+02
2.759449088744724463e+02
2.780956339611415729e+02
2.776792877101267436e+02
2.794461500968566270e+02
2.796303418483631162e+02
2.804264286625037812e+02
2.799773239286768671e+02
2.794922848999374878e+02
2.428068409221922650e+02
2.784022330533009040e+02
2.747665061863302185e+02
2.720869459144296343e+02
2.689667001467588534e+02
2.737348359404685993e+02
2.777714054382007021e+02
2.764120798452238432e+02
2.779063482667111771e+02
2.795822203080976465e+02
2.809896439423642391e+02
2.790930195939647547e+02
2.791259751231153814e+02
2.774695421115265503e+02
2.780075121709587052e+02
2.788095049650764850e+02
2.789299861807416505e+02
2.800382709709162441e+02
2.796070022575197527e+02
2.784512744922324714e+02
2.779446414588504695e+02
2.505494910705989469e+02
2.570465728104545633e+02
2.749809649706610344e+02
2.765565626553163838e+02
2.803943578492830397e+02
2.806335051003053422e+02
2.799935647575472899e+02
2.780072066560474582e+02
2.782520623430672231e+02
2.775051280137779486e+02
2.760562932553945075e+02
2.756027291153374108e+02
2.748671686313397231e+02
2.744742818047175774e+02
2.750697414502712945e+02
2.768713717498159781e+02
2.765970893849267327e+02
2.780355179218814214e+02
2.774624072978035656e+02
2.769505934129701927e+02
2.771792176520406201e+02
2.502094922397414791e+02
2.688927831802922128e+02
2.727610419050084829e+02
2.738845471801180906e+02
2.757432223615275575e+02
2.761740469275137002e+02
2.769113569527560230e+02
2.758667627980652810e+02
2.765095984145186208e+02
2.757067451647613439e+02
2.761570356608997940e+02
2.765106276348203664e+02
2.793486439880416583e+02
2.766040668157083928e+02
2.769087878566175505e+02
2.783619014058885455e+02
2.782750808451442595e+02
2.780408984117544833e+02
2.778604715609499181e+02
2.773554538785762134e+02
2.763724661392496955e+02
3.129186846492905829e+02
2.783812743945632633e+02
2.715444216579722934e+02
2.775624597071932840e+02
2.760869459001842756e+02
2.778202209204072233e+02
2.766859729202600988e+02
2.769544582827201680e+02
2.771737101610399918e+02
2.765343134409382060e+02
2.782549299203865871e+02
2.779700487473596695e+02
2.786504899315721104e+02
2.782995069366339180e+02
2.781754116105368553e+02
2.773921157166938087e+02
2.779644542431335594e+02
2.771882673549458218e+02
2.774587550772801592e+02
2.764916758915092032e+02
2.762524643614633533e+02
3.079180668918508559e+02
2.856155136127170522e+02
2.836937968035343260e+02
2.739433785407048845e+02
2.784556795415482497e+02
2.804743904399289818e+02
2.841407344874988326e+02
2.801070595506344034e+02
2.770802322128735682e+02
2.772003748808963906e+02
2.748658632741158954e+02
2.748098246522616250e+02
2.750011519744999191e+02
2.745850994683710837e+02
2.749427207254959740e+02
2.751145576121287490e+02
2.760347130564730946e+02
2.754057154588044796e+02
2.746331660531603802e+02
2.742486313475307611e+02
2.753628214403761376e+02
2.733062620650554209e+02
2.839555604035605256e+02
2.841567941849001500e+02
2.762438960906382022e+02
2.741887412516110771e+02
2.762032500408160445e+02
2.738857806893750535e+02
2.768844374023620389e+02
2.768818474520822406e+02
2.758627972065353902e+02
2.770276324144797400e+02
2.755648621082534078e+02
2.747158623900040197e+02
2.746724843994890080e+02
2.746894294372954732e+02
2.732620174690615613e+02
2.732701583797072544e+02
2.732556538269672615e+02
2.732348264687839787e+02
2.737398883470918918e+02
2.734678201922540666e+02
2.550948334043692114e+02
2.759092055923458702e+02
2.734191167913399454e+02
2.799763550695806202e+02
2.780561375379363653e+02
2.741217188305273567e+02
2.756481741553886877e+02
2.751770440085431915e+02
2.727735422950472071e+02
2.714573569730219447e+02
2.732435219538291449e+02
2.737038833701238332e+02
2.745470217280264364e+02
2.738307798726288524e+02
2.747217947476262907e+02
2.732206876333610239e+02
2.718399437161110086e+02
2.732844049607120382e+02
2.751986784962357433e+02
2.747804765970810195e+02
2.739454325922171734e+02
2.443000382325326143e+02
2.493650048281523368e+02
2.572471587856462065e+02
2.657876332085787681e+02
2.623677262751824060e+02
2.612409736105706202e+02
2.631309289880425126e+02
2.693941876575296988e+02
2.686397211098498019e+02
2.723581281796242592e+02
2.726646152582258082e+02
2.722306852418196286e+02
2.720727974016813278e+02
2.712226319647200512e+02
2.717733065520787363e+02
2.722886655807494662e+02
2.737991136806223835e+02
2.735469409851153273e+02
2.733510945832210268e+02
2.736037847416328077e+02
2.743218317658517549e+02
