9.967182622569715704e+02
9.920276800034502003e+02
9.876430027712190167e+02
9.829228215598650422e+02
9.782931830990975186e+02
9.728989496294348100e+02
9.677063493682607032e+02
9.620748496954872735e+02
9.555143465560748837e+02
9.483964607672758120e+02
9.413694624868575147e+02
9.333236073809106301e+02
9.237903818492465007e+02
9.138374878246372646e+02
9.030916014940070227e+02
8.908750356649630930e+02
8.782645927398521053e+02
8.645285508413362550e+02
8.515028531613804716e+02
8.412504695887054140e+02
8.304391644978652494e+02
6.416078843142120149e+02
6.423646870035159964e+02
6.391362364878370954e+02
6.386364538660225207e+02
6.325071044474531163e+02
6.312825906516873147e+02
6.302423337769552063e+02
6.277603188921602850e+02
6.286634011007907930e+02
6.249885332817244716e+02
6.251444853771906764e+02
6.222950367892717622e+02
6.208291285664707857e+02
6.184507354497217193e+02
6.195132122391704570e+02
6.197035202261673703e+02
6.200538181046437103e+02
6.170936890675154700e+02
6.179395783729761433e+02
6.165042107490862691e+02
6.161592184102308920e+02
6.359277901230758516e+02
6.194298045788755189e+02
6.152917308062875463e+02
6.157291877929141037e+02
6.176670296747643079e+02
6.096805188945450027e+02
6.042121481675868608e+02
6.016527003624698864e+02
5.999704691648408925e+02
5.975352193739350923e+02
5.984598825725186089e+02
5.981154707982670971e+02
5.956007867315926205e+02
5.950736376232565590e+02
5.939467880672893898e+02
5.905883866106853475e+02
5.895611303886735186e+02
5.893621019763080540e+02
5.886772196118042757e+02
5.884090693656303301e+02
5.886504716524626701e+02
5.255127833309668404e+02
5.479540010834700752e+02
5.545526594473478781e+02
5.659280550139195611e+02
5.681897053555153434e+02
5.609670447221269569e+02
5.649217348749542680e+02
5.624628147516010586e+02
5.611065065993676626e+02
5.613208432191771635e+02
5.607010863235460647e+02
5.582199492452970162e+02
5.578533944578468891e+02
5.576360273688966345e+02
5.563667623425371858e+02
5.547058575282178481e+02
5.536564238150419897e+02
5.527696221071863647e+02
5.500967612892757188e+02
5.478016723943738953e+02
5.467206909143368421e+02
4.846384214215692054e+02
5.083252390783631540e+02
5.121680136981080977e+02
5.081094822253942311e+02
5.062208806869081172e+02
5.050107882913346771e+02
5.031103994526004044e+02
4.969553810887106806e+02
4.952397988263814455e+02
4.940158741269191296e+02
4.936168951170184869e+02
4.902101018855352095e+02
4.902053459613748601e+02
4.895854471143932756e+02
4.881612069606037494e+02
4.853344084683076858e+02
4.803833070599844746e+02
4.772801593228664387e+02
4.771523270796821521e+02
4.747469931523512514e+02
4.721065355058566979e+02
4.075123499071539186e+02
4.052198933775033538e+02
4.035193711603303655e+02
4.073975785588854706e+02
4.090772578010189591e+02
4.099191053095005373e+02
4.036413954728966473e+02
4.038634603298538650e+02
4.033721464630969535e+02
3.985404180677729755e+02
3.958724369025364354e+02
3.937915340545162621e+02
3.916888904775375977e+02
3.900988652078687551e+02
3.883543231711281578e+02
3.849380672446425251e+02
3.829024782588706444e+02
3.796708168174761227e+02
3.763741367387495984e+02
3.753659412093579135e+02
3.723981347821996906e+02
3.185629141017715256e+02
3.121831320289804239e+02
3.175821566332672319e+02
3.149204552178342738e+02
3.128438282092645295e+02
3.085560688467281807e+02
3.068966577220232921e+02
3.047101129161378026e+02
3.013241664466540328e+02
2.983851907921363136e+02
2.980528274035751224e+02
2.964618982586068796e+02
2.955940276336861530e+02
2.938885292083683112e+02
2.917083422415385598e+02
2.911557673774597106e+02
2.886038873773847513e+02
2.878048053221630767e+02
2.876805422912389645e+02
2.872001279310055679e+02
2.868990444268876558e+02
3.230647130406494512e+02
2.789744523066071906e+02
2.721620204226167630e+02
2.591623526035073155e+02
2.535280488909492362e+02
2.497214544214954230e+02
2.480484132950577703e+02
2.479422684802208323e+02
2.475992966454133750e+02
2.470780755473852821e+02
2.490791929952521855e+02
2.478432391182263075e+02
2.463933946457979118e+02
2.460244499371315783e+02
2.446134117535493147e+02
2.413686314642221760e+02
2.396117562290463923e+02
2.407554752458021028e+02
2.388073814589264430e+02
2.374874945581293559e+02
2.402090114756483104e+02
2.077071706221399836e+02
2.201665108561799116e+02
2.201540077159479836e+02
2.345209136178175413e+02
2.297323761493851464e+02
2.265591528261464305e+02
2.261868355469515564e+02
2.260099794460021769e+02
2.244381192076055811e+02
2.246442711132219188e+02
2.235511652550307531e+02
2.207429725962389853e+02
2.204701591940823278e+02
2.194411936497681950e+02
2.175763658993687955e+02
2.169207019278152018e+02
2.161949329374490958e+02
2.138548688662748134e+02
2.131124309226462969e+02
2.125969598001616703e+02
2.117267583776739741e+02
1.954732551364349149e+02
1.912073176833557966e+02
1.948098903588882536e+02
2.016573106012420737e+02
2.057065305247500930e+02
2.118246411498807902e+02
2.093645719968406809e+02
2.080587535926064504e+02
2.070759848124009466e+02
2.037720755336891614e+02
2.016263193556779356e+02
1.982425910341269173e+02
1.973586498050341049e+02
1.980119401499494529e+02
1.976212706061666893e+02
1.957212373982509632e+02
1.965163244499711084e+02
1.976719944651042908e+02
1.972823785291950571e+02
1.975412611110306784e+02
1.957126297193233597e+02
2.394694665084769838e+02
1.878489188118410880e+02
1.881141053788180386e+02
1.808053484758746663e+02
1.812042784852189641e+02
1.827943641119900633e+02
1.848590854312279248e+02
1.831499513830921728e+02
1.798139030860417904e+02
1.792234159475744093e+02
1.815457796610053265e+02
1.807873216504363825e+02
1.792833381193445632e+02
1.822227060494327304e+02
1.846527391574801982e+02
1.842952467563384289e+02
1.843836523524320796e+02
1.843342020005792392e+02
1.835125484223046328e+02
1.875608940650137697e+02
1.863947280963018613e+02
1.833229373368516804e+02
1.822259745720754438e+02
1.757732725095510489e+02
1.814995444416119312e+02
1.785355592573925776e+02
1.752696528208306290e+02
1.748992640261855627e+02
1.738593030394713139e+02
1.832638772279477166e+02
1.810966024644400818e+02
1.822793057214209398e+02
1.814317217348563815e+02
1.809199734082461930e+02
1.819713850982234362e+02
1.800010909286596075e+02
1.800534036678271548e+02
1.792022176518264871e+02
1.786885687242393885e+02
1.785208231213841543e+02
1.778478609379493776e+02
1.785604657831702013e+02
1.352315226551003775e+02
1.573948929342022041e+02
1.635507733263988257e+02
1.791476108700618397e+02
1.770657911355703504e+02
1.739318664631140052e+02
1.730293608231111762e+02
1.745880161266161110e+02
1.732805969052046748e+02
1.714452553959380907e+02
1.687259803266886991e+02
1.673659542316043201e+02
1.669340866874040898e+02
1.645900523963243529e+02
1.648003685054385414e+02
1.639317794615946866e+02
1.657249707828895566e+02
1.653950715858433966e+02
1.654524850365510531e+02
1.667899363106079136e+02
1.673498122980645633e+02
1.535440916020196482e+02
1.753343687313715407e+02
1.682111290386124836e+02
1.595463165388142670e+02
1.572863946480885886e+02
1.659604375660789515e+02
1.616675665325520583e+02
1.631179863540288295e+02
1.633922850978603662e+02
1.641524631425746463e+02
1.630693034987101271e+02
1.645721126995534576e+02
1.632322176670837166e+02
1.644999923367783765e+02
1.665722838919668902e+02
1.667458724740823470e+02
1.654603099493286891e+02
1.657620035858182632e+02
1.672645740152598535e+02
1.658211097180424076e+02
1.649189974998409411e+02
