9.968443397934049699e+02
9.920553468005950890e+02
9.875131279886495577e+02
9.827661932007033556e+02
9.779902359736570361e+02
9.731408136999884846e+02
9.679119606743039412e+02
9.618545427751857915e+02
9.554671083283185453e+02
9.487358447854999213e+02
9.414785792196564671e+02
9.331248908350233933e+02
9.238825813784047796e+02
9.140888140527421228e+02
9.036450543737553289e+02
8.912206854701740895e+02
8.786488981890445302e+02
8.662183360614139929e+02
8.536749322603143355e+02
8.413382049381567640e+02
8.296450116793610050e+02
5.969088368727562965e+02
5.949043316735495637e+02
6.125076812227456458e+02
6.275565340155802687e+02
6.188393749020950736e+02
6.198295405512867546e+02
6.162740308788658012e+02
6.163646273869700281e+02
6.183415540502747945e+02
6.175065786002431878e+02
6.174869692835965225e+02
6.157411130738921656e+02
6.168882294547144056e+02
6.154039445160133255e+02
6.165113649747050886e+02
6.165238198058440275e+02
6.166790829774616896e+02
6.150192608746131100e+02
6.155068788523662988e+02
6.160299271910150765e+02
6.153687818913492720e+02
6.033822096529581813e+02
5.851599194496615155e+02
5.890900664685028687e+02
6.010898340959743109e+02
6.023576732624009082e+02
6.046234091670861517e+02
6.065452730831012786e+02
6.053312653356847477e+02
6.059416704926719603e+02
6.037513653275819934e+02
6.013771624382167147e+02
6.004138588062547797e+02
6.016689327560405900e+02
6.037523914794812754e+02
6.016480405484412586e+02
6.017901647974873640e+02
5.995069085063195189e+02
5.990139045106229787e+02
5.975703559719586337e+02
5.950562060467254923e+02
5.944684282224975505e+02
6.117232352619851099e+02
5.874448548903900473e+02
5.984024872214782818e+02
5.990681712288924246e+02
5.971192668454344812e+02
5.943020387779271232e+02
5.893814366127404583e+02
5.857042657574767190e+02
5.845811196512863717e+02
5.785989051569089270e+02
5.792124385648186262e+02
5.779247250263957767e+02
5.771630041283897299e+02
5.760071409538124954e+02
5.743178773721688231e+02
5.719733425019488777e+02
5.722392332864509399e+02
5.721899524574826046e+02
5.704629184575553609e+02
5.710522569391720253e+02
5.710846238909836075e+02
5.630055991878631403e+02
5.642129139779804063e+02
5.600493168346802122e+02
5.642463351529146394e+02
5.665751793174379145e+02
5.606008191391733817e+02
5.607117723000039859e+02
5.588477975241050899e+02
5.574410343988369050e+02
5.560558438021007532e+02
5.552023118019999401e+02
5.548938811307322112e+02
5.521523003925378816e+02
5.519208268993686488e+02
5.502718754397791372e+02
5.474675172698775896e+02
5.468491219273718116e+02
5.449478823141087105e+02
5.435107535257251357e+02
5.432494453491161721e+02
5.406926839328676806e+02
5.323944123220736628e+02
5.249285980451152227e+02
5.255301063507135950e+02
5.132972249026727241e+02
5.087559814857849005e+02
5.098838360181521807e+02
5.099204103580109972e+02
5.129866986997394633e+02
5.112543855640409447e+02
5.107719553611959782e+02
5.108245355137891579e+02
5.101592150694960992e+02
5.088161057110152115e+02
5.087446300626571656e+02
5.093397828924116197e+02
5.083659266200623961e+02
5.057929197932234047e+02
5.047935692775755001e+02
5.054734410804368281e+02
5.039551911151230570e+02
5.031048011299590712e+02
4.953464196546240146e+02
4.627996289583002181e+02
4.754423806393207315e+02
4.713857114423161647e+02
4.752983779352059059e+02
4.748806364576110468e+02
4.720592441908028150e+02
4.689533452037629218e+02
4.668915575420842856e+02
4.649442594259072621e+02
4.647167273995027585e+02
4.658641589977103195e+02
4.672442852807126314e+02
4.682162462289602445e+02
4.687681319414887184e+02
4.689915279949184423e+02
4.677437745488524570e+02
4.663659083608507672e+02
4.655507753292539519e+02
4.636676880856370531e+02
4.630705051695174461e+02
4.187289888914846756e+02
4.282450462785014906e+02
4.427357819778166572e+02
4.479045453125922904e+02
4.473463141540694323e+02
4.481021683460621148e+02
4.445587583630792778e+02
4.422114980499333114e+02
4.385986395889417508e+02
4.361370131915165302e+02
4.322895093990580335e+02
4.324755876599073190e+02
4.319231733840946390e+02
4.310256750567660333e+02
4.302087441128458067e+02
4.299323335131256840e+02
4.294864435170948127e+02
4.285850060316265626e+02
4.266219579667908306e+02
4.258746356122261432e+02
4.262668167435133455e+02
3.868006865970601211e+02
3.934349182669635070e+02
4.087857191041960050e+02
4.085820122356381034e+02
4.078503753937239935e+02
4.043135350779591022e+02
4.066986811732509182e+02
4.067031549318006682e+02
4.044598600759539409e+02
4.038382348228233241e+02
4.018361132128376312e+02
4.000160638830652147e+02
4.016648577255814985e+02
3.995046715960241386e+02
3.988052833386061593e+02
3.981709067195776015e+02
3.969824301279156202e+02
3.956683581841248269e+02
3.942631178258070008e+02
3.934634222110908013e+02
3.929161481666303644e+02
3.783260311886716636e+02
3.871306618297040814e+02
3.945953151824787142e+02
3.865265951756636582e+02
3.830801980792551262e+02
3.793300485450492374e+02
3.752367834808694624e+02
3.769822640994683525e+02
3.772364365605245666e+02
3.749609325316313289e+02
3.734999146428149288e+02
3.725052554856930556e+02
3.724343168799624095e+02
3.716141869598726544e+02
3.700137579855867784e+02
3.698470990029554741e+02
3.690250132705205033e+02
3.686189454046185006e+02
3.684652035417542493e+02
3.662042799825573525e+02
3.671246792736468478e+02
3.869116960245400492e+02
3.643795067114622270e+02
3.531945357831658043e+02
3.502771325213015530e+02
3.512403702259373404e+02
3.554979295933717935e+02
3.526561177469742461e+02
3.532946397652971200e+02
3.532689824734734998e+02
3.498524751302889513e+02
3.519743924154713568e+02
3.526504839919968504e+02
3.525423094940273927e+02
3.504074912372154813e+02
3.488606054690847600e+02
3.478580601894210531e+02
3.456006976800262009e+02
3.454375158067053349e+02
3.456845360424740647e+02
3.460730539966194783e+02
3.471758973687026923e+02
3.239077146195111254e+02
3.410350597812305864e+02
3.460916014135698333e+02
3.384891310183294308e+02
3.398645969124547719e+02
3.439508524740818984e+02
3.419714447656248808e+02
3.410557003972601251e+02
3.415008374121117072e+02
3.382871558055201149e+02
3.363506212971588525e+02
3.342789094725779933e+02
3.328437974734242175e+02
3.318914664428811534e+02
3.319976528512410141e+02
3.311320088463669435e+02
3.299138875693054729e+02
3.308381646600991530e+02
3.318887894823983515e+02
3.327844922346920953e+02
3.325552492848919997e+02
3.120493910066451804e+02
3.103438610813978471e+02
3.136729593653630559e+02
3.185391207233848263e+02
3.237911210012993024e+02
3.213780872402249429e+02
3.249621604501481329e+02
3.278054014405288967e+02
3.258044786370621182e+02
3.252936127135720881e+02
3.252624202396914939e+02
3.273482826962582521e+02
3.273510138216227574e+02
3.258507658728487399e+02
3.243025336251143926e+02
3.238729922317797900e+02
3.235485370002157879e+02
3.222362383064768778e+02
3.225547889722347463e+02
3.213351575024036606e+02
3.208155830457623097e+02
