6.915827532311055847e+02
6.891755949126553560e+02
6.869834393559119690e+02
6.845827799777289329e+02
6.820955733262517242e+02
6.792773299673702923e+02
6.766448431487741573e+02
6.737009165321907176e+02
6.703597991432952767e+02
6.666734290840053063e+02
6.626264614101304460e+02
6.579770501080319036e+02
6.528050092764561896e+02
6.469744543281135520e+02
6.405035670211702836e+02
6.333866002152043393e+02
6.249747144074565313e+02
6.157885483881694881e+02
6.063655891202625980e+02
5.963644467667004392e+02
5.858814868193671828e+02
3.705516542641777846e+02
3.590554749869108946e+02
3.503302304310425370e+02
3.431913299394365708e+02
3.436845458464857757e+02
3.410391199226602907e+02
3.435199402314789268e+02
3.452805588977810771e+02
3.454446436924176851e+02
3.454928539352773100e+02
3.458026357924558738e+02
3.445433146864389755e+02
3.431635316669083977e+02
3.435653413934875857e+02
3.424803184077539413e+02
3.417453730200921882e+02
3.426851662142764212e+02
3.429391305439972939e+02
3.421952763491490828e+02
3.406713831052258570e+02
3.401769734585483889e+02
3.440554954345193437e+02
3.166222606572455334e+02
3.309261835156081020e+02
3.343352817341246919e+02
3.344551664475647499e+02
3.278524159973068208e+02
3.290389768052210684e+02
3.286630945599247298e+02
3.274951836284700448e+02
3.265849928921933270e+02
3.240601833555152211e+02
3.251652271683954041e+02
3.241414045077278843e+02
3.247583274695405748e+02
3.237663076166649034e+02
3.255010187622033868e+02
3.259074344567751496e+02
3.255343604474040262e+02
3.262575319799782392e+02
3.262552051538375508e+02
3.265527832374038439e+02
3.429016774785283133e+02
3.278983188286394466e+02
3.104739691466895124e+02
3.095973261405667358e+02
3.100401350301237358e+02
3.124449576881605140e+02
3.117958441292516341e+02
3.093682176063446150e+02
3.096671875093487074e+02
3.097815872371741648e+02
3.103119151735854189e+02
3.110766493312053740e+02
3.110910091731598754e+02
3.105592579143411740e+02
3.100491127819623784e+02
3.104751244982508069e+02
3.107406229284632104e+02
3.115050056379030252e+02
3.110426951356911331e+02
3.121558954743591130e+02
3.115483904904627366e+02
3.433480240119715177e+02
3.075162931043670369e+02
2.964344074874151715e+02
2.932756765693571879e+02
2.913484957993812827e+02
2.947882350188859846e+02
2.928350634037544182e+02
2.935289076427591795e+02
2.923454368218968966e+02
2.936734133455786946e+02
2.932036563007202972e+02
2.943219628626999338e+02
2.926204421542207115e+02
2.921665276154267872e+02
2.915935138871305412e+02
2.917764734831466740e+02
2.897947207568715271e+02
2.897439159906543864e+02
2.896598463000026413e+02
2.876443828762290309e+02
2.861338780153772063e+02
2.744407905686679214e+02
2.597986060202304657e+02
2.701145368435715568e+02
2.619772937498285614e+02
2.637990795344419439e+02
2.613993899221340484e+02
2.609039095466383742e+02
2.601007318865508182e+02
2.601932716435654243e+02
2.572826176613934308e+02
2.551126127867973139e+02
2.548482530404704391e+02
2.530693724618579949e+02
2.528605569822339874e+02
2.521211435318775784e+02
2.507465199490693237e+02
2.486987887679504752e+02
2.465085384114852900e+02
2.443386246798297634e+02
2.430038607779068798e+02
2.416814141177593172e+02
2.286884359646251710e+02
2.086814996995751414e+02
2.118234283057075515e+02
2.049959439625716016e+02
2.021327706217262801e+02
1.997250372897057105e+02
1.974218247624735909e+02
1.982696961653693961e+02
1.977386250797760567e+02
1.971793470421266932e+02
1.966483377189508417e+02
1.946840644892612033e+02
1.929373308163651757e+02
1.918785226180755785e+02
1.901477021431531966e+02
1.893381817142127659e+02
1.876208941738316298e+02
1.864748476988896755e+02
1.852421824699595163e+02
1.839219472107583044e+02
1.827430797942588754e+02
1.557983887770738534e+02
1.512575051118332965e+02
1.502412648753547728e+02
1.518845865807121527e+02
1.516827886089324409e+02
1.505852329877611169e+02
1.498266812908537702e+02
1.508462125249155861e+02
1.473107051730863191e+02
1.458993582392020869e+02
1.442741163257385324e+02
1.432124558178641678e+02
1.418981607419879651e+02
1.408796459366754448e+02
1.391301576263002175e+02
1.385588156325902673e+02
1.372337678740597084e+02
1.360707122166289480e+02
1.353008407741439498e+02
1.339155320461826477e+02
1.326121377075448891e+02
1.092823207224909936e+02
1.183246986016789606e+02
1.126016681235160917e+02
1.139066454184464874e+02
1.142412290114432523e+02
1.124142179808272033e+02
1.117428963438503757e+02
1.090977764466208697e+02
1.093209678547971890e+02
1.072580518033061168e+02
1.076267022286358781e+02
1.060324903719222789e+02
1.058180052082788620e+02
1.058692249002985903e+02
1.049949020403320930e+02
1.036859293037277183e+02
1.018566566694222075e+02
1.014933457450501351e+02
1.006830392915318839e+02
1.003007878941947411e+02
9.985050809634830671e+01
8.165821093564250077e+01
8.684303326066907402e+01
9.066433076723329521e+01
9.523392545145679833e+01
9.278336241833832787e+01
9.020395438867031146e+01
8.981327029328444667e+01
8.829477315673946691e+01
8.890725320559836575e+01
8.862442018174616010e+01
8.695836517988163905e+01
8.609595074501949341e+01
8.699503527600384700e+01
8.691991137731396577e+01
8.517599338673086606e+01
8.471214023892824230e+01
8.458867533967050178e+01
8.416906752320348062e+01
8.340045982268294722e+01
8.263108992978943945e+01
8.238677080997858582e+01
7.500057543869354504e+01
7.465202349253543446e+01
7.288530564277643009e+01
7.098448063374803496e+01
7.010060121008471867e+01
7.031131220721954378e+01
6.961099128971507355e+01
6.836081826712880627e+01
7.013117005877045074e+01
7.014087637124941921e+01
7.013788814478218114e+01
7.048107364916032225e+01
7.072106111549511809e+01
7.093384563088123684e+01
7.087905398692005576e+01
7.086171213004338654e+01
7.058321952382472375e+01
7.110698704309108109e+01
7.102947729693103440e+01
7.145638858993520159e+01
7.093268441447301598e+01
6.124277817393939216e+01
5.922686011674218065e+01
6.069435656987680261e+01
6.025534210194307860e+01
6.299261663436401903e+01
6.251118423007181235e+01
6.504010173238799553e+01
6.397599253683326026e+01
6.392134325094932024e+01
6.314975686236246588e+01
6.456139296679832285e+01
6.425506197674364728e+01
6.458049647131696247e+01
6.406415804832795402e+01
6.453680210767664960e+01
6.452623675099913214e+01
6.443772314508426291e+01
6.404758403099445729e+01
6.369104635150738147e+01
6.345426015550611964e+01
6.343667946378783284e+01
7.692683373097439414e+01
6.062038278582068074e+01
6.129347651610527947e+01
5.956245633750007329e+01
6.114736788326406014e+01
6.169747227960809255e+01
6.016734049211078883e+01
5.866427635610882163e+01
5.866348104961825527e+01
5.966443725353991567e+01
5.881552302382198150e+01
5.884848760882563568e+01
5.847442785015628886e+01
5.846134598633740609e+01
5.803576221739768926e+01
5.823263512878203585e+01
5.803828998372135572e+01
5.812188612541049793e+01
5.853014198187639039e+01
5.830914252162524036e+01
5.740760416912384301e+01
5.549506082945558205e+01
5.811202033051937832e+01
5.322549728404524672e+01
5.566589870221476843e+01
5.702375609749653762e+01
5.700293223322949387e+01
5.697740017718476224e+01
5.561615838272899026e+01
5.616071015360458318e+01
5.509793293516882784e+01
5.450060893820325703e+01
5.376582540851312331e+01
5.356849619658397188e+01
5.387449393710453194e+01
5.379201169241098057e+01
5.357129951408083457e+01
5.329667351790368457e+01
5.355965251431341301e+01
5.414830592574337231e+01
5.376562315079766563e+01
5.386599869557927889e+01
