2.661191485277095126e+02
2.509431316870564785e+02
2.493621640049124153e+02
2.491208573150942698e+02
2.483761912995195473e+02
2.471247047354063682e+02
2.462143646220580990e+02
2.459193863700063503e+02
2.460113231888282996e+02
2.445349328350609142e+02
2.432800631504853186e+02
2.418650855364886638e+02
2.412990963641083511e+02
2.412107757991728363e+02
2.394166557916201157e+02
2.380256517112242705e+02
2.378211162116176070e+02
2.359543810977657188e+02
2.346576334778276305e+02
2.334768864447833607e+02
2.333367899879211222e+02
2.214282046033555389e+02
2.176339205266167482e+02
2.169315354661181914e+02
2.163154068374582550e+02
2.148900405266237215e+02
2.139536758785610573e+02
2.135948016380511376e+02
2.140882922715559005e+02
2.141965128948808115e+02
2.163743169327003670e+02
2.151188594500548845e+02
2.172778421882102577e+02
2.187433603368637023e+02
2.180246142814713437e+02
2.173139509937679748e+02
2.174930082376090468e+02
2.175932497191200525e+02
2.171467840714402655e+02
2.163393012945951170e+02
2.161405187907150776e+02
2.162799912082561207e+02
2.046471705618894816e+02
2.093260404151435239e+02
2.060305248033592136e+02
2.069060613918621527e+02
2.055581282418235105e+02
2.062110842922074596e+02
2.063314675086458578e+02
2.076435488338789526e+02
2.062417327940844700e+02
2.065347603924073496e+02
2.066188945384615749e+02
2.040943855383323751e+02
2.037689020521324608e+02
2.022494011674358205e+02
2.005803084659137028e+02
1.980295927824859916e+02
1.963189767924314708e+02
1.948486654010498853e+02
1.941939497756176536e+02
1.924881306118270459e+02
1.917330131998984086e+02
1.804019213591485595e+02
1.645047356800959619e+02
1.614703462099347746e+02
1.581853112102232046e+02
1.571352254191966722e+02
1.545221163126147133e+02
1.527556428774749406e+02
1.493408329954231135e+02
1.463173370469736199e+02
1.438422160368895106e+02
1.409082875177475671e+02
1.380104154860684105e+02
1.349601615310122611e+02
1.322949458892565531e+02
1.290617608760649091e+02
1.270765945274742137e+02
1.249073656480928065e+02
1.228939534890298120e+02
1.204656386181279260e+02
1.187351449091984250e+02
1.171472522717995588e+02
7.228161928524704649e+01
8.215796088521209128e+01
8.120859467403853671e+01
8.379800164822631814e+01
8.412664777832239338e+01
8.235323930506228862e+01
8.182314237388619915e+01
8.178340207849386445e+01
8.059151931656781187e+01
8.004915381351247561e+01
7.957243397521028783e+01
7.917562422583753801e+01
7.911642507657785472e+01
7.853641217801367702e+01
7.783751519193290846e+01
7.724524900673580419e+01
7.698706911125439944e+01
7.699725906727749702e+01
7.634655645738362750e+01
7.599984424273746697e+01
7.515719991672533240e+01
5.715777593395470291e+01
5.792522227882979280e+01
6.019483491325867419e+01
6.494882630273046686e+01
6.451798643704670155e+01
6.512143936914509368e+01
6.505261198442251214e+01
6.609644303727631609e+01
6.516190830968317016e+01
6.495864214183501417e+01
6.633939794754220998e+01
6.644675172878221758e+01
6.691190741386608920e+01
6.668592506376134565e+01
6.672507123966917675e+01
6.593902510561842689e+01
6.514313178400169591e+01
6.496382188292685100e+01
6.464013301351077700e+01
6.473760475223424748e+01
6.440672630426421108e+01
5.815121488583008613e+01
5.529214073512650174e+01
5.388217356062959595e+01
5.395046890076429946e+01
5.410185449368186994e+01
5.351982537688601838e+01
5.675107100357934797e+01
5.845085254072368031e+01
5.952730732611608033e+01
5.968571718240915658e+01
6.051335028624588119e+01
6.060264441773085053e+01
5.980704591301541484e+01
5.873867560890094808e+01
5.821833399087380201e+01
5.773713672828812804e+01
5.756427370803478993e+01
5.760230428088428312e+01
5.734968239459999495e+01
5.699970392548968334e+01
5.655672327170557168e+01
4.650445444980033471e+01
5.882880236004191943e+01
5.719343791954324274e+01
5.477430801069867528e+01
5.251226438486524728e+01
5.341532027508243630e+01
5.390487991307896465e+01
5.434111842096555733e+01
5.372285841506008808e+01
5.290221965058007925e+01
5.295629436356826858e+01
5.221322332254791831e+01
5.149529603844838022e+01
5.249094870338519314e+01
5.222598544206501003e+01
5.267299821780639490e+01
5.230777687678970977e+01
5.147955183705887805e+01
5.197804584150628671e+01
5.188536986833202036e+01
5.172684211863702330e+01
5.120608443247504482e+01
4.875250599257797290e+01
4.380019645243017834e+01
4.418266809226476255e+01
4.642241097192918176e+01
4.611236468478746531e+01
4.725789855119224114e+01
4.681855462470417706e+01
4.718887625702889466e+01
4.771243878134765737e+01
4.700189949504557774e+01
4.768740123005346021e+01
4.762118800721886913e+01
4.638415034071022092e+01
4.615216451782836771e+01
4.590603691619045179e+01
4.627335165421252583e+01
4.641880404471786647e+01
4.646630703288913367e+01
4.617931903174261521e+01
4.688898582303985307e+01
5.211364524537459886e+01
4.827359512651583628e+01
4.482907922143231616e+01
4.526124859324141880e+01
4.439479663331838566e+01
4.685936126068929042e+01
4.797921218192271198e+01
4.651061069370263823e+01
4.712679090033936546e+01
4.738320099594930213e+01
4.694658872669799621e+01
4.702136351101788136e+01
4.583161274632780646e+01
4.619922866440363407e+01
4.555894693613237934e+01
4.528867952708219491e+01
4.556583217165651689e+01
4.514814273677819756e+01
4.491209833748603586e+01
4.515713595723951101e+01
4.523981692130095666e+01
4.647276444342645618e+01
4.347365368181593226e+01
4.462675689628463971e+01
4.305515346203055316e+01
4.248043546695048889e+01
4.041848350975063653e+01
3.909076477108825287e+01
4.062377497572824581e+01
4.211410915758315099e+01
4.200884534470685594e+01
4.160984567036768311e+01
4.126945707136653141e+01
4.149237932082164093e+01
4.140660552746680878e+01
4.102253488191001907e+01
4.138070751728852770e+01
4.127800839220876838e+01
4.184108157284270391e+01
4.188316850662727120e+01
4.186684617639855333e+01
4.156242305419068828e+01
5.929458400805011564e+01
4.271691364064667340e+01
3.897352962745470251e+01
3.797721901612512596e+01
3.696012112166628327e+01
3.745481737812065148e+01
3.855460149637392675e+01
3.949118074619886443e+01
4.052030231056624388e+01
4.009492708688863871e+01
4.080065949838417083e+01
4.016151589696680446e+01
3.990834581069797338e+01
3.972415297383766131e+01
3.947399143443268343e+01
3.924932503411731233e+01
3.883771324545587333e+01
3.867255691056968914e+01
3.816407869632790550e+01
3.814285909315132272e+01
3.809705211890574361e+01
5.522204143808500731e+01
4.257978084170229494e+01
4.084968137010509537e+01
4.177159940344132139e+01
3.989066613170052733e+01
3.827442805034311846e+01
3.814040036624698615e+01
3.748020850955690975e+01
3.742235342273734489e+01
3.842673416322461577e+01
3.793556323964590860e+01
3.733118591237043660e+01
3.687876232372840946e+01
3.663799421604998940e+01
3.678759543933784215e+01
3.683573106456768897e+01
3.632177807649797074e+01
3.598192777638785600e+01
3.571685907170584073e+01
3.544335724868876980e+01
3.539282742246874136e+01
