6.916913340041689935e+02
6.893497252607752444e+02
6.870027278787783871e+02
6.846345681688318336e+02
6.821409143941592674e+02
6.794705525383864142e+02
6.767416026621086758e+02
6.735502382141199860e+02
6.703961039797189869e+02
6.668552233570590033e+02
6.626032207715276172e+02
6.579244659532413380e+02
6.527018909791651140e+02
6.469724680862070727e+02
6.403700968397798761e+02
6.329648178118627584e+02
6.250563863478065514e+02
6.163160401590615720e+02
6.058827997885114200e+02
5.951228496598058655e+02
5.845673741183769607e+02
3.491401620828664818e+02
3.280204268325864518e+02
3.440531392629572451e+02
3.444897903668467620e+02
3.436442760556353164e+02
3.483504551519201300e+02
3.487206528571664421e+02
3.437253156214141541e+02
3.452157540144672225e+02
3.446601063192461538e+02
3.466584809618182135e+02
3.438428801710526272e+02
3.430864512927803389e+02
3.421309593434467615e+02
3.426397795845900305e+02
3.424616786687046215e+02
3.418161649302764999e+02
3.406122043567572177e+02
3.404011204539810365e+02
3.404609519249103755e+02
3.397155988756582019e+02
2.907925075348113069e+02
3.209970591304893333e+02
3.237482093699117058e+02
3.239835679281035254e+02
3.251581351450201964e+02
3.296675768875040262e+02
3.304798569615221595e+02
3.330903543020878033e+02
3.306294977984856587e+02
3.323054032470642483e+02
3.289280618911180341e+02
3.271715141543862728e+02
3.275617101658584147e+02
3.278125793101619934e+02
3.262217235358124299e+02
3.255606851657985885e+02
3.260711384828426844e+02
3.268288004186223930e+02
3.275481869482026696e+02
3.267754548688367890e+02
3.267890351525458073e+02
3.223966739938147157e+02
3.102277426523214672e+02
3.178138599432045339e+02
3.172441848918414280e+02
3.173786253865803815e+02
3.189208825115568970e+02
3.202109367826373045e+02
3.200356543550273614e+02
3.202559799426380209e+02
3.205757084827226890e+02
3.192167022474638998e+02
3.203809517101718143e+02
3.200366348589712970e+02
3.197462406442305678e+02
3.181735089980016369e+02
3.167370650923689368e+02
3.165524206267366480e+02
3.159502655193068108e+02
3.147601140190719775e+02
3.127174355305724589e+02
3.122533799274592070e+02
2.792076853037163460e+02
2.903424601360309794e+02
3.088805671760365499e+02
3.071854627560444442e+02
3.026966325400504729e+02
3.015765662196859580e+02
3.017704360383198718e+02
3.029673906722114793e+02
3.001997919355884505e+02
2.999189016040165825e+02
2.969239475913050228e+02
2.964994507967905406e+02
2.955272743778977542e+02
2.929323799566250841e+02
2.929356043630593831e+02
2.914590680773715690e+02
2.910625390089500115e+02
2.884782692399032840e+02
2.871107395930831103e+02
2.860134961377377181e+02
2.858385408140056256e+02
2.702915755519406957e+02
2.823816465673953644e+02
2.766813757514498207e+02
2.737175087442890344e+02
2.677513248290350703e+02
2.664228938410457204e+02
2.651900302850437470e+02
2.648148595015268256e+02
2.635822140384511840e+02
2.610447706041884999e+02
2.603933922732066435e+02
2.565511736993219074e+02
2.544623523199504120e+02
2.510592060153369403e+02
2.507891244706366365e+02
2.491952798934496229e+02
2.469869369694489194e+02
2.457944916110321287e+02
2.438502119726162221e+02
2.421799405927034741e+02
2.399772176612250405e+02
2.087354660485900126e+02
2.147601689830019893e+02
2.169429539001169474e+02
2.111738585320566699e+02
2.084603438595501927e+02
2.060995515022472659e+02
2.019193037783946920e+02
2.010210601609518051e+02
1.999118415521068641e+02
1.996013161144860248e+02
1.980482688514530309e+02
1.965588662012495718e+02
1.942468541140101195e+02
1.924365426431122899e+02
1.908115347685806569e+02
1.895315534228633112e+02
1.873292415707594500e+02
1.856571936407158887e+02
1.840268236078340180e+02
1.815994661330480255e+02
1.802035716870045121e+02
1.545160459392144787e+02
1.484534323380639194e+02
1.484699722710483343e+02
1.462753894506182917e+02
1.474607953559827251e+02
1.452060589907628128e+02
1.452035490819816346e+02
1.443163787002577010e+02
1.421274101463666568e+02
1.422315082387259508e+02
1.402766525976041692e+02
1.379862000129979833e+02
1.361082806387163942e+02
1.349433036738658132e+02
1.350011755018625763e+02
1.339545815429837603e+02
1.334411704217895362e+02
1.333657509339826390e+02
1.319912225437014399e+02
1.312844957032890250e+02
1.309676111095506883e+02
1.218828534427781136e+02
1.166735136688670593e+02
1.140013711964574696e+02
1.150939289212536920e+02
1.123527038503536062e+02
1.092999370409496578e+02
1.083524804677000475e+02
1.062154955362542097e+02
1.061877060949119453e+02
1.050137890117099317e+02
1.046702024144430681e+02
1.031920611517602282e+02
1.027945765270918486e+02
1.030847302063104394e+02
1.020901034903838820e+02
1.012365220522723348e+02
1.006053718050873016e+02
9.980766907269297405e+01
9.911878606238431644e+01
9.870387066929684750e+01
9.769853260419070295e+01
8.303112221346742672e+01
7.653824829571838961e+01
8.275557237292356660e+01
8.169636345021802981e+01
8.244287926546157053e+01
8.256713247992044558e+01
8.203846157939847217e+01
8.257119882405486067e+01
8.264214896101034924e+01
8.262323853286407882e+01
8.334338323084550382e+01
8.393307089605457350e+01
8.371237656249758174e+01
8.364823056044957639e+01
8.321233632676919001e+01
8.188745817721485309e+01
8.181321237318137207e+01
8.181129997181440672e+01
8.081324207624068379e+01
8.030801355954235987e+01
7.994260666023753004e+01
6.854402934661035829e+01
7.665573955071572243e+01
7.025638674210411239e+01
6.895564477419983973e+01
7.136354626520554234e+01
7.141296712689981518e+01
7.258834289894528524e+01
7.374907255507916659e+01
7.260612499930091701e+01
7.141275970721412136e+01
7.007857645549165682e+01
6.914011633175542215e+01
6.839279472746544286e+01
6.761795333841745048e+01
6.882066372701567047e+01
6.872423379794017251e+01
6.845157510163325298e+01
6.906437732753371961e+01
6.892499832519834513e+01
6.942828154296212517e+01
6.941960414532891832e+01
6.321910641782254459e+01
6.701316693922940715e+01
6.561998963388256811e+01
6.260318391727456344e+01
6.619167135534091528e+01
6.595842348798439048e+01
6.759639710909891619e+01
6.511243550280610748e+01
6.428525614315148573e+01
6.418942441648835029e+01
6.394198599768857605e+01
6.409817763355999887e+01
6.420442026683015513e+01
6.350129174514170671e+01
6.272854251988036367e+01
6.291481202274189144e+01
6.278606112602663103e+01
6.361393467602287899e+01
6.419619229530206894e+01
6.419486642351959915e+01
6.360402905019700626e+01
4.139274014712329119e+01
5.635412006478316016e+01
5.958226824818972034e+01
5.968722022763370205e+01
6.046182300901561746e+01
5.786284866441341990e+01
5.793236127202726493e+01
5.918677329390882846e+01
5.944927982270081657e+01
5.972190477906266892e+01
5.972660759440071843e+01
5.873151895148235013e+01
5.961435774825203282e+01
5.875470846129331903e+01
5.931527784158411976e+01
5.897763976298143973e+01
5.890020735803901175e+01
5.873025470425632477e+01
5.801114368383796460e+01
5.791941008630433174e+01
5.803742326433845022e+01
6.246315663208581270e+01
5.382003806766206111e+01
5.146083439859287978e+01
5.025137399758456525e+01
5.561014537452619066e+01
5.371063474685270478e+01
5.326764668610162801e+01
5.429258628551733068e+01
5.493052797490319250e+01
5.442915764341971396e+01
5.390846437318175077e+01
5.352853539703829000e+01
5.322917642533582949e+01
5.273947555139086774e+01
5.265760465476884633e+01
5.291688087895593640e+01
5.284141644988810071e+01
5.260869197736649738e+01
5.211885491363581480e+01
5.174022323453755945e+01
5.170189183310052528e+01
