7.227312260301341666e+02
7.199695647606749844e+02
7.184004816706536758e+02
7.161022426111507002e+02
7.142468604734506243e+02
7.112814320662362206e+02
7.097378275476245335e+02
7.075438099678549406e+02
7.049120937051255851e+02
7.008209100080456437e+02
6.973351758814222876e+02
6.931874354120234329e+02
6.884450472439179975e+02
6.840848915086235138e+02
6.788536952300958092e+02
6.733895360560564995e+02
6.676305691973817602e+02
6.630546376670106383e+02
6.581458366152552344e+02
6.531477611720297318e+02
6.488492095078158854e+02
6.059376009513601957e+02
5.892310381589981034e+02
5.713308936701557741e+02
5.694575850662257608e+02
5.689063982585515760e+02
5.623185223778930322e+02
5.609298401448401137e+02
5.601925564344414852e+02
5.582753323325115389e+02
5.580416925040342448e+02
5.575714326108760588e+02
5.564021976946717132e+02
5.561421810082281354e+02
5.564446018609631892e+02
5.573076371888132599e+02
5.566511306873730973e+02
5.557345051112878309e+02
5.558884269244861116e+02
5.554640677957976322e+02
5.548591712530821951e+02
5.548835472138356408e+02
5.264416132740651619e+02
5.477630728961260047e+02
5.449474020813622701e+02
5.455964530671985813e+02
5.382211518678439006e+02
5.390087535523146016e+02
5.389088438243143173e+02
5.382789766342303892e+02
5.389775998209673844e+02
5.384954678426441887e+02
5.371116443085713854e+02
5.345004762957423736e+02
5.342027493660177697e+02
5.324932127794389771e+02
5.335250997030098006e+02
5.324428448743218496e+02
5.288680157856013011e+02
5.275828644963698935e+02
5.261263303288534416e+02
5.255561182578716171e+02
5.248834677406596256e+02
4.824453422453960911e+02
4.848049235758697364e+02
4.840948319415957712e+02
4.866846470562661580e+02
4.852032755319021931e+02
4.826147424538799555e+02
4.808123510996926484e+02
4.807993241153843087e+02
4.809955754551373275e+02
4.805771277390511500e+02
4.786359563940083035e+02
4.768371194624359646e+02
4.726111749770220172e+02
4.702785249269447831e+02
4.662854969228491200e+02
4.634407537047060828e+02
4.605642333923603928e+02
4.569533984313130759e+02
4.545805735632826554e+02
4.523693779893686724e+02
4.480733312173958893e+02
3.743016895030003752e+02
3.784612687079318221e+02
3.783063885782359534e+02
3.713010327058116786e+02
3.679519931094543495e+02
3.597212726067391486e+02
3.601474794175806551e+02
3.568198506689348619e+02
3.525261515262301373e+02
3.493393538907884022e+02
3.431563314265117128e+02
3.373736492548843557e+02
3.316899265897626492e+02
3.290524056531765495e+02
3.258416672061181885e+02
3.228066650522496275e+02
3.190548849287484927e+02
3.160564745555000172e+02
3.114579206624423477e+02
3.086354219491873891e+02
3.053655817601442095e+02
2.298529653410827223e+02
2.197109247748095413e+02
2.237652800897411396e+02
2.266043140971973742e+02
2.351776271998523100e+02
2.360350152655303475e+02
2.335850136971656354e+02
2.330803993827719296e+02
2.308082578514211320e+02
2.322678317780228099e+02
2.296805998132426225e+02
2.284746062760968925e+02
2.288629128000351898e+02
2.268593276980786300e+02
2.264667294995959423e+02
2.248749772115808412e+02
2.231279636692092936e+02
2.211560833719202321e+02
2.192387868338960857e+02
2.178950925826749483e+02
2.162505961665774521e+02
1.686646880850386196e+02
2.160073748468045665e+02
2.288207981114425706e+02
2.193542721408494174e+02
2.085345342649206657e+02
2.075768485356927329e+02
2.061323500138690008e+02
2.037672483416463933e+02
2.025031723186428678e+02
2.004256158853774252e+02
1.981458940399543565e+02
1.983846305284873779e+02
1.941908545085904052e+02
1.939872777664147350e+02
1.913250915273666237e+02
1.933025643203577317e+02
1.925168774133788361e+02
1.918087419452508016e+02
1.896479514678360658e+02
1.885263685082813083e+02
1.867257685802766218e+02
1.612043936471963548e+02
1.563886535871762362e+02
1.746759859119878797e+02
1.778779597318905985e+02
1.765210364667760246e+02
1.763151144622762558e+02
1.707671209358091460e+02
1.683750441249191852e+02
1.649500030512901105e+02
1.712466182184790284e+02
1.731794442730377739e+02
1.751614523253720677e+02
1.758459835962459863e+02
1.767132893837198537e+02
1.766629198961784937e+02
1.744812749763116813e+02
1.754867367192988468e+02
1.739687375407106344e+02
1.724635493291195303e+02
1.722643781714131421e+02
1.725007271010379952e+02
2.165655310174011561e+02
1.605226765962346462e+02
1.676075337689684375e+02
1.662126081727018345e+02
1.637618076981907507e+02
1.637754215590717024e+02
1.631278724599626173e+02
1.717178837847398540e+02
1.679698907588110330e+02
1.659329724452083212e+02
1.639875363925449392e+02
1.620219782683212486e+02
1.665318359042321106e+02
1.661026095005411776e+02
1.651200501539988466e+02
1.643469791749761271e+02
1.636689165665163728e+02
1.637018051462436574e+02
1.627355933876201561e+02
1.626534259247811178e+02
1.633771363339072593e+02
1.827262776328119003e+02
1.609281702490747819e+02
1.751459768551531795e+02
1.648900543266894942e+02
1.594731259020971947e+02
1.553639960641808102e+02
1.537980885085302418e+02
1.520013662611057725e+02
1.503648669881372939e+02
1.506407186137377892e+02
1.485094992577137134e+02
1.480249674564672375e+02
1.470206008103216959e+02
1.488921249824124118e+02
1.466844967512643905e+02
1.482032795491832076e+02
1.479463465330057375e+02
1.476873208713045358e+02
1.518483024039353495e+02
1.512133665513989627e+02
1.509478002901829257e+02
1.295059493621891988e+02
1.311822043693775584e+02
1.373440234291472564e+02
1.387635551277942909e+02
1.408153144903562293e+02
1.440962193605561481e+02
1.435050454067000203e+02
1.474835053792589861e+02
1.467017992091094243e+02
1.453642387604000135e+02
1.448260151474013924e+02
1.421731881265909010e+02
1.434707937964717814e+02
1.455280794808533358e+02
1.449874824842001431e+02
1.448152875902124208e+02
1.459811436754564227e+02
1.450133092443828957e+02
1.442007569846259969e+02
1.439498890745947222e+02
1.438263361409169647e+02
1.077153615251648802e+02
1.221286748950862915e+02
1.230237514073891987e+02
1.260250098856844545e+02
1.247739050494204207e+02
1.346366241776273398e+02
1.347939251693174754e+02
1.395879776104483767e+02
1.404315037911367199e+02
1.420007472044554788e+02
1.407364754932429776e+02
1.449000178882398302e+02
1.425342423651183594e+02
1.409091029587517028e+02
1.395063530908645077e+02
1.379127587502874803e+02
1.376510147945062954e+02
1.366624064927607947e+02
1.356565944636044776e+02
1.355914298313161339e+02
1.357742340526447435e+02
1.243215531375641945e+02
1.279186742378820583e+02
1.232835988863857040e+02
1.215321806583439184e+02
1.213513149158406748e+02
1.171686990863038602e+02
1.163417906963727404e+02
1.235175194596152721e+02
1.255445937070676763e+02
1.264050299600745575e+02
1.268270788833814322e+02
1.259597319554024892e+02
1.249439388876819947e+02
1.262652878633085862e+02
1.267249428165406755e+02
1.296236525226746323e+02
1.302687017406446728e+02
1.307454101115199308e+02
1.330401127510235995e+02
1.339060850182725630e+02
1.326116949283201336e+02
1.130483993350814558e+02
1.362830231379510337e+02
1.502694438549660276e+02
1.429977945566116375e+02
1.403292052701259820e+02
1.384899093802469281e+02
1.326899949241313834e+02
1.287936021713690593e+02
1.286284922509464650e+02
1.275463532615384850e+02
1.253998062651403700e+02
1.242733894994151598e+02
1.227796433641678817e+02
1.246016481762352299e+02
1.317070347541427680e+02
1.323997057630075460e+02
1.329954113476840405e+02
1.329057155301050841e+02
1.314745629558100859e+02
1.315227511074028257e+02
1.328262356495581855e+02
