2.544388454161295954e+02
2.489308736638832045e+02
2.486392491550046486e+02
2.507725212974192459e+02
2.470136351622810196e+02
2.470881982880277974e+02
2.453063150461341309e+02
2.439889681333450540e+02
2.427197342773506250e+02
2.414502129317700394e+02
2.413795336300933059e+02
2.394316787523290486e+02
2.390657927171399137e+02
2.382353743441649669e+02
2.374135894796148420e+02
2.372209633375372562e+02
2.364462660635078919e+02
2.351284132611712607e+02
2.338547565410448783e+02
2.334849369202898686e+02
2.341597685301167644e+02
2.212095137489771446e+02
2.205163421200953451e+02
2.200165878268955169e+02
2.177394193438845775e+02
2.175376313893681299e+02
2.178269213326518354e+02
2.165825453060523671e+02
2.179166678319176640e+02
2.181771489369904202e+02
2.187139725799595453e+02
2.190734335795933987e+02
2.201048012314770119e+02
2.192577385686870173e+02
2.191782484920784668e+02
2.182962068116434864e+02
2.181783089274562997e+02
2.182234535673920561e+02
2.170689673146186749e+02
2.173801319947899913e+02
2.168277034941850161e+02
2.167399520815595508e+02
2.133281556378931043e+02
2.075563383376532443e+02
2.107520607779175066e+02
2.070002398604355278e+02
2.049412816170379017e+02
2.061827209377857741e+02
2.067348695176077911e+02
2.070215453946168793e+02
2.060444780626810655e+02
2.049844360711835236e+02
2.039783731003566345e+02
2.024147449632135931e+02
2.008826792168944735e+02
1.995047218638748632e+02
1.987434873025257502e+02
1.981776399943491640e+02
1.973202909672400551e+02
1.969393286520555364e+02
1.960754206253243979e+02
1.949965257500765290e+02
1.929209905493824238e+02
1.652162540275163565e+02
1.727091832230454145e+02
1.656442395793828553e+02
1.637631207212783693e+02
1.591999412040042046e+02
1.543253611822742641e+02
1.510996322264924743e+02
1.485982557969837501e+02
1.461115485569800114e+02
1.441055026976559930e+02
1.416874498240797209e+02
1.395450568174677244e+02
1.378516181203091264e+02
1.353211695780222783e+02
1.340793447554928548e+02
1.319434926840709181e+02
1.302251001446579437e+02
1.281871010844779448e+02
1.263205850958456153e+02
1.248615500042594704e+02
1.233979072043858451e+02
8.235281301473474969e+01
9.532413836728197509e+01
9.216061222961613453e+01
8.758609375302499700e+01
8.664660613187338356e+01
8.575240216879403476e+01
8.574882604069729553e+01
8.582173594345258039e+01
8.659387801278532493e+01
8.640779001316289509e+01
8.730732437096976639e+01
8.669551882062327763e+01
8.492256073010440787e+01
8.454182139801525864e+01
8.433082605190763559e+01
8.355302580176312688e+01
8.364432821628470549e+01
8.337667783179966818e+01
8.302854138345603019e+01
8.238355243943188100e+01
8.231666561972949125e+01
8.639088160133178462e+01
8.372426426106714814e+01
7.869662565891412953e+01
7.422201585544456748e+01
7.103395688094701654e+01
7.206601617249164349e+01
7.106891956503496033e+01
7.012828158702046721e+01
6.984936124776521638e+01
7.174802128937751888e+01
7.219365567748747026e+01
7.188363529114207040e+01
7.160300611813080707e+01
7.097186392595740756e+01
7.137985883664718756e+01
7.129726651670593185e+01
7.105640054608097955e+01
7.088811807073625459e+01
7.026844614056923888e+01
7.058426207323157087e+01
7.059516784380272725e+01
6.826145863987341045e+01
6.684833045279708585e+01
6.828846873699761488e+01
6.657400739183243843e+01
6.557617008145629711e+01
6.524367062027599218e+01
6.522119008771170456e+01
6.540698222217947944e+01
6.494887893065391893e+01
6.387191341110462162e+01
6.451890086757624942e+01
6.327323238945231765e+01
6.249914062853889618e+01
6.199880739740708435e+01
6.170732751084509005e+01
6.157764502830799103e+01
6.142501305387673938e+01
6.104452853602116136e+01
6.060533848965619796e+01
6.025617844262725242e+01
6.027784959894642469e+01
5.145425841685920432e+01
5.261788806578664435e+01
5.579668504850605615e+01
5.741559755068957571e+01
5.984251814629370614e+01
5.947847790382038369e+01
5.894814728378023005e+01
5.841206129407265024e+01
5.708597866827764022e+01
5.611260310748582469e+01
5.660025083594988615e+01
5.602621189636334265e+01
5.548363067792055148e+01
5.512297665762513788e+01
5.457550066890094342e+01
5.508132120873688109e+01
5.581316385197947483e+01
5.582942575256164019e+01
5.542537927955642374e+01
5.577090199168947038e+01
5.559660789880392429e+01
6.177826572775193625e+01
5.420521832976504584e+01
5.010363645121773857e+01
5.001916784813747086e+01
4.961036193323838717e+01
4.985177124338821386e+01
4.960899008688531353e+01
4.918221263293931145e+01
4.887729622655187711e+01
4.828012015850028860e+01
4.861164266295861580e+01
4.864899208073182280e+01
4.878338808761045442e+01
4.937775601939573988e+01
4.962564606504035680e+01
4.928237727940388879e+01
4.928123472593916432e+01
4.937814026814301371e+01
4.887074636126526173e+01
4.906701860163009599e+01
4.878290856952956744e+01
3.389217288114575410e+01
5.069762000778840161e+01
5.000429405405292016e+01
4.806295016966578260e+01
4.885556181670241926e+01
4.910724755214212678e+01
4.861794245103551759e+01
4.822821271845508306e+01
4.876486521056573054e+01
4.865001961733370450e+01
4.830175204101669095e+01
4.761097699672662742e+01
4.740629255205086423e+01
4.701280850107478670e+01
4.665056460123527415e+01
4.622850044860423679e+01
4.621591428341017860e+01
4.567723918914474268e+01
4.628991816619122801e+01
4.612435178998036633e+01
4.623600111205150398e+01
3.817054203930265999e+01
4.188160994384139713e+01
4.392218730584923492e+01
4.233835705504836966e+01
4.156525518645192108e+01
4.296203304243434218e+01
4.277588551578575959e+01
4.234206583819323555e+01
4.275456528113763000e+01
4.311720362527180583e+01
4.294179707765919574e+01
4.258146530456195933e+01
4.236599120616025260e+01
4.165324511841947697e+01
4.260366815986741074e+01
4.232166032996509841e+01
4.309010596199126297e+01
4.273615932779662074e+01
4.254988466480166664e+01
4.201420822377820485e+01
4.219664943137357227e+01
7.317852319389984928e+01
5.626713787721930515e+01
5.223304107451323830e+01
4.798384092703607706e+01
4.672312791953242339e+01
4.569243848844140388e+01
4.538791509956298853e+01
4.579816756776526887e+01
4.473847683363586469e+01
4.344090759307947280e+01
4.352752150022108424e+01
4.331461433774668990e+01
4.286153903806250298e+01
4.166045838120291478e+01
4.172990350193919795e+01
4.122502134951897546e+01
4.058335295950403321e+01
4.065346339561309463e+01
4.031571242776633568e+01
4.049269219368603956e+01
4.048125232612964908e+01
3.851698155157230019e+01
3.985339938459204490e+01
3.676111371347813161e+01
3.676519816450510802e+01
3.786182875823607219e+01
3.669665454887414313e+01
3.651291014919723921e+01
3.732646791320109969e+01
3.783983607164211094e+01
3.787650554682078763e+01
3.767081344209308469e+01
3.714676553404980552e+01
3.740262608248410459e+01
3.756470209015670747e+01
3.768662028306849976e+01
3.752255801357326703e+01
3.766364748461302980e+01
3.764793803048262077e+01
3.780081487075470648e+01
3.764572875605621505e+01
3.776556694762575006e+01
