9.969063840737287592e+02
1.443672967543251070e+04
8.957395229167950674e+03
6.662624407415165479e+03
5.393956095852558065e+03
4.587093879762090182e+03
4.027660411107585787e+03
3.616536092771061703e+03
3.299654322016766855e+03
3.045008570599028189e+03
2.829672954661370113e+03
2.638797601369695712e+03
2.490798989512522894e+03
2.350833673100862143e+03
2.234178604000037012e+03
2.132865299202974256e+03
2.044456241883452094e+03
1.964775522755968495e+03
1.893206688111234826e+03
1.831318700103614219e+03
1.771912736317030067e+03
5.992844709951242521e+02
6.248194274383139373e+02
6.256398322298972516e+02
6.245885754375879060e+02
6.215838869482978453e+02
6.187211103595933537e+02
6.176339743067065911e+02
6.191208445234655073e+02
6.146702649251591311e+02
6.178049711089827269e+02
6.183159890265901595e+02
6.159931526044342718e+02
6.137982850129981216e+02
6.124718037226109573e+02
6.094960269962135726e+02
6.051043127705097504e+02
6.006624410215603120e+02
5.962315669132334506e+02
5.924919218107071401e+02
5.872507316579179815e+02
5.799473064016087847e+02
4.322437124946300742e+02
4.317067877366747553e+02
4.323375226857053235e+02
4.192832093055592964e+02
4.117710708287809211e+02
4.011836532320182869e+02
3.973363570871431989e+02
4.025485275158863487e+02
4.222180666893153216e+02
4.501555619489256514e+02
4.559031881371454347e+02
4.502082670375106090e+02
4.512179148568815776e+02
4.437106613396080093e+02
4.406036911416700832e+02
4.380806660937748802e+02
4.340011605848784484e+02
4.313468593591027229e+02
4.365706306746465657e+02
4.364047223637502384e+02
4.394156126735280168e+02
4.534153148119643220e+02
4.038624490364516078e+02
3.776848116097110619e+02
3.911682434522370500e+02
3.851974238507600603e+02
3.828681686708904408e+02
3.863729909740183643e+02
3.852841615331388994e+02
3.762924129540280660e+02
3.683879565594745031e+02
3.790320856493089536e+02
3.789878693054520795e+02
3.830063476440690238e+02
3.852047741170918016e+02
3.836666283817025374e+02
3.823626098851855772e+02
3.810412517104423387e+02
3.823062911421066019e+02
3.814156176204773487e+02
3.798639963584345765e+02
3.785050952514169467e+02
3.393122225906987524e+02
3.230313171262700394e+02
3.121401816128112614e+02
3.064404775722505860e+02
2.997321787365250430e+02
2.935070042725786834e+02
2.861484437443526190e+02
2.859697804459296435e+02
2.784558656412386881e+02
2.786835095095850647e+02
2.735309548449376393e+02
2.685323524638985191e+02
2.646524055760556848e+02
2.604315152573093428e+02
2.565852978627095240e+02
2.534197987384142152e+02
2.509436802801093904e+02
2.480677063272793816e+02
2.434894264427257724e+02
2.408613523947447561e+02
2.370773210130074062e+02
1.754627418420685672e+02
2.111909485429889060e+02
2.119339053044348020e+02
2.413274435366938349e+02
2.324244679786982886e+02
2.361147157547852657e+02
2.367723972324479291e+02
2.367595754200425517e+02
2.362738290319749410e+02
2.333164588302867628e+02
2.347268288089792065e+02
2.303233113438950284e+02
2.253907512255680672e+02
2.208792682889623791e+02
2.162944216773982475e+02
2.111378712836021805e+02
2.077835962557051062e+02
2.027577641850230918e+02
2.008563953599751812e+02
1.985268144069911216e+02
1.946828802727052334e+02
1.150202334440803895e+02
1.412248343196172584e+02
1.291929738928585891e+02
1.230878909598165194e+02
1.197430806823387002e+02
1.155838051279269791e+02
1.503581736287413264e+02
1.709389669764264568e+02
1.805036424688778141e+02
1.823188087968118225e+02
1.861179933316021220e+02
1.925685096373706244e+02
1.969933083930350790e+02
1.978826179101107243e+02
1.983642037425777573e+02
1.990741448154058730e+02
1.965920537791470792e+02
1.938815723382878673e+02
1.920197615655712866e+02
1.873550826334018780e+02
1.846331534590236458e+02
2.991177923625534731e+02
1.757503449457629188e+02
1.449779379074824135e+02
1.376591241115878006e+02
1.368197136479705591e+02
1.350254491266767616e+02
1.309851847741682036e+02
1.256114144168733162e+02
1.219093751156309935e+02
1.174487018421369697e+02
1.126342880245278195e+02
1.090148750940767854e+02
1.055017097039195306e+02
1.042960949534164286e+02
1.030570312694538160e+02
1.012173843721125053e+02
1.020164872983114321e+02
9.991624231487519125e+01
9.807284459464214876e+01
9.601102413863561935e+01
9.550710152466709246e+01
6.238341703342517519e+01
5.580086324027806199e+01
5.762536965529579902e+01
6.365339042668591674e+01
7.526956695419599441e+01
7.883350136762416582e+01
7.954939695516488030e+01
8.264901749796074171e+01
8.350338108486128874e+01
8.476228703224680316e+01
8.358554293361228815e+01
8.247768055399019715e+01
8.182339111691686639e+01
7.955452180951127161e+01
7.841186560365810010e+01
8.080711531036735096e+01
8.601046831283201755e+01
9.045986379208753192e+01
9.732180334114880793e+01
9.740617145803705057e+01
1.019694385479656660e+02
1.199279103902139525e+02
1.474385147465153807e+02
1.660070066502048292e+02
1.581849185764248489e+02
1.565593271335302177e+02
1.540419810647040038e+02
1.471400320520688751e+02
1.397656870778910729e+02
1.344938663950620139e+02
1.264469392937338910e+02
1.206179264904733373e+02
1.148446543994997171e+02
1.110496674900464029e+02
1.109312590024377982e+02
1.066892353660321220e+02
1.032584695467152898e+02
1.016703410143827000e+02
9.998088454866972086e+01
9.737906544847540147e+01
9.670933738223251908e+01
9.452658151809518472e+01
