7.177458282896857327e+02
7.198408064921595724e+02
7.175124965346458339e+02
7.158147472735264500e+02
7.139370255184469443e+02
7.114491568414962330e+02
7.086232217744048967e+02
7.067376068474492286e+02
7.037876104092753167e+02
7.002970524703615638e+02
6.972407549132402664e+02
6.933300104238090853e+02
6.896094596493691142e+02
6.845840356558194344e+02
6.793612592091740225e+02
6.748493039110267091e+02
6.683107727521556853e+02
6.632260201559126926e+02
6.584419806221884528e+02
6.527035252010506383e+02
6.491645488024690849e+02
5.265925079962846667e+02
5.374785512511832621e+02
5.511552370354613686e+02
5.552335714209003754e+02
5.547451029563269458e+02
5.581581288949540749e+02
5.589771669891359807e+02
5.600712392289573245e+02
5.610919009719312953e+02
5.613025593372195772e+02
5.598956592384088253e+02
5.599570543871531072e+02
5.600489463509325105e+02
5.596185610003228703e+02
5.574703532664370869e+02
5.552922524985586961e+02
5.572653406602627228e+02
5.563539386872589603e+02
5.553795945533706799e+02
5.545625788937541074e+02
5.539803261491360900e+02
5.385946351151927729e+02
5.465947333665225187e+02
5.490491743378175897e+02
5.443157164643436090e+02
5.444766415087065070e+02
5.438497022384384536e+02
5.407844421987089163e+02
5.391644384629106526e+02
5.369724920675275825e+02
5.355803452863350458e+02
5.354958552922332728e+02
5.336091454362390323e+02
5.325994006263023266e+02
5.322477001618885879e+02
5.310330017869463290e+02
5.292909722672914086e+02
5.290564067305551816e+02
5.267198992029182136e+02
5.252160062727568857e+02
5.223502436140510099e+02
5.218329231867114686e+02
4.814965930307608915e+02
4.816062522535671064e+02
4.744562128285610356e+02
4.786990342982062998e+02
4.718179569204605741e+02
4.696634482646900324e+02
4.691852794600835637e+02
4.697631886418690215e+02
4.690409853225777397e+02
4.682543269306899560e+02
4.662235749138626488e+02
4.636063938698003426e+02
4.623147427892709516e+02
4.602067957722547362e+02
4.560769486229850145e+02
4.518069360609655405e+02
4.478316368026125360e+02
4.452369921730836495e+02
4.422245757318208916e+02
4.403883112689728705e+02
4.380796205384781388e+02
3.658347144819067580e+02
3.499529018478615399e+02
3.534353275571789368e+02
3.490439274668805183e+02
3.457577434610413434e+02
3.443651915771754375e+02
3.395312855758753585e+02
3.333246902741077520e+02
3.298970475332840238e+02
3.248179027828555832e+02
3.192984913791592589e+02
3.146417123728786578e+02
3.131679862953973839e+02
3.100271382831153915e+02
3.073120229378354225e+02
3.039414228450941664e+02
3.013626616898911834e+02
2.989409062960462506e+02
2.965111959736851759e+02
2.930474097767531703e+02
2.904361940394289832e+02
2.728073976810769068e+02
2.438685826321994625e+02
2.381468301401779115e+02
2.281388391272905380e+02
2.216608475483474479e+02
2.168077590663477565e+02
2.156282736785718441e+02
2.124378076812215568e+02
2.090610789581116080e+02
2.078857303488200046e+02
2.057054214291841276e+02
2.024243366335944927e+02
2.015238215909297139e+02
2.039179897760974711e+02
2.035687833419137860e+02
2.023088521771360604e+02
2.012656973966500971e+02
2.137896303842058501e+02
2.136700176559160411e+02
2.156395240971601766e+02
2.166860994049668250e+02
1.865650026982742133e+02
1.965900330722315630e+02
1.965516405156562882e+02
1.965251655954308490e+02
2.181505416161562607e+02
2.092632718751115988e+02
2.044175951939358811e+02
2.035287071600943136e+02
2.027048208618136869e+02
2.037739827403671597e+02
2.018781602704077045e+02
1.991834201190020224e+02
2.007344233890943315e+02
1.983817690673578227e+02
1.972465608312525376e+02
1.953568635004423868e+02
1.947434040187959567e+02
1.933951499560496927e+02
1.916700729534946959e+02
1.916964943813411821e+02
1.907560120156690573e+02
2.471060898765658749e+02
1.992118128036914868e+02
1.795453763877356153e+02
1.689328992006180101e+02
1.683469247730622840e+02
1.728843024992020787e+02
1.684097791848722352e+02
1.659882724881354932e+02
1.633867320134771148e+02
1.629304152901704583e+02
1.654206232240925374e+02
1.662659861170250508e+02
1.657037423199770956e+02
1.666311182598338974e+02
1.658652259661674009e+02
1.651923896822773088e+02
1.656540091322503656e+02
1.639413223200054688e+02
1.630382589669733591e+02
1.619137491945598128e+02
1.681800857219835166e+02
1.661659454171719403e+02
1.784406129151695950e+02
1.743333509391698897e+02
1.755090659059595737e+02
1.785177777231977814e+02
1.752676910554029632e+02
1.721045356122249359e+02
1.704513901984422830e+02
1.658699639544987292e+02
1.639766509092889066e+02
1.600607319121757541e+02
1.587612736531729070e+02
1.571783967655455001e+02
1.556675395276500922e+02
1.558891138229004412e+02
1.571918885217540662e+02
1.562420806856833622e+02
1.553901377820762377e+02
1.560029089612370399e+02
1.553896081104327891e+02
1.588837388164944855e+02
1.285559624971859307e+02
1.406834182681449192e+02
1.529596392273306549e+02
1.484654309289608705e+02
1.501150777720778535e+02
1.451614694225943651e+02
1.419500934824050660e+02
1.486819631089428526e+02
1.478984866770059625e+02
1.464228008244512864e+02
1.475027707448212766e+02
1.479431373650945147e+02
1.475838577331637680e+02
1.485551631711726657e+02
1.489168625358637996e+02
1.486953880871244564e+02
1.477649049858674459e+02
1.476295676763496090e+02
1.469843316302059577e+02
1.468238940948189395e+02
1.472879317852854228e+02
1.411007773233394005e+02
1.420534364048768907e+02
1.492025634221797361e+02
1.469888669377885151e+02
1.499906260728280643e+02
1.459111831537806268e+02
1.430329283052356857e+02
1.416176960449442959e+02
1.424501304726646822e+02
1.431580090110998356e+02
1.423932580532206202e+02
1.424614695560590008e+02
1.432332905122104023e+02
1.429737674105527390e+02
1.408100834762300622e+02
1.386424641741421340e+02
1.374689244927580489e+02
1.385042175410991661e+02
1.386203212439821471e+02
1.403361444574125585e+02
1.403965586335777687e+02
1.457108210899586425e+02
1.458780815547581255e+02
1.901736842896682163e+02
1.754067671859399411e+02
1.664831519508378506e+02
1.609879947344216191e+02
1.544076607891471156e+02
1.527642545118589226e+02
1.505362898604985560e+02
1.493776612515646889e+02
1.468443586792887459e+02
1.447306001791218364e+02
1.426635118975263765e+02
1.434720132582897065e+02
1.415386234812303599e+02
1.412571801457600031e+02
1.421371865052913677e+02
1.422045929494279335e+02
1.410562388118127046e+02
1.401989840574395885e+02
1.394499657872088960e+02
1.111715319254278000e+02
1.343269190074108792e+02
1.277849317643712226e+02
1.288569843377047448e+02
1.302207752207178260e+02
1.287390375162417229e+02
1.298267727973816079e+02
1.288172891271618141e+02
1.282312119993863746e+02
1.289907221345973483e+02
1.316152611805988784e+02
1.298756557408779599e+02
1.306229191844642514e+02
1.292529138883688233e+02
1.324454057718286322e+02
1.314613757285941631e+02
1.311534364827653576e+02
1.318640489711602868e+02
1.330936937412110410e+02
1.321175748683696156e+02
1.313770372648412774e+02
1.070856106596717154e+02
1.241198870467605104e+02
1.139455901630375365e+02
1.222170725888090317e+02
1.195520076089877506e+02
1.189673730344659788e+02
1.170103969049169166e+02
1.188883688876850186e+02
1.205348635774606123e+02
1.197036278362034665e+02
1.197355475557638727e+02
1.230781660209579940e+02
1.301220343727431157e+02
1.305187902361137446e+02
1.311163307367289690e+02
1.308962343685115002e+02
1.309419757338513932e+02
1.305351874038372273e+02
1.288647509911832003e+02
1.282341854334696052e+02
1.274806248511603002e+02
