2.568869104662391010e+02
2.568734753170843987e+02
2.498052595369816231e+02
2.477113547330853578e+02
2.481763519169138306e+02
2.472769769899168182e+02
2.458215185029489760e+02
2.439741415527847153e+02
2.422488521354093791e+02
2.416747735560561807e+02
2.398296655428252109e+02
2.395530131357514279e+02
2.391868071100855673e+02
2.388132018611625540e+02
2.375296738837005250e+02
2.373916228361244123e+02
2.368265920760423455e+02
2.362322499475167774e+02
2.346722583025591291e+02
2.347941528266501052e+02
2.339645114036846110e+02
2.145042109182498109e+02
2.308948492757386646e+02
2.208015970265407475e+02
2.212750923316578451e+02
2.258185785085627231e+02
2.209473217800526186e+02
2.193705357802128049e+02
2.175529961080721080e+02
2.173487180778064953e+02
2.166633652925380034e+02
2.178989442325697041e+02
2.177798949745386210e+02
2.177229004159543990e+02
2.184529460849495024e+02
2.184647964056803175e+02
2.199894661471844302e+02
2.186521292741400657e+02
2.183965319598794110e+02
2.183207904803364272e+02
2.180136338343848479e+02
2.175344388217728522e+02
2.201335085662149140e+02
1.992640543689435333e+02
2.001530313381916244e+02
2.039332545797725800e+02
2.033856459211867502e+02
2.029027587537321722e+02
2.016907844615730880e+02
2.010357095158238678e+02
2.022804840918287255e+02
2.042910105849238960e+02
2.050351768788308959e+02
2.039506642944840280e+02
2.025213044488050116e+02
2.031429790415556340e+02
2.016360544317943209e+02
2.013136051631783801e+02
2.006380576873882831e+02
2.004025273876839037e+02
1.996176747890300760e+02
1.987756450960863503e+02
1.982775554038230439e+02
1.674093748177791667e+02
1.682458107015976623e+02
1.724431720573703899e+02
1.694535360330636706e+02
1.661733969594738483e+02
1.661914547122925683e+02
1.645839227514800029e+02
1.621527575006483914e+02
1.600423254245676219e+02
1.573720249971530620e+02
1.559517642042762020e+02
1.541136763873034283e+02
1.521592568145658504e+02
1.504690090728215353e+02
1.482845467770326024e+02
1.465107129145335421e+02
1.440985501049732136e+02
1.418153342250235767e+02
1.405203776620605254e+02
1.391032458608455613e+02
1.377641602007426229e+02
1.015799582545462414e+02
1.002557212039323247e+02
1.006247166874351393e+02
9.856922306500418074e+01
9.502265812685644164e+01
9.436035812105058085e+01
9.448225000567941834e+01
9.275479765897536311e+01
9.097138998144563971e+01
9.068672439936788976e+01
9.202853348746646134e+01
9.291135663537731659e+01
9.197395789131492450e+01
9.176582220565029502e+01
9.189063494123108455e+01
9.258754969947412405e+01
9.263690076752801872e+01
9.230566412007507893e+01
9.163627850857706392e+01
9.092199372789882261e+01
9.040696775653633210e+01
7.933164573867867375e+01
8.200388457832073641e+01
7.918310196325529660e+01
8.068663307671994289e+01
8.089717263285041327e+01
8.056447682888907025e+01
7.961783396510108446e+01
7.950406273873365137e+01
7.961191894205234121e+01
7.992768817780860502e+01
7.862860887986632008e+01
7.929932619133975891e+01
7.820702254296764977e+01
7.878445267474215541e+01
7.853538278322785970e+01
7.884563005518562306e+01
7.831241767862317715e+01
7.768838329667528342e+01
7.726464503328219280e+01
7.704397482397865815e+01
7.651170736889048385e+01
9.294135747758267030e+01
7.492393824388629753e+01
7.293193826191530604e+01
7.106888049374057914e+01
7.152782006754512167e+01
7.008027337333736284e+01
6.972130510610158183e+01
7.047754572330346434e+01
7.066591186260299651e+01
7.001039765788138425e+01
7.015427432930439977e+01
6.947461872585736842e+01
6.966600816238421601e+01
7.086385565582881441e+01
7.040940806483379788e+01
6.995868358338040593e+01
6.986013341364851215e+01
7.009968193979116791e+01
6.952792286932978527e+01
6.912241674767085442e+01
6.858607570953427057e+01
6.874146048778553109e+01
6.277163028535367317e+01
6.542363957250927342e+01
6.460043953745983458e+01
6.558394968929214031e+01
6.441295281943995121e+01
6.353792529684325530e+01
6.434274236915427991e+01
6.369936879167838839e+01
6.366813451653256806e+01
6.352053195945372011e+01
6.353777542334677264e+01
6.316373602815540522e+01
6.260476177297627487e+01
6.252606218651580861e+01
6.269928005804525384e+01
6.307464583016277970e+01
6.313436365586266419e+01
6.272711015823389147e+01
6.315926365876592996e+01
6.273659820861463743e+01
5.985792627889686912e+01
5.701404768798973777e+01
6.085674758730919365e+01
6.041013877090090745e+01
5.850499817171677108e+01
6.025022650628881848e+01
5.987657301087566708e+01
5.912519242135831377e+01
5.833059343235566985e+01
5.964115227058155000e+01
5.945959512515879197e+01
5.871942514366705979e+01
5.817803571069058677e+01
5.872509834705009979e+01
5.829548349530526963e+01
5.843033857817466981e+01
5.808264212403052795e+01
5.861791035391115656e+01
5.801298264462239018e+01
5.827049063206347057e+01
5.802920920513474812e+01
4.894847516205605586e+01
5.303563197368311677e+01
5.446996695129576693e+01
5.775543255809172649e+01
5.584981423185891458e+01
5.424773754196004205e+01
5.337963652639462708e+01
5.420318173327343203e+01
5.456250542580942664e+01
5.503763270029576660e+01
5.531987961358327510e+01
5.559268048592159062e+01
5.492381930547625046e+01
5.449108005931299203e+01
5.406602903777949365e+01
5.383932960580991534e+01
5.455699830872473655e+01
5.469321447868698272e+01
5.420713329225441157e+01
5.445948446050177694e+01
5.395271861381120004e+01
5.099103725978586255e+01
5.387443123619888752e+01
5.329072038456748572e+01
5.189105734316783014e+01
5.304629272029360010e+01
5.264473659609107870e+01
5.284666664546021764e+01
5.217036697187212013e+01
5.219144775360017974e+01
5.307267201254024513e+01
5.311582063710223878e+01
5.272290598756175939e+01
5.279355869447951477e+01
5.183732654614541957e+01
5.127832157750864184e+01
5.086013917563479225e+01
5.088937759590312027e+01
5.044635712739520272e+01
5.124848028954710344e+01
5.065006110480369728e+01
5.038602564327228350e+01
5.519376657487194393e+01
4.608386129133873510e+01
4.671195710068796814e+01
4.663052452907960799e+01
4.587921521068791009e+01
4.742246530536437632e+01
4.803741283193309641e+01
4.719063153166104030e+01
4.750126520248480233e+01
4.771715512980662055e+01
4.772615563425643614e+01
4.759134943998863321e+01
4.899301077746287802e+01
4.874136351247098276e+01
4.885887941890517538e+01
4.799426196183037518e+01
4.797197539113037124e+01
4.778949183030338332e+01
4.755915906242721292e+01
4.730189390485501377e+01
4.732928364407898414e+01
4.988917511583315445e+01
4.530736436896462749e+01
4.441550629362112090e+01
4.440415404820360123e+01
4.410743648787311599e+01
4.232716423748335899e+01
4.264442847076139032e+01
4.356937999024543018e+01
4.363903104246401199e+01
4.327333786107630687e+01
4.331287930312181089e+01
4.344726559874185767e+01
4.344440130026003999e+01
4.373984649453571905e+01
4.442372610513663744e+01
4.512396155270553777e+01
4.507717439160094131e+01
4.559956710392159351e+01
4.510730965597899456e+01
4.506104895764246976e+01
4.561930916572175221e+01
4.249011427855772638e+01
4.522983627308970966e+01
4.325024949401169749e+01
4.356421248862248774e+01
4.357154029118542837e+01
4.255920081494896579e+01
4.198929269506587048e+01
4.200268866629203046e+01
4.260837584713548409e+01
4.296309284844907239e+01
4.378641479369921541e+01
4.465399845237022447e+01
4.492706981985553938e+01
4.440852422578385017e+01
4.410958081256088548e+01
4.399622954055286073e+01
4.442919227228701828e+01
4.409234578898207957e+01
4.404204869099193331e+01
4.375214107435260757e+01
4.380785852349004017e+01
