7.218272142531800455e+02
7.195475300272125878e+02
7.161203872296466670e+02
7.143778968392358593e+02
7.129183180360481629e+02
7.102013251627445243e+02
7.084813384602723545e+02
7.059298790158902648e+02
7.037269681451286942e+02
7.008834602308849071e+02
6.972993119462656750e+02
6.932086573143434407e+02
6.894360015235134824e+02
6.840300514163059233e+02
6.789982543901568306e+02
6.737024350979120300e+02
6.692581158842945115e+02
6.641296882828322623e+02
6.582654654865101520e+02
6.536861573302534225e+02
6.497044404474273733e+02
5.755970981910970750e+02
5.515167769424164135e+02
5.712029255991649279e+02
5.684457462619697026e+02
5.651139580143329795e+02
5.665951597610095405e+02
5.654138888710382389e+02
5.644538389947267660e+02
5.620689482941214692e+02
5.628080479758860974e+02
5.628871750726644905e+02
5.625219803828814520e+02
5.610041429269513173e+02
5.582232560638494760e+02
5.605468899191054106e+02
5.611201088046002496e+02
5.593445880595508015e+02
5.581322786119387729e+02
5.568411310945613195e+02
5.553758393678035645e+02
5.547146915282523878e+02
5.619185031757722300e+02
5.441175935346167307e+02
5.451415259868117573e+02
5.360893717982377211e+02
5.378694613020044244e+02
5.318486258519000103e+02
5.310863964451172023e+02
5.283947328242776393e+02
5.283563803920516193e+02
5.279408829089358051e+02
5.289280002748914740e+02
5.263812278284988224e+02
5.253575147092386715e+02
5.227246006699673444e+02
5.218749941065589155e+02
5.212539757067241908e+02
5.211259889715485087e+02
5.208075270625757867e+02
5.214152804251110638e+02
5.213288019821396801e+02
5.199829677550135330e+02
4.665962611027158005e+02
4.686511358611547848e+02
4.720388363806097800e+02
4.763357268182185180e+02
4.795134828786027583e+02
4.769541640258937036e+02
4.770223891830069647e+02
4.720783540730540153e+02
4.686295796015754718e+02
4.652237050863719219e+02
4.646904357312493516e+02
4.629108117726265164e+02
4.603927584557415003e+02
4.560556925409427436e+02
4.534456129488310694e+02
4.494589587346625876e+02
4.450809067032929534e+02
4.404432631643484797e+02
4.355228632020148893e+02
4.311821718667491723e+02
4.275844689543063737e+02
3.548562573801183930e+02
3.389803422555582983e+02
3.311177989032128721e+02
3.192190327787418482e+02
3.162594427406063460e+02
3.160620746347094610e+02
3.161727197150540292e+02
3.126537958584843295e+02
3.086686943838293473e+02
3.081037194036408664e+02
3.071774511200385973e+02
3.040904242059610851e+02
3.002897374621315407e+02
2.950976001849300587e+02
2.933926082246375131e+02
2.896181494206030607e+02
2.878935595009663189e+02
2.850364842014044484e+02
2.817961859769084754e+02
2.784317116007304094e+02
2.758665061194058126e+02
1.846819826199100589e+02
1.952765446275728891e+02
2.009689654064867455e+02
2.116583593134059811e+02
2.181430937708008457e+02
2.198159784980171310e+02
2.159680281204202288e+02
2.137683473008361545e+02
2.116538319817786373e+02
2.114880576895354807e+02
2.101010784351845189e+02
2.083323125967569922e+02
2.058819549777665827e+02
2.092724321334829654e+02
2.096713263801435403e+02
2.101679006917851211e+02
2.098112093346560414e+02
2.095047772789920941e+02
2.139492840637938116e+02
2.120271547896035997e+02
2.109424690044546935e+02
1.749999262988683313e+02
2.083978572591051659e+02
2.127251235625122661e+02
1.974568855216921577e+02
1.926718180450992008e+02
1.916350526879517133e+02
1.853649409991493542e+02
1.835266125845834040e+02
1.813411163778937123e+02
1.790891362567595309e+02
1.801034354530318353e+02
1.800341900811664004e+02
1.823268068362519898e+02
1.808674294388866599e+02
1.836224709758265305e+02
1.833911373583191562e+02
1.820372091950739559e+02
1.817980326045978927e+02
1.803167471784200586e+02
1.801162972762160450e+02
1.799947450395762871e+02
1.395927129312858028e+02
1.530096796144217137e+02
1.500198463566355542e+02
1.484973918680373117e+02
1.495262817975553844e+02
1.489603113233922613e+02
1.542114313747808296e+02
1.541375324490417427e+02
1.552066031641709287e+02
1.534461003685718197e+02
1.533938441780899211e+02
1.554798273969869058e+02
1.604801806833171725e+02
1.618996858200928841e+02
1.634320629299307086e+02
1.618677029330878270e+02
1.604559454915287517e+02
1.611033931455725110e+02
1.621571423839223201e+02
1.625017335361691835e+02
1.648579404628609382e+02
1.649474488554451739e+02
1.558401134119226299e+02
1.742090451231690338e+02
1.724933849098636642e+02
1.710138389430934751e+02
1.664433216264185944e+02
1.643441149915591382e+02
1.615994005950163341e+02
1.596466020935448853e+02
1.605135161921770361e+02
1.609488744817915062e+02
1.635387232939941669e+02
1.628125755274469384e+02
1.631282102256904238e+02
1.613160145678666026e+02
1.599687219775964309e+02
1.590006949891968873e+02
1.575109402715285682e+02
1.568578104605526278e+02
1.557804926720286289e+02
1.553276010956409436e+02
1.578012838221400784e+02
1.571998654429329463e+02
1.503076528640949334e+02
1.522261981785835019e+02
1.417672464992500068e+02
1.454592418086864996e+02
1.438219243994387568e+02
1.436505374703308178e+02
1.416275316360404304e+02
1.460066643656666372e+02
1.440908352997221300e+02
1.442866603045321767e+02
1.427711707272392516e+02
1.447492272783327394e+02
1.439574845174978464e+02
1.431076635670567612e+02
1.420313047593675151e+02
1.409085651790978488e+02
1.398249947898740118e+02
1.389623919285234024e+02
1.378078667392633179e+02
1.385072225040312048e+02
1.742528174486371029e+02
1.578262695699131086e+02
1.506041166133121010e+02
1.427009467288121130e+02
1.527865207573628084e+02
1.514134923350788995e+02
1.481769637051070561e+02
1.464801402656280800e+02
1.434236947294754714e+02
1.431170686175724427e+02
1.415772300795557896e+02
1.401442320128008419e+02
1.405468562418219278e+02
1.394805504771281619e+02
1.383835036897905297e+02
1.374556285856428417e+02
1.360895187355362168e+02
1.350200902245530870e+02
1.337529210069752139e+02
1.334644826647114826e+02
1.199952820525967070e+02
1.282057469863391077e+02
1.245632280085814898e+02
1.300524141007304024e+02
1.279797812421475811e+02
1.285641402968948057e+02
1.255428379926096341e+02
1.255645486834132072e+02
1.252157968753620594e+02
1.235607246633682763e+02
1.219400830381004397e+02
1.301207407347137064e+02
1.309730749802048990e+02
1.309140571095462064e+02
1.301956327798807820e+02
1.292086452455131678e+02
1.281139394097351953e+02
1.259281586334255394e+02
1.252712021536304263e+02
1.252366613527777588e+02
1.247663083729255078e+02
1.026421059683283374e+02
1.225464902898701069e+02
1.261816739509557124e+02
1.202903116441766542e+02
1.184669819358968113e+02
1.170212954831585819e+02
1.156933863035873173e+02
1.172829240629253889e+02
1.183420723460242101e+02
1.171628984654927592e+02
1.164279643818013454e+02
1.159605298653514041e+02
1.134698237351813930e+02
1.137539313688095888e+02
1.127540057787550438e+02
1.154652093549917566e+02
1.155306205943775382e+02
1.148384282891191077e+02
1.155849169345072198e+02
1.154425748846920357e+02
1.150121702416101499e+02
