2.486420252880379849e+02
2.492998817642653648e+02
2.495570275294308544e+02
2.472851537167623803e+02
2.473474211703320691e+02
2.454568161418711441e+02
2.460192164982332770e+02
2.439034041077196093e+02
2.426091979208923419e+02
2.411807966056831276e+02
2.407034760752084424e+02
2.395634408747359885e+02
2.391366910702543009e+02
2.394637200448482020e+02
2.374258538915694032e+02
2.364047875775805778e+02
2.349082677441569729e+02
2.350551592312259856e+02
2.351950084443454898e+02
2.347837898610924299e+02
2.345045598300505958e+02
2.236532102124663766e+02
2.263455816262627422e+02
2.212628057157921546e+02
2.203607313394640244e+02
2.215915017463542256e+02
2.227366321995847613e+02
2.228763589398065506e+02
2.218495017015168855e+02
2.207682650323939413e+02
2.190340580059691149e+02
2.184308940259955705e+02
2.181973816795996868e+02
2.171044139276409624e+02
2.177746026868659897e+02
2.180892690602789799e+02
2.179435557238063552e+02
2.173777425856784475e+02
2.173452514317343685e+02
2.174090819679515221e+02
2.175341950139065545e+02
2.177763003304098390e+02
2.114748827121410955e+02
2.104921941771296474e+02
2.108713227234733836e+02
2.165900197651943131e+02
2.132050602702073263e+02
2.108986174694772444e+02
2.107748462084747132e+02
2.113895091441419538e+02
2.118739115399923776e+02
2.126880193030569615e+02
2.118648021048006740e+02
2.111895759168840527e+02
2.101643168637660040e+02
2.096010109960298280e+02
2.083804016769358611e+02
2.070645023202733341e+02
2.057516335019066958e+02
2.043011108775501157e+02
2.036057635698792581e+02
2.024354071004892148e+02
2.022253998286380465e+02
1.771644556753178108e+02
1.782409232395528136e+02
1.832223101456491463e+02
1.814985390211044489e+02
1.807619038061374965e+02
1.790356365178134581e+02
1.782429260758201792e+02
1.749823556065056778e+02
1.742080602483493408e+02
1.730552609485107496e+02
1.703206251241689699e+02
1.687874039802388779e+02
1.669848094624773864e+02
1.658114798962335783e+02
1.644522319600200717e+02
1.630954199588518634e+02
1.608934917954392176e+02
1.594611258083068037e+02
1.574751976135413258e+02
1.556977932693297362e+02
1.536816745533924404e+02
1.222539222918150870e+02
1.222298128108025566e+02
1.198958646773533729e+02
1.172741729033373161e+02
1.138058575341873819e+02
1.148009866196280768e+02
1.125181753957016468e+02
1.099781106321800195e+02
1.098560369393784697e+02
1.076895443984313516e+02
1.056883156326434943e+02
1.052127767427598286e+02
1.046083187985883427e+02
1.039908346084685604e+02
1.034400820806548751e+02
1.028099119280460769e+02
1.018248298114344408e+02
1.009222170400317680e+02
9.964083950012512503e+01
9.909236502203494013e+01
9.813693610494257769e+01
7.174803849504826303e+01
7.408552769809507765e+01
7.205520390901891403e+01
7.448369934430445483e+01
7.528245581657058949e+01
7.503621741840319714e+01
7.941916396932589350e+01
7.903519469658009200e+01
7.934577666029410636e+01
8.083961073964752586e+01
8.031426103119324011e+01
7.971780078989775120e+01
7.974117561505005369e+01
7.988080435042114402e+01
8.019566386047561934e+01
7.970935034861848578e+01
8.009562518704424861e+01
8.027578332761538604e+01
7.986882144414140328e+01
7.942936863588867880e+01
8.036017007256043598e+01
7.696780060802724677e+01
7.419069572756427533e+01
7.680283224632782435e+01
7.393424727751204273e+01
7.379195130348118425e+01
7.342376793842946370e+01
7.259395646346841602e+01
7.203878500515085648e+01
7.130385319110604314e+01
7.195866523101703649e+01
7.160740890057645913e+01
7.190427208604160114e+01
7.150271956186819011e+01
7.233579856404010400e+01
7.246671230034341704e+01
7.302919635931466757e+01
7.250129193800965766e+01
7.313994642703805482e+01
7.237692841482154904e+01
7.168963107005524193e+01
7.178077810323884478e+01
6.012704186536836914e+01
5.692574128340546480e+01
6.205816973770698297e+01
6.069074999598042552e+01
6.470787813197540572e+01
6.547247857114163594e+01
6.539902670955449082e+01
6.652970510031354934e+01
6.668104993439931150e+01
6.664577315868272933e+01
6.778171368260233010e+01
6.765489026553389351e+01
6.706952355513620034e+01
6.627734860787931837e+01
6.677095972598715434e+01
6.724634975675368764e+01
6.701825675906813728e+01
6.696117859434174591e+01
6.696610431975780386e+01
6.658521630270077196e+01
6.643244332139862252e+01
6.111261821061978594e+01
7.060294674409063020e+01
6.965242258548443033e+01
6.907800505278648018e+01
6.701783605818327771e+01
6.558699320759816942e+01
6.543218772549838036e+01
6.499058029469519226e+01
6.407099612886828766e+01
6.423127428829172914e+01
6.459615372281992052e+01
6.459401571283304122e+01
6.495589267849970838e+01
6.463360249910978439e+01
6.407357097945369162e+01
6.326902296271158121e+01
6.299546866310387117e+01
6.287541010442598122e+01
6.296316724432015377e+01
6.261695127164409058e+01
6.187448706286201627e+01
6.138628600199805874e+01
6.181316585003113317e+01
5.927894297868189000e+01
6.018357482820365334e+01
5.870845307374988664e+01
5.902765128617933499e+01
6.081511307354312379e+01
5.930482399544772676e+01
5.888426978485270524e+01
5.805419979339561110e+01
5.977134856268180130e+01
5.960833463028229318e+01
5.961388243978483814e+01
5.947678931965387505e+01
5.947913032307487669e+01
5.918099362009541409e+01
5.913414284546472288e+01
5.944619524488686579e+01
5.944216217319758044e+01
5.970561268493391083e+01
5.930072711135004937e+01
5.541125590010408075e+01
5.801316421378278676e+01
5.877809910110659075e+01
5.763614617382850014e+01
5.631300281214393522e+01
5.595568844944178011e+01
5.592586148611109564e+01
5.585189369933941350e+01
5.646172179932307245e+01
5.720366830103466071e+01
5.796293966175034740e+01
5.818438213716946450e+01
5.726572796178066938e+01
5.711706737641252118e+01
5.736671640577221609e+01
5.710897045417369355e+01
5.696178454770345922e+01
5.704386609964838328e+01
5.654920172344758100e+01
5.618118540227172986e+01
5.573416927176699431e+01
4.644289589912311556e+01
5.404553537755830206e+01
5.173536035382561948e+01
5.072805304651526370e+01
5.154498708381010630e+01
5.132263167845484020e+01
5.173440829592649237e+01
5.369132279796811247e+01
5.398257119032437146e+01
5.510036274822078184e+01
5.557212315095557642e+01
5.587323829526475549e+01
5.495886913882313962e+01
5.446034579274562759e+01
5.394757082496305145e+01
5.304867505423036533e+01
5.307143084625931095e+01
5.355573174894415445e+01
5.348141636419691736e+01
5.361339230118511523e+01
5.374746386997087910e+01
4.644445715713645484e+01
5.027944489078200263e+01
4.639767763371646936e+01
4.847074388161713898e+01
5.114720580233963432e+01
5.091201482747105445e+01
5.014947910536739073e+01
5.092856533908791050e+01
5.233436941168892531e+01
5.170345727518076018e+01
5.193412973401699873e+01
5.168944190595760801e+01
5.133375495401689648e+01
5.132208247196756901e+01
5.125347275665801305e+01
5.106831637253158362e+01
5.133590766890640111e+01
5.122625451000535435e+01
5.129635602470631284e+01
5.161126897232147570e+01
5.220066182297676249e+01
4.980104795819958241e+01
4.880516880804407975e+01
4.806631013403073638e+01
4.605733452443708842e+01
4.739492338009839045e+01
4.849541055387430788e+01
4.870013389114104285e+01
5.028216511540170330e+01
5.069934575352141337e+01
4.918863249083071310e+01
4.894642689344470199e+01
4.936574799481927300e+01
4.925461619654059575e+01
4.985646532752570437e+01
5.004490451656531746e+01
5.060708838727471459e+01
5.037824462957655669e+01
5.047504001557231135e+01
5.067364046247867293e+01
5.043297327222463622e+01
5.046944045773335574e+01
