2.577124048339969704e+02
2.425382691958732266e+02
2.339374106073138648e+02
2.326858702776566474e+02
2.299784138836905925e+02
2.304638271145379633e+02
2.287670091971635031e+02
2.286385748849836546e+02
2.257969996538897988e+02
2.241351195354061758e+02
2.203400268555299135e+02
2.163585284656883232e+02
2.138584873945663105e+02
2.093181500878086467e+02
2.095354152558637963e+02
2.077842607969132303e+02
2.070737867617744428e+02
2.046443420255777994e+02
2.021674697419903737e+02
1.982339383806093167e+02
1.932817863047932860e+02
1.198861281534696275e+02
1.034546362380260973e+02
9.505563979379587636e+01
9.347593227126354520e+01
8.908900016018699830e+01
8.744668158307374028e+01
8.467009782634900716e+01
8.114923635075172115e+01
7.800879754646238950e+01
7.508951756979971037e+01
7.296359291541965320e+01
7.147593338896413684e+01
6.974585347828684689e+01
6.748568538417930540e+01
6.580318076805068017e+01
6.444950886591200856e+01
6.358716889782193249e+01
6.259808732033088319e+01
6.098551559388973686e+01
5.993601836531421867e+01
5.903586801702068243e+01
1.933371511919149910e+01
2.875169349734450108e+01
3.013600103649277528e+01
2.818945484723223416e+01
2.936531536207280979e+01
3.078099283615017256e+01
3.111528607054594886e+01
2.993086350469219781e+01
2.932767825879397705e+01
2.898805367239202013e+01
2.854674526270860824e+01
2.722876850720810893e+01
2.671272569287728160e+01
2.582185147762564981e+01
2.526494935818359622e+01
2.464221695866682182e+01
2.379730921680591038e+01
2.356222269603291863e+01
2.281669914865751636e+01
2.251104777880217611e+01
2.222699198938638077e+01
1.275281031667128673e+01
1.756570516028392603e+01
1.795273914991963693e+01
1.662019502799950388e+01
1.678285523018451997e+01
1.602293169708556420e+01
1.557938755699576028e+01
1.478427963894650965e+01
1.530960989500331948e+01
1.539954333101191608e+01
1.628013728554845230e+01
1.632599051581641447e+01
1.631448036166157323e+01
1.618269599540455772e+01
1.641938722369637205e+01
1.627373399702666390e+01
1.576098591692122675e+01
1.585738770140676834e+01
1.553336040338170321e+01
1.522840679541863551e+01
1.503610011880648401e+01
2.217072134248761728e+01
1.417311295438893204e+01
1.279778942811124942e+01
1.110293128895475334e+01
1.042690638892037036e+01
1.003552642798441674e+01
1.012341748644210071e+01
9.966658396983492096e+00
9.294789160201105460e+00
8.983051285443725220e+00
8.793492601566022415e+00
8.969912479812833794e+00
8.701516636003278293e+00
8.856743282467567369e+00
9.731752531240204007e+00
9.775567134003475545e+00
9.821491965461735418e+00
9.589756748845456258e+00
9.340058513524214234e+00
9.157846206082854934e+00
9.342275744888143052e+00
6.037090857372638730e+00
6.312247584274103929e+00
5.586013291991775986e+00
5.124911533330799074e+00
5.819289927197051071e+00
5.665580144105884841e+00
5.906281304318356185e+00
5.945111107198665756e+00
6.080530646391729022e+00
6.445111421864631929e+00
7.256896096617518666e+00
7.432976357964251157e+00
7.134323663524700265e+00
7.079460887207920550e+00
6.905608227844869162e+00
7.027850657916751231e+00
6.999565022602880937e+00
6.833964152438629647e+00
6.815650618879399936e+00
6.646287464553980229e+00
6.684675685532757150e+00
4.784963169287639317e+00
4.683803458780418261e+00
6.084406087881594871e+00
5.320062449240865021e+00
5.154902600856260619e+00
5.403791083375798721e+00
5.539114530745782083e+00
5.556152233089251880e+00
5.793593999428767738e+00
5.846872198179531743e+00
5.574820955797611610e+00
5.316502228089657223e+00
5.296995713347840251e+00
5.330343089022186120e+00
5.365919349549781003e+00
5.838387840611118484e+00
5.665297292144792607e+00
5.755121789262771514e+00
5.650559772971138983e+00
5.577310016470059750e+00
5.565576010770198145e+00
2.702335772061680963e+00
2.695912695738856613e+00
2.737013977617270388e+00
3.663575615908180705e+00
3.894409546686123935e+00
4.475612275557624642e+00
4.452129685907854295e+00
4.474710014774267108e+00
4.282076936467550610e+00
4.230564548320193907e+00
4.379901259052701334e+00
4.466664213728878785e+00
4.394128445741049660e+00
4.424498426292006847e+00
4.488141216618894092e+00
4.404573947795702438e+00
4.393624118678717494e+00
4.493179776624767641e+00
4.620967729900768539e+00
4.508975265841400848e+00
4.516724837232970025e+00
4.599374429801728503e+00
4.838197127888043347e+00
5.486423590146592311e+00
5.762253595503198156e+00
5.117539613900331297e+00
4.550254762810379994e+00
4.805490598249879675e+00
4.879013050430012655e+00
5.190974159513220165e+00
5.443161227482587350e+00
5.335444169345714194e+00
5.261822171760806910e+00
5.690610070407835508e+00
5.729812082385882910e+00
5.650787555879059454e+00
5.669575488900788329e+00
5.609149769847419087e+00
5.582687118067967802e+00
5.575225475317087565e+00
5.464784217590958448e+00
5.326107395003125689e+00
3.406028105845236631e+00
3.950255639412892705e+00
4.756596649366015228e+00
4.833101548992226881e+00
4.168006141464516645e+00
3.658421310408562110e+00
4.173066537207054338e+00
4.084509516446868105e+00
3.868733969270419681e+00
3.847155653240832418e+00
3.860243498065489387e+00
3.829311536227129498e+00
3.584461046401431261e+00
3.791230528331233085e+00
3.780309236047118659e+00
3.947941335660800188e+00
3.943301863719781419e+00
3.978628717214403920e+00
4.140930143707012512e+00
4.011953798994944975e+00
4.054288295711362622e+00
