6.915119175450737430e+02
5.796098083257114695e+02
5.016568065175343349e+02
4.638582711387325048e+02
4.405396585559840332e+02
4.243154155298281012e+02
4.113774672822264620e+02
3.988130796079184961e+02
3.881035351391384438e+02
3.833782779988808898e+02
3.735803650538171041e+02
3.683745695891420837e+02
3.635065721688537792e+02
3.575847914398990497e+02
3.530812296011562239e+02
3.479837838499342979e+02
3.419841078240842762e+02
3.357555645425815101e+02
3.282764813281247598e+02
3.209192599794157559e+02
3.132585117101265837e+02
1.535186567078131645e+02
1.320443581054126980e+02
1.391956382632199336e+02
1.459404029261215499e+02
1.443394419268493323e+02
1.391336551231147780e+02
1.409075881305536200e+02
1.424808553354371554e+02
1.418271954670723289e+02
1.383300255895132409e+02
1.356451210946982542e+02
1.359399649251427888e+02
1.329535176756881469e+02
1.301249656525169200e+02
1.278833669705435341e+02
1.257380922045518474e+02
1.230923220036149814e+02
1.212861132562163675e+02
1.191259520927867186e+02
1.168372036274749206e+02
1.146829597553563076e+02
8.176943384630519063e+01
7.201825103857122201e+01
7.103279873940373079e+01
6.714465690022728950e+01
6.488745940661046063e+01
6.140033910979731502e+01
6.105453036165349090e+01
5.950445743691949474e+01
5.779448425266876654e+01
5.713057064028539855e+01
5.485653593705920628e+01
5.320165203803428255e+01
5.182800939214877900e+01
5.110019817615812343e+01
4.998458456242138226e+01
4.916788367608592125e+01
4.757128679492082313e+01
4.611373914328807899e+01
4.551428525730231200e+01
4.497269324972015170e+01
4.439638830516246770e+01
1.921243742237794905e+01
2.732568841201839760e+01
2.632676851967906728e+01
2.847844209710750718e+01
2.960959961321925249e+01
2.779646484056581457e+01
2.812847030588621777e+01
2.733980192547022625e+01
2.766114693078761633e+01
2.722852852573469917e+01
2.612688697069108201e+01
2.547835249518949752e+01
2.538507450646084607e+01
2.471840171492251415e+01
2.466902626012951671e+01
2.460862793316468000e+01
2.424038190104023727e+01
2.413334696591441642e+01
2.408938937392156987e+01
2.386686163741281774e+01
2.366226698532723560e+01
1.657221634334430149e+01
1.666156979060276910e+01
1.539000828579742830e+01
1.496021762661233545e+01
1.543818192053365124e+01
1.608379601105134071e+01
1.580734506073265599e+01
1.566677485625202770e+01
1.652574774833478344e+01
1.726408825789449963e+01
1.741065538570860838e+01
1.800499014318885571e+01
1.815075490651232215e+01
1.768771770423869683e+01
1.774994005820875387e+01
1.775384158279485192e+01
1.769185194296636254e+01
1.896862918069470183e+01
1.858260167290800879e+01
1.848621611254553443e+01
1.863227742136110265e+01
1.278551434491189021e+01
1.344793504315083155e+01
1.707331689093956939e+01
1.685554738350154480e+01
1.568707856104959575e+01
1.474565523614882068e+01
1.513887694119158489e+01
1.493706390912394077e+01
1.549054850077211043e+01
1.540453858346333327e+01
1.486512406366798267e+01
1.517512336331926726e+01
1.533140769246936586e+01
1.481433134263156681e+01
1.424812443295103215e+01
1.429562761590291764e+01
1.439364549863316611e+01
1.432763033269007202e+01
1.404923457870605041e+01
1.391096470626382953e+01
1.417035861697248933e+01
1.569391243323140195e+01
1.772942085488847752e+01
1.341575836025018020e+01
1.367572190091512141e+01
1.386482883583320103e+01
1.350694391379590797e+01
1.438417411383576727e+01
1.368149325999565491e+01
1.302681429889361908e+01
1.232485700035547183e+01
1.188521727832013930e+01
1.186154217003100619e+01
1.227645803329906471e+01
1.222999988418915684e+01
1.227229239108861059e+01
1.231668742508573544e+01
1.221142207635275589e+01
1.245568951628110099e+01
1.235294900726330347e+01
1.231371795519996049e+01
1.220762929901602689e+01
1.183571785884850769e+01
1.434080636397250963e+01
1.418942828028913006e+01
1.264217801130705610e+01
1.240113049384853561e+01
1.167999997232013065e+01
1.103400818070072198e+01
1.119903664195330606e+01
1.073794695211411643e+01
1.127434713241429876e+01
1.085935981957729446e+01
1.036650873653599803e+01
1.017285038344969905e+01
1.062706766212541964e+01
1.038649656527725718e+01
1.016753419218627208e+01
9.769050390405368489e+00
1.024975621581949170e+01
1.005247059455197700e+01
9.837030668855966553e+00
9.645692954560807664e+00
1.196885949978363151e+01
8.601131505848373493e+00
7.771645455895908938e+00
8.316672080380003607e+00
9.429168399724886740e+00
8.731641774150066482e+00
8.863199991263389421e+00
8.315465814639606990e+00
8.120223848052251725e+00
8.305322683334972922e+00
8.385476907674350500e+00
8.598820428877095523e+00
8.488390967860313552e+00
8.588429338847435091e+00
8.889676954818646948e+00
8.941436757100897026e+00
8.895930697806864629e+00
8.858183642591281881e+00
8.832815507053455306e+00
8.785755530732114238e+00
8.799204271185422144e+00
1.088248618377800447e+01
6.874165754887926916e+00
9.771943694551024961e+00
9.439302087983664435e+00
9.860964330188268789e+00
8.952827929552922726e+00
9.236679624024715096e+00
8.788005492562826149e+00
8.631615602835495338e+00
9.086781451505645535e+00
9.046840614604336750e+00
8.920189123156756494e+00
9.305591708839731524e+00
8.838566850575299227e+00
9.023759433934982255e+00
9.243457881469920423e+00
9.190141207766286513e+00
9.171726917722864414e+00
9.343551550128346150e+00
9.477339530218170438e+00
9.286773438826791960e+00
