1.723624209843956407e+02
1.709144871295689256e+02
1.695653066964189861e+02
1.681886857542059204e+02
1.668712082649312549e+02
1.653546210622914145e+02
1.638049712549524770e+02
1.621447061425286904e+02
1.603436616961114396e+02
1.583368490901801238e+02
1.562654805711581787e+02
1.539186953969406773e+02
1.515178133073790434e+02
1.487501120497371403e+02
1.460756073800064598e+02
1.432380222974174728e+02
1.402182981505740145e+02
1.374877470431755171e+02
1.351283727899360088e+02
1.326912040092496738e+02
1.308507351302849600e+02
9.672179994196585540e+01
9.393937093419688722e+01
9.462258984846424426e+01
9.250461358060125860e+01
9.209409892871170200e+01
9.145983909885896423e+01
9.110818256746182442e+01
9.057466662737935792e+01
9.112161207479434211e+01
9.106725086553744575e+01
9.066365496861483564e+01
9.067896117040652371e+01
9.090747963048561076e+01
9.047936790639843707e+01
9.023753434599404954e+01
9.042013748604095724e+01
9.026893678391797948e+01
8.981373539535287875e+01
8.983325637058032953e+01
8.974998229260492622e+01
8.971097513117344135e+01
8.458538871278398119e+01
8.622488420165768730e+01
8.797493909657725908e+01
8.697241094034663433e+01
8.550540587099241918e+01
8.648179060641160731e+01
8.709639774793909339e+01
8.716567405821139403e+01
8.675721547397643008e+01
8.709955548273913450e+01
8.709532235584831028e+01
8.740350719458896833e+01
8.719958040742854166e+01
8.645446571274041503e+01
8.645064579141566696e+01
8.619523211127254569e+01
8.634845227661172373e+01
8.618201930675694200e+01
8.578239596829216396e+01
8.565133339313145200e+01
8.530306500155867866e+01
8.119963841763299683e+01
8.825318595916613162e+01
8.660081614828443719e+01
8.426977650111886931e+01
8.333055259825054861e+01
8.277959526501699372e+01
8.202328993574548122e+01
8.132946604378236088e+01
8.132756088494357982e+01
8.093401751452955750e+01
8.036272509759947980e+01
7.967243843417509197e+01
7.965931958532229373e+01
7.937754719996220842e+01
7.939492099413392623e+01
7.913743542300480271e+01
7.875759758496401730e+01
7.825049579611791728e+01
7.807188684259766376e+01
7.792708896046789846e+01
7.784606376978189246e+01
7.001164038410344403e+01
7.286946455458972594e+01
7.351489588981371526e+01
7.189815296816688317e+01
7.053594585263697070e+01
6.995134288178195447e+01
6.977731036850929058e+01
6.963600799591922907e+01
6.901561772138099116e+01
6.910130644809851219e+01
6.893430642404335629e+01
6.849260581929154057e+01
6.804709990794565044e+01
6.753164411591089333e+01
6.693044548189702425e+01
6.620493211787992038e+01
6.621672494030484302e+01
6.599682507544365251e+01
6.578906054272383130e+01
6.546938622527558493e+01
6.535738953094578108e+01
5.825045281585224899e+01
5.879880033709984133e+01
5.669391101912800224e+01
5.657217591668492673e+01
5.589546881502610631e+01
5.518066771398687820e+01
5.462331082787278547e+01
5.408026262775250359e+01
5.363761840470282038e+01
5.311068364596705038e+01
5.295972728347118874e+01
5.251633534130057512e+01
5.230071970570178053e+01
5.168419312425954359e+01
5.143603243862299479e+01
5.084171747332249680e+01
5.026954230984512861e+01
5.002299738456832046e+01
4.966333981083160865e+01
4.956489757834081189e+01
4.919469495770221101e+01
4.529361697988631619e+01
4.004864897568899096e+01
3.870438121586888514e+01
3.899052762942896777e+01
3.877734018757633550e+01
3.881683947957451863e+01
3.856903553893747016e+01
3.856191369406727176e+01
3.803752928168227498e+01
3.762299473045297304e+01
3.771127863034313066e+01
3.756073517997537436e+01
3.727214848344952003e+01
3.704313002193150339e+01
3.675800813808626799e+01
3.639767203311277655e+01
3.609934047849019834e+01
3.589011125510820932e+01
3.564604660733686359e+01
3.557117775798772641e+01
3.525498236584098066e+01
2.968530215823140139e+01
3.068387951077090747e+01
2.970979170973719974e+01
2.875628951534683253e+01
2.903298284192599255e+01
2.904025506284147085e+01
2.873447983951024298e+01
2.842168422719849019e+01
2.849668616509847396e+01
2.893951648495234252e+01
2.861335071622199067e+01
2.859886010384801125e+01
2.859187142349770738e+01
2.832497733735862155e+01
2.835350514985365677e+01
2.804736586691235445e+01
2.797909576254354391e+01
2.792908626947533079e+01
2.764704464702581532e+01
2.752783063504514161e+01
2.731559669147348401e+01
1.966112743593537004e+01
2.418883900255468689e+01
2.320653177611856677e+01
2.416904706902402822e+01
2.538883299528221116e+01
2.508758264971208973e+01
2.481941954867186340e+01
2.488559819023144115e+01
2.445181868058504548e+01
2.426657975878936213e+01
2.406309761039792505e+01
2.394297611249112379e+01
2.371676723786214325e+01
2.363990872986302705e+01
2.357906969213254200e+01
2.338305157708538218e+01
2.334523683393076610e+01
2.313424550714042027e+01
2.309357563839922278e+01
2.320238145931833174e+01
2.306512832553843140e+01
2.221026685970760894e+01
2.144052211441630718e+01
2.103060292882456395e+01
2.039418826182872735e+01
2.006854509590976221e+01
2.051606802139615837e+01
2.020712909105648336e+01
2.033936434330664511e+01
2.067180550401576511e+01
2.035638941179296779e+01
2.060296060399203810e+01
2.043096563810018296e+01
2.068569604800377348e+01
2.085034945799688799e+01
2.076575276337317533e+01
2.070540533911930581e+01
2.079746741993744763e+01
2.052976659256610859e+01
2.045956644460416385e+01
2.022077326104228234e+01
2.039088381273652217e+01
1.642468684517563560e+01
1.902707264351404248e+01
1.896067128090791698e+01
1.888788247231226336e+01
1.919585713137701077e+01
1.965544765277126515e+01
1.921594240015618382e+01
1.923647460289259925e+01
1.888948314571098308e+01
1.889252789383533582e+01
1.888034225554520518e+01
1.864154124171415106e+01
1.867176082444218821e+01
1.873843714569997587e+01
1.888311833437110820e+01
1.888742776919383104e+01
1.883852326566902491e+01
1.883176504864124112e+01
1.873425701084278572e+01
1.865165748675863000e+01
1.867436977636709727e+01
2.215223142646458854e+01
1.862571817862147938e+01
1.868384508877594641e+01
1.844444954324295693e+01
1.792664868109984511e+01
1.792675633150003378e+01
1.789226812847812909e+01
1.754979590257036293e+01
1.770216469712870122e+01
1.785974993041104852e+01
1.784095636384279970e+01
1.765228628582009662e+01
1.736013477673456862e+01
1.746873190429481681e+01
1.747076384098482293e+01
1.753464723709890549e+01
1.738378963319343740e+01
1.725063609844321277e+01
1.721921836760217417e+01
1.709164732697163558e+01
1.712635056634223574e+01
2.326100514310161316e+01
2.087428470705815897e+01
1.882342266671106756e+01
1.792201998741619917e+01
1.702588568238220290e+01
1.641048057524625392e+01
1.570925657935579522e+01
1.584332877961603181e+01
1.608653233616892209e+01
1.605855933470276753e+01
1.624272799910101028e+01
1.613241669157764946e+01
1.630218693629224447e+01
1.610678495243003638e+01
1.647964743115731778e+01
1.635010051277287246e+01
1.631051702568472450e+01
1.614345651920987379e+01
1.612521828907225796e+01
1.602487997443880730e+01
1.588741162071096547e+01
1.594480958807293725e+01
1.602663331065359742e+01
1.659398710724979864e+01
1.649054249709717723e+01
1.636426500873182732e+01
1.620430481668731915e+01
1.589397570733867759e+01
1.582146965403145700e+01
1.577203946132363832e+01
1.571410410609670016e+01
1.589536391085969136e+01
1.564938473184419720e+01
1.565973474405615207e+01
1.551616468212547240e+01
1.538774484998532088e+01
1.521360567534178365e+01
1.538036791063964159e+01
1.540702067582272683e+01
1.537021048554016289e+01
1.542180575681496002e+01
1.544905190169744813e+01
1.823074655931995380e+01
1.531165491413746160e+01
1.557626766809319108e+01
1.453973947102576147e+01
1.443908011426388249e+01
1.436722109968656014e+01
1.447710606149393975e+01
1.442417848126788904e+01
1.474372524842461196e+01
1.479665763705930814e+01
1.488277190371623249e+01
1.488018469238820529e+01
1.468957450368743878e+01
1.455955303304933501e+01
1.464314819935146872e+01
1.462896687382897198e+01
1.466440342150701248e+01
1.471696650959289698e+01
1.462867442077199698e+01
1.476209448956204540e+01
1.486901996965395689e+01
1.630031250135835563e+01
1.259835063257162524e+01
1.359273536136659111e+01
1.436184755842972827e+01
1.464361272542562808e+01
1.469102002319664813e+01
1.437554190880734595e+01
1.447489199459423759e+01
1.430606321970681982e+01
1.434285526312782544e+01
1.410387936662195507e+01
1.453422812366220818e+01
1.418005148427936746e+01
1.407082757403093254e+01
1.424650403649000019e+01
1.433491566121299066e+01
1.408668507407838533e+01
1.399954584827147741e+01
1.392150845232428757e+01
1.419737872820564206e+01
1.430052870900245487e+01
1.727862092573895225e+01
1.461306497693541750e+01
1.396393737891291664e+01
1.382226007309523119e+01
1.333467399502427675e+01
1.330220742392702249e+01
1.388235851100039042e+01
1.397992859175907832e+01
1.381846399488089006e+01
1.379176537262999247e+01
1.388230870091463132e+01
1.393742991413704679e+01
1.372130238606222896e+01
1.384778264440910078e+01
1.376763346815868694e+01
1.372189961493366894e+01
1.372668977045875849e+01
1.382150948850157768e+01
1.399951186046389751e+01
1.390330710958931171e+01
1.397919007034415451e+01
9.871539882787558895e+00
1.084395332669741485e+01
1.396592478838319096e+01
1.473797160873954759e+01
1.442156466648837032e+01
1.408542633379023279e+01
1.433628976090381535e+01
1.421547262743188789e+01
1.396124215074030772e+01
1.392898697385075124e+01
1.407124823020594384e+01
1.394485663039560386e+01
1.382187614454584690e+01
1.367172732339125574e+01
1.370331162400550262e+01
1.364160793444689723e+01
1.360003953829178158e+01
1.357945778143225724e+01
1.350643679922714213e+01
1.346298889487675154e+01
1.348290050035750909e+01
1.404293344061068360e+01
1.287523647900051138e+01
1.394936356599651361e+01
1.364752400815295452e+01
1.302950117757426440e+01
1.320349161065002264e+01
1.306715214563191729e+01
1.276477049808154085e+01
1.288166637519482194e+01
1.290587973695470403e+01
1.290551468015730130e+01
1.280977237883584507e+01
1.275956027916526736e+01
1.284825313033165628e+01
1.283986576512885591e+01
1.289924174470359297e+01
1.286608975873559224e+01
1.295077229078482617e+01
1.302642457446948931e+01
1.312588588751157204e+01
1.330358595389857435e+01
1.456386607842965475e+01
1.279746035349328714e+01
1.250011275061843641e+01
1.260396109342749682e+01
1.314123908851649603e+01
1.297638223529752644e+01
1.277144792777859372e+01
1.271286485677565814e+01
1.229558548148303920e+01
1.240003195930042246e+01
1.242463118828609048e+01
1.249651524959216076e+01
1.255535994043983727e+01
1.277013297064988784e+01
1.280329526913260985e+01
1.292107757230501974e+01
1.314469666250383817e+01
1.300760385361535576e+01
1.290586639819042070e+01
1.299221826073218899e+01
1.291061298722104489e+01
7.830734607883829135e+00
1.293458099352078428e+01
1.170371710239113305e+01
1.312017295312759657e+01
1.366549873114555602e+01
1.348119200159620767e+01
1.370407521540761309e+01
1.369334672012659126e+01
1.369108031616621979e+01
1.358649255005896173e+01
1.346395485561536098e+01
1.316617161967516836e+01
1.310252497319975085e+01
1.316109009402485697e+01
1.312641838414487694e+01
1.294567960148963692e+01
1.277370528463288402e+01
1.281869453732061892e+01
1.279336899159358332e+01
1.263204504395639383e+01
1.267806602371250158e+01
7.181186952580957517e+00
1.001938017309411677e+01
1.207659609343502893e+01
1.224215360313868040e+01
1.238905536628166537e+01
1.294779424293922609e+01
1.325797067801137175e+01
1.292009112616521627e+01
1.270936805125179347e+01
1.269010397394813872e+01
1.253487939115109029e+01
1.242606714730382222e+01
1.247091676784262582e+01
1.250805090070070413e+01
1.250565678250552715e+01
1.242085517235443426e+01
1.227817879937824408e+01
1.229892586909880237e+01
1.254800201375404534e+01
1.251963543666163936e+01
1.259096922004070329e+01
1.103227689927722110e+01
1.247920093828976640e+01
1.199940173711217284e+01
1.172839509620579079e+01
1.216116393196961276e+01
1.244502924250171283e+01
1.224910062648825892e+01
1.218244284163989377e+01
1.246274283434044783e+01
1.221376397207010633e+01
1.236217449915125144e+01
1.208015235043694879e+01
1.224768477221624252e+01
1.232996330359151216e+01
1.214910712157005257e+01
1.224864274152214882e+01
1.216222797277377587e+01
1.226197658304842975e+01
1.224510442570606727e+01
1.224511442947025230e+01
1.223914439497516859e+01
1.169225239323620258e+01
1.168731774884696684e+01
1.157794676096841613e+01
1.233167381311851685e+01
1.202446827866292089e+01
1.205597843684003756e+01
1.199141684198470870e+01
1.237128352258051045e+01
1.289853597391998896e+01
1.306267471523202950e+01
1.277453745341438207e+01
1.275316595222151328e+01
1.289733640093550981e+01
1.269351477396965677e+01
1.273962452118099087e+01
1.269574761751156089e+01
1.268968204606905914e+01
1.253498096020362063e+01
1.225457837259685689e+01
1.237169189649069700e+01
1.237904151350281978e+01
1.157024961245587846e+01
1.265750705675180576e+01
1.239502052887160666e+01
1.272965525953465793e+01
1.301311750441534443e+01
1.250087929594176828e+01
1.264936241091798586e+01
1.278124288472040426e+01
1.257770911643352463e+01
1.253418905750157641e+01
1.243555255601819987e+01
1.243962542345679978e+01
1.253671706086569948e+01
1.258369181358427724e+01
1.255523574996222180e+01
1.254425235974611041e+01
1.242443532220095648e+01
1.241224188826600816e+01
1.237432241032088598e+01
1.240120998331897795e+01
1.235472831330433863e+01
1.247888318973496169e+01
1.079270077936414651e+01
1.180001968985427219e+01
1.194370823857524222e+01
1.272711041247459463e+01
1.240438172691149710e+01
1.267404439649377146e+01
1.283818021322513303e+01
1.279511151111081624e+01
1.280837830503222996e+01
1.273900956257036299e+01
1.244391943192258765e+01
1.231751895582788237e+01
1.218088877535325132e+01
1.213606695133371893e+01
1.213868862872201504e+01
1.206233664356507873e+01
1.211930348243879507e+01
1.226110714767733612e+01
1.218021155260055899e+01
1.220965346441506050e+01
1.501223755732955922e+01
1.251921860462182678e+01
1.256222629461265150e+01
1.252573080365559122e+01
1.273519677358887847e+01
1.238977232942613327e+01
1.246043616322632097e+01
1.250938389920772664e+01
1.281306509923830639e+01
1.265426525959384030e+01
1.269589415381488706e+01
1.268568650742782111e+01
1.265101558882915889e+01
1.272040017872764217e+01
1.253979432623005863e+01
1.247693345105134988e+01
1.238118437135214123e+01
1.235071849269716004e+01
1.217742137193081398e+01
1.211919789421282978e+01
1.206622143717235573e+01
1.219118154650201191e+01
1.281716627573299938e+01
1.199053926804589487e+01
1.164288794982735631e+01
1.237956700545437982e+01
1.289686581927804276e+01
1.300578269777310148e+01
1.273436543281660427e+01
1.268667466218854223e+01
1.260815174229550806e+01
1.257244565564965200e+01
1.244039356380599415e+01
1.227051697489092597e+01
1.229788715036676550e+01
1.209137938090128195e+01
1.199312826269528287e+01
1.194889551710422460e+01
1.191548329468334799e+01
1.187144894401850159e+01
1.197060397155195410e+01
1.187430524360750717e+01
