7.184084568780077689e+02
7.191545750475232808e+02
7.164081028332813048e+02
7.148928129847950004e+02
7.137409042357703584e+02
7.101528190064981345e+02
7.077561624686741197e+02
7.056146897760058891e+02
7.027049459885448641e+02
6.997339282559763660e+02
6.962335042888923908e+02
6.928930065005415599e+02
6.892115655684027615e+02
6.848576870539704942e+02
6.800192526349076161e+02
6.749844332883673133e+02
6.691109731040448878e+02
6.644474110951771308e+02
6.596532450194927151e+02
6.537689209709091074e+02
6.495750374735087007e+02
5.717290955951223168e+02
5.856814708715481856e+02
5.692577373976700983e+02
5.710352225330324245e+02
5.654226369100854299e+02
5.596272634628465994e+02
5.581730515234046379e+02
5.579568326920315258e+02
5.574250622498059329e+02
5.587830350610804544e+02
5.603572513082353908e+02
5.595488491354026337e+02
5.588359291216605698e+02
5.591147064975521062e+02
5.589999221878063054e+02
5.581486065921714044e+02
5.577053651947712751e+02
5.575079201142042393e+02
5.577862865826537018e+02
5.578405147873600072e+02
5.564786190453615973e+02
5.167417067844349958e+02
5.336942081173638144e+02
5.402273906636187348e+02
5.447948455248933897e+02
5.459315172146813211e+02
5.468373534154153504e+02
5.465797470599479766e+02
5.442118322375309845e+02
5.408988905312295401e+02
5.415665123883212573e+02
5.393184701339088178e+02
5.385906212387610594e+02
5.368267019993738813e+02
5.362995965184711622e+02
5.362002241321947622e+02
5.351512237775474432e+02
5.351417462563165373e+02
5.355280002118907987e+02
5.353403138578546532e+02
5.348152100667177820e+02
5.348014885289051108e+02
5.136534789621565551e+02
5.298513925758849155e+02
5.333838526557013893e+02
5.312485983171069392e+02
5.290818325556112995e+02
5.248847512776121675e+02
5.260169246914282439e+02
5.260554007226016893e+02
5.219153803771055209e+02
5.206476156455604496e+02
5.203337698781854215e+02
5.162498901493945596e+02
5.144784276128809779e+02
5.129987826928080494e+02
5.101195796138787273e+02
5.069964004473625891e+02
5.057421206551350679e+02
5.050800052226963999e+02
5.035053096927161960e+02
5.012058168564209382e+02
5.002389318804260370e+02
4.779716658607911199e+02
4.895725269813258365e+02
4.731391106295468489e+02
4.660366462200052524e+02
4.687599938673876068e+02
4.730220169473363399e+02
4.719998518017470133e+02
4.687731904759264125e+02
4.689547147383232186e+02
4.668215549153857182e+02
4.636081101123983217e+02
4.625228216803458281e+02
4.613154619633070297e+02
4.586864313109091427e+02
4.567381097602853401e+02
4.554459439007075048e+02
4.545501425306183023e+02
4.526864337651441588e+02
4.514930889503269213e+02
4.501825875038165350e+02
4.488853937818157078e+02
4.177840441561037323e+02
4.177844211207972762e+02
4.111344897665017015e+02
4.064326392562457499e+02
4.094947789241184068e+02
4.104871903944010683e+02
4.103305353424082682e+02
4.094983756835095505e+02
4.080123504260557183e+02
4.025905439022945416e+02
4.014564144011540066e+02
3.994585194792705352e+02
3.974963816905837461e+02
3.978199470592601301e+02
3.949800374967325638e+02
3.934615444759496654e+02
3.914122583115644147e+02
3.898359272699827898e+02
3.883059378873425658e+02
3.870691863070154568e+02
3.853941337170563770e+02
3.407696656502818655e+02
3.301660159387706130e+02
3.403073177383832899e+02
3.406814070537513430e+02
3.340885863792445321e+02
3.370855430956951295e+02
3.344546139217302994e+02
3.367369754952997027e+02
3.366000190002910131e+02
3.350793534577031210e+02
3.356987916004497379e+02
3.359308825800319482e+02
3.359610588255997641e+02
3.359094364773304733e+02
3.356477056233530334e+02
3.342507839838304449e+02
3.328104549483041410e+02
3.323732927585755874e+02
3.308768313391398692e+02
3.290936079246932309e+02
3.265625505084242945e+02
2.827271801715705237e+02
2.818618727771674912e+02
2.915160663746498244e+02
2.913072629453884588e+02
2.984260489496605260e+02
2.969505313089868537e+02
2.989704321423686793e+02
2.981227397668222352e+02
2.967882518946243522e+02
2.952329002258745163e+02
2.941210884867229538e+02
2.920600923512182021e+02
2.909705130436690297e+02
2.909983306427392904e+02
2.909450056877786324e+02
2.897854263853718066e+02
2.889110908176935482e+02
2.864555967101033502e+02
2.861235365778223922e+02
2.856839703242971495e+02
2.833342544313992448e+02
2.646666358953387999e+02
2.691120947669002703e+02
2.801833024277130448e+02
2.735076914924579796e+02
2.682952416566924967e+02
2.646114842860143881e+02
2.641895157714427569e+02
2.627144878189232031e+02
2.645537284194595031e+02
2.631998415995484493e+02
2.626427394770804540e+02
2.617606815910875753e+02
2.613497356598797410e+02
2.620529062361061960e+02
2.609639383630714065e+02
2.601846448384293353e+02
2.596547043195377569e+02
2.599541472819091155e+02
2.596660405952346764e+02
2.579467134039535949e+02
2.568785083761937358e+02
2.602223314657875903e+02
2.524406973222087061e+02
2.497676145147131308e+02
2.428097879220849222e+02
2.410569297456053164e+02
2.375321833442640411e+02
2.369265687605115716e+02
2.410080337580070591e+02
2.403918813602333842e+02
2.388144923565630222e+02
2.391013845990335085e+02
2.391977147309655436e+02
2.396587825263607101e+02
2.395347758978984416e+02
2.385154484715016281e+02
2.390718344236152575e+02
2.389089780444964788e+02
2.384892317103254697e+02
2.391127678849340157e+02
2.392749695894676734e+02
2.393752519342111214e+02
2.179033744379905499e+02
2.248884659760000204e+02
2.294900228386174490e+02
2.291832927256727146e+02
2.275681564004961217e+02
2.243432971682964308e+02
2.287260386957551930e+02
2.251395079042567886e+02
2.274351146806779980e+02
2.268880191255289276e+02
2.272918294296933084e+02
2.281500673164798911e+02
2.275244658553885699e+02
2.266237496710492678e+02
2.280635207950091683e+02
2.268277273421156224e+02
2.265167588124460849e+02
2.267745567277520422e+02
2.269623733534670862e+02
2.273732208414359661e+02
2.286079335488353195e+02
2.015192168733946119e+02
2.199660694503291438e+02
2.236120305115576343e+02
2.242034558927532828e+02
2.228776868601734122e+02
2.179095806605092491e+02
2.184302142068050330e+02
2.165705708980871407e+02
2.174227429777090492e+02
2.203448350517606684e+02
2.234878003350589495e+02
2.249056007002735953e+02
2.249017287746468696e+02
2.245118827121458196e+02
2.236977208073447514e+02
2.237575608429315821e+02
2.228069961138419615e+02
2.231661975300822576e+02
2.226975555366215076e+02
2.226641232877975938e+02
2.220329194237436354e+02
1.840575614703242877e+02
2.042408466180790469e+02
2.075116491903069402e+02
2.140462405375319861e+02
2.235451075847667255e+02
2.218955446580156377e+02
2.211959470118351305e+02
2.246682344877201558e+02
2.235956156582618064e+02
2.225311066083386606e+02
2.219077258613065169e+02
2.213331147100021781e+02
2.207505914747788438e+02
2.193074365639195946e+02
2.184344301522936860e+02
2.180451934634708948e+02
2.185499633884188313e+02
2.174940944798312046e+02
2.176544886079087462e+02
2.165341615463098890e+02
2.161029506949363110e+02
