6.915899327957215519e+02
6.893092474972022501e+02
6.871184132893031347e+02
6.847478928084830159e+02
6.822467928650974045e+02
6.795783676062948189e+02
6.768055546740780528e+02
6.736728877605456773e+02
6.702099122334127514e+02
6.665594483450970529e+02
6.624776376640865010e+02
6.578132913828859500e+02
6.527378383578002286e+02
6.471774340921475641e+02
6.407032153599496951e+02
6.334786993193704348e+02
6.250595975460493037e+02
6.159346088106710795e+02
6.066469530976523856e+02
5.958067650417832510e+02
5.851256288126440950e+02
3.457570725236103613e+02
3.467132166379497562e+02
3.373345845292711260e+02
3.290404627870668719e+02
3.316559979760430110e+02
3.364359860551905967e+02
3.397670048227942061e+02
3.408807739636883980e+02
3.401082837868917181e+02
3.416011849810258241e+02
3.404839759956647072e+02
3.411504540463591866e+02
3.399957946240772912e+02
3.377729054071528481e+02
3.400240597675134495e+02
3.395012866195483525e+02
3.388080331589196703e+02
3.392762593477522159e+02
3.397420422192075193e+02
3.393602536613814209e+02
3.394226039657646652e+02
3.328043998133990726e+02
3.293686638309443993e+02
3.220206863799708685e+02
3.270124840074298049e+02
3.184105778748759121e+02
3.208088016957402147e+02
3.244373703569976897e+02
3.279471726544178978e+02
3.274958932234571876e+02
3.276489493441815739e+02
3.283508803292032781e+02
3.288348139902348635e+02
3.287606795219462015e+02
3.279207549349642932e+02
3.293998146560210216e+02
3.293220308898842745e+02
3.292515382157004638e+02
3.289549234860461979e+02
3.276655280512924833e+02
3.279863355846829904e+02
3.282573251808450436e+02
3.372324289152081747e+02
3.347536067953015504e+02
3.359741470268665466e+02
3.290334235879932976e+02
3.250835084141071434e+02
3.179749858373368738e+02
3.201859781212547205e+02
3.185979795832708987e+02
3.185908161784969366e+02
3.175843239900957542e+02
3.190272027439111753e+02
3.189498790773054679e+02
3.182082980536434889e+02
3.169832280342400850e+02
3.182006004440979723e+02
3.174451871479831766e+02
3.160920548240102903e+02
3.162377213563403302e+02
3.164113602846038589e+02
3.154919628151292272e+02
3.155944569682283145e+02
2.944071155260431851e+02
3.015284157143719312e+02
3.071342438397399519e+02
3.005198901200338355e+02
2.991737543321643216e+02
2.987299895136895316e+02
3.016490183903409843e+02
3.036092315795044101e+02
3.022667789241019136e+02
3.061665656431844695e+02
3.053624136877784281e+02
3.058951043453432135e+02
3.043845069699285091e+02
3.034314239849734918e+02
3.014632123553544147e+02
3.014275619096645755e+02
2.990022415361092953e+02
2.983933284869145268e+02
2.983556652194900494e+02
2.980771011617779322e+02
2.971490728225838325e+02
2.854821394781979507e+02
3.049602497410874093e+02
3.002892095621505746e+02
2.944484211803114135e+02
2.853447522272852552e+02
2.829137884120196986e+02
2.834835044380232034e+02
2.813948758425821666e+02
2.806986773839539637e+02
2.818060806802853335e+02
2.801820247574081577e+02
2.816185871065397350e+02
2.793924908044153881e+02
2.788126712098189728e+02
2.787270041843556214e+02
2.785907206321623448e+02
2.773337855716891909e+02
2.756026753010488619e+02
2.743827732202148582e+02
2.732376923144885268e+02
2.710771043075203579e+02
2.660311166113901891e+02
2.502292490859415182e+02
2.463354236505896893e+02
2.431757390289802174e+02
2.441641581579135334e+02
2.491644066009382641e+02
2.488060179635960196e+02
2.511868687087110175e+02
2.484933570647252736e+02
2.470560629011393132e+02
2.436179554392214186e+02
2.414706232945250406e+02
2.412467958569256723e+02
2.397912234414741874e+02
2.385347880688596547e+02
2.378187560916740892e+02
2.373556392715009906e+02
2.371587486532762057e+02
2.361513056749411135e+02
2.345552595799806852e+02
2.341787655584894310e+02
2.154846284638179270e+02
1.998175159564680143e+02
2.029216055454136267e+02
2.025811015527939674e+02
2.046070698452195984e+02
2.052362217499517669e+02
2.067217511116754736e+02
2.061664580340268742e+02
2.053111863516509743e+02
2.052071520220125080e+02
2.047627778355120540e+02
2.032201994592796552e+02
2.022276218534375118e+02
2.015255704207976066e+02
2.004049260068927651e+02
1.995577516945044465e+02
1.988297182858437964e+02
1.971502547060985933e+02
1.949123352900667214e+02
1.934518258892104541e+02
1.926157480907033062e+02
1.671978000256071084e+02
1.732389040602950843e+02
1.700167583115572256e+02
1.700466652398050655e+02
1.680129861641253797e+02
1.691072142497875461e+02
1.683387573961868782e+02
1.671528693169402970e+02
1.672695260350379556e+02
1.666927099110723987e+02
1.653586130805824155e+02
1.645323990433596180e+02
1.631961949812029786e+02
1.622773402116483226e+02
1.620650257993750643e+02
1.600335929508214292e+02
1.590285773333307588e+02
1.576953917705685058e+02
1.564258977391360190e+02
1.555903932263020124e+02
1.546915454329688089e+02
1.352426351189994875e+02
1.408987485521198266e+02
1.422393262048229872e+02
1.367024132915732935e+02
1.369343106582129508e+02
1.357750320272175486e+02
1.364514395760818104e+02
1.368006861325512205e+02
1.358045490445698817e+02
1.337364549589042326e+02
1.341397688494093074e+02
1.339117352838359807e+02
1.343762097250398426e+02
1.331898257541231203e+02
1.320851606094041983e+02
1.306232367432832291e+02
1.298278370510720379e+02
1.289794941707866940e+02
1.283379473222622380e+02
1.279504630276402395e+02
1.271531836454462336e+02
9.103668735374941434e+01
1.131265129529997608e+02
1.158580134296875457e+02
1.175630259435831704e+02
1.182059238524206677e+02
1.180645221426875793e+02
1.153557693515007685e+02
1.137845867543334890e+02
1.137740565182680399e+02
1.138708732507841290e+02
1.129211058899518036e+02
1.116163966294265606e+02
1.112487774710995865e+02
1.105524987669078314e+02
1.100844993560121310e+02
1.095975325895905286e+02
1.088955390402548886e+02
1.091945745258786502e+02
1.084940416344692267e+02
1.082323204054477088e+02
1.076417990505490678e+02
9.890710095112980582e+01
9.138696183029331621e+01
9.722338105466616298e+01
9.564708876245427405e+01
9.578540252818834233e+01
9.627782591097106035e+01
9.460908138211954110e+01
9.619433841873848223e+01
9.643225786944718436e+01
9.617339570610718624e+01
9.686912097027189361e+01
9.742329496264783018e+01
9.717107143236296452e+01
9.795419226099052423e+01
9.732951505799874781e+01
9.632584163765783103e+01
9.565566633283197007e+01
9.522692907001930962e+01
9.508153043750525057e+01
9.482272105202818580e+01
9.474777576418881608e+01
8.796906647550068215e+01
8.423714946931293923e+01
8.355445187879143987e+01
8.493968796311766312e+01
8.505145554226891136e+01
8.575353169741721615e+01
8.731770131494249654e+01
8.687012174982956481e+01
8.706350236269591392e+01
8.827925062209348539e+01
8.740764856326006793e+01
8.802373091226093038e+01
8.687714970203072085e+01
8.632401263113834489e+01
8.755395199462617484e+01
8.699329670919929924e+01
8.717712321322223090e+01
8.701303386127538886e+01
8.642275898336814066e+01
8.605352196589997504e+01
8.573387368355375315e+01
8.941462804390405950e+01
8.572602093511997623e+01
8.669163217005016975e+01
8.567914067012617352e+01
8.538304690464659075e+01
8.486848413672261415e+01
8.585894544673365658e+01
8.426168846433418480e+01
8.471881073004428231e+01
8.328412496864353898e+01
8.241831989589948648e+01
8.340224132102379428e+01
8.299521465086067451e+01
8.184507598174201348e+01
8.154335589482127489e+01
8.135041373104296270e+01
8.081745867867451238e+01
8.028600934175079828e+01
8.000702328724788970e+01
7.972923555331848888e+01
7.969219705392968933e+01
