7.183208921214267093e+02
1.743922219058647170e+04
1.070488166197820465e+04
7.844161917769000866e+03
6.257073899581082514e+03
5.247300413417239724e+03
4.547816176865078887e+03
4.034781201071304167e+03
3.641543687707255685e+03
3.329935041821084269e+03
3.074811810038033400e+03
2.860832410790821086e+03
2.677032398552699306e+03
2.526173928371944385e+03
2.391064099526921837e+03
2.273997007726835818e+03
2.171566813471657497e+03
2.080580668529857121e+03
1.998932008138901892e+03
1.927046078685209068e+03
1.860416782755036820e+03
5.526595596386556508e+02
5.503941670778910975e+02
5.523769096822370557e+02
5.499467831407672520e+02
5.498085048656264462e+02
5.470146133701894087e+02
5.448165835705864311e+02
5.407956083125712894e+02
5.402660331622240619e+02
5.368236494497793956e+02
5.345336062590887423e+02
5.310704855034035745e+02
5.257322470901567613e+02
5.193654561975619117e+02
5.177145688734955229e+02
5.137207568605117558e+02
5.077293092949932429e+02
5.045447094422063401e+02
4.992653749326414072e+02
4.945442939114074647e+02
4.875922366633378147e+02
3.087175594108689438e+02
3.244849097751714453e+02
3.348721391012680328e+02
3.441507837638273486e+02
3.525167443670692933e+02
3.523550983906970941e+02
3.548615269152946325e+02
3.504563094469658608e+02
3.444690603231334762e+02
3.387856817145521404e+02
3.367850975878216104e+02
3.335850946699352448e+02
3.285307551926523502e+02
3.250497833427306773e+02
3.230995096530290880e+02
3.247684202222723684e+02
3.219317429434398719e+02
3.218846082025024202e+02
3.177618199184668697e+02
3.270125732949151143e+02
3.395551116460726462e+02
6.270387791710629699e+02
5.912979373257385305e+02
5.564040476829410409e+02
5.279343557610305879e+02
5.021134992846959335e+02
4.805774329503080367e+02
4.767803298924231967e+02
4.624600590341806310e+02
4.534122307098130591e+02
4.453173700855880384e+02
4.369340200810767101e+02
4.270758728315751114e+02
4.185056013764186673e+02
4.090260119213132839e+02
4.013623654925601159e+02
3.977980280518906397e+02
3.928600080892803135e+02
3.878280546773981996e+02
3.840038537508099807e+02
3.785531084799170571e+02
3.736819368897781146e+02
2.798798725340042779e+02
2.866512980671946025e+02
2.753341685262408873e+02
2.726867181499315507e+02
2.645045547155322652e+02
2.603190630601270072e+02
2.730211269666143039e+02
2.728919128701015211e+02
2.720403900100811825e+02
2.689267190508532508e+02
2.652369510445678884e+02
2.693655100119427175e+02
2.662278390623518476e+02
2.666753831178369865e+02
2.659334550673225408e+02
2.624475137697748437e+02
2.599817118761081360e+02
2.590344308293845756e+02
2.636280724829331916e+02
2.632668600444848153e+02
2.660996523023787859e+02
2.762584632415040460e+02
2.502297027290326810e+02
2.398653892896857940e+02
2.396290153959122051e+02
2.404816650149981001e+02
2.334421539568215280e+02
2.309144784233973837e+02
2.291730152874879423e+02
2.294545633343489328e+02
2.236470936961844984e+02
2.193644729014004895e+02
2.136873572340568330e+02
2.141491866900570642e+02
2.122733227508525147e+02
2.111175839882733101e+02
2.104386595284740054e+02
2.082665971713742294e+02
2.044762710301124855e+02
2.023783708891245112e+02
2.001488839561120301e+02
1.985139281375474809e+02
1.441463827225332466e+02
1.458753586026340372e+02
1.573470284563072994e+02
1.500897094130170331e+02
1.490458589565841407e+02
1.550677928096975791e+02
1.509004783911347829e+02
1.484286123724035349e+02
1.495703950916276597e+02
1.483850522595378720e+02
1.470835260500322192e+02
1.452377064998686933e+02
1.434271565214278041e+02
1.426724795233142800e+02
1.400197276637624952e+02
1.384504406093381590e+02
1.389972397051032260e+02
1.387318188835976116e+02
1.389806745136736481e+02
1.369273709132356771e+02
1.366302353371653453e+02
8.885720221799959972e+01
1.197509015364043705e+02
1.446622907064145238e+02
1.388336121473764706e+02
1.363511185098961676e+02
1.411213893890159738e+02
1.423251219937434371e+02
1.382775301081015584e+02
1.357715415633836074e+02
1.357544559612411206e+02
1.338983444620889429e+02
1.330365375917098163e+02
1.341235061349352407e+02
1.312562827914437946e+02
1.296854553562371279e+02
1.279406245545216052e+02
1.262242711456682116e+02
1.249154037593896049e+02
1.216232803150667934e+02
1.201728159309787998e+02
1.189055118345791300e+02
7.132371061881909213e+01
6.788416272164619159e+01
6.683028453668531199e+01
1.268689777179449862e+02
1.577757883073401217e+02
1.640169609965914219e+02
1.670791023928426284e+02
1.640021346275976271e+02
1.620214602258332945e+02
1.631067688356119447e+02
1.609125187848988787e+02
1.566543086545634367e+02
1.572507270227902154e+02
1.549062268356252332e+02
1.511497912292623482e+02
1.499435115198025414e+02
1.491090370023128742e+02
1.468268581691231986e+02
1.440035887829245098e+02
1.411030932615100539e+02
1.399619001954137900e+02
7.872448301205312760e+01
8.718915517025975248e+01
9.242013188937215773e+01
9.042720114662186859e+01
8.921690212908289652e+01
9.517373784419230276e+01
9.878774361423462835e+01
9.944218806862853910e+01
9.877324947178689740e+01
9.862612078740758648e+01
9.811996588468468872e+01
9.856729086473805523e+01
9.824515987689368046e+01
9.921394567676918541e+01
9.863751297333361379e+01
9.726706292968667356e+01
9.644427447155388222e+01
9.556797527479204746e+01
9.421904670024346728e+01
9.309186004350638655e+01
9.121351033694105581e+01
