2.570335314117481289e+02
2.538327588214079924e+02
2.584679716988163136e+02
2.552799667680316418e+02
2.555739709733976497e+02
2.533543626547550218e+02
2.514051192860991932e+02
2.499320149720375923e+02
2.482855047394837129e+02
2.462705530919861019e+02
2.444509888753001690e+02
2.421132402356798252e+02
2.410350523564256378e+02
2.404393014347515702e+02
2.377082475346328465e+02
2.363216559253761488e+02
2.368925601561933831e+02
2.353831164085011665e+02
2.351295427109636478e+02
2.343992279325053687e+02
2.346264662039538109e+02
2.337047150721011519e+02
2.328976813736411486e+02
2.325918098454731080e+02
2.316233493757540600e+02
2.320199603430178570e+02
2.316424690496695575e+02
2.308208458564436967e+02
2.303364634161356435e+02
2.204506644063929457e+02
2.169184655329860618e+02
2.179295875096466091e+02
2.171975673660264192e+02
2.169618936503110831e+02
2.175569176706596579e+02
2.167728126139588767e+02
2.180628505916388633e+02
2.194050735236353660e+02
2.191070982880188751e+02
2.183336255685783840e+02
2.171423566036426962e+02
2.171610147637834132e+02
2.173716294202165784e+02
2.169546718378507535e+02
2.163531086761820461e+02
2.154964915646386032e+02
2.147722987838089352e+02
2.135669838353740886e+02
2.126107122409972021e+02
2.125649404160251663e+02
2.120067750582792598e+02
2.115159516520099032e+02
2.114602230265129776e+02
2.107940779655565109e+02
2.101399819480799920e+02
2.093132614274845196e+02
1.820093149708872602e+02
1.903808602809475303e+02
1.897140791144687455e+02
1.886729726357599475e+02
1.847874085453421458e+02
1.831317455306368629e+02
1.803033293992633048e+02
1.782508423294245290e+02
1.776987366379738091e+02
1.752830999138253389e+02
1.726786053342461855e+02
1.691521103698952118e+02
1.666725585516250305e+02
1.647289192382597491e+02
1.623830996807456870e+02
1.597699347978038134e+02
1.583813740380446404e+02
1.558246663423581424e+02
1.543308370191107315e+02
1.515245447245559092e+02
1.496126029755189109e+02
1.478483024733173465e+02
1.460137859342027582e+02
1.442245361755558122e+02
1.429501974951251100e+02
1.412795759274828526e+02
1.394000931602759010e+02
1.375717622627516334e+02
1.244535698699614272e+02
1.024644089926466108e+02
1.007864778960334604e+02
9.672177568660325164e+01
9.443882685560483026e+01
9.179749627574908288e+01
9.204149912121037858e+01
9.042863301737763493e+01
8.911857061270299596e+01
8.823804723733636024e+01
8.673048159776119803e+01
8.619791413130602109e+01
8.536873023843477881e+01
8.544786787977531617e+01
8.493229916995321105e+01
8.402832761959690799e+01
8.301018819310176866e+01
8.256804408558748776e+01
8.172440564325043511e+01
8.136439314096594444e+01
8.085370887845829202e+01
8.088284694971839883e+01
8.080764023100992688e+01
8.010475830568977074e+01
8.024150191222942397e+01
7.969622421708152160e+01
7.967261848541608060e+01
7.918652180945684904e+01
6.587894556593646200e+01
6.829788436838441612e+01
6.497675141617480676e+01
6.686557469620478855e+01
6.572280339955352702e+01
6.431128708645611880e+01
6.472733803516732110e+01
6.416937628918746839e+01
6.387689841499989285e+01
6.310942420643130646e+01
6.352399734069550874e+01
6.440514846199542376e+01
6.449866144374382770e+01
6.461291362290798190e+01
6.450416074661430343e+01
6.402639179380496159e+01
6.415727273065077441e+01
6.360512463698881902e+01
6.322213025066103143e+01
6.306776187167801595e+01
6.313133606436845469e+01
6.309922065924166645e+01
6.312097516461759028e+01
6.282986924345914304e+01
6.306170500538699741e+01
6.342745891371376388e+01
6.333220032950668354e+01
6.311484689064917575e+01
5.480969758319920970e+01
5.599361767481982355e+01
6.095971698565382724e+01
5.997213364833577032e+01
5.813745880137958721e+01
5.835954518328551899e+01
5.770055267003893107e+01
5.804106327350428529e+01
5.847144478802405132e+01
5.867866952720950025e+01
5.850064348752587051e+01
5.830071685501801682e+01
5.805848525292777396e+01
5.725993983680896093e+01
5.691006142961670378e+01
5.618120056808445639e+01
5.530431393180987953e+01
5.489996359251269098e+01
5.545050393436264358e+01
5.490153564956298027e+01
5.489354823302468844e+01
5.514999188034647659e+01
5.490723571997188657e+01
5.507347392232735928e+01
5.505348860157929636e+01
5.494543217926712231e+01
5.476674832952178917e+01
5.502916006382039882e+01
4.466356107183359825e+01
5.476000547238976424e+01
5.779204280888768608e+01
5.722494022154889848e+01
5.868996793532699030e+01
5.700457117763850334e+01
5.467588187142867895e+01
5.625824902723834242e+01
5.510415620774240608e+01
5.480818850205278636e+01
5.585515554750515577e+01
5.470660551754419743e+01
5.423299952779021282e+01
5.369644959994815281e+01
5.316339395864697792e+01
5.223337992593714318e+01
5.225056104425541292e+01
5.183978478056739192e+01
5.109311918373902728e+01
5.104466842073141208e+01
5.073060266933704554e+01
5.054090027428515697e+01
5.011004554605375461e+01
4.985157669941499137e+01
4.945052344351441320e+01
4.940485843857764081e+01
4.913574611736299858e+01
4.911829675185516919e+01
4.154078306654668751e+01
4.962047100714882930e+01
4.781127683569257414e+01
4.728118581556114464e+01
4.893453503773917390e+01
4.834673031694946843e+01
4.867300621287681395e+01
4.756515848464580642e+01
4.617056355439472526e+01
4.643594157602135652e+01
4.547710373565266195e+01
4.527119848463490115e+01
4.657108290477128065e+01
4.656735136382078366e+01
4.608924132578098920e+01
4.548914321202176581e+01
4.465420153076188114e+01
4.467780195125187959e+01
4.431472188714612059e+01
4.455545775788688445e+01
4.440684440697943103e+01
4.460416795434039727e+01
4.458088369388210737e+01
4.407363325867557791e+01
4.388108548215095084e+01
4.354800700578521599e+01
4.334646779111076853e+01
4.364825934345669367e+01
4.610978188544196144e+01
4.422595182607048514e+01
4.100237356637771313e+01
4.008527999916792339e+01
4.017376156895698358e+01
4.136615532245034643e+01
4.194541132362922298e+01
4.093031303629181394e+01
4.085896013409593763e+01
4.053526528088672620e+01
4.028599361351461283e+01
3.991942830616098803e+01
3.990864505383791538e+01
4.065061801995999247e+01
4.108775732230535738e+01
4.094790110954934903e+01
4.083603426118518342e+01
4.039924982555809407e+01
3.992227208715065956e+01
3.980637121354612873e+01
3.953976303213951127e+01
4.019023039304828870e+01
4.005740719285506657e+01
3.979256148429218598e+01
3.960223705588508381e+01
3.911956577210905550e+01
3.898911739827649825e+01
3.893090373158731410e+01
5.918314454858528961e+01
4.513958673159867629e+01
4.480981906077627741e+01
4.303408050793793649e+01
3.992222355598951822e+01
4.013361996448455216e+01
3.896376584551889266e+01
3.805213294614765118e+01
3.779297165458227425e+01
3.682418813390680157e+01
3.682236821382082326e+01
3.720625875732140742e+01
3.666800837332694130e+01
3.628878024278032655e+01
3.685987188227281308e+01
3.664651766216410067e+01
3.665514696413384854e+01
3.662393039576910780e+01
3.617411323321428540e+01
3.681418309535530398e+01
3.674213494171202399e+01
3.666702194365608136e+01
3.670431613253129655e+01
3.700329505894019633e+01
3.688130437310127263e+01
3.677072507325071626e+01
3.645971799028263405e+01
3.694115080393098083e+01
4.290251354975787734e+01
3.740857538749750688e+01
3.461056242882403211e+01
3.514703561191314662e+01
3.457879213450553380e+01
3.574232208634304442e+01
3.459697527744596357e+01
3.410281092658674140e+01
3.439227200489771263e+01
3.412179467341223216e+01
3.397962706107447417e+01
3.426443440958437492e+01
3.422690002963823019e+01
3.403469453240953868e+01
3.459191385929730700e+01
3.443503646564473542e+01
3.428471857802029632e+01
3.396253611352001656e+01
3.416770038960833489e+01
3.427870589933417023e+01
3.405435541949820077e+01
3.527109000825043239e+01
3.499842695517225621e+01
3.524304511437875931e+01
3.502821524081842597e+01
3.507813078042048716e+01
3.484732666886359453e+01
3.514852957864273009e+01
3.306892139894635108e+01
2.774637357071741661e+01
2.847614328129289163e+01
2.974326905204220139e+01
2.953053558722649896e+01
3.017389792654501335e+01
3.003921972110829941e+01
3.094006928786314958e+01
3.043912368029087645e+01
3.042348282867795817e+01
3.124862149675622192e+01
3.231802039984206942e+01
3.169518644172332600e+01
3.189328747019551002e+01
3.210358220998149648e+01
3.236551815228801843e+01
3.257269601718703456e+01
3.260675823525465944e+01
3.250455019165933379e+01
3.232910418082880000e+01
3.254777165022565555e+01
3.223708448005623950e+01
3.217852558032806343e+01
3.217307546605672286e+01
3.194460088865610103e+01
3.199363988513017887e+01
3.183140984363067005e+01
3.177819071065570711e+01
2.614117345606296894e+01
2.701859956408209484e+01
2.657545958847729395e+01
2.887946428768511709e+01
2.884443545587742719e+01
2.901388358107052667e+01
2.813891899737839353e+01
2.821395886472074821e+01
2.799381575599109695e+01
2.787306292999156554e+01
2.831929130230530944e+01
2.820036721714601313e+01
2.835970261513271851e+01
2.798030221749343482e+01
2.790089284778031242e+01
2.849884420209251701e+01
2.885472236882782227e+01
2.869013824650964395e+01
2.893307702653874003e+01
2.908986411852221110e+01
2.882217843558991532e+01
2.869788213700498503e+01
2.854277161874447799e+01
2.845732608569689859e+01
2.846275159450811287e+01
2.855529407838580269e+01
2.854853155055414859e+01
2.838553707507842816e+01
