7.250385053885484012e+02
7.182138992801905033e+02
7.165947945193033775e+02
7.155029496895197099e+02
7.137315996508991702e+02
7.116877351483176426e+02
7.092700377904189963e+02
7.065385231761539444e+02
7.042302997195229182e+02
7.013664868627847682e+02
6.982006252329870222e+02
6.946347501109642053e+02
6.906703732331704941e+02
6.867921170766179557e+02
6.818362501249031311e+02
6.766237103117667857e+02
6.713205909919594205e+02
6.643234677544514852e+02
6.581337911846782163e+02
6.521143787598358585e+02
6.486906977657550897e+02
6.435701193307263566e+02
6.416807534108926347e+02
6.382353731111458046e+02
6.348771485252742650e+02
6.316380921758079694e+02
6.289277611333540108e+02
6.255447362362626791e+02
5.565918798963446079e+02
5.579724830796474180e+02
5.515187596220082469e+02
5.541143884041679257e+02
5.512332674143169697e+02
5.495943569100222703e+02
5.492280863053605344e+02
5.526511535659286665e+02
5.561859424242670684e+02
5.545643475828251212e+02
5.553861057909099372e+02
5.544890429607862643e+02
5.527464424146248803e+02
5.521764644755617155e+02
5.518157327460139641e+02
5.509504781984817328e+02
5.510431367308538029e+02
5.520347979163966556e+02
5.513282982726590262e+02
5.512226040557959550e+02
5.503037199923601293e+02
5.487762187489435064e+02
5.475760434285564315e+02
5.463249135284000886e+02
5.455773545982794985e+02
5.448238219856739306e+02
5.452812831888437586e+02
5.444263894429351467e+02
5.241098496985277961e+02
5.255807915205207337e+02
5.119851444987450009e+02
5.164535935515712026e+02
5.202848739296895246e+02
5.157759805268677837e+02
5.135935970568041284e+02
5.115443204696828730e+02
5.081012026552065777e+02
5.065422607469612899e+02
5.063393504917447103e+02
5.063683299107819380e+02
5.054219257390512325e+02
5.030359225005319672e+02
4.998012870018707758e+02
4.971744513957944491e+02
4.973093632847864569e+02
4.958346308876423905e+02
4.939176824669928578e+02
4.936818027684044523e+02
4.918682151531855311e+02
4.903777177647523899e+02
4.886766562942919450e+02
4.869615844205228541e+02
4.853875756047929144e+02
4.832363630143208297e+02
4.806366931981843322e+02
4.782260852814683290e+02
3.885333722806641390e+02
3.984600628215642928e+02
3.982369221878981307e+02
3.953128450248903505e+02
3.950742013592934541e+02
3.858705602077226899e+02
3.796618376192088249e+02
3.775137756393053223e+02
3.762582123074722062e+02
3.736470452162249103e+02
3.696588059760166516e+02
3.684489949463520020e+02
3.639688469338713617e+02
3.602566969732309872e+02
3.563200695900688970e+02
3.511872095309987571e+02
3.471228336460777655e+02
3.449886192001728773e+02
3.416668297910017031e+02
3.389120838496345414e+02
3.362510814405512178e+02
3.331409365491288099e+02
3.298397187772334860e+02
3.272692379618069367e+02
3.240396979057548492e+02
3.228262694948971898e+02
3.199575449153667819e+02
3.172669490070312008e+02
2.220872121684893443e+02
2.578587887841755446e+02
2.454581235267532406e+02
2.387678426948164372e+02
2.349175843162958301e+02
2.330632983273850982e+02
2.267255993795238282e+02
2.327017389162015490e+02
2.310993546185964931e+02
2.299825501111087647e+02
2.292989667606092041e+02
2.282109701834453972e+02
2.281943935094208200e+02
2.258852646736967529e+02
2.221522875049088270e+02
2.201131503499491657e+02
2.203338007543954689e+02
2.186700662560536159e+02
2.177893141352685973e+02
2.167172520485792120e+02
2.157923137251967205e+02
2.146863068879329433e+02
2.141042675979484784e+02
2.146641867579833729e+02
2.141218351456270454e+02
2.130206128714632428e+02
2.130252710150851669e+02
2.111714178665714030e+02
2.295194246086878138e+02
2.152525915143755526e+02
1.943461161001295636e+02
1.877192711064437276e+02
1.830481166814196854e+02
1.802166698134716682e+02
1.834710261308285055e+02
1.914624706593471899e+02
1.900733778012028949e+02
1.887004259259050798e+02
1.872305487680910971e+02
1.869361430004278475e+02
1.865561599403215496e+02
1.879823767781767856e+02
1.876274669798582977e+02
1.881695333272907362e+02
1.885044563671356457e+02
1.887109992423632718e+02
1.868718915767505848e+02
1.862204400243845726e+02
1.879311742159442247e+02
1.863466421718773915e+02
1.861148318312854713e+02
1.854617495763376667e+02
1.845713664479997362e+02
1.841575279307548385e+02
1.848792803109087970e+02
1.859546879403758908e+02
1.684085795906538578e+02
1.760597939447152100e+02
1.766534604664712731e+02
1.712957264750691024e+02
1.715891914809007801e+02
1.714184454937417854e+02
1.712543377607927368e+02
1.681026051674199095e+02
1.679000496877520163e+02
1.683835068199765601e+02
1.688750204865592934e+02
1.676947017103697135e+02
1.668507001201014930e+02
1.682941708366083446e+02
1.718729195757113928e+02
1.713223553942474666e+02
1.723289101470113565e+02
1.726188347906282843e+02
1.729261453892858071e+02
1.714815322058649087e+02
1.701886780531796148e+02
1.706374496309777555e+02
1.694178553691135960e+02
1.680093674217299338e+02
1.679669623505646996e+02
1.671378378388096451e+02
1.665161566537391593e+02
1.661262788452514485e+02
1.659102580042471971e+02
1.727551678041618572e+02
1.613007462744148199e+02
1.548396517648502595e+02
1.581239895453438180e+02
1.528667080551783499e+02
1.539703881954868905e+02
1.519469043495512892e+02
1.566295558875758900e+02
1.559701628277824170e+02
1.569062365107560595e+02
1.563867873287959185e+02
1.579646042424474786e+02
1.561602559702538429e+02
1.546630117000708253e+02
1.551393205299619353e+02
1.541721693090018448e+02
1.538177873095534949e+02
1.573773924983754853e+02
1.578108284123022997e+02
1.582195180588443293e+02
1.587057772329525278e+02
1.580211627232048670e+02
1.574218113323034345e+02
1.563755165866428740e+02
1.567294394765330878e+02
1.567852893909770842e+02
1.559110625573388518e+02
1.319490075719306503e+02
1.423144552285410214e+02
1.392176588787618243e+02
1.374927394031300878e+02
1.453053577386508834e+02
1.451837368129872914e+02
1.544219337983391824e+02
1.506082996421701239e+02
1.505713032823480830e+02
1.496888762660406087e+02
1.537512687865252587e+02
1.515067971625501855e+02
1.522890670585741191e+02
1.515174320358062801e+02
1.512035742676340817e+02
1.512969247975752012e+02
1.516765103638806238e+02
1.511700932108844597e+02
1.498409514883148006e+02
1.513278130366421692e+02
1.506420886623858735e+02
1.495183189552886915e+02
1.481640727960102311e+02
1.470199008158342906e+02
1.463219924934326457e+02
1.461574680485783233e+02
1.452283021554807476e+02
1.449164658422742491e+02
1.500698857738408378e+02
1.440179060577785890e+02
1.431704077358841118e+02
1.393480094073681812e+02
1.450736080104930181e+02
1.396841471897968461e+02
1.367411219759315486e+02
1.376619621807516012e+02
1.362385035251758438e+02
1.372601820180625793e+02
1.375747078528299880e+02
1.365104872077625657e+02
1.431477649144046040e+02
1.422473522751625410e+02
1.424073067037409430e+02
1.428431026097736094e+02
1.417379912773645003e+02
1.411331360754657567e+02
1.393568145799189892e+02
1.377752742874747582e+02
1.375313144046838829e+02
1.381770342469956461e+02
1.367869450815559560e+02
1.373203975057171533e+02
1.367300849215676521e+02
1.367087855255281283e+02
1.367941480105870937e+02
1.369728712975198448e+02
9.856680082779429597e+01
1.534085696153435094e+02
1.462133797432076676e+02
1.424229964188298823e+02
1.622045540303606401e+02
1.574627864654916323e+02
1.549305037846767448e+02
1.564584504455244200e+02
1.532241816634207510e+02
1.495335819290913832e+02
1.468617364140717712e+02
1.432365457493322083e+02
1.422710759621260763e+02
1.403955422438594667e+02
1.407365057436682321e+02
1.394048365694249014e+02
1.388008290547356296e+02
1.381481153564836291e+02
1.372888272370583422e+02
1.376831009693607655e+02
1.369624750130903692e+02
1.363064056327803257e+02
1.356557882163136242e+02
1.355344891680917101e+02
1.345118602576221463e+02
1.348497584475848612e+02
1.344303874386001212e+02
1.341367245250390567e+02
1.222928276204615372e+02
1.262128765952642482e+02
1.253442175728511359e+02
1.192620309282375359e+02
1.177389212756943380e+02
1.192741147285640011e+02
1.212869020216869700e+02
1.235088371874776527e+02
1.247611161165776537e+02
1.249942722360267737e+02
1.311172073922748496e+02
1.314803067194164043e+02
1.344060831526632853e+02
1.338225245643714914e+02
1.336524763504597786e+02
1.321047946679472034e+02
1.323488103717532454e+02
1.310541435040591125e+02
1.306216173825819169e+02
1.311262481711536054e+02
1.301497019987602641e+02
1.306453479826182047e+02
1.304601465902530606e+02
1.304064070237899671e+02
1.297659547772125848e+02
1.298125284711681786e+02
1.292931570960999466e+02
1.283658323281946707e+02
1.101731877615317217e+02
1.198089199137654077e+02
1.128310937757285757e+02
1.330670914204364124e+02
1.316421060812215558e+02
1.301494181849154188e+02
1.319011836824907959e+02
1.294146710576681869e+02
1.325928582201644588e+02
1.301448380060368493e+02
1.283456795957943939e+02
1.269709874031437664e+02
1.266804034008456057e+02
1.267695660419729222e+02
1.258093347591982365e+02
1.256574196694054422e+02
1.241054743425627862e+02
1.246238162327828150e+02
1.248186840088959286e+02
1.245478135156692900e+02
1.254390232928178364e+02
1.261186793501155705e+02
1.256690830594198189e+02
1.247273176217256463e+02
1.244668846501095203e+02
1.248635897005037805e+02
1.244251787071030293e+02
1.242225471985726131e+02
1.065047798079005190e+02
1.263135306112015002e+02
1.256114703954264940e+02
1.234336115267125820e+02
1.232784264976068442e+02
1.216645615201206141e+02
1.220616374745331143e+02
1.184506983509131572e+02
1.201364075987317221e+02
1.206650735363501212e+02
1.194760997022498401e+02
1.183066181268320349e+02
1.180791261126065592e+02
1.168256159587693759e+02
1.178060441265558040e+02
1.172010392310022411e+02
1.177523543871783005e+02
1.175607263957757169e+02
1.201292542271971513e+02
1.192262767375223120e+02
1.185385131613628573e+02
1.185144597420045471e+02
1.203589500397208525e+02
1.214327355792601253e+02
1.218699065771931060e+02
1.216750122539630752e+02
1.216719302003912730e+02
1.220261584040924845e+02
1.033899392009475093e+02
1.039458455501600014e+02
1.479157140965638462e+02
1.428838649207428659e+02
1.332503135612363110e+02
1.315328161349644063e+02
1.311429072703279246e+02
1.279970861593101006e+02
1.296280773815742577e+02
1.257015512038344269e+02
1.239117561436213890e+02
1.227871230010207455e+02
1.222787101759654291e+02
1.212388570647432147e+02
1.201188021486951527e+02
1.232681314294363517e+02
1.215873050294949991e+02
1.213107567748291444e+02
1.204078421392794382e+02
1.197036833938400520e+02
1.200391237772687987e+02
1.198321148133413203e+02
1.221146967173348514e+02
1.224672605596673804e+02
1.217886338858876485e+02
1.218609362231806585e+02
1.215972893014642864e+02
1.217356422458087621e+02
1.082438992178611556e+02
1.121973145227260176e+02
1.147657227248889598e+02
1.095291423144015539e+02
1.077648693213636335e+02
1.075111718653918444e+02
1.157038769294164666e+02
1.243828699479832949e+02
1.218411386628869906e+02
1.208527053961791324e+02
1.200738424175392112e+02
1.195171918660706325e+02
1.179970010068511925e+02
1.184655746461961314e+02
1.174560073026179765e+02
1.177118595535527845e+02
1.176691470411220166e+02
1.198825937302342481e+02
1.191024324021334593e+02
1.193211227576688174e+02
1.186373026102927071e+02
1.185091830776736401e+02
1.184894760192037495e+02
1.181461682402270981e+02
1.174714785794543843e+02
1.170595983767153712e+02
1.166248793724010540e+02
1.169315307448339496e+02
1.060367623627123237e+02
1.476071660860039287e+02
1.368432035471733457e+02
1.314547355346121833e+02
1.317331232170676287e+02
1.281055391341570555e+02
1.261425474282087436e+02
1.249393571378191012e+02
1.218988152931728308e+02
1.214080680346486076e+02
1.202779876103955701e+02
1.193517864111999387e+02
1.198699024663648629e+02
1.198755989828142958e+02
1.190520443667603985e+02
1.182340776607521065e+02
1.192475423357943072e+02
1.188176844669663126e+02
1.178401985150195515e+02
1.177530448885086258e+02
1.172576293714607516e+02
1.166234199692067648e+02
1.162296307774250437e+02
1.161639355971013003e+02
1.156836288056163795e+02
1.152369734345362389e+02
1.152712167046685607e+02
1.145708260599428741e+02
1.106168998267806813e+02
1.435587232485030427e+02
1.290216213349568477e+02
1.240824333694523460e+02
1.173922694586024704e+02
1.135435950299043100e+02
1.154506502773666483e+02
1.170786986407269978e+02
1.166637133575445660e+02
1.136475689598858168e+02
1.122504312494039738e+02
1.101119531140737422e+02
1.087060621433779630e+02
1.081025420117563414e+02
1.072182470024199148e+02
1.073292287319045215e+02
1.075916568817640808e+02
1.086792972299817563e+02
1.086102667982088974e+02
1.091006701018122556e+02
1.101555167724107207e+02
1.097055459287946775e+02
1.095635044282921911e+02
1.093467906365873006e+02
1.106019802660000551e+02
1.100209778764611315e+02
1.108223787566794556e+02
1.106770112075528942e+02
1.321130777244741807e+02
1.111818769452387556e+02
1.111680099968018709e+02
1.053964245023046828e+02
1.072820538217042667e+02
1.093686284243149345e+02
1.081555019319217195e+02
1.079239914263783930e+02
1.086001015258752744e+02
1.078502243985320206e+02
1.077017999609799688e+02
1.073089064953643685e+02
1.078399187939980948e+02
1.079455973197417507e+02
1.063476299649969690e+02
1.058580581295379659e+02
1.092782867639752169e+02
1.093789647962710632e+02
1.107095242475334231e+02
1.108587267420146247e+02
1.099845973844889642e+02
1.090820704007074511e+02
1.084153935667731332e+02
1.088724414587087921e+02
1.083588626164003728e+02
1.121131513774384700e+02
1.122281160632417567e+02
1.121110199230646316e+02
1.145459142890409510e+02
1.094973816270423441e+02
1.104205463742152062e+02
1.084412586413836834e+02
1.098584074032431062e+02
1.080663585337830312e+02
1.121508515754597681e+02
1.100369088894117766e+02
1.085727260769734244e+02
1.098824112383877889e+02
1.094953033399533950e+02
1.074192955374116849e+02
1.093671816808656843e+02
1.104701829168479321e+02
1.092464916377274875e+02
1.102096292153911037e+02
1.090023207063920125e+02
1.085253430425819374e+02
1.080646911758011584e+02
1.103640065325583066e+02
1.103110282884385356e+02
1.101178948075786650e+02
1.094123479232810894e+02
1.098948087890612584e+02
1.095707065518790984e+02
1.090833876453531985e+02
1.093782408767973919e+02
1.087823968519536919e+02
1.289498795578644490e+02
1.041243115439076234e+02
1.041777582885001294e+02
1.011147364172303469e+02
1.007040458694062721e+02
1.034934265939005371e+02
1.042872040702177969e+02
1.029760320097839212e+02
1.034461974397840294e+02
1.037608970329446407e+02
1.109643198238096318e+02
1.105484968997062367e+02
1.086999715611915605e+02
1.094278568012691437e+02
1.085220645731645845e+02
1.077939285525788051e+02
1.087331110136289141e+02
1.080341842699382937e+02
1.094698247871360479e+02
1.090285660778843351e+02
1.089461159199466636e+02
1.083245817682195735e+02
1.101138672245659933e+02
1.112877873061055425e+02
1.107014745631680057e+02
1.099303673459023685e+02
1.091218969115011532e+02
1.090217642931244058e+02
1.171735510677566765e+02
1.139384297550422929e+02
1.050193288890874044e+02
1.084337110547509155e+02
1.103120393858075516e+02
1.152935203306235508e+02
1.123532266414422907e+02
1.101749671606520877e+02
1.083291670460582310e+02
1.062778680652765360e+02
1.063730910429205068e+02
1.055246489534881817e+02
1.070949506375609701e+02
1.062202353610437058e+02
1.048997262886130102e+02
1.047184967837102363e+02
1.063120701722434234e+02
1.063288447014686113e+02
1.062489893082820913e+02
1.068887788262202463e+02
1.065987536702169933e+02
1.063505063187721049e+02
1.062272230031716589e+02
1.058296158589773768e+02
1.058578828793703508e+02
1.067372325634383543e+02
1.062866958094243159e+02
1.068439518352329003e+02
1.403831160596767802e+02
1.305346934913958705e+02
1.187068890782608719e+02
1.143815724823421505e+02
1.103301362187563655e+02
1.107416283720500019e+02
1.087099423845303789e+02
1.055546057528431589e+02
1.060471897973798434e+02
1.063617322185496903e+02
1.059552875358198065e+02
1.036682079445322842e+02
1.026445326358444561e+02
1.029717728863225403e+02
1.019233426154502951e+02
1.009537466361461355e+02
1.030958284389822666e+02
1.021813025580873528e+02
1.059435006617196251e+02
1.076628789626354887e+02
1.074507788922242071e+02
1.070906044955928422e+02
1.068617190893726843e+02
1.074298444242708399e+02
1.071797319076481472e+02
1.069237822376728104e+02
1.064782191633518380e+02
1.065003447487136725e+02
1.064710592008732561e+02
9.857341991624687694e+01
9.813943792869031313e+01
9.753501543751477243e+01
9.897872615042835776e+01
1.026095930206744384e+02
1.011358795337433776e+02
1.051585940645210258e+02
1.066943448150718297e+02
1.057463764657067742e+02
1.075489360496139000e+02
1.066225030820651511e+02
1.078978692007305682e+02
1.080683236807136183e+02
1.078878966795315080e+02
1.072040339326824210e+02
1.067710359102043043e+02
1.080762466844241771e+02
1.079351513086966321e+02
1.079621900537246546e+02
1.068609524453683690e+02
1.073440768221232702e+02
1.065416362230832021e+02
1.063488367293425085e+02
1.059883261802701639e+02
1.055938725072287383e+02
1.053695052272283164e+02
1.047061432958849991e+02
2.191787635428696035e+02
1.412543812891692880e+02
1.227063072181355636e+02
1.138138832890665100e+02
1.092526726906134513e+02
1.072855915854350854e+02
1.051670129985431714e+02
1.088727881859622499e+02
1.075225142913508165e+02
1.080304573840680575e+02
1.066591776974437096e+02
1.075670414351527171e+02
1.068960307153248266e+02
1.067256535164716240e+02
1.082912253751000122e+02
1.087318166417593375e+02
1.076578959032281091e+02
1.076844816264387816e+02
1.074001946462576171e+02
1.062735688834226835e+02
1.057731204090297012e+02
1.050767045488714899e+02
1.044813234422333892e+02
1.044848945479392057e+02
1.052986904407350437e+02
1.054790578888939763e+02
1.074456879347541047e+02
1.073094332215645750e+02
8.640127910640035225e+01
1.042172301484115735e+02
9.901491798037135084e+01
9.716834202450569080e+01
9.800062868547357198e+01
1.037143651053455642e+02
1.035504949479229140e+02
1.020105524690356873e+02
1.018649528388453120e+02
1.010414974665642518e+02
1.032549136995403529e+02
1.037395416502529457e+02
1.036044961857237610e+02
1.027213787391385580e+02
1.016201653240145788e+02
1.066779392476434651e+02
1.066734847655396266e+02
1.078150527465246569e+02
1.078615045958864442e+02
1.078277920747255507e+02
1.074262279864653209e+02
1.067593776850198708e+02
1.066898925425218181e+02
1.058880804879350137e+02
1.063847618638619963e+02
1.059266434295082178e+02
1.058051921513452669e+02
1.053003304913703460e+02
1.157010094321832980e+02
9.897729910967393607e+01
1.020896356102003182e+02
1.037479738305430317e+02
1.104261742962981998e+02
1.070261827314932930e+02
1.076968917809927575e+02
1.094388796834256254e+02
1.066992757940743815e+02
1.048763991322831828e+02
1.038375468369496417e+02
1.074022162419733490e+02
1.061431083578718955e+02
1.050929980904017782e+02
1.046389483742410818e+02
1.043383069271589534e+02
1.037558224245158414e+02
1.033363364558486523e+02
1.034655947874494331e+02
1.042779906255621967e+02
1.048557587783301273e+02
1.040097080841116650e+02
1.040259448734895216e+02
1.037527877810415475e+02
1.040513671075775903e+02
1.038078623206435793e+02
1.035804265957008710e+02
1.036774994077541834e+02
9.603652880892850874e+01
9.447181692105810669e+01
9.371696235162001187e+01
9.582891316831435802e+01
9.581004502724877625e+01
9.684482435245278964e+01
1.016179904771353648e+02
9.986705850958776409e+01
1.015767574110394662e+02
1.004141038561045747e+02
1.015783844537611884e+02
1.028083925698555703e+02
1.021834066500079814e+02
1.026565618684125383e+02
1.041235076574543825e+02
1.067867866083669099e+02
1.061557896839902639e+02
1.053020353983136488e+02
1.044562548667824444e+02
1.039175815539175574e+02
1.036103360126586637e+02
1.034376944079958491e+02
1.035167097580665683e+02
1.042469817839733963e+02
1.039634060766414621e+02
1.041326611015832952e+02
1.033881807719600801e+02
1.036521319046421326e+02
