1.723528047574686184e+02
1.709075157064302459e+02
1.696755081667204479e+02
1.682807717543620356e+02
1.668637006453174934e+02
1.654909001741027339e+02
1.638297874343489013e+02
1.620834980775323402e+02
1.602550497848515363e+02
1.582836357564274579e+02
1.561080478756155969e+02
1.536494477570956576e+02
1.512614442857646964e+02
1.486936919903909597e+02
1.460363780852308366e+02
1.430436188406991960e+02
1.400632127833183063e+02
1.376243472292967738e+02
1.350880214672353077e+02
1.329771035056087385e+02
1.311873715551888893e+02
9.572481975745537852e+01
9.693648091160791580e+01
9.311609429047025799e+01
9.394067341292566198e+01
9.225829320836692204e+01
9.238459155956060442e+01
9.206132066870792130e+01
9.135614301666798553e+01
9.145926372970698992e+01
9.123453074494439363e+01
9.126408461341293332e+01
9.086992385600458988e+01
9.092840441995646472e+01
9.069820608744865353e+01
9.061188225369049576e+01
9.029509487518839705e+01
9.042109918940798252e+01
9.061436974858196436e+01
9.030666631532243116e+01
8.995538370113422388e+01
8.958549054910399434e+01
8.182548346956664886e+01
8.176529400320337970e+01
8.306224912782528236e+01
8.475359108294126997e+01
8.636780553612369715e+01
8.527876431966679149e+01
8.553738325651002583e+01
8.541443779303968142e+01
8.467370329434200471e+01
8.505381733091810759e+01
8.532284041461495860e+01
8.496651434351628041e+01
8.503131318210462553e+01
8.511525107138481872e+01
8.478181765384408664e+01
8.507410022456643617e+01
8.501205616881910032e+01
8.536890611249754102e+01
8.528030946524279443e+01
8.518711949024124408e+01
8.497718481847172711e+01
8.487721494243380960e+01
8.207125307921830881e+01
8.228887884828125721e+01
8.152708998683736752e+01
8.056641216864490218e+01
8.154690627395456204e+01
8.152007296910176137e+01
8.106494305693878744e+01
8.080683707384375225e+01
8.076646616727882133e+01
8.071177923654086328e+01
8.038473798489320643e+01
8.016478154575501947e+01
7.959860331336560080e+01
7.908278743099428709e+01
7.883670566158957627e+01
7.801714710359421190e+01
7.810698066532214057e+01
7.779254835833452830e+01
7.766418132532541563e+01
7.764504890918234992e+01
6.911679247065299592e+01
6.853680548720308252e+01
6.847121186275282412e+01
6.926002552910094323e+01
6.923696722392568859e+01
6.998197949559296660e+01
7.005465947425406625e+01
6.947835689606935716e+01
6.938145404672020788e+01
6.891528838257441691e+01
6.815605401812337050e+01
6.794703171843156042e+01
6.768101660799796093e+01
6.747567536643346386e+01
6.745971922168979518e+01
6.704561428235022902e+01
6.685145915635108338e+01
6.666068828643712152e+01
6.644521347412108980e+01
6.591476427071594912e+01
6.536616273109366659e+01
5.463913945655382065e+01
5.577905605535445943e+01
5.726547844682735189e+01
5.705867649648293138e+01
5.733422020924103890e+01
5.600038737911857822e+01
5.528305876345172010e+01
5.452696391554663080e+01
5.385397839555705701e+01
5.328791473514015564e+01
5.281437423545512644e+01
5.230394241183216764e+01
5.204538887485936272e+01
5.131627056329649150e+01
5.098384302321487382e+01
5.080024312957689858e+01
5.055628069350934339e+01
5.026096944765911445e+01
4.996099649623169370e+01
4.955752645880721019e+01
4.932798136898138353e+01
3.960598169731233043e+01
4.125501483416503845e+01
4.141734538292320877e+01
4.059484046664966428e+01
3.979515806525661503e+01
3.976607878672982821e+01
3.973020429387153740e+01
3.921720189439982818e+01
3.892319285768208204e+01
3.893384084599276207e+01
3.867635190962209180e+01
3.852176586093067101e+01
3.822573989746196332e+01
3.809436369807838929e+01
3.772496360646434255e+01
3.741175367201941526e+01
3.725957679363904163e+01
3.706048145016936246e+01
3.684936785615946775e+01
3.646431493221655984e+01
3.609041386488932801e+01
2.964962168994461322e+01
2.783525584494037375e+01
2.862589340934377447e+01
2.837967928983737664e+01
2.841713061987426414e+01
2.860911329553238147e+01
2.862698522513167987e+01
2.883484847063241219e+01
2.877399308545041379e+01
2.884463010486206613e+01
2.901974637834557669e+01
2.886232248003861400e+01
2.860622654409574039e+01
2.840040484557587419e+01
2.828382048069100918e+01
2.824072052382731712e+01
2.825609441727807436e+01
2.821324638543498153e+01
2.799979311586210073e+01
2.784844497815231890e+01
2.771005435544360296e+01
2.589974319250685397e+01
2.274145987351993625e+01
2.251584924659618636e+01
2.392278245958416605e+01
2.381925531274648478e+01
2.387847347414373900e+01
2.379979800228148079e+01
2.364343848415857607e+01
2.366638976445934262e+01
2.403453143321923591e+01
2.454483946650496762e+01
2.420163660954427343e+01
2.434200524275190247e+01
2.427813570491264983e+01
2.400188645392979225e+01
2.398021474821367249e+01
2.406358916207355847e+01
2.389243780170494347e+01
2.387026235294631604e+01
2.373533428021138292e+01
2.345987153098100819e+01
2.109407367334522476e+01
2.230297071597717462e+01
2.335130054399898825e+01
2.247976570947897201e+01
2.287801589984152528e+01
2.219422249243021028e+01
2.240421946476698523e+01
2.244880619912551722e+01
2.203272936331875087e+01
2.165243838714506097e+01
2.173308527821611591e+01
2.209999308673625862e+01
2.196828206009755391e+01
2.180279861241458406e+01
2.164429803434348543e+01
2.162304113901361191e+01
2.147591667943480331e+01
2.138853731218349097e+01
2.117117753392945190e+01
2.108068194303258736e+01
2.081230131519526694e+01
2.424032758071150084e+01
1.932860777299299215e+01
1.904991333471556558e+01
1.866016918795072144e+01
1.820599459296878919e+01
1.847304359908863702e+01
1.879321178181922392e+01
1.900460869472501457e+01
1.917600430923851107e+01
1.927503293553519015e+01
1.970965717420385488e+01
1.967737280476087136e+01
1.948584821554258895e+01
1.954385588601552826e+01
1.952776234895865670e+01
1.938160034562785228e+01
1.922434529561949645e+01
1.921382398751754295e+01
1.912943625780161483e+01
1.907600231383314338e+01
1.889032827190753849e+01
1.997570507669912132e+01
1.840560850516567371e+01
1.882567138196065670e+01
1.936034839214649494e+01
1.871191290236397720e+01
1.807869324414609125e+01
1.752308730273171378e+01
1.747594462520828884e+01
1.763703576261493211e+01
1.742215882788095982e+01
1.750009728199924908e+01
1.738283875031847714e+01
1.737564097529570262e+01
1.760666483672563132e+01
1.771792335904163451e+01
1.764539256717606719e+01
1.766516651134487148e+01
1.793486099782305132e+01
1.792685679667319221e+01
1.770756470730011500e+01
1.765684964402146306e+01
2.745715201824179630e+01
2.182002212302057842e+01
1.911676933815654422e+01
1.805597927031341499e+01
1.746484105902395356e+01
1.719740367631838041e+01
1.790603062190122685e+01
1.777045457901887104e+01
1.740169787400336432e+01
1.726414310291273324e+01
1.740549086387382260e+01
1.722334174879762969e+01
1.727633551668696654e+01
1.720766527895228748e+01
1.709059475584417598e+01
1.702997285085022128e+01
1.688720509809146009e+01
1.676848458229476790e+01
1.671957777087330044e+01
1.675371400514030285e+01
1.652386694017388891e+01
1.513968332434752284e+01
1.738176619490686647e+01
1.873893208714491365e+01
1.772848162820753615e+01
1.665599533565298884e+01
1.668269307445438088e+01
1.680960680070834457e+01
1.640275610266499839e+01
1.584882132200188920e+01
1.589241213406157982e+01
1.542636443298645688e+01
1.564640231169224549e+01
1.568016959253825249e+01
1.568413166414464399e+01
1.576511728464610407e+01
1.591169645655060272e+01
1.577006219999071668e+01
1.565085916149990730e+01
1.563949928748424867e+01
1.572427042256076923e+01
1.561565902532873729e+01
