6.915686465105002299e+02
6.891984429146965567e+02
6.869164573903208293e+02
6.845617820420403632e+02
6.819880827534265109e+02
6.792808900261297822e+02
6.765122622894997448e+02
6.733573422398548018e+02
6.701276661178651466e+02
6.664098967482568696e+02
6.624302952344768300e+02
6.578854164257955972e+02
6.527002292029183081e+02
6.470756409745016526e+02
6.409594726140679768e+02
6.337624945490855453e+02
6.258623064326944814e+02
6.165986938178529044e+02
6.071099759031468466e+02
5.964341224382055771e+02
5.854808831655135464e+02
3.316769073498656439e+02
3.539367773737971561e+02
3.459719992404989171e+02
3.400097232405772161e+02
3.466324145512153336e+02
3.475471368600026949e+02
3.480163587966224554e+02
3.485087726489836086e+02
3.475479076634708235e+02
3.440256661372122267e+02
3.439118998368977600e+02
3.445282014269937463e+02
3.435126545042193129e+02
3.422577417398857165e+02
3.431734808451464573e+02
3.411497290911454456e+02
3.399930852965563304e+02
3.402372267917841668e+02
3.408070335884801807e+02
3.409633506984311566e+02
3.396597076581905412e+02
3.308373820701395971e+02
3.527803272120503948e+02
3.456488655457494588e+02
3.432210641576243120e+02
3.460682678515465227e+02
3.412307648278847978e+02
3.387021734005056146e+02
3.365484634806471718e+02
3.337263008546811989e+02
3.349084382571065817e+02
3.315321244909441702e+02
3.321878563991776332e+02
3.311710328738207636e+02
3.297242655023646307e+02
3.304924279206054507e+02
3.311371956520368371e+02
3.297774867788098163e+02
3.301738712068853374e+02
3.288419708928058185e+02
3.279603381803829620e+02
3.279668377678802926e+02
3.197917389055565422e+02
3.175058681338458086e+02
3.145500783751789982e+02
3.160040675237738128e+02
3.174607396100856249e+02
3.218911824421143137e+02
3.198153610474420816e+02
3.240264674963447646e+02
3.260085488658780264e+02
3.255052724010070619e+02
3.240074839880326181e+02
3.244435749301620717e+02
3.215304742270139400e+02
3.205363475255657022e+02
3.202219140568028592e+02
3.191147664619323336e+02
3.184633274750569285e+02
3.184848122653843916e+02
3.171178517400560395e+02
3.157005917969426605e+02
3.150074872030071447e+02
2.844294167020018449e+02
3.060502417029811681e+02
3.075243693820668227e+02
3.073086605350417813e+02
3.040338177993684212e+02
3.047662739350429888e+02
3.019549286959284586e+02
3.010001166942208783e+02
3.013219933122102816e+02
2.985910576896837370e+02
2.989649709746603321e+02
2.976352860014546877e+02
2.961539496715745372e+02
2.962385112982229316e+02
2.969058935652528817e+02
2.968982158795986948e+02
2.972316451024535127e+02
2.962746074487727697e+02
2.954935414641009288e+02
2.955072743070562638e+02
2.950765217327363530e+02
2.513079025201009529e+02
2.690587646987102630e+02
2.816356467095130256e+02
2.862524045022574342e+02
2.829920288894058444e+02
2.817270250916679402e+02
2.822606378039565698e+02
2.812269228514690553e+02
2.787835180746614014e+02
2.776300066142123910e+02
2.773067058163009619e+02
2.765728271354857952e+02
2.749942507921289803e+02
2.729796407642210738e+02
2.717679729224708467e+02
2.711149474127212216e+02
2.702245360494807187e+02
2.689365660621112966e+02
2.673148492436704373e+02
2.665085739594813958e+02
2.654741962184136241e+02
2.413767580814127882e+02
2.467426354811238980e+02
2.394090894156867648e+02
2.390750177991773739e+02
2.390799488661953944e+02
2.344065860878816352e+02
2.374757676061386462e+02
2.359956076331661734e+02
2.378150940621276561e+02
2.365729683619450441e+02
2.359665451892350063e+02
2.356997033363052196e+02
2.348601008261204015e+02
2.331762187716858250e+02
2.312497575724591456e+02
2.301792501671502293e+02
2.292077009391074682e+02
2.277043422930599377e+02
2.269295792363890030e+02
2.258503884470454182e+02
2.244664446680776564e+02
2.029668882052091021e+02
1.968465910003596093e+02
1.969383946659590094e+02
1.961384132723138123e+02
1.948927185146578722e+02
1.956709482386731622e+02
1.942993148893062028e+02
1.936396948245474618e+02
1.928009557115009329e+02
1.917072496724954078e+02
1.910482448276052594e+02
1.904312989482472744e+02
1.886789482230315969e+02
1.876229492981272813e+02
1.876455339887760942e+02
1.864278552892025971e+02
1.857165392259957457e+02
1.848473875181969390e+02
1.841088559922236527e+02
1.825297183624099659e+02
1.813731811076414715e+02
1.746868775289368045e+02
1.642118451046871996e+02
1.622366075467617748e+02
1.613419196261806690e+02
1.611522814122045304e+02
1.590543996872484627e+02
1.550129679218280501e+02
1.532996012000444921e+02
1.501356389805906701e+02
1.496261433133593357e+02
1.491818751617448129e+02
1.493034525219842692e+02
1.485241629107557912e+02
1.472099462926344131e+02
1.471941858543441128e+02
1.469367223630593458e+02
1.463789646997146860e+02
1.459127179527475278e+02
1.460077590129214968e+02
1.462829172923236456e+02
1.460598182509031346e+02
1.447924357035552134e+02
1.429798685615701004e+02
1.360914654952087801e+02
1.360997537868736345e+02
1.324900153434967365e+02
1.306464245719081134e+02
1.291561373963697008e+02
1.288779963907906563e+02
1.264250996764562416e+02
1.267216016689758504e+02
1.262408287051852511e+02
1.257144548752522297e+02
1.243778922919627519e+02
1.235769772571151748e+02
1.233574180717015452e+02
1.228581688471186055e+02
1.222587287964990992e+02
1.222679997789331026e+02
1.217139388092160459e+02
1.210714794514627215e+02
1.206035106959964480e+02
1.051491465237753147e+02
1.101846094579888700e+02
1.087617664976090452e+02
1.056015417124445719e+02
1.037228029554287048e+02
1.048792416512843602e+02
1.046645164256616880e+02
1.042686065916566491e+02
1.052059799660323449e+02
1.048719014119901516e+02
1.058688251563481373e+02
1.043626005038359068e+02
1.031882011352306563e+02
1.023506282826055980e+02
1.022413329197508176e+02
1.020762475134737741e+02
1.011215343892457952e+02
1.018847882156593840e+02
1.015648248659231285e+02
1.010641313968215798e+02
1.003717240903187928e+02
1.057012040090222342e+02
9.968942357691071265e+01
9.566490420951268447e+01
9.373096390875511474e+01
9.332594877633856356e+01
9.208775199251380172e+01
9.327584209550569483e+01
9.187396723452378922e+01
9.155492366015675998e+01
9.259745768970233826e+01
9.211670913760731594e+01
9.130062445170757712e+01
9.105356102031959153e+01
9.022780417306375966e+01
8.981680695034226858e+01
8.935643213161382903e+01
8.944060738896105534e+01
8.903601892758054248e+01
8.858451296768625127e+01
8.793889177577308658e+01
8.774190148163009439e+01
7.047280724777849059e+01
7.872695876601078169e+01
8.201489254618864777e+01
8.166897996435241680e+01
8.370052700449080874e+01
8.467119561845427711e+01
8.223743683150901518e+01
8.284934863426960305e+01
8.247928991562658041e+01
8.277678296793165202e+01
8.412579792002274814e+01
8.362366807981049988e+01
8.215913068867830304e+01
8.156657705399371139e+01
8.179338405685788871e+01
8.161284523890030584e+01
8.143563212262499462e+01
8.044463922260790412e+01
8.012108170804421547e+01
8.053913006956403819e+01
8.077221714482962511e+01
7.450248448831180781e+01
7.787030308701211823e+01
8.195555885258116291e+01
7.849554937676566624e+01
7.865790974377860323e+01
7.716935843434499986e+01
7.648795552967818878e+01
7.500531975413618113e+01
7.381722948210340007e+01
7.461636274149969950e+01
7.482689813266865997e+01
7.465054783455610732e+01
7.438505226883792432e+01
7.494533018162904625e+01
7.582364720342282283e+01
7.568910144910135784e+01
7.523217453512603470e+01
7.501482782805474869e+01
7.543695201890108137e+01
7.504190893940082674e+01
7.490204209844053196e+01
