1.723627375198464335e+02
1.709896768830053873e+02
1.696477534754443468e+02
1.682852538214802678e+02
1.669355269535464004e+02
1.653716012747466095e+02
1.638213913903163643e+02
1.622079493228269200e+02
1.602639913314533544e+02
1.583761552313223717e+02
1.561853328343026135e+02
1.538663691703588370e+02
1.513262248679481843e+02
1.486630702359796885e+02
1.459158166342811285e+02
1.430174293496407358e+02
1.401055040597653658e+02
1.371848301183127887e+02
1.346865999732859223e+02
1.324800568592964964e+02
1.306209180992171355e+02
9.899818701669568100e+01
9.976183197825329785e+01
9.706463166412038390e+01
9.541723431409360501e+01
9.343837929273900045e+01
9.228333907121032098e+01
9.166629600264516853e+01
9.134783040038874447e+01
9.103583298469953888e+01
9.065138158845729777e+01
9.055535788039428269e+01
9.058240425575273491e+01
9.005044900125977847e+01
9.027197794377313755e+01
9.028146598667356670e+01
9.034130696815040551e+01
9.020755782667083622e+01
9.046047849461237433e+01
9.029350419521840365e+01
9.018926959071717420e+01
9.003289003815035585e+01
8.337093038018133484e+01
8.564287598363574716e+01
8.527885060822821117e+01
8.619228617355238953e+01
8.626082366739385066e+01
8.670933128663774880e+01
8.652331738809060369e+01
8.657773468004927508e+01
8.654658456260521859e+01
8.648794182154796317e+01
8.686705633632517731e+01
8.694981029689834884e+01
8.695545597872819599e+01
8.694935843653290419e+01
8.671895173459725470e+01
8.655426562389531853e+01
8.640575233626370277e+01
8.651611068870933252e+01
8.636692459799678545e+01
8.613347610949823263e+01
8.633274828731511263e+01
8.117966674887043155e+01
8.070793845523304810e+01
8.053273403029834299e+01
8.121127176642765733e+01
8.203545770264543080e+01
8.137127228921794142e+01
8.192120082720795438e+01
8.209701916562252677e+01
8.277106065426022496e+01
8.262290612557711711e+01
8.247247791614729806e+01
8.220359435397784864e+01
8.206953301967057257e+01
8.190372899835958265e+01
8.193071305116792757e+01
8.169445508103954978e+01
8.213431384410245073e+01
8.197279269334913465e+01
8.186188624652092471e+01
8.178949264414123377e+01
8.178749416251049809e+01
7.428845956074731305e+01
7.743387029632914675e+01
7.770969051186774834e+01
7.761886145969548068e+01
7.772907483410986629e+01
7.729352545156994836e+01
7.677404778555400355e+01
7.707810386704332473e+01
7.718009411282513099e+01
7.726228640818754911e+01
7.699825971028566585e+01
7.703684152842546951e+01
7.684190212592980629e+01
7.699224985265340138e+01
7.705737495033669404e+01
7.690977941950849583e+01
7.672307484565678237e+01
7.687471083093359425e+01
7.676742679958815074e+01
7.654610792880858128e+01
7.620205222289190772e+01
7.090199800257965990e+01
7.230806123464950019e+01
6.987921452204621175e+01
6.951635500209098950e+01
6.949946586509670965e+01
7.040922805490249914e+01
7.101400643895873088e+01
7.097700933619667296e+01
7.135882580276469866e+01
7.088496372386453004e+01
7.070812320368584381e+01
7.052893590206181784e+01
7.034732791424407594e+01
7.022056330961068227e+01
6.989788518956270025e+01
7.003044006715862224e+01
6.989414983236902401e+01
6.964807492599457817e+01
6.948513665553961971e+01
6.934612283678963252e+01
6.931860078574615613e+01
6.472295318193883418e+01
6.584312307531681085e+01
6.339052478290365400e+01
6.315838526800028063e+01
6.398359676488524883e+01
6.358992069382024681e+01
6.382358242381736346e+01
6.389044029020175941e+01
6.352687344115483370e+01
6.376270932419349435e+01
6.370965835589356629e+01
6.338222592666915034e+01
6.331421100724730877e+01
6.342499374404596324e+01
6.307630484613349608e+01
6.265400710419343966e+01
6.223041131538968784e+01
6.236431993636198712e+01
6.198464106828374298e+01
6.207804086857881032e+01
6.221197590538508138e+01
5.821429005562168157e+01
5.932991995029608034e+01
5.933061058931286880e+01
5.963416164715406609e+01
6.037756978022811438e+01
5.959516359317110101e+01
5.928253148041220300e+01
5.911041345078978537e+01
5.855513177985508833e+01
5.830232263129371262e+01
5.818344752808584985e+01
5.791152348745450240e+01
5.757796511592341915e+01
5.754228000013358013e+01
5.738099885480603035e+01
5.699105871060054085e+01
5.673144963813896879e+01
5.652656804014830527e+01
5.627911206620419904e+01
5.601750931435342551e+01
5.591095288455472456e+01
5.771648415361481455e+01
5.236296241929469630e+01
5.153619834343455608e+01
5.186239508280484500e+01
5.182617938506599842e+01
5.119758589402866988e+01
5.086389904473919898e+01
5.079873854340323192e+01
5.197664687614777534e+01
5.188650166080220316e+01
5.199106079923495827e+01
5.163752244327833552e+01
5.153895002334207476e+01
5.136666246333298602e+01
5.126489309263024552e+01
5.115506435370595284e+01
5.079698682139726884e+01
5.083875012748408295e+01
5.071308061866137251e+01
5.060309416142992944e+01
5.061019586600789211e+01
5.022972987420305913e+01
4.615111696889226067e+01
4.692300438010281738e+01
4.786068643868054551e+01
4.735037159455571043e+01
4.677762779410723226e+01
4.699193736835700008e+01
4.702078240937160558e+01
4.695452154681522217e+01
4.676845782908986848e+01
4.674713664968814442e+01
4.668550616993865532e+01
4.703798772716981347e+01
4.696194894924377650e+01
4.726179011738651070e+01
4.729453622306784411e+01
4.710203784191045884e+01
4.679073069592463696e+01
4.681891600909302298e+01
4.675062215430833135e+01
4.674075773345332863e+01
4.673175511815898631e+01
5.033011118588775901e+01
4.953822182658485929e+01
4.791432311064745164e+01
4.694786227360420838e+01
4.636319256379819365e+01
4.611647026929574622e+01
4.567948875119371621e+01
4.523256186275656177e+01
4.503667761550335769e+01
4.497848219416316340e+01
4.500464736526335230e+01
4.467112968862164024e+01
4.441517574486726261e+01
4.413081806617874747e+01
4.409869601288357188e+01
4.408444189960157900e+01
4.401757060187645010e+01
4.410327906821652277e+01
4.377338208907310957e+01
4.372533280749406970e+01
4.318615808210761742e+01
4.573602126794046541e+01
4.344536270268744715e+01
4.262729551598071254e+01
4.218291097028949110e+01
4.184216006281951650e+01
4.186072373944367797e+01
4.207864390321221748e+01
4.197739444696927791e+01
4.220624485598439435e+01
4.216277740669942631e+01
4.190184817060408307e+01
4.197675926468131280e+01
4.186382244045242373e+01
4.179368891931171248e+01
4.164382041230367548e+01
4.167065755767315238e+01
4.161602137147030334e+01
4.166981682157033617e+01
4.169678902600061576e+01
4.154766570397396208e+01
4.528406212762932626e+01
4.035809145887672145e+01
3.951790066596168316e+01
3.982773084351082105e+01
3.944239040489259196e+01
3.966265651184359342e+01
3.938466989546526520e+01
3.959316959016370419e+01
3.912432550962315503e+01
3.930312741011748301e+01
3.923135160608222805e+01
3.941357852779983517e+01
3.965921787336354498e+01
3.982896379425460509e+01
4.004308731573960500e+01
4.017535873236821686e+01
4.017750488100237760e+01
4.024905840642248478e+01
4.027086012859908237e+01
4.022347736933138407e+01
4.007917108454378763e+01
