7.236913649738526146e+02
7.202353427677178388e+02
7.185138124707727911e+02
7.163522098581894397e+02
7.140974703077298500e+02
7.106444142606382002e+02
7.081821272835677519e+02
7.055939629618832214e+02
7.031255306071582254e+02
6.996707867041736790e+02
6.965606914082733283e+02
6.927765793697913068e+02
6.891224978833912473e+02
6.845826002579221949e+02
6.796895864178194415e+02
6.744034169532786791e+02
6.679291489765340657e+02
6.628015892309441597e+02
6.572703100914043262e+02
6.528205889740900147e+02
6.492919576075647683e+02
5.723129583511534975e+02
5.688022428488211517e+02
5.646599064258658700e+02
5.590306507088261014e+02
5.567212950219364984e+02
5.593819780526596332e+02
5.593725423791654521e+02
5.602164600221450428e+02
5.593037062912380861e+02
5.594725038609650483e+02
5.582293815934639269e+02
5.584054930941887278e+02
5.581577740492401745e+02
5.581843555986013143e+02
5.580522263504700504e+02
5.591920533935031017e+02
5.586777859124927090e+02
5.576164105996635953e+02
5.561863774143939736e+02
5.562869390241443170e+02
5.554630903444029855e+02
5.043764886487678041e+02
5.363705325403487905e+02
5.408610694000791455e+02
5.418815142607295456e+02
5.442116489459347122e+02
5.424020957308856623e+02
5.402888662385340695e+02
5.399718462578836125e+02
5.390243588517392936e+02
5.402684914310963222e+02
5.371441955724318404e+02
5.385856680708923250e+02
5.372412525379281760e+02
5.359450803345391705e+02
5.350981412722434243e+02
5.355775645850709452e+02
5.346566369494174751e+02
5.338501106217270262e+02
5.318083193972320259e+02
5.296317536916583322e+02
5.283685814362564770e+02
4.806619890602089527e+02
5.068834278595826390e+02
5.090575039077806991e+02
5.034292376676397680e+02
4.945562145676316845e+02
4.935953040358677981e+02
4.939215000404047942e+02
4.945444073188550078e+02
4.939444685352433453e+02
4.916675726172778695e+02
4.890716899348793731e+02
4.890252808864566987e+02
4.862042584670261363e+02
4.838745292442496293e+02
4.840004108304385682e+02
4.815478691158170363e+02
4.791781935397555117e+02
4.761060035684110971e+02
4.722345928065818157e+02
4.718444215967930404e+02
4.698998262412663394e+02
4.071657781351536300e+02
4.157110616224350679e+02
4.156755352489889219e+02
4.103668831513600708e+02
4.046496273587190444e+02
4.038749751622749500e+02
4.009723608794624283e+02
3.952911689384809506e+02
3.906731485891646116e+02
3.894679189775803252e+02
3.837020429944022339e+02
3.773781100831190543e+02
3.746508502897895028e+02
3.729341490433568538e+02
3.691713645887459165e+02
3.671584674436860496e+02
3.644690519697044806e+02
3.625795846569995433e+02
3.608886979578201135e+02
3.591229374392989939e+02
3.567588661525424527e+02
2.649186239450968969e+02
2.777722061943672429e+02
2.825928493713174134e+02
2.812698587350906791e+02
2.777686429922110278e+02
2.730924455765537573e+02
2.770944078956924841e+02
2.728526904955278951e+02
2.693428552151704594e+02
2.703888030426379032e+02
2.668816988247799600e+02
2.645446344754111010e+02
2.623609931760219638e+02
2.621381401866648844e+02
2.617067077226056995e+02
2.600148895606768065e+02
2.573783838383575926e+02
2.550536632498235008e+02
2.543236202638102839e+02
2.516357803502837953e+02
2.489166752229537281e+02
1.804314975801662797e+02
1.995422701095692730e+02
2.068167522753161904e+02
2.215359048328928395e+02
2.241764563410461903e+02
2.276853132497537899e+02
2.237378937439443973e+02
2.205550877756542150e+02
2.192072926604516283e+02
2.153862157467759175e+02
2.147571464676151720e+02
2.132559332046934628e+02
2.127175832178955091e+02
2.117444290839463008e+02
2.098281495991929262e+02
2.084347993542469624e+02
2.056658706323865999e+02
2.044919829463916301e+02
2.024244776344715433e+02
2.021520394824419213e+02
2.012292998095252301e+02
1.752174530208634451e+02
2.036076502348941233e+02
1.954570473301267270e+02
1.868167014444028382e+02
1.872827564439573109e+02
1.857143992079487873e+02
1.804446579752697630e+02
1.776303843979627288e+02
1.760017946827680362e+02
1.768993711734487135e+02
1.753226990436306494e+02
1.760709144136260704e+02
1.758473700252909282e+02
1.747153690251288936e+02
1.734856605747381479e+02
1.780794322151614324e+02
1.776119172090976690e+02
1.771661963776927848e+02
1.820915890801099408e+02
1.822696868447449106e+02
1.808459041503204503e+02
1.424446638706499755e+02
1.627402021708324753e+02
1.783681819195812466e+02
1.821027884811104798e+02
1.769236656228969480e+02
1.748192230241187133e+02
1.716711301367192277e+02
1.702004652948814964e+02
1.684801647861102367e+02
1.682569127616712592e+02
1.675579818484391694e+02
1.678038681025257972e+02
1.672671425114623389e+02
1.676453256512479300e+02
1.667534786331276848e+02
1.664614505294822777e+02
1.663122762119837148e+02
1.662729642830454964e+02
1.657669344631142394e+02
1.717154851234564603e+02
1.714650852699354857e+02
1.755039247993655636e+02
1.856877762878302462e+02
1.772115314922935454e+02
1.694922117945730804e+02
1.654219834509879377e+02
1.630574718982903164e+02
1.843843533294152621e+02
1.808198533462364708e+02
1.789997490034113241e+02
1.770104489371833836e+02
1.770682613886137347e+02
1.762532642833903935e+02
1.751123019917151566e+02
1.746179382182609459e+02
1.738009801819192148e+02
1.734145946046927236e+02
1.743837252714354520e+02
1.724693591392087058e+02
1.714740024845174844e+02
1.701238733996131600e+02
1.694485128539527921e+02
1.944997530466992828e+02
1.714546499208966281e+02
1.636877010854530283e+02
1.586984729475674385e+02
1.600437408592887323e+02
1.590672298579925155e+02
1.561860629629319703e+02
1.536929549857435688e+02
1.506679514497863011e+02
1.588337571449231120e+02
1.597276718636179851e+02
1.604683845436677814e+02
1.602154849690774086e+02
1.599995073824336203e+02
1.589295376178139350e+02
1.585697382708157193e+02
1.631101348177323871e+02
1.625549952374617817e+02
1.617932901473698166e+02
1.602189043128338994e+02
1.589744273759428381e+02
1.287481708942895864e+02
1.337449628794278738e+02
1.557496347378198891e+02
1.633943078464793928e+02
1.568237411474255509e+02
1.560247101313683800e+02
1.555268399570527151e+02
1.559001691233905831e+02
1.554170003583709843e+02
1.529484317725591893e+02
1.502600950631930345e+02
1.506225892080500728e+02
1.495183660517035094e+02
1.490654105957132458e+02
1.495919117141240520e+02
1.489597306938468932e+02
1.508749396801831608e+02
1.524512370663811112e+02
1.525273358024101356e+02
1.521492157598770234e+02
1.520553398060972086e+02
1.608746673846730459e+02
1.429431575769071685e+02
1.417260870073794479e+02
1.425410128796037554e+02
1.576430019763833457e+02
1.574573592548020429e+02
1.537809158312827833e+02
1.543022992226198653e+02
1.536446032824882195e+02
1.509333417591979014e+02
1.483519948036199878e+02
1.475161274063460723e+02
1.473073985823029943e+02
1.467150653901624082e+02
1.490538833267969778e+02
1.476622904477756038e+02
1.481176848907537362e+02
1.482286858273227494e+02
1.472633792543594495e+02
1.497087502671201946e+02
1.500093341830755662e+02
1.346629211943107407e+02
1.423001884291988972e+02
1.367722780982059305e+02
1.357376597414113917e+02
1.384374958772388311e+02
1.384162459137050973e+02
1.399574628019714453e+02
1.412020185650485189e+02
1.421360647788643234e+02
1.418968376371959721e+02
1.425538783831621856e+02
1.443798502166149831e+02
1.437097145728633620e+02
1.443136086291016511e+02
1.460603813833924391e+02
1.459139517989885917e+02
1.454432053502548285e+02
1.489378860444337249e+02
1.489125393834872852e+02
1.482886050302363401e+02
1.476405718161391576e+02
1.418533438356938348e+02
1.458220051815298177e+02
1.414034344290721208e+02
1.408139153049808954e+02
1.378809552174310227e+02
1.348344114575246522e+02
1.348996905199469154e+02
1.437904391696906714e+02
1.444456439770825398e+02
1.461946260163303748e+02
1.437155711781761056e+02
1.434230808972323246e+02
1.423298773516393965e+02
1.419810178779620458e+02
1.408811335205770092e+02
1.398591519774562926e+02
1.402530999179431888e+02
1.403857779418615905e+02
1.403048893467455969e+02
1.451050547783671902e+02
1.453434253654086206e+02
1.671758355877554720e+02
1.445541814685227280e+02
1.466043566324929373e+02
1.436292578060381402e+02
1.442348878414584590e+02
1.486671969825484041e+02
1.468763682021398154e+02
1.426744720084170126e+02
1.481758392629886316e+02
1.473910403392854676e+02
1.478803594561515808e+02
1.476196769161440159e+02
1.450450962309420788e+02
1.444964382294781160e+02
1.432054488672773402e+02
1.430442765927553808e+02
1.428923926928092669e+02
1.418379611172298382e+02
1.412917008723686649e+02
1.406344244988782464e+02
1.401624762155515498e+02
1.522987295117548570e+02
1.283518594787271070e+02
1.275746738644143790e+02
1.260207975664082056e+02
1.364569819710030458e+02
1.382396353745099873e+02
1.413671825997122369e+02
1.389729834377051247e+02
1.386054336327561316e+02
1.375252416816846903e+02
1.375355523314287609e+02
1.369139343180554533e+02
1.359506494292336072e+02
1.368240149750740500e+02
1.368759042532419699e+02
1.369643864509293962e+02
1.361301534082868727e+02
1.355946495183603702e+02
1.365527348138301988e+02
1.357215197762145351e+02
1.358745941462171061e+02
1.287759649529614308e+02
1.193393533532186410e+02
1.222363183294289968e+02
1.224587708007576339e+02
1.279163920599458351e+02
1.389054853500882984e+02
1.410975169409107934e+02
1.395362827176121243e+02
1.388962109841516508e+02
1.380814225474169916e+02
1.362909683067309174e+02
1.371980321803681022e+02
1.373227050519200816e+02
1.373418083252385031e+02
1.361505468758653876e+02
1.355486371613354777e+02
1.351091537643109746e+02
1.349264563318126591e+02
1.355846681586047282e+02
1.355911918024678755e+02
1.362394134700094241e+02
1.227945930824973146e+02
1.263227495114455365e+02
1.323214485839063741e+02
1.258565267715985954e+02
1.319363520282961417e+02
1.305115128578165695e+02
1.309992013937787760e+02
1.293138087990523104e+02
1.269774896804439521e+02
1.292412264513721993e+02
1.291235888289458842e+02
1.277432903940836439e+02
1.303628404225954682e+02
1.299066801663984450e+02
1.312849281040566041e+02
1.311901645128409370e+02
1.313250089975311994e+02
1.336342017228653560e+02
1.329159953614319818e+02
1.332947635903903461e+02
1.334381915521969688e+02
1.129128385664993459e+02
1.200095941368897314e+02
1.258136224884691927e+02
1.248437512785196333e+02
1.232060766474386213e+02
1.239484580504754376e+02
1.271237175035779785e+02
1.251754457822991071e+02
1.254863361843768530e+02
1.285251016637426460e+02
1.270483741709763308e+02
1.313746773827686241e+02
1.322473646540996697e+02
1.314422177633439048e+02
1.307128939593751227e+02
1.326167907678987490e+02
1.319912843091857155e+02
1.312445971095182813e+02
1.310914523968788217e+02
1.309466920386068409e+02
1.302341492233288989e+02
1.230531133847452878e+02
1.247246827470066535e+02
1.282923740948348268e+02
1.281753119442274738e+02
1.270441577787051273e+02
1.293461433028067233e+02
1.323073814685039622e+02
1.303923670384578770e+02
1.298632107195500396e+02
1.282793066761345813e+02
1.278900376302291875e+02
1.267361627995134086e+02
1.284618293466987495e+02
1.277986840627593779e+02
1.287161138519740007e+02
1.278213757425182564e+02
1.340505389514111982e+02
1.338261429437208676e+02
1.337376072743636826e+02
1.335966140172389487e+02
1.331409667644604156e+02
1.156473538137512662e+02
1.377123157668062561e+02
1.338132945131308986e+02
1.313124227419446584e+02
1.313567659823896179e+02
1.361352912621778160e+02
1.331640184310329573e+02
1.323000830467175888e+02
1.317256276697783903e+02
1.318418295377871630e+02
1.322944867040206418e+02
1.323493467452808261e+02
1.304792227562685980e+02
1.311544955129475909e+02
1.302416886807956757e+02
1.306239975479979591e+02
1.301012663060851366e+02
1.285053417995536336e+02
1.282930289033811562e+02
1.274955486130576361e+02
1.300954481313934252e+02
1.486669962490702233e+02
1.363003115576120194e+02
1.355499331961165979e+02
1.255684499220385817e+02
1.193719037749445704e+02
1.187894410125315119e+02
1.212826033061105306e+02
1.214140074075253324e+02
1.277318746882895937e+02
1.264186955738937428e+02
1.250478420680319829e+02
1.269898356874851544e+02
1.265531305724994979e+02
1.270878147221390293e+02
1.263457414617479628e+02
1.249250741830075100e+02
1.253456329647612506e+02
1.253993438560619467e+02
1.252713622384059704e+02
1.248755390843747364e+02
1.286862203118406569e+02
1.443672020919629233e+02
1.400032419667720092e+02
1.341633921314601707e+02
1.268338140589920471e+02
1.303123814387992070e+02
1.308876140857639143e+02
1.309899229723158953e+02
1.349165865641848541e+02
1.330006654207213046e+02
1.324214076007870631e+02
1.348972903896975595e+02
1.337192551901082140e+02
1.321756271046849065e+02
1.317251982736688376e+02
1.311839770204017555e+02
1.303050991355760573e+02
1.293723863052956631e+02
1.297099100597941685e+02
1.287408732157275892e+02
1.303685023619502488e+02
1.291638767566993522e+02
1.383208268594508468e+02
1.257660597255987227e+02
1.239536812250681947e+02
1.240597385877064056e+02
1.312284697789967538e+02
1.339591401492496914e+02
1.297828238397935365e+02
1.336388220729562875e+02
1.319202909479441530e+02
1.296289003045783375e+02
1.285662092281310436e+02
1.280739573968309344e+02
1.279636093662590355e+02
1.277505532452301651e+02
1.263758146995527341e+02
1.254866712316547250e+02
1.254246597671703825e+02
1.264322320607736998e+02
1.269296107655213461e+02
1.263782566736809230e+02
1.271379758829203439e+02
9.011813960307490845e+01
1.029715481073486956e+02
1.054008846831177664e+02
1.110930760042714240e+02
1.161399710710184934e+02
1.177804365412607979e+02
1.158970199030045762e+02
1.146859820149630309e+02
1.195372157638398676e+02
1.228963809141950208e+02
1.226036116652141459e+02
1.215521822834000574e+02
1.217683727265574163e+02
1.220711315468488039e+02
1.227246749504134584e+02
1.229721379938796417e+02
1.229033604287083534e+02
1.225505010482324764e+02
1.233289690346697967e+02
1.229996666605334354e+02
1.235292549014897645e+02
1.356882005819507242e+02
1.199667659496845431e+02
1.318685575741620823e+02
1.307365935429079968e+02
1.295726813697446289e+02
1.272481554950965119e+02
1.268485069013335789e+02
1.319722728777794032e+02
1.296643533325226372e+02
1.289657736396260361e+02
1.279619479582356121e+02
1.300183700441756400e+02
1.283541731998824105e+02
1.298491648267270762e+02
1.293316267612836157e+02
1.286922156391963483e+02
1.290089256422875792e+02
1.275718681052536567e+02
1.267099483840618035e+02
1.260449116440627932e+02
1.259672911979092902e+02
1.335084544962616633e+02
1.226502794500098048e+02
1.486752854763157075e+02
1.525941943345124230e+02
1.480348160286858956e+02
1.464300987935280318e+02
1.415350284667002541e+02
1.356048675363480243e+02
1.333469059622773898e+02
1.326322756740311206e+02
1.308405246763364005e+02
1.284720625252918182e+02
1.278131618097228426e+02
1.275461836832460136e+02
1.275367369188905968e+02
1.257168180563503341e+02
1.273807485469324519e+02
1.277710322467681863e+02
1.284668491670450123e+02
1.287876783814180612e+02
1.280557290889492776e+02
