6.915385088795603679e+02
6.891601878412586757e+02
6.869810513367007161e+02
6.844783397006297037e+02
6.820958709233101445e+02
6.792823113920965170e+02
6.765535900651956354e+02
6.735361967624845647e+02
6.702308133222129527e+02
6.666015084251156395e+02
6.626165096563627230e+02
6.581385704906700767e+02
6.529747965032557886e+02
6.471450469994053947e+02
6.404384089127910329e+02
6.331406874183116997e+02
6.252174030230265771e+02
6.163518935692109153e+02
6.068215778536856533e+02
5.963541271333904206e+02
5.863793547129293984e+02
3.679850675217716116e+02
3.521229900240426218e+02
3.555028415858999438e+02
3.541144420604883862e+02
3.545263386071013656e+02
3.520822960429798059e+02
3.547679005743202083e+02
3.527269786817784052e+02
3.488340660922648908e+02
3.479657123124858913e+02
3.461798346606746009e+02
3.435579807976190523e+02
3.400295360043859318e+02
3.408638576257097270e+02
3.399764926052798728e+02
3.404354169909078678e+02
3.403653246601202227e+02
3.399276713465366129e+02
3.394027616833845400e+02
3.392589981911477253e+02
3.382490471946364323e+02
3.009425853290457553e+02
3.021832840859697740e+02
3.147223742870438628e+02
3.153817580280314132e+02
3.157325586793989487e+02
3.162348438677850027e+02
3.228108042406592517e+02
3.228352186729413233e+02
3.255716647193195286e+02
3.290524503776699135e+02
3.290366443489019730e+02
3.300596158601831007e+02
3.305379593168839278e+02
3.313719141940358099e+02
3.307222872408100329e+02
3.311496294102958586e+02
3.312294870310262809e+02
3.320539229615138197e+02
3.313472504059712946e+02
3.311028117122698973e+02
3.305808926122240905e+02
3.127776812432950351e+02
3.150188261565008361e+02
3.190258780346894127e+02
3.250729946375034842e+02
3.255096831952150183e+02
3.262162463749862695e+02
3.249560267778055618e+02
3.271261040606902952e+02
3.269623717719507567e+02
3.272099774082414569e+02
3.255604815452005028e+02
3.242962732429330117e+02
3.231027751966628330e+02
3.208947869821234349e+02
3.186269427598185757e+02
3.173787105206383217e+02
3.163818142736209893e+02
3.168135176579697827e+02
3.176976999995201254e+02
3.192880383628171330e+02
3.206564114325363448e+02
3.211946530361283862e+02
2.940799024614556174e+02
2.981223243507550933e+02
3.068073954896444206e+02
3.113311379261951402e+02
3.119895510110787882e+02
3.117267983508347697e+02
3.100655307725344869e+02
3.110260224675116660e+02
3.124101732357047467e+02
3.106266266787436052e+02
3.138956513092479099e+02
3.136649873111128386e+02
3.124196438027343561e+02
3.133558034775036845e+02
3.122045433230667300e+02
3.113816471098296006e+02
3.123412135058999866e+02
3.118686309231433711e+02
3.125051277632066444e+02
3.113356611025504321e+02
3.238307049323163938e+02
3.085077396416129432e+02
3.112294021721590411e+02
3.107699709095246021e+02
3.039198304922023226e+02
3.033429756505781256e+02
3.033532592810704500e+02
3.026005701709790401e+02
3.022057294720869436e+02
3.029733604259055824e+02
3.038042433365628199e+02
3.038100680494546850e+02
3.037989076723567905e+02
3.039847482189635457e+02
3.043754931656831104e+02
3.050158610857222357e+02
3.045862945626417400e+02
3.041709885678891965e+02
3.025578979856387036e+02
3.021190458587799981e+02
3.002301022401463229e+02
2.718896461302682042e+02
2.937153748993177942e+02
2.941196081105040321e+02
2.938851649737649723e+02
2.944088201874110382e+02
2.915332989243632369e+02
2.920543501177064627e+02
2.915228298897289960e+02
2.926851885000407378e+02
2.926263987013857673e+02
2.932296933796022813e+02
2.914792206578908917e+02
2.911566642630763226e+02
2.906060682202270868e+02
2.909523093497930404e+02
2.903407773040380562e+02
2.897931608389549751e+02
2.906007404116244288e+02
2.887907710711432969e+02
2.881178756090071715e+02
2.888900774624308951e+02
2.752099116213568664e+02
2.989734840394001480e+02
2.840987798708715104e+02
2.868682626497744650e+02
2.832876913511559565e+02
2.806788014995645426e+02
2.846276963102128548e+02
2.842309721216672074e+02
2.815922004199641151e+02
2.835804183159026479e+02
2.819400528363206604e+02
2.823974216673518072e+02
2.819092999715239785e+02
2.808646279906093923e+02
2.812582094205194494e+02
2.814536061888332483e+02
2.810225406316764634e+02
2.794063323870802833e+02
2.788653542545346795e+02
2.788901361813032054e+02
2.772732225015888048e+02
2.715934444777276440e+02
2.611278080746236583e+02
2.750009520573585178e+02
2.737944713776747676e+02
2.672426058806603919e+02
2.663916382805983858e+02
2.677816015686524906e+02
2.656014186099876611e+02
2.655373830038164442e+02
2.662223536106762367e+02
2.664658246564125648e+02
2.662873637449694115e+02
2.660538851681629353e+02
2.648264681717628264e+02
2.662023207568276462e+02
2.671006018756592653e+02
2.666146740826309838e+02
2.665659083242422867e+02
2.665639474415926315e+02
2.660579584595388383e+02
2.667202771182537617e+02
2.966580786600152351e+02
2.776532283406050396e+02
2.692086886149730276e+02
2.658523587871299583e+02
2.680027912467789974e+02
2.653498211935404925e+02
2.645341078963763835e+02
2.619218342886894106e+02
2.633437997647345696e+02
2.625007060813877615e+02
2.604070638961043755e+02
2.592313656762279948e+02
2.595226793409544825e+02
2.602926950923267668e+02
2.591911796865927045e+02
2.575679551114463948e+02
2.566767309149586254e+02
2.576925578152852836e+02
2.568533502942089513e+02
2.576239934914001992e+02
2.576910019797040832e+02
2.686626401866851097e+02
2.577718297542497226e+02
2.517804514680203170e+02
2.533308613708709629e+02
2.518581308655961379e+02
2.502499448490299017e+02
2.513699714421422016e+02
2.521911756940993428e+02
2.494636774902749039e+02
2.498230992231761149e+02
2.497546039230497001e+02
2.486711450899445026e+02
2.486214651525602051e+02
2.479680107884072129e+02
2.487990470648304608e+02
2.488546063130600885e+02
2.484143874881855254e+02
2.483175276369105404e+02
2.480499549118917741e+02
2.473512264926013415e+02
2.478463971166046065e+02
2.329606090754070920e+02
2.390960283081553257e+02
2.384782989381664891e+02
2.378827827090112805e+02
2.366141540482043695e+02
2.434885440232661153e+02
2.445534975003550073e+02
2.457657427734926898e+02
2.474017755248325727e+02
2.458326658756742233e+02
2.443384579174219766e+02
2.434815610750340795e+02
2.434107755762273371e+02
2.426602902107881334e+02
2.432853970939781618e+02
2.424258403191885236e+02
2.435848280436078994e+02
2.426115611950252742e+02
2.418428704911619889e+02
2.420674148667690702e+02
2.421832532372049798e+02
2.540739227277156260e+02
2.378487446299088219e+02
2.406554184130944805e+02
2.370974075988399932e+02
2.419394508507034516e+02
2.415285270145979837e+02
2.435595838077063320e+02
2.428556601726914153e+02
2.405594003505852925e+02
2.398162271068464406e+02
2.399696683593707291e+02
2.404431479334744211e+02
2.389322928097063539e+02
2.379306856016085874e+02
2.374495018560946846e+02
2.372809397588832212e+02
2.370518986919345252e+02
2.366900561022026181e+02
2.360746120861838619e+02
2.361030572282343201e+02
2.363010973073627667e+02
2.350070887555405079e+02
2.398361544293606471e+02
2.391465852340666061e+02
2.356914287661452931e+02
2.322916210383739610e+02
2.346959995580718612e+02
2.360824797285247598e+02
2.341929320577195881e+02
2.337891722793071949e+02
2.325591592655066222e+02
2.324963196667595184e+02
2.315848802473342118e+02
2.311260017756055731e+02
2.319016521520509286e+02
2.319625089117896550e+02
2.319784813940327695e+02
2.320903277570588443e+02
2.328648496828280940e+02
2.332883038123281096e+02
2.329253194557884399e+02
2.318227132017644294e+02
2.527402110157526067e+02
2.404159108792138682e+02
2.388912700918318706e+02
2.332957662093796500e+02
2.276860570589240638e+02
2.254357855956612866e+02
2.287335733583028059e+02
2.264782783426400385e+02
2.254510581444932598e+02
2.253028718294974908e+02
2.265418130677574027e+02
2.273626710138749445e+02
2.278556510968862199e+02
2.274474141481256879e+02
2.251872878397169018e+02
2.254372209968419725e+02
2.256281578884853616e+02
2.258518202830935309e+02
2.257850963040261831e+02
2.260264118179450747e+02
2.272268455339987270e+02
2.476854434447769222e+02
2.304548821399862391e+02
2.276105521396276572e+02
2.289234549777103211e+02
2.242381348924199074e+02
2.235510524349748209e+02
2.218906797679400427e+02
2.211933676532777042e+02
2.221365584130264779e+02
2.212730859517459407e+02
2.211387961254787342e+02
2.211879442714180186e+02
2.217420894464086132e+02
2.227931944344867361e+02
2.220928606629840942e+02
2.238677629529328499e+02
2.241676748477447063e+02
2.239388923010261010e+02
2.241782943016841045e+02
2.244481399072020906e+02
2.247280084340267194e+02
2.428459739170657770e+02
2.303985957460952818e+02
2.209839036418187845e+02
2.211517034034426104e+02
2.236187143137888995e+02
2.236328086398955008e+02
2.217583474672347563e+02
2.224242610357246974e+02
2.236615781006867678e+02
2.239421271829172895e+02
2.234586171834247921e+02
2.230077522402291947e+02
2.231026994923312543e+02
2.222272415644014245e+02
2.235979964149190948e+02
2.236518923055454877e+02
2.232359036533316896e+02
2.225651467008023587e+02
2.230729561055308636e+02
2.228718165975285217e+02
2.221438769265160715e+02
2.337497117381115004e+02
2.304573831736346108e+02
2.242939260336856933e+02
2.208228596838269198e+02
2.202110369767594307e+02
2.180005065666609312e+02
2.177326018602948068e+02
2.165249878569135262e+02
2.170671117856021510e+02
2.168475441650698770e+02
2.177386008892675306e+02
2.183639439666595479e+02
2.196366130324722690e+02
2.197693156934751642e+02
2.205155595108661544e+02
2.213815686421197313e+02
2.223248316888969214e+02
2.218432607184243182e+02
2.217047638051657827e+02
2.212806498448389618e+02
2.204674286348091528e+02
2.187990486042632483e+02
2.280739207320442290e+02
2.278648597723077955e+02
2.238333515503560420e+02
2.242924395201499692e+02
2.244574410019553738e+02
2.247842389067033082e+02
2.235094765014794120e+02
2.221270243726664262e+02
2.238541673525565443e+02
2.223368458748657304e+02
2.208896568772625528e+02
2.212642018387223857e+02
2.209054895236875780e+02
2.220218692572335897e+02
2.209524527059997752e+02
2.206045773620168973e+02
2.195956532643984360e+02
2.184724120126020637e+02
2.191811438594106107e+02
2.185166037166343642e+02
2.341117692555195049e+02
2.286062108462400602e+02
2.282996363747737405e+02
2.247265773787555361e+02
2.246663781151706303e+02
2.228959012610017965e+02
2.226954165931625198e+02
2.207471534458412066e+02
2.208189355625224266e+02
2.197297570262811632e+02
2.201923083785832205e+02
2.212604468263457704e+02
2.212591904763577872e+02
2.194507124574357135e+02
2.186103529273693766e+02
2.183955522612735933e+02
2.189111013170148965e+02
2.185108954677820066e+02
2.187955754458299396e+02
2.179551784826788889e+02
2.177037133005381691e+02
2.333622697902314940e+02
2.179244116826123729e+02
2.123469942229907872e+02
2.125766890328276588e+02
2.158941626017229680e+02
2.132365197186127261e+02
2.114289934057544258e+02
2.134896209347826925e+02
2.133582090928406103e+02
2.145624245723812464e+02
2.147331161306154854e+02
2.164570891521519229e+02
2.169005852479469070e+02
2.171710401732175058e+02
2.180560837935335030e+02
2.175291034999764008e+02
2.174823512673478660e+02
2.164240345752901931e+02
2.164903855536118442e+02
2.164474604220258129e+02
2.161961042651431910e+02
2.204061588841075832e+02
2.072011565480470381e+02
2.109180248278789236e+02
2.133554210314224520e+02
2.151331791232101125e+02
2.113279000160969190e+02
2.118559354465292301e+02
2.111947834403130742e+02
2.124107557428640689e+02
2.150907651880241360e+02
2.141545404982313698e+02
2.143523282809020714e+02
2.142191438615101617e+02
2.154778903730445450e+02
2.169472082800419344e+02
2.172401683229832656e+02
2.178428905179325454e+02
2.174302578956288130e+02
2.170830163641269053e+02
2.166105192755908320e+02
2.155034659311344001e+02
2.185561745314556674e+02
2.155336531145046877e+02
2.166004751852902928e+02
2.186869599803771962e+02
2.159304604251113346e+02
2.159905923366414129e+02
2.176636261861403909e+02
2.162687746895395264e+02
2.170450768199986840e+02
2.158601234148597428e+02
2.155980422672259067e+02
2.150998257173141042e+02
2.144283435598742926e+02
2.147226951412168319e+02
2.142045902649149696e+02
2.145709008755020193e+02
2.146824155162408090e+02
2.149824567411515090e+02
2.157177030539790792e+02
2.156565348364603949e+02
2.158948281443061035e+02
1.934021931305213116e+02
2.025478200726174123e+02
2.071964628010210561e+02
2.102184201450313594e+02
2.157435628933743601e+02
2.174944935702474993e+02
2.161365183483306396e+02
2.173927271584630887e+02
2.162097635458091531e+02
2.144448638642423646e+02
2.153120513253563786e+02
2.146911032086223656e+02
2.148472099883828434e+02
2.142103853535755604e+02
2.138800651596631326e+02
2.138304461221773920e+02
2.139033091070923263e+02
2.130312609418877514e+02
2.144616456490943222e+02
2.142346481076362466e+02
2.143464032885423194e+02
2.176093017976340320e+02
2.088389331024478963e+02
2.182810980206037925e+02
2.136818177374017296e+02
2.133231742170457608e+02
2.141929577656709682e+02
2.140802798124286710e+02
2.140992712526851847e+02
2.134399500581500888e+02
2.147343999424027743e+02
2.134462927219528865e+02
2.125138529457207426e+02
2.127948987299588453e+02
2.132653623048948077e+02
2.123079657583676578e+02
2.125325928564137143e+02
2.132538276108910793e+02
2.140835697685053276e+02
2.143750472386803949e+02
2.145862172116295028e+02
2.145698108030728974e+02
2.262278600415338872e+02
2.231906495402344319e+02
2.224596770274158644e+02
2.133793387857939194e+02
2.148941038957786702e+02
2.142856453788506030e+02
2.143150968560226204e+02
2.152048796317731956e+02
2.158929066897424320e+02
2.147058298143389834e+02
2.144180784251925331e+02
2.132684278152883337e+02
2.125780530270380950e+02
2.120559367568990581e+02
2.120816193543394661e+02
2.129296422112249445e+02
2.134589474593794591e+02
2.130978332976000047e+02
2.130124328213226761e+02
2.134700277667324428e+02
2.137302656778853702e+02
2.163858593858293489e+02
2.142165494537252357e+02
2.136719719315911163e+02
2.151926611209861733e+02
2.158515496680227272e+02
2.157748238646921948e+02
2.150445838591980419e+02
2.165826446857855387e+02
2.179572512424637694e+02
2.168386727264312412e+02
2.154203937120998091e+02
2.147202909162365643e+02
2.125483195323321866e+02
2.124016781768287672e+02
2.126468854277264597e+02
2.125874383979340223e+02
2.129760790955139385e+02
2.129702611375245738e+02
2.137689215889627121e+02
2.134612629167492344e+02
2.140237328505568257e+02
2.156291446936365332e+02
2.163186136243588180e+02
2.136019940263859382e+02
2.159012317876692464e+02
2.131948320262875143e+02
2.140717326094444388e+02
2.126681504204972555e+02
2.114193481027422479e+02
2.108594621074133215e+02
2.130104250931451304e+02
2.132214024772280823e+02
2.138203461185615311e+02
2.120252582169509026e+02
2.125730327010762153e+02
2.115165317490088057e+02
2.121379522058174985e+02
2.136268779133426676e+02
2.138430405361141027e+02
2.127291223933575850e+02
2.132318550748896939e+02
2.134031552342487714e+02
