1.723876311052065375e+02
1.710257911985697490e+02
1.696191608095868162e+02
1.682157223661261582e+02
1.667688882804249033e+02
1.652854085687451118e+02
1.637825453370564617e+02
1.619802192966042469e+02
1.602420223983997118e+02
1.583983379322149574e+02
1.563267997400749607e+02
1.539480401286552933e+02
1.514052319132421474e+02
1.487683384320490063e+02
1.461256785244747221e+02
1.431784413129322218e+02
1.406061650418216402e+02
1.377702218999676802e+02
1.351568362220497761e+02
1.327762583564397971e+02
1.310374413257700041e+02
9.264755654407946395e+01
9.251925713530289386e+01
9.366480170659930593e+01
9.477689776878470695e+01
9.221374504542711747e+01
9.228521753531981631e+01
9.204033140780970257e+01
9.161636021098328797e+01
9.153740007243501964e+01
9.073793474920886126e+01
9.046041425707686301e+01
8.991697753466836218e+01
8.988965040524362848e+01
8.983215976715835893e+01
9.004965532350266244e+01
8.971472137093634558e+01
9.004265800820617471e+01
8.989147664707287788e+01
8.999747913021535339e+01
9.000463973169942733e+01
8.978600944642228399e+01
9.120383560567368875e+01
8.924743795069167618e+01
8.893085927584651529e+01
8.807110674869403510e+01
8.635659210739444802e+01
8.667313547344689084e+01
8.689149352577602770e+01
8.647114025811160332e+01
8.584024752376345191e+01
8.661862686458489691e+01
8.644149002562498652e+01
8.635137148407596897e+01
8.600999822643291282e+01
8.513788384727565983e+01
8.510534224229772349e+01
8.495985112380981263e+01
8.498723146571734333e+01
8.482707470044938702e+01
8.494608088914385746e+01
8.488720195428244608e+01
8.475478136389206441e+01
8.716645369484220396e+01
7.953933557383818709e+01
8.168681844260854064e+01
8.210482806457629579e+01
8.158013014936921081e+01
8.181704734951327396e+01
8.118741502793891129e+01
8.071549524117726548e+01
8.046643540245959514e+01
8.013090091751172395e+01
7.927874924053767813e+01
7.876404277297629619e+01
7.825998582737648235e+01
7.810668303597776685e+01
7.778350605203257828e+01
7.742941773128640648e+01
7.692102849592605196e+01
7.685285132342362147e+01
7.684529501233062376e+01
7.645075548304906476e+01
7.614346584828444975e+01
6.896767152784940436e+01
6.683851755838598763e+01
6.616583062580535568e+01
6.678049079946477207e+01
6.687083368277461659e+01
6.646599685397467283e+01
6.677269238550276498e+01
6.624930765938792376e+01
6.548908900542592448e+01
6.466321351161235498e+01
6.477302894142634671e+01
6.465908461744353986e+01
6.410848680981648329e+01
6.357636523556350028e+01
6.294800453762036341e+01
6.267189687376094298e+01
6.223419798237303979e+01
6.161912286938532901e+01
6.096204920804029825e+01
6.037338048261415935e+01
5.991710165368770191e+01
4.273565652841361384e+01
4.723996290994582381e+01
4.735649524208194805e+01
4.760774662225615117e+01
4.700689203200220589e+01
4.651207147019835730e+01
4.596289672522975422e+01
4.579946598933393886e+01
4.580798095366290568e+01
4.547337378592507662e+01
4.496251431302378165e+01
4.450938733175478745e+01
4.423209190379113664e+01
4.386812152952817456e+01
4.340397706459260263e+01
4.291727538709023548e+01
4.245901965356403451e+01
4.225103050343158628e+01
4.178115425057630006e+01
4.134723007670986306e+01
4.100811672843088473e+01
3.580884039716621459e+01
3.134931875828922188e+01
3.174390667209904038e+01
3.076353123386689603e+01
3.057121952132592213e+01
2.990195688647282068e+01
2.997755621675887383e+01
2.988245663500542904e+01
2.986205207257261307e+01
2.947171823644125865e+01
2.960716452326152748e+01
2.962916378961688224e+01
2.949535645435794606e+01
2.932628978541870524e+01
2.919492164232379494e+01
2.930467734397795354e+01
2.912926121565586968e+01
2.892881051482682153e+01
2.861811621601395572e+01
2.852310253072348090e+01
2.846797904180634831e+01
2.465228826715060251e+01
2.600487959919330905e+01
2.466587476527948297e+01
2.507304778330893313e+01
2.458224708023060856e+01
2.425318310176559322e+01
2.388533812090679831e+01
2.324343451761695789e+01
2.303846727723104237e+01
2.312947501243870718e+01
2.319122475359792190e+01
2.343980228950256972e+01
2.334803691343462972e+01
2.320103313842966131e+01
2.328877818479816142e+01
2.319596272035986928e+01
2.311849321630260334e+01
2.300656104076248454e+01
2.307045724913149343e+01
2.294965382671628618e+01
2.262966625693420042e+01
2.306992913953683200e+01
2.039844188836931593e+01
2.069655473704316506e+01
2.044852586262529570e+01
2.005893089329149603e+01
2.140658093212258706e+01
2.102335297414299475e+01
2.069924491275331491e+01
2.033671576287489913e+01
2.011621856639759898e+01
1.997343670236686464e+01
1.989187079262189428e+01
1.977139735184054459e+01
1.949731549666364927e+01
1.960929450431781262e+01
1.987109395318863747e+01
1.967735662170574429e+01
1.957886531313516443e+01
1.950606213537840361e+01
1.945343492573744015e+01
1.932297663483928574e+01
1.627232962883685019e+01
1.838544806409204568e+01
1.662299503921410704e+01
1.795052562563865095e+01
1.783333927963244392e+01
1.785753203998774197e+01
1.810404044431120596e+01
1.806486143463297722e+01
1.815088752754276769e+01
1.842095676120366576e+01
1.815316275025006831e+01
1.794347174904967801e+01
1.788549488469774573e+01
1.771955776090809209e+01
1.761372247285839521e+01
1.750951530542050705e+01
1.740093602068200695e+01
1.730627922093539794e+01
1.715535113306220438e+01
1.707238254659084120e+01
1.709456492172281727e+01
1.304347240650710837e+01
1.638334204976497688e+01
1.610749387292394985e+01
1.556453396472170070e+01
1.593496839241900531e+01
1.545483102718207391e+01
1.515447961721648973e+01
1.553200423310592804e+01
1.533076771227919011e+01
1.513299681626432402e+01
1.507209733593706957e+01
1.534134362745661129e+01
1.532587386552626185e+01
1.534069166061012979e+01
1.536898119786715711e+01
1.550933363972972856e+01
1.536323852343507745e+01
1.548372675492778860e+01
1.553644298760045395e+01
1.545477422962920144e+01
1.527175230488627200e+01
1.047261667322381129e+01
1.332440793879733754e+01
1.439950286599322915e+01
1.451075403171356371e+01
1.442269311537966381e+01
1.506001232488775443e+01
1.494947716266731952e+01
1.526234149647196148e+01
1.496096713858278804e+01
1.482213701382571891e+01
1.466749520743827517e+01
1.474279240599248020e+01
1.440114165534823520e+01
1.448441062668264756e+01
1.445566443072496732e+01
1.428819822933248496e+01
1.444497283691609191e+01
1.430904571226145983e+01
1.429189566442717130e+01
1.425328382079453426e+01
1.426667143270376670e+01
1.224876383905712629e+01
1.456627620217331831e+01
1.402362826722203515e+01
1.446785644003117355e+01
1.473516754422690234e+01
1.488831781824872991e+01
1.444622675719945804e+01
1.448441453763924791e+01
1.404670292831804268e+01
1.424561463111513504e+01
1.427232729230863839e+01
1.382730481325673821e+01
1.378855521474111612e+01
1.376432689352851746e+01
1.383761681368934937e+01
1.361238341221132941e+01
1.362212362682473099e+01
1.354692371070158430e+01
1.342513036419568095e+01
1.344053259437133541e+01
1.338673422317864237e+01
1.344116669851281287e+01
1.208942774509144336e+01
1.222729613370312762e+01
1.185142410776223620e+01
1.234966215010157420e+01
1.242065563530541361e+01
1.237675302297181901e+01
1.290738840032890877e+01
1.277439242604759961e+01
1.265368173662768392e+01
1.262198760182534940e+01
1.257933512830911127e+01
1.256842809979595010e+01
1.266437562198323086e+01
1.259602383505852430e+01
1.256472599222051301e+01
1.265238365210579907e+01
1.262614961091482968e+01
1.262613147514556289e+01
1.254974835609718653e+01
1.254591711137311094e+01
