1.723750479284434789e+02
2.768203468681875847e+02
2.079645827071957740e+02
1.870068860374473161e+02
1.753750499241173202e+02
1.654143828915158565e+02
1.553172668307512367e+02
1.470880343200227287e+02
1.410994089884783875e+02
1.356334981710562317e+02
1.310464468601342958e+02
1.271414182525922172e+02
1.238777537454041635e+02
1.212478314674489184e+02
1.186905154909537430e+02
1.166095831920738988e+02
1.143665904135023510e+02
1.129460521091335323e+02
1.113663024152744612e+02
1.098463173374750426e+02
1.082740382665797796e+02
6.822594967420936030e+01
6.934910721769882969e+01
6.598116026365951825e+01
6.369971907767720154e+01
6.305849149241502971e+01
6.233577164949681304e+01
6.209494369611884679e+01
6.068184769551987046e+01
5.976781970369663810e+01
5.933539783536443935e+01
5.785737694892680594e+01
5.720577418326541874e+01
5.615229366867443872e+01
5.551885203678656922e+01
5.464608079995145573e+01
5.329823166365680720e+01
5.286203923086720380e+01
5.234940097537771209e+01
5.146853603117587994e+01
5.074782801709137914e+01
4.988704491198789270e+01
2.885241111730435293e+01
2.907418168759003407e+01
2.854863602909538756e+01
2.675088074889347567e+01
2.553873112708240356e+01
2.507906559159472692e+01
2.481909611269238525e+01
2.439784426714566123e+01
2.439536117379238434e+01
2.399357716877232960e+01
2.359258174510596362e+01
2.310863728540055106e+01
2.249828956357941934e+01
2.204119291386686541e+01
2.185647932586122977e+01
2.151878958583226620e+01
2.159656317761619349e+01
2.163083334537895652e+01
2.156347946632746115e+01
2.135830844346468282e+01
2.100944455075216410e+01
9.051706193876722040e+00
1.284457249645052634e+01
1.287042587828302942e+01
1.309997277355381584e+01
1.244643793912757346e+01
1.220913289560975024e+01
1.196355736757536370e+01
1.207992944329926921e+01
1.162816520298805223e+01
1.128031887011241174e+01
1.137381755316508247e+01
1.110292836413143469e+01
1.088393539824449618e+01
1.068578398282993724e+01
1.061585611668915696e+01
1.035052076659131082e+01
1.023583055047227575e+01
1.001103861775299286e+01
9.910942099292579854e+00
9.712085656377652754e+00
9.675648299956581155e+00
9.656088414021864352e+00
6.314407887518969531e+00
7.816836224127274413e+00
7.657084737821990394e+00
7.245875279226642540e+00
7.213578315010192199e+00
7.480883980809723610e+00
7.318865077452241685e+00
7.132877600471522861e+00
6.857413028108331865e+00
6.686501372568730339e+00
6.463975575246858618e+00
6.337511531908143425e+00
6.154905159535674741e+00
6.077105531942070371e+00
5.927944742576339188e+00
5.756117832949815494e+00
5.817416411984067892e+00
5.743921849783817812e+00
5.641442778352323550e+00
5.626173888157832259e+00
3.718091145541388531e+00
5.177586402516880959e+00
6.269340218607580617e+00
5.345632365590574864e+00
5.277389754153703372e+00
4.980126655263997115e+00
4.577837671389141327e+00
4.428222735650443553e+00
4.198376750017135173e+00
4.035789318249830337e+00
4.178368114730353078e+00
4.372749724543665728e+00
4.247459728039089555e+00
4.143475898198256679e+00
4.206733722909728357e+00
4.201691201251179564e+00
4.172927109066248974e+00
4.150400182053047615e+00
4.248080085651416482e+00
4.339542481488206427e+00
4.382899424091469598e+00
5.187250797777707589e+00
4.155314316076202275e+00
3.954115967390137598e+00
3.853354519189552629e+00
3.618600103907510857e+00
3.501438052875506468e+00
3.470543121009713960e+00
3.352175225086004406e+00
3.416000189899449868e+00
3.635851017000342189e+00
3.695686614801029002e+00
3.809768602742081622e+00
3.729758223949401152e+00
3.761024122220775645e+00
3.632553948868351146e+00
3.523912808239623384e+00
3.445272941128629363e+00
3.344497826031664456e+00
3.313332886513142839e+00
3.301967371332648948e+00
3.170982220489986236e+00
1.568362430618450487e+00
2.701961650204454557e+00
2.608744981679787855e+00
2.331799971539675109e+00
2.086371359688842464e+00
2.134793452534378133e+00
2.418804126322986470e+00
2.399990361943416417e+00
2.477235905553606177e+00
2.444021900751527365e+00
2.777057156278443628e+00
2.701260994541700544e+00
2.752656623169907668e+00
3.001266372053603249e+00
3.190084177666367982e+00
3.212681677743408848e+00
3.426320767629249087e+00
3.582812450772612234e+00
3.626114337735088178e+00
3.634539375464653777e+00
3.604806890214373283e+00
4.866583778235249014e+00
3.310065109074700196e+00
3.573777561856128049e+00
3.650315805958396886e+00
3.629529598865556483e+00
3.520856677900197962e+00
3.511457062328986023e+00
3.443272429773957644e+00
3.342468817018811933e+00
3.281005227979561401e+00
3.094194041667490680e+00
2.915330420704351777e+00
2.866986931220804724e+00
2.810146879029874256e+00
2.752368967158519197e+00
2.731739435509665359e+00
2.648219313114803963e+00
2.606730320027691228e+00
2.593372303251512356e+00
2.623838550520063428e+00
2.587100316961477020e+00
1.304739271081616359e+00
2.385180393701337387e+00
1.892832850030973679e+00
2.275367906978041699e+00
2.444476154043031535e+00
2.428288994455036320e+00
2.529483191267980047e+00
2.388515411843992631e+00
2.360024340648152030e+00
2.362296492508515477e+00
2.234910577834863243e+00
2.134450657012631147e+00
2.095826022921864151e+00
2.175163612869904561e+00
2.252130547108858849e+00
2.193342910770503362e+00
2.120275964224809240e+00
2.128553701888687755e+00
2.097669241609500634e+00
2.051011662302913763e+00
2.069091698267132795e+00
