2.435783139965848818e+02
2.512794689865512794e+02
2.493904033617970128e+02
2.501600953684850595e+02
2.492833212695030625e+02
2.478056170049590889e+02
2.463520648653495755e+02
2.451487017492356699e+02
2.448818823466521053e+02
2.437895784579545762e+02
2.426624845069708556e+02
2.422498738089763890e+02
2.404410158788835190e+02
2.388878273577145421e+02
2.373435367656138624e+02
2.357573184740072065e+02
2.356608046466417363e+02
2.344917181429907771e+02
2.341720256627977221e+02
2.341469400838137744e+02
2.343029989039121119e+02
2.070899617136588517e+02
2.163804341858508167e+02
2.197007354479324874e+02
2.232691793239126241e+02
2.210579571983349183e+02
2.215528308043641346e+02
2.215869391003265321e+02
2.225448087017350076e+02
2.209791676511195533e+02
2.193326015657846426e+02
2.192999398675891882e+02
2.181422821380469657e+02
2.190657942917262346e+02
2.189641885741856697e+02
2.182185506673909003e+02
2.175815558927330073e+02
2.188452043664335349e+02
2.193444786914388658e+02
2.196015118145456313e+02
2.187972625508679414e+02
2.183033791262401451e+02
2.050090009001964972e+02
2.118346407051380140e+02
2.095789255667979489e+02
2.107482049666523096e+02
2.095052191659522975e+02
2.076628862145397534e+02
2.095119549021580383e+02
2.109024522955843679e+02
2.112568789511550733e+02
2.131559103181333228e+02
2.117692540784210848e+02
2.120141012023086091e+02
2.111592933728408070e+02
2.110219560806041841e+02
2.097325509022417123e+02
2.087090877997915754e+02
2.074871668012754924e+02
2.074732077848698282e+02
2.071197357877281036e+02
2.081666790755867567e+02
2.073862792893868345e+02
1.925009421125996028e+02
2.011859493196544975e+02
2.033524619875078656e+02
2.019589052328074104e+02
1.980303646490464189e+02
2.004257131742658089e+02
1.971500950439247504e+02
1.959035218705717512e+02
1.947347624186891437e+02
1.941115148162889454e+02
1.940647031904829021e+02
1.930465278091741652e+02
1.915497159833291505e+02
1.905161974522979449e+02
1.897997514311666123e+02
1.895858589171574238e+02
1.890866356320094326e+02
1.880944143768132619e+02
1.875224605702260021e+02
1.859859222724842027e+02
1.850950844691609234e+02
1.615662335609262641e+02
1.764933029096260384e+02
1.715703626371089854e+02
1.670543509229104586e+02
1.649126182642116305e+02
1.618406538502095486e+02
1.608087664119991587e+02
1.591335881847475378e+02
1.577945967580234310e+02
1.560602832477294726e+02
1.543205453155978830e+02
1.538354257436540138e+02
1.546352605527366961e+02
1.531768325710608281e+02
1.523951297229582167e+02
1.504133885411377207e+02
1.490425154180085201e+02
1.481781703641055969e+02
1.477508062324851608e+02
1.467402255526079955e+02
1.459905544117310399e+02
1.103108030517750109e+02
1.214353463598078378e+02
1.223111984559015326e+02
1.238981704153465131e+02
1.237441709244403114e+02
1.219530466819634142e+02
1.210044518695979434e+02
1.203804326166809489e+02
1.190515071628751684e+02
1.192076196466678510e+02
1.178930432118461198e+02
1.182711310703590613e+02
1.175713180180105581e+02
1.165161967937621910e+02
1.160279528824261348e+02
1.154133670925843802e+02
1.153395972897539821e+02
1.149468993562809658e+02
1.143253433805532211e+02
1.133244292291477109e+02
1.128419663602140588e+02
1.052280021349097012e+02
1.056918086806302171e+02
1.070158582579913542e+02
1.038233673386384766e+02
1.014858142187100185e+02
9.950234101387437136e+01
9.889819778889041402e+01
1.000163551051476958e+02
1.000147142981266484e+02
9.897086354831415633e+01
9.812691542749212203e+01
9.762394062202595535e+01
9.729642089912910308e+01
9.827613184794273593e+01
9.793983356251827388e+01
9.716441678188984099e+01
9.771451052661100789e+01
9.770445817016050682e+01
9.715763251516118260e+01
9.641534517596434739e+01
9.639211462529284802e+01
9.455719587922243363e+01
8.851688314678034430e+01
9.027940592260830499e+01
9.032500406188474074e+01
8.974663729507905430e+01
8.948524089142367188e+01
9.090990736462332222e+01
9.052114833102986324e+01
9.134836762929116105e+01
9.077124594695970927e+01
8.987939026882534677e+01
8.986171395394512729e+01
8.932495253998422413e+01
8.875316721720579949e+01
8.885958317925351935e+01
8.845786303156913277e+01
8.848375666932399497e+01
8.870441318005897813e+01
8.845329258220121460e+01
8.810960800469923981e+01
8.758447671665624057e+01
8.607869789807867278e+01
9.251154776666375312e+01
9.218751118680945922e+01
9.150883983893103846e+01
9.080814017950469008e+01
8.886818717583230409e+01
8.915825401094173230e+01
8.766055037467999966e+01
8.716842765723033892e+01
8.657871144923674933e+01
8.634670066233390173e+01
8.776209946148497920e+01
8.671396927353411854e+01
8.569791964811032869e+01
8.505035954608302973e+01
8.486151164136416014e+01
8.426416991747755958e+01
8.377889307170784150e+01
8.414051395546303524e+01
8.389090218896095053e+01
8.400398263766511775e+01
7.553884861084586078e+01
7.971754087616852757e+01
8.133197010908831714e+01
8.448967279348738657e+01
8.461455943385337264e+01
8.389646565905552222e+01
8.394501447022925333e+01
8.287303197747483807e+01
8.150327697147621109e+01
8.094786154882392282e+01
8.203080116466244931e+01
8.189447504063470262e+01
8.211873711032608014e+01
8.341408375156406407e+01
8.272422994750054670e+01
8.202767115088857963e+01
8.238517019903095218e+01
8.222041812944544859e+01
8.186199282306145619e+01
8.224276736812711874e+01
8.193549325287897034e+01
7.795742620939013534e+01
7.536056193866843955e+01
7.524723010662597744e+01
7.657506275827569198e+01
7.942727257427604570e+01
7.916105478377019722e+01
8.008490843118248392e+01
7.912902371429044024e+01
7.875011017981240968e+01
7.921985896558587115e+01
7.929149384492912134e+01
7.989085262829139822e+01
7.977570297249600628e+01
7.945507354196402616e+01
8.002611409965990674e+01
7.965791942599585695e+01
7.942053627265489979e+01
7.956508023147719655e+01
7.987877379750396756e+01
8.016327471438214047e+01
7.957609028838862741e+01
7.232112537416533371e+01
7.069253677456302398e+01
7.277303505361102509e+01
8.067204417261045535e+01
7.815790872261042921e+01
7.795415631891687269e+01
7.814351027932200111e+01
7.821529763756038278e+01
7.773258750587918087e+01
7.703360426161201246e+01
7.686925124686426614e+01
7.708996283883499245e+01
7.657684926775500855e+01
7.690194053129822294e+01
7.686968941069056882e+01
7.648987367353699085e+01
7.658160962597797550e+01
7.675336999588787990e+01
7.750436325377467028e+01
7.744551428952604510e+01
7.782506712754343425e+01
9.240909363263541820e+01
8.106931497296491784e+01
8.281983907557309976e+01
8.212196960491124287e+01
8.112138514951764989e+01
8.050993924138157354e+01
8.028031739453250282e+01
7.927415996466136505e+01
7.855172628189438910e+01
7.790502082474431234e+01
7.934618218280465385e+01
7.987240482106490447e+01
7.972655034467717883e+01
7.964717309689400793e+01
7.965700717398497943e+01
7.934157517215835753e+01
7.884125170330345611e+01
7.800799243442209274e+01
7.795351158580542972e+01
7.783103793331697773e+01
7.717375130465001121e+01
7.500560565012767711e+01
8.259217693404572458e+01
8.169582571386433756e+01
7.950342529712858664e+01
7.685350179266876580e+01
7.636707042718113314e+01
7.639149719046564257e+01
7.723903674567947064e+01
7.704415702192297033e+01
7.609500237554138380e+01
7.578099390241679600e+01
7.550561482989434126e+01
7.559168643300093038e+01
7.545825602071802507e+01
7.602548609893294440e+01
7.590166759919283379e+01
7.582464829326464439e+01
7.564827795158744550e+01
7.499874344742599419e+01
7.588695711689072709e+01
7.576244827067924348e+01
7.603487399796136970e+01
7.564730046385095363e+01
7.493878956690828375e+01
7.485965937182990615e+01
7.385880417500847273e+01
7.378816437585687993e+01
7.349170762967595749e+01
7.421210513614906290e+01
7.472757700319530727e+01
7.453804845195828932e+01
7.450108392048832684e+01
7.513324263484805954e+01
7.529729809009643304e+01
7.512257670267945286e+01
7.520230019545617495e+01
7.543251815361149681e+01
7.558002013265037533e+01
7.580787833984696533e+01
7.556279692349941968e+01
7.540510995208420297e+01
7.549428040111686755e+01
7.981554767899409342e+01
7.589378282424071642e+01
7.359735821740781603e+01
7.358831453178122217e+01
7.394618232588577200e+01
7.400865829837817955e+01
7.344613779098619943e+01
7.299049173473815699e+01
7.307171725130666573e+01
7.302458181611275734e+01
7.380543815762526094e+01
7.451684336347921089e+01
7.416589591947139581e+01
7.507026804557763455e+01
7.497087189040433941e+01
7.461688193118867218e+01
7.462615121813801977e+01
7.427285344512725374e+01
7.462030268510076780e+01
7.421542933831759115e+01
7.414547225888057369e+01
7.795069053316066743e+01
8.179591132957561683e+01
7.930898765410894669e+01
7.653332937415301274e+01
7.742221518168828709e+01
7.515053884312162324e+01
7.509774074216923623e+01
7.490680150352356748e+01
7.499729707464581452e+01
7.427773405613233138e+01
7.562166925977304288e+01
7.505862138081445778e+01
7.464485415474040053e+01
7.479144645932412061e+01
7.437437308931278324e+01
7.463501912267602734e+01
7.432566629722799689e+01
7.456993280487010622e+01
7.405251529492167606e+01
7.442623717609826883e+01
7.403703040217632747e+01
9.830826397506933745e+01
8.656354936126295740e+01
8.460785581996773885e+01
8.196771348366006293e+01
8.107003686143916354e+01
8.009896746567160619e+01
7.902707115476164290e+01
7.835407285823345092e+01
7.811277087626410776e+01
7.703295317287701494e+01
7.730646333363586109e+01
7.676563266260131968e+01
7.652576533791881275e+01
7.685820960853139638e+01
7.601552525367493729e+01
7.562395476203715816e+01
7.500080711602321060e+01
7.431983973033435120e+01
7.438470894326094651e+01
7.416081207144223697e+01
7.423793076150937509e+01
8.016500347662699255e+01
7.242820971341605230e+01
6.984110182304350189e+01
7.277811453479611714e+01
7.131125672041152086e+01
7.409603693033419347e+01
7.532595006237411894e+01
7.463945357720956508e+01
7.426836765178248356e+01
7.404255008985833797e+01
7.427087433607036360e+01
7.466922388162791435e+01
7.499725793265788809e+01
7.422289879882069386e+01
7.503320395472972848e+01
7.497170490985547531e+01
7.516145624004160197e+01
7.527867207918141901e+01
7.538620782828468236e+01
7.503952194193118430e+01
7.410579418931247631e+01
6.171565161750572770e+01
7.216182579539494668e+01
7.075637575672406854e+01
7.306028999277386049e+01
7.193953911436464921e+01
7.207686691036983007e+01
7.300310361367606049e+01
7.202973235475251101e+01
7.248462575654292550e+01
7.293375209295712125e+01
7.243541449591965886e+01
7.218363911036841785e+01
7.163055583740596433e+01
7.183355243986999028e+01
7.239275938032510282e+01
7.242975305312256751e+01
7.369261552982500518e+01
7.284054499751901801e+01
7.349873881899989669e+01
7.386575737245166806e+01
7.383082659974019180e+01
6.671384482750453060e+01
6.865612407410350215e+01
6.878288879351696039e+01
6.837749814636669043e+01
6.956140239080080789e+01
6.846214830639918603e+01
7.104611481003787787e+01
7.073408461865707864e+01
7.111910208539509881e+01
7.188483095229308617e+01
7.164360457624783862e+01
7.102284136245137347e+01
7.216023199741476901e+01
7.277572132751328127e+01
7.325318231623104737e+01
7.285329949909059621e+01
7.269677308171756636e+01
7.337773939205806073e+01
7.307177434571443086e+01
7.332506438563854090e+01
7.337891075822383868e+01
6.024614623873037544e+01
6.578711793845459965e+01
6.816374417713930711e+01
6.939316407408429654e+01
7.101711995220192364e+01
6.989769866581946189e+01
7.198131364281512390e+01
7.394383617195363456e+01
7.372073636168251198e+01
7.375597695857184988e+01
7.417629026986077179e+01
7.368244589259346355e+01
7.358940289692476711e+01
7.293552456029084397e+01
7.367314878424986091e+01
7.392263776660479380e+01
7.420947015106494860e+01
7.445589473321415142e+01
7.373255136779535235e+01
7.346796548555062145e+01
7.411529179442597126e+01
6.149706170678069128e+01
6.784570805926172454e+01
7.158508900012932941e+01
7.195072925505843386e+01
7.503811946510987241e+01
7.368655531856893504e+01
7.316094386047463161e+01
7.449070021213883308e+01
7.420408898579739798e+01
7.386796666749236806e+01
7.330040173521614122e+01
7.409261933959376734e+01
7.402116713901661171e+01
7.444924249600970256e+01
7.399231970489385901e+01
7.332071671883443287e+01
7.360354169119051448e+01
7.401316195548511701e+01
7.383465709114537390e+01
7.388646506858110286e+01
7.353316555573427138e+01
6.517572928769588714e+01
6.576095243396190426e+01
6.999922122870762564e+01
6.844287569570113305e+01
6.966850948701204516e+01
7.146015011779233816e+01
7.331657826795175481e+01
7.355013474177792432e+01
7.296415383328562143e+01
7.320371211284059143e+01
7.396223731482115227e+01
7.400045884041190902e+01
7.463590498636129666e+01
7.353727703907449609e+01
7.333624134840493980e+01
7.265936465635635955e+01
7.296347907309665004e+01
7.313086583829193899e+01
7.307353476674963133e+01
7.327311183449330656e+01
7.324855673990573734e+01
8.014414121707467586e+01
7.796022144479601934e+01
8.246488708740088214e+01
7.880231764717430565e+01
7.697040530466526320e+01
7.655246902707099821e+01
7.642242869627443724e+01
7.680129115406492701e+01
7.742160146465020887e+01
7.654211566522144494e+01
7.555869292569762763e+01
7.399745005735769610e+01
7.367716800007774225e+01
7.293726306095318535e+01
7.364635356927168175e+01
7.398299466547854308e+01
7.377901180568454720e+01
7.361263082952413583e+01
7.294274233867274404e+01
7.285230789745892821e+01
7.359613598170085424e+01
7.067029383727452796e+01
6.590905949495324023e+01
6.769655507830557895e+01
6.449031691596437099e+01
7.066020252700900528e+01
7.151412637450923171e+01
7.220255447119389203e+01
7.323935041142748048e+01
7.414558730043570733e+01
7.324429454195454525e+01
7.295527088776616154e+01
7.242878165672853186e+01
7.267403181883278762e+01
7.183308831567502750e+01
7.187210532300768762e+01
7.205022557028122776e+01
7.209376234493610980e+01
7.176344294808795610e+01
7.227981776062092933e+01
7.267186967337873682e+01
7.265017717556818866e+01
6.102317754951813811e+01
6.739788469603979593e+01
6.808442668315470314e+01
6.683966474549676207e+01
6.852871772581455900e+01
7.039142411411613409e+01
6.973571139567866339e+01
7.104429955411306707e+01
7.124375580794286122e+01
7.162260291081186381e+01
7.126549090718883406e+01
7.217769859849708780e+01
7.301988817341748472e+01
7.214812404992521522e+01
7.276614559198493737e+01
7.338670866814356941e+01
7.319873536388131186e+01
7.299209981167824424e+01
7.343171546598694022e+01
7.329791336391795653e+01
7.357228052086354353e+01
8.348248874710455425e+01
8.169101937326860252e+01
7.552877998257227432e+01
7.277720601739358131e+01
7.243185148549132180e+01
7.458226091030208238e+01
7.447541315526201799e+01
7.376889573316769599e+01
7.369074773857141736e+01
7.315937723017667338e+01
7.262158848295459279e+01
7.272279605682508929e+01
7.295945095633068433e+01
7.226030998730750810e+01
7.258660874328592172e+01
7.238411373122734460e+01
7.224553698410305458e+01
7.251591354996945427e+01
7.249487657822594144e+01
7.244425780242397650e+01
7.359775799362491000e+01
