3.423378197575980266e+02
3.316673337778977952e+02
3.159984397513180170e+02
2.912683456975382796e+02
1.790709652009278443e+02
1.796577772922001373e+02
1.748410467980644398e+02
1.734603472432887088e+02
1.656415008866053995e+02
1.648208203954427518e+02
1.656339373916546549e+02
1.643587276521822673e+02
1.572846497199361693e+02
1.564893733791055581e+02
1.530896203240919533e+02
1.502383809377358261e+02
1.258442809113911380e+02
1.256863818280573355e+02
1.218276378629848864e+02
1.173275486402688443e+02
8.122533845264892705e+01
8.007896627923395272e+01
7.768359573566779375e+01
7.399221879417135028e+01
5.216692276184878807e+01
5.148834343555087401e+01
5.019631177032862013e+01
4.733810066918998416e+01
4.462715375366992276e+01
3.827705691581820702e+01
3.606861382662192739e+01
3.565870588126201568e+01
2.686457390170097170e+01
2.897928990688953022e+01
2.873114570307238225e+01
2.855000577042250143e+01
2.493771278464106089e+01
2.446421215356951251e+01
2.440678485512461648e+01
2.470892394390796198e+01
2.502487626135995669e+01
2.441528212534291242e+01
2.349816008953376567e+01
2.275203751981563016e+01
2.313566752630426393e+01
2.228727544222881107e+01
2.064546448956086877e+01
2.066906507924984382e+01
1.837193229259411353e+01
1.864420611772284531e+01
1.881495547777982935e+01
1.930373520575471602e+01
1.604152104365600806e+01
1.663772648970677537e+01
1.701730589782667025e+01
1.776229303706820417e+01
1.931816745308033134e+01
1.895739087829392844e+01
1.818917399400569579e+01
1.723912179221134977e+01
1.957555767685088810e+01
1.882596518500210436e+01
1.718519412555964010e+01
1.690376797463509817e+01
1.574212278034876356e+01
1.655548137199252423e+01
1.567052473897752307e+01
1.531789382401473354e+01
1.589532031916312604e+01
1.560220157477486147e+01
1.513748246778160222e+01
1.542587341005764223e+01
1.243907944499063944e+01
1.464581590720886517e+01
1.429884138944768601e+01
1.461128954546900438e+01
9.821624656462393688e+00
1.313210046585796142e+01
1.364614231562002367e+01
1.384926073425892135e+01
