6.916054349374776393e+02
6.892370015230160334e+02
6.869514514640828793e+02
6.846795404832713530e+02
6.821440649472390305e+02
6.794068897563984137e+02
6.766224577794597508e+02
6.734578692970964084e+02
6.702801962540223712e+02
6.665600734443851252e+02
6.625612373392302743e+02
6.579769024395852739e+02
6.527825036685055693e+02
6.469445275278230838e+02
6.404328206752429651e+02
6.331417192693218112e+02
6.252066998227576278e+02
6.161585119671735811e+02
6.061024346882940108e+02
5.963039834231622081e+02
5.848052835146523876e+02
3.424825732454166314e+02
3.327630242572166139e+02
3.385411784341068255e+02
3.370693296668395078e+02
3.352415246269635531e+02
3.356556060374375079e+02
3.312555091017757150e+02
3.362976133154501781e+02
3.363909101279689366e+02
3.386962401414719466e+02
3.388079891132068155e+02
3.373429683815328417e+02
3.366210696577551857e+02
3.368080840730075352e+02
3.390329489829894101e+02
3.385246229250114425e+02
3.379586155330392216e+02
3.390295612048453791e+02
3.395611285386687541e+02
3.392401285101644817e+02
3.392525910064707659e+02
3.268260770566440101e+02
3.367882036470615503e+02
3.347779867049173959e+02
3.345083390989047984e+02
3.302235523866501126e+02
3.288009181659369915e+02
3.314336924633905141e+02
3.323338236344986285e+02
3.295759495613008312e+02
3.302542016572485295e+02
3.321576650965201338e+02
3.313295092676757463e+02
3.322650988632141207e+02
3.315966364533757655e+02
3.318707080875387305e+02
3.294136231135200319e+02
3.291312877299386628e+02
3.307175863430790059e+02
3.318814211199037914e+02
3.309940162309732727e+02
3.304030381102141973e+02
3.248446769230316136e+02
3.211251951792680188e+02
3.241653700179833208e+02
3.216918266173178722e+02
3.228731882591304156e+02
3.272742256456974701e+02
3.232130406980911630e+02
3.231112831395113290e+02
3.181672520307616878e+02
3.201762853886687026e+02
3.216567272907204256e+02
3.219906066015452097e+02
3.206409950896500050e+02
3.194569882197570223e+02
3.199963188238136809e+02
3.185584848153419557e+02
3.181587022297705403e+02
3.189398966406646423e+02
3.207541694258854932e+02
3.214956731733664128e+02
3.211814560276916382e+02
3.474528059427632343e+02
3.499978788447089642e+02
3.378694898337371910e+02
3.260716621353400342e+02
3.243787214617450445e+02
3.268392086954081037e+02
3.232572571957057903e+02
3.228319580375090823e+02
3.209256964758612867e+02
3.186933253502662637e+02
3.187935498327001369e+02
3.159256242519181228e+02
3.166643842445070050e+02
3.167750448211700700e+02
3.175970206077267335e+02
3.174124121811182135e+02
3.160154552824678262e+02
3.158165329132030479e+02
3.142313874243292844e+02
3.140197290437255333e+02
3.128050621593056349e+02
2.927697542314253951e+02
3.168925259930288689e+02
3.022651055370532163e+02
2.987625892902906912e+02
3.044609758378736046e+02
3.046335882886303921e+02
3.067598430122209265e+02
3.052725962783425189e+02
3.040285964737535664e+02
3.007635163393974267e+02
3.010770081832265532e+02
3.001110559982262771e+02
2.986775850535541963e+02
2.988784587042548537e+02
2.992427337440991550e+02
3.002993090911157879e+02
2.999626178222251838e+02
3.013170583331382204e+02
3.022246698354873047e+02
3.016405161269724999e+02
3.025909398593094011e+02
2.930143886167312530e+02
2.990456826870579334e+02
2.976531411839303018e+02
2.943401746408132453e+02
2.946128716585604934e+02
2.970851628599874630e+02
2.995970326690328989e+02
2.971685170852773012e+02
2.967735767386008661e+02
2.981023820724876714e+02
2.970992976422130596e+02
2.949321204813820145e+02
2.941383703491868573e+02
2.938785161108742159e+02
2.942817709605644154e+02
2.923384556933414160e+02
2.925344974024458793e+02
2.924910504657191836e+02
2.921368613175355335e+02
2.921974438192431194e+02
2.920373444823055706e+02
3.041462528177837612e+02
2.919903790784553621e+02
2.937347909907967960e+02
2.895262077772360954e+02
2.883773302776596097e+02
2.869348430875624558e+02
2.865505591051892793e+02
2.883421519919405114e+02
2.881316294095859121e+02
2.865285576562393430e+02
2.857259480428120355e+02
2.862277582734060388e+02
2.848115042172360631e+02
2.846625211564718256e+02
2.862623741075055932e+02
2.856860311307813163e+02
2.857616382697058270e+02
2.849701811289089619e+02
2.837695945840449099e+02
2.824149209665188778e+02
2.815092121731951806e+02
2.616888044708957182e+02
2.703051659819984138e+02
2.687873675848259722e+02
2.685700408075468317e+02
2.679690308983681462e+02
2.679862544172148660e+02
2.669056002122798645e+02
2.679485496210471069e+02
2.718837876173608947e+02
2.716590106254839156e+02
2.750051160915712671e+02
2.746229434357981631e+02
2.743479481246000091e+02
2.753278733876151705e+02
2.746226277045477673e+02
2.747545216626171509e+02
2.742524073245385239e+02
2.735178450791037790e+02
2.722555567097844573e+02
2.723587521477550126e+02
2.717981632465361486e+02
2.695534614633264141e+02
2.650251240158110591e+02
2.597949040613870579e+02
2.585290175964720447e+02
2.623321953609160460e+02
2.641757641395319638e+02
2.660797817746828287e+02
2.667714050162744002e+02
2.652398348697731194e+02
2.642825227184182495e+02
2.651541814429714350e+02
2.645012045285211002e+02
2.651752662456325425e+02
2.637487214036233354e+02
2.636988847735030390e+02
2.632615992078130489e+02
2.631552102719953155e+02
2.636799729284622913e+02
2.630240298135331614e+02
2.630199350188910330e+02
2.630025161171340642e+02
2.594131150834169830e+02
2.702965877125215570e+02
2.642827131574804298e+02
2.636251978906315117e+02
2.638483698716216281e+02
2.604113464106912943e+02
2.616545370024508088e+02
2.614718347527605715e+02
2.622273862031350404e+02
2.612171617364029430e+02
2.600195714522238291e+02
2.585049654534990964e+02
2.573497915579278015e+02
2.562968845613863209e+02
2.560512934172783162e+02
2.555371484219994329e+02
2.563180956690048333e+02
2.557680405202692100e+02
2.549775086894627236e+02
2.554205949375923126e+02
2.550350038329296183e+02
2.449327972070944384e+02
2.436162849739424132e+02
2.448342549657671725e+02
2.465558178693844695e+02
2.501927209759014090e+02
2.496352129518976994e+02
2.482570916385782027e+02
2.526229576352805282e+02
2.524355509442936807e+02
2.537534666604857421e+02
2.528107443335372011e+02
2.503079526441619578e+02
2.487192000032474937e+02
2.495693123317441859e+02
2.505315470440417585e+02
2.505630022180439198e+02
2.507421360523460123e+02
2.501446903421405068e+02
2.505708144611296007e+02
2.496152209349280326e+02
2.486475021746036305e+02
2.267141744735870361e+02
2.305257184376193038e+02
2.380451452683529681e+02
2.376001352422609330e+02
2.403213122150534105e+02
2.439945262816601712e+02
2.423930897704884728e+02
2.389583945645966310e+02
2.404302018762909654e+02
2.410442984761717753e+02
2.415240541300716757e+02
2.404281302994938869e+02
2.417694153985331127e+02
2.420561666518879349e+02
2.420091759923327857e+02
2.429055118086097025e+02
2.422274533896807327e+02
2.425257078369204464e+02
2.421351331156271840e+02
2.414860937132375511e+02
2.428486667018501066e+02
2.543832363105168781e+02
2.509106756973334029e+02
2.435884125903209565e+02
2.400838298308310073e+02
2.429049093471733443e+02
2.421428248866365891e+02
2.427237996422332458e+02
2.425089108309879009e+02
2.407840352481864272e+02
2.416485402900539441e+02
2.398618982295741091e+02
2.390631793782180523e+02
2.387538827677425672e+02
2.399871137765423157e+02
2.392354828337800541e+02
2.394582403470052157e+02
2.388215203761637042e+02
2.382147686174304795e+02
2.376513646942452169e+02
2.379665414661164675e+02
2.384283346736325768e+02
2.441485349759077792e+02
2.553403936027248164e+02
2.522387397419358592e+02
2.494669470561121329e+02
2.441647716227203375e+02
2.411341398039625403e+02
2.424888610536632427e+02
2.391275218735704584e+02
2.397417143262322554e+02
2.397506143920703039e+02
2.397096539311718573e+02
2.392235423034949520e+02
2.396799036492865298e+02
2.387605435769145004e+02
2.372056775173396943e+02
2.377800387427498663e+02
2.365545282500957569e+02
2.352661696075741986e+02
2.352956407997306201e+02
2.355502384091570889e+02
2.355619875539638599e+02
2.513473966874765892e+02
2.390581321310063458e+02
2.300531084446226657e+02
2.343991898317883908e+02
2.324504863785154782e+02
2.307847190224017311e+02
2.331120835276812784e+02
2.330630377004766274e+02
2.331407423106788599e+02
2.317806439313222029e+02
2.324915925301712036e+02
2.326053312414343281e+02
2.334315898673216338e+02
2.330554102511704571e+02
2.341865590721914145e+02
2.338139286752376620e+02
2.325364314998830650e+02
2.327146369029130710e+02
2.324728579769215457e+02
2.321360172738670258e+02
2.322452471013749289e+02
2.415690408389478421e+02
2.371244890941861740e+02
2.406665979216892310e+02
2.337518029978311915e+02
2.359895730532850280e+02
2.368959455564670691e+02
2.330060552489315455e+02
2.326678222161415306e+02
2.324585330254878954e+02
2.317985400017033726e+02
2.314637976375035464e+02
2.312079230062247746e+02
2.318953520381207625e+02
2.311591698486831774e+02
2.306743914541683012e+02
2.299337591198007544e+02
2.287367763395637610e+02
2.280427152747978141e+02
2.283093873040968163e+02
2.288394188609816808e+02
2.300752054946878786e+02
2.139469087095022815e+02
2.327250891271561954e+02
2.291236413923876967e+02
2.261529992581802162e+02
2.272346863540639959e+02
2.286953964379380579e+02
2.270853378502592932e+02
2.284765676041663482e+02
2.272954574394010763e+02
2.276044046213090155e+02
2.285122019532048796e+02
2.278149316794044523e+02
2.286115328977663808e+02
2.285517646418117579e+02
2.291444112217074291e+02
2.291354920005386759e+02
2.292394812897509553e+02
2.281160381756999129e+02
2.284064799749287999e+02
2.282617930567036808e+02
2.278674238922920381e+02
2.411424009804900095e+02
2.332751336231022208e+02
2.244604805144668944e+02
2.297933258697682390e+02
2.226397107802954736e+02
2.241776989600231786e+02
2.238258926559082624e+02
2.238285136049226196e+02
2.221865962078438201e+02
2.235389878226212659e+02
2.256538057113002083e+02
2.266070672960605634e+02
2.262239754845292907e+02
2.252335812802911619e+02
2.245817587513152773e+02
2.245376206641999204e+02
2.251113193912674433e+02
2.250599807720130343e+02
2.249483803727408429e+02
2.261553068941272215e+02
2.262989498335730048e+02
2.390857490459084715e+02
2.298545190212663272e+02
2.292119563006876888e+02
2.249429591128817094e+02
2.229028730395069431e+02
2.225582578541340126e+02
2.211181855755779395e+02
2.216317357350372390e+02
2.216622342086423316e+02
2.221713497488682947e+02
2.215653056573804065e+02
2.218051522826182804e+02
2.242408609486407158e+02
2.257016727517040522e+02
2.247091850594940752e+02
2.255292039871850704e+02
2.254234645431472472e+02
2.250102261615782311e+02
2.253990498751625182e+02
2.258263910089838191e+02
2.259903493625202771e+02
2.188506510330722676e+02
2.134421014144995468e+02
2.201713674889529102e+02
2.189921524377618880e+02
2.170913953416312836e+02
2.211861236120192018e+02
2.226817407714239607e+02
2.253469331974285979e+02
2.264321560768747759e+02
2.277406871309300413e+02
2.265486877687833669e+02
2.254258455820074403e+02
2.240823670928542981e+02
2.251364808943696971e+02
2.272250606483299293e+02
2.261293479563308040e+02
2.250042581279253966e+02
2.250497372629371284e+02
2.247333610108496487e+02
2.249545177304022445e+02
2.247402315357277871e+02
2.317978547935871916e+02
2.232724987694038532e+02
2.288528706802526926e+02
2.297044619007925803e+02
2.323513357119499574e+02
2.281316183415285082e+02
2.277799472114182322e+02
2.283434144941027171e+02
2.276789244630203370e+02
2.270593889034509516e+02
2.261892180583878940e+02
2.253891476690066611e+02
2.256243272148157644e+02
2.248390050087454313e+02
2.262342275937169802e+02
2.257451080144631135e+02
2.262203755011364592e+02
2.247483900235185388e+02
2.247729227611948204e+02
2.243042908497391181e+02
2.235716237970612497e+02
1.978329299539445287e+02
2.215304356934797738e+02
2.198059958545075858e+02
2.169264709778345832e+02
2.175321425594724758e+02
2.175087587330422139e+02
2.205045364273363759e+02
2.216714188068849865e+02
2.217589239586799295e+02
2.213512215219587063e+02
2.202531616141918391e+02
2.199296560020468121e+02
2.209721983176954723e+02
2.215260972395496992e+02
2.205752330207650402e+02
2.201718058231523685e+02
2.211906577813339538e+02
2.217502477030191415e+02
2.233939154817059887e+02
2.235637262913274128e+02
2.236246223862567319e+02
2.302721130711798878e+02
2.181622938811244978e+02
2.194887462876737061e+02
2.225218796632773035e+02
2.235268804828557450e+02
2.229880897573262644e+02
2.215983713045509376e+02
2.218152567843100371e+02
2.234447590218913433e+02
2.227456788583673415e+02
2.218509492769378255e+02
2.234420088233148931e+02
2.230435631001431886e+02
2.239742929782324268e+02
2.240228647553908559e+02
2.234265170457409226e+02
2.233935549169472381e+02
2.235510500664454696e+02
2.231581219697349638e+02
2.226920128855574319e+02
2.224873243946887840e+02
2.199758355401071697e+02
2.173674229580127815e+02
2.204481464410673937e+02
2.207567135689468785e+02
2.255027210402514868e+02
2.228099234722447193e+02
2.231009383538134045e+02
2.218296115001905093e+02
2.217859996202052457e+02
2.208990619595259091e+02
2.212070635290802159e+02
2.231644980840100345e+02
2.229188500581455230e+02
2.240804018916283553e+02
2.237488752708228787e+02
2.231656486393912928e+02
2.231567542949363201e+02
2.225603293009373260e+02
2.224546742806967075e+02
2.216960000323018107e+02
2.224288909008774056e+02
2.241551688447959521e+02
2.222382600268764747e+02
2.189936224734734367e+02
2.170695902227489000e+02
2.179665601761761877e+02
2.178558384521782614e+02
2.209949325937741094e+02
2.225082320110898024e+02
2.239860809808315594e+02
2.241375009537387371e+02
2.238603183607597487e+02
2.239793149690046619e+02
2.220269485794913749e+02
2.223561912394504816e+02
2.208306136728438958e+02
2.207623900080812689e+02
2.214028457182359091e+02
2.215036546855611448e+02
2.221590973248706291e+02
2.216505026658865631e+02
2.218770451703514937e+02
2.093868870715905075e+02
2.205614668312569506e+02
2.253861710698894285e+02
2.253994804280717119e+02
2.255485172400931617e+02
2.270403455360234943e+02
2.269786600532157195e+02
2.265836491972209501e+02
2.244778831069040450e+02
2.216879907901232798e+02
2.212328927934788965e+02
2.200645140684069929e+02
2.207927955397825599e+02
2.196808903098549308e+02
2.208278558798836286e+02
2.220797816289083926e+02
2.215686987252420863e+02
2.225219610222232518e+02
2.216786222018271530e+02
2.218615510274370592e+02
2.221540508909704386e+02
2.414866851627923552e+02
2.168106986532172584e+02
2.216309222233747676e+02
2.200741344169561273e+02
2.220484512495552849e+02
2.226244355916902009e+02
2.216147781791817692e+02
2.210848824605818947e+02
2.214605038755735222e+02
2.204580672617812240e+02
2.207211838927510996e+02
2.208221058028975960e+02
2.210658418120515591e+02
2.218740547037988620e+02
2.211417177378549468e+02
2.198581934556603983e+02
2.193844585547370230e+02
2.204093365217382825e+02
2.206455131593991723e+02
2.212015873175855063e+02
2.218209821265816970e+02
