2.677149510190723163e+02
2.529021475485955079e+02
2.546487882978934465e+02
2.528181871943353087e+02
2.530627088263495921e+02
2.515317363302801255e+02
2.485717058255814891e+02
2.470213429841579114e+02
2.464690740804446989e+02
2.445823080336011799e+02
2.439311543995501097e+02
2.420075226408756350e+02
2.410055708349115662e+02
2.409894125386208543e+02
2.398971944654315394e+02
2.391853646204907591e+02
2.373697346205216547e+02
2.361793738073168356e+02
2.354586612559191963e+02
2.340522919050252995e+02
2.329939196570896911e+02
2.115030586303576001e+02
2.109073237375128826e+02
2.168316108714520567e+02
2.177193822894426205e+02
2.174439423680912284e+02
2.192904066836780999e+02
2.211056886676391571e+02
2.221939717589039276e+02
2.196763420629938537e+02
2.190113071443525143e+02
2.192513535729603689e+02
2.184646468749417352e+02
2.180102289469868992e+02
2.169761817544256246e+02
2.177526708886598783e+02
2.181827461522500187e+02
2.181006236053364944e+02
2.176515474601310700e+02
2.172782732903419287e+02
2.176296069382236738e+02
2.177595243096399429e+02
1.969234689635484870e+02
2.115892070129083322e+02
2.133278148897898348e+02
2.114811848656297570e+02
2.121857707904461563e+02
2.097693152937068248e+02
2.114718360931294399e+02
2.134506371635747257e+02
2.121378513689909937e+02
2.133867376527829549e+02
2.115685164294990273e+02
2.115850906349976128e+02
2.113238047491459497e+02
2.095005306617649126e+02
2.093665214899464786e+02
2.093904204814023444e+02
2.086950642425404112e+02
2.081779121283452980e+02
2.077342294295402780e+02
2.064660877699999730e+02
2.060699913884112959e+02
2.078135735417266687e+02
1.959296376199505687e+02
1.907498026728785021e+02
1.911397322036748108e+02
1.855774083974907285e+02
1.837856049195395656e+02
1.879772787546187658e+02
1.879061242367927207e+02
1.883684803040595739e+02
1.877641083834874962e+02
1.878762537333533942e+02
1.872150994274258267e+02
1.847631264820038837e+02
1.839476219883652277e+02
1.831989054942503969e+02
1.822645383041771936e+02
1.812281172975278309e+02
1.804897416464276034e+02
1.796961673746599502e+02
1.791572473845772890e+02
1.775236753146479884e+02
1.683098713060496152e+02
1.608148988106033812e+02
1.565535885694079070e+02
1.556920976180465743e+02
1.536648126687951503e+02
1.509022926187221003e+02
1.483656727980239509e+02
1.480982037237841382e+02
1.477946220524503360e+02
1.462709367851709317e+02
1.451266599291645036e+02
1.444386752547754043e+02
1.428090136378672810e+02
1.414012089512564216e+02
1.402520267894358312e+02
1.395138709523118337e+02
1.384524956167012135e+02
1.378894037447034009e+02
1.372182628841259486e+02
1.364177051011507444e+02
1.350904530867205438e+02
1.116378492358298615e+02
1.170385103286355957e+02
1.139625023526254068e+02
1.123569760332647149e+02
1.117487431122852541e+02
1.114977527845304479e+02
1.097653919481886078e+02
1.083350075418378111e+02
1.078007954644869102e+02
1.074615127351467407e+02
1.075062069241440668e+02
1.065002010790815774e+02
1.058242516545579264e+02
1.059221989558536592e+02
1.054231624856144549e+02
1.052824387566978572e+02
1.048044449230632438e+02
1.045093392602233280e+02
1.039232495765770068e+02
1.036554576566200581e+02
1.031184560169295423e+02
9.291490973440906487e+01
8.978961858602953328e+01
9.233466545052340280e+01
9.047940298512327217e+01
9.107284615892241675e+01
9.204014167951780223e+01
9.139999811836047172e+01
9.124835286942624180e+01
9.129076950373351451e+01
9.115453046510887702e+01
9.075179324062818864e+01
9.099929023738562250e+01
9.067885398145116937e+01
9.010388764725716726e+01
9.040391409944896850e+01
9.073759737562416205e+01
9.086559476309908234e+01
9.040871915287547722e+01
9.006346276558790009e+01
8.950949144843212935e+01
8.960816006730433969e+01
7.927165562019951039e+01
7.868835118537336371e+01
8.541918564936361236e+01
8.604630687487298246e+01
8.555765693682702988e+01
8.497422138197103436e+01
8.410086885912970445e+01
8.353311595308775850e+01
8.595556610601079228e+01
8.457860532281432597e+01
8.457167759212138947e+01
8.351391259139077761e+01
8.354093156071881765e+01
8.324515262329995835e+01
8.311583876971829454e+01
8.266942512408837729e+01
8.215791407429723847e+01
8.208310958619435382e+01
8.220659377722000727e+01
8.142004184770313202e+01
8.178171804299934422e+01
7.369206169001078877e+01
8.058825148330411992e+01
8.099571617954252645e+01
8.047428267615551079e+01
8.169886869863283607e+01
8.217857836540959227e+01
8.007173801733988228e+01
8.023891615575085723e+01
7.929646255390612453e+01
7.875305348535536609e+01
7.901328549586460781e+01
7.809752895566747100e+01
7.759339355067862698e+01
7.737163092889824156e+01
7.712319331557488056e+01
7.679635670805052428e+01
7.681890259265419729e+01
7.753787533002486043e+01
7.735858972071223150e+01
7.744405765342479242e+01
7.766318348731336130e+01
7.445818781197382918e+01
8.057950082481428922e+01
7.446294505894638860e+01
7.540230156531468708e+01
7.629321421534025660e+01
7.520137825687565680e+01
7.475491134011519989e+01
7.630751253577109594e+01
7.791725371713569359e+01
7.712981445198762742e+01
7.705982303032305936e+01
7.622908995046211089e+01
7.622840147452083670e+01
7.585821338441802197e+01
7.595006183721311288e+01
7.599800527625222912e+01
7.550676962531763081e+01
7.527682257582061709e+01
7.552578987040897118e+01
7.558404926380288202e+01
7.545189168676063218e+01
6.645966427626065354e+01
7.044955553981755259e+01
7.169026169784086733e+01
6.984684642365029106e+01
7.047530325315980804e+01
6.908996739903066953e+01
6.901751534515999253e+01
7.028581509077739042e+01
7.060079883922239219e+01
7.189630397853895261e+01
7.190949408024108891e+01
7.203179979839694624e+01
7.220798198049773475e+01
7.221329067721438832e+01
7.274871492387536875e+01
7.338024340905953125e+01
7.417223985268728370e+01
7.405578635294938294e+01
7.353169705171421811e+01
7.412611815331740672e+01
7.399861240279534513e+01
5.776008396624308006e+01
6.876397538812450705e+01
6.841736710452846637e+01
6.954341187387692003e+01
6.835504263621513132e+01
7.118089965639491368e+01
7.171325548597326360e+01
7.361608120107261755e+01
7.346524196918214500e+01
7.337249531955067994e+01
7.301531514308221915e+01
7.458028249506924112e+01
7.330974175891276445e+01
7.340387919453283416e+01
7.305960326191960519e+01
7.345314587835697751e+01
7.339306070362987100e+01
7.257654679019553612e+01
7.264079863453717678e+01
7.212645307765160396e+01
7.278638488645711391e+01
8.507414429159773306e+01
7.891236346093350562e+01
7.667096906889281627e+01
7.561262920874173687e+01
7.644808816116731975e+01
7.739611647652647264e+01
7.650269041372960999e+01
7.583284185972718205e+01
7.475861729269118428e+01
7.420193790253529187e+01
7.363633998755442178e+01
7.360847085657766797e+01
7.321003797126459745e+01
7.253559726309796929e+01
7.189852962949338178e+01
7.160761237854943317e+01
7.141976761241372174e+01
7.127039959323312246e+01
7.151496835007154118e+01
7.168671880865670687e+01
7.185033852201003413e+01
