1.723619616770571383e+02
1.709747661526751870e+02
1.696715806770988308e+02
1.682315910402500094e+02
1.667973131106288918e+02
1.653784555302178774e+02
1.637724748890466628e+02
1.620899727245116253e+02
1.602574020247264173e+02
1.582249799750876207e+02
1.562239344118018494e+02
1.539784982434907477e+02
1.516334318904179383e+02
1.488933204845986893e+02
1.461127027090589081e+02
1.430738723976641609e+02
1.406248173516877671e+02
1.375195776248563391e+02
1.350362460502168744e+02
1.327948069737342109e+02
1.310211178070386495e+02
9.621593052276013225e+01
9.921993476702567705e+01
9.691891807790700852e+01
9.542252629061744074e+01
9.479459546291477068e+01
9.448579098245623697e+01
9.362126374827542463e+01
9.331265830546880125e+01
9.333441870365582815e+01
9.305603935162635310e+01
9.272147550128141802e+01
9.233457454846163159e+01
9.207796627054769090e+01
9.177468408298739178e+01
9.154718820413347657e+01
9.174465702745764872e+01
9.143513458962890184e+01
9.078131838903163953e+01
9.058312726509159063e+01
9.043671820487087132e+01
9.036287826370538312e+01
8.361310021011965432e+01
8.275549290232207511e+01
8.583728706814974885e+01
8.852372343481901851e+01
8.970402307828105393e+01
8.896406841300762380e+01
8.765185709881855303e+01
8.760884700808037451e+01
8.747006855301134465e+01
8.704630360226225605e+01
8.727087219156881304e+01
8.713890567638213724e+01
8.721267391486560427e+01
8.708890908528485397e+01
8.657227863109642385e+01
8.655129978630178300e+01
8.640502596421507064e+01
8.628502717434827218e+01
8.618760216823599762e+01
8.640803721451611352e+01
8.626506159399353635e+01
8.654057288848483154e+01
8.047979820388840722e+01
8.212099828955169301e+01
8.112284688027239099e+01
8.184929990067368522e+01
8.306216690077307874e+01
8.422797861079102688e+01
8.417728582427970707e+01
8.442980354145083766e+01
8.410169964269653065e+01
8.395227711484926658e+01
8.341536761568282543e+01
8.373257325317062794e+01
8.365859755109691775e+01
8.345971858671043719e+01
8.312792161481982589e+01
8.277271889975821750e+01
8.242838726108703895e+01
8.221704266378200998e+01
8.215977680295775087e+01
8.205280660754912958e+01
8.230378394935377173e+01
8.029149858842650644e+01
8.162069485215918974e+01
8.199147223199828716e+01
8.120453135354384244e+01
8.100247850929321203e+01
8.036246673100313842e+01
7.996275914958897602e+01
8.011671434905785816e+01
7.977552000183662528e+01
7.891565034828074943e+01
7.858173960977806871e+01
7.820583484132615126e+01
7.776069341222303422e+01
7.742136679634660368e+01
7.728998989944041398e+01
7.726026357751887019e+01
7.711981246417880698e+01
7.699064911484124707e+01
7.686512180523017435e+01
7.694182094061510213e+01
7.746844902457075932e+01
7.392704051288465905e+01
7.673591308745797335e+01
7.456111703893023446e+01
7.467840876488412505e+01
7.445182241828703695e+01
7.385467732118343065e+01
7.318383417437514993e+01
7.237253195978637166e+01
7.245562572451719063e+01
7.172995289014187392e+01
7.147569862457193324e+01
7.139402090155913072e+01
7.115260363273263522e+01
7.139330835331011826e+01
7.116287121721106246e+01
7.093454708461362657e+01
7.071227084278694974e+01
7.063813660380010617e+01
7.062107356786250989e+01
7.056294393729268677e+01
6.644393790133344169e+01
6.721800414384281908e+01
6.666188084147211157e+01
6.672480480931636748e+01
6.747060478224680935e+01
6.719245176799724106e+01
6.688505524766722488e+01
6.642917062648747617e+01
6.610419022129343603e+01
6.601753439289427661e+01
6.572527948163757117e+01
6.552251076461210744e+01
6.535198398741897563e+01
6.514672490934955817e+01
6.487786445963803317e+01
6.491095896951836153e+01
6.499547706915498679e+01
6.473051165906147730e+01
6.452614452733591577e+01
6.424446987417374544e+01
6.394380651138895644e+01
6.169875894962105178e+01
5.827395557754075384e+01
5.877643633037546778e+01
5.713866166551754588e+01
5.837661052493185565e+01
5.891523133418711922e+01
5.912731035723386697e+01
5.940968625823675353e+01
5.947718936861227945e+01
5.945595049867661430e+01
5.959252249589300732e+01
6.000294935293965182e+01
5.953136425685779187e+01
5.944808226059966216e+01
5.930981294278222293e+01
5.893308600934584263e+01
5.873119195344317234e+01
5.861265698789433287e+01
5.842468252453464572e+01
5.805150763821748683e+01
5.776761676465389428e+01
5.321730998437733007e+01
5.484055079539646016e+01
5.533007765704436309e+01
5.477206251549512217e+01
5.486673516349632962e+01
5.400407505075222758e+01
5.387321751269202252e+01
5.426945164997010096e+01
5.399216315812068956e+01
5.430893966483981927e+01
5.425526607718469307e+01
5.421278803571473759e+01
5.421998366657312118e+01
5.387439158474189327e+01
5.364008693028176822e+01
5.346489071872446175e+01
5.319625573048745792e+01
5.316158235498661355e+01
5.298841706546390640e+01
5.291561575940295370e+01
5.255371295670900622e+01
4.876523341821290813e+01
4.880697770698262872e+01
4.974420876270842484e+01
4.926365248298321831e+01
4.955657531955559136e+01
5.008169293044566928e+01
4.984786448922832136e+01
4.898496012238538810e+01
4.906232019285741330e+01
4.895809714985602312e+01
4.906438670243726108e+01
4.873952413652124704e+01
4.878531778721588807e+01
4.878766799318960068e+01
4.903880836656085762e+01
4.857596431886940991e+01
4.844417482261019359e+01
4.851417528524027745e+01
4.829547785566458629e+01
4.838403276728771374e+01
4.825287319231390626e+01
4.513485014765564785e+01
4.528807963836091233e+01
4.454250844282424993e+01
4.538919190329499287e+01
4.487822089859771779e+01
4.502846656138552817e+01
4.484155977411881366e+01
4.467037160681449137e+01
4.518515390036109380e+01
4.553622440829862228e+01
4.512629559262232704e+01
4.520161285100404314e+01
4.497149067835376002e+01
4.519035132991936621e+01
4.531244750792715337e+01
4.537475594292385495e+01
4.545672058913863367e+01
4.532661297500679609e+01
4.528225190549452606e+01
4.513503212556648947e+01
4.517421063469851816e+01
4.783075961055426717e+01
4.521902077586280200e+01
4.501016667539421690e+01
4.321686860520390638e+01
4.340040037487435143e+01
4.298560077327698536e+01
4.242577998046992604e+01
4.252705401331125756e+01
4.267090996609792342e+01
4.284955177426705575e+01
4.297235526677832240e+01
4.278595689165035765e+01
4.291909619385717178e+01
4.310211885065744752e+01
4.303212076952832632e+01
4.288494266472969940e+01
4.294781320731945584e+01
4.285012038817095714e+01
4.298335640915856004e+01
4.309925413356990731e+01
4.304443207872899535e+01
3.490644502262407656e+01
3.911886303171262824e+01
4.021556333444168274e+01
4.098024583288984246e+01
4.077649990221156884e+01
4.102836947840023640e+01
4.114687805911282226e+01
4.120744035201148137e+01
4.136594233876295590e+01
4.164903344930310425e+01
4.164763327276006777e+01
4.146815828169302165e+01
4.144316466881478078e+01
4.145928541081141105e+01
4.162776080150573677e+01
4.143302770011236902e+01
4.113694303156280085e+01
4.107848877092787632e+01
4.125306909649384579e+01
4.126535739191446339e+01
4.118403751078288622e+01
3.951483267650642972e+01
4.036644841127210981e+01
3.865578159155690230e+01
3.974184675666132449e+01
4.017514871564570456e+01
4.030903922681346074e+01
4.048288692243400533e+01
4.054101226330024588e+01
3.994861875816841490e+01
3.966504362692052155e+01
3.958780600994894883e+01
4.006266352809684150e+01
4.009959644908467169e+01
4.004749987261112665e+01
3.989840697316790141e+01
3.995550983074777207e+01
4.011093236867413481e+01
4.010497465901595149e+01
3.988823063669498481e+01
4.004086303966548854e+01
3.996783490706295083e+01
4.102638083559203608e+01
3.975206795628699297e+01
3.846183199138668130e+01
3.846675365287952530e+01
3.903282429480344717e+01
3.863360176123799050e+01
3.852766114106339046e+01
3.865377436558924984e+01
3.865486245638393825e+01
3.872259471918876272e+01
3.876755689691354689e+01
3.874080888764179775e+01
3.896577577248035595e+01
3.909627193280893209e+01
3.911007548530317735e+01
3.912264876702442962e+01
3.878356061999166826e+01
3.871622196754498191e+01
3.862110650419261049e+01
3.875619465272615116e+01
3.877230239211656482e+01
3.953503797723605828e+01
3.993840598933955732e+01
3.888265065727314607e+01
3.990101872452379439e+01
3.938192371839037520e+01
3.940612670021236141e+01
3.936596185266353132e+01
3.923681015199617406e+01
3.927222653316704282e+01
3.916238486525825380e+01
3.907620401780447850e+01
3.881401926295591664e+01
3.867732674730889642e+01
3.864485020577139096e+01
3.861804388312102532e+01
3.846873261467647609e+01
3.835363271332192880e+01
3.826792690972935418e+01
3.822220611951986058e+01
3.821197968593159544e+01
3.822540748755051254e+01
4.206006405316215080e+01
3.704459625435303138e+01
3.631882667450013713e+01
3.641260109086928765e+01
3.609680614111842800e+01
3.632933414462910804e+01
3.667456841287724956e+01
3.697943569624806059e+01
3.735286625856821274e+01
3.733337903461420382e+01
3.733368973758848597e+01
3.752565667533089311e+01
3.756306609447971567e+01
3.744772337918783478e+01
3.755516222617406896e+01
3.763152920583722505e+01
3.762261263610073314e+01
3.770829495902434303e+01
3.771779413061427988e+01
3.754247615942318816e+01
3.760312017722251454e+01
3.394222273559344671e+01
3.609064706026581604e+01
3.549089971331432736e+01
3.557053013637247574e+01
3.525819848291273217e+01
3.651617242386780759e+01
3.722430251619397978e+01
3.686462105833469849e+01
3.690359029635504129e+01
3.712222054997965159e+01
3.706962701381665681e+01
3.760041911698964867e+01
3.768481820607919275e+01
3.754180677349870621e+01
3.730728435854295810e+01
3.743881401890835292e+01
3.720574201175625717e+01
3.706619158855285434e+01
3.705740492066237124e+01
3.718973587954462090e+01
3.711236391785168109e+01
4.416381897440065529e+01
3.779813135397753854e+01
3.606932050817699320e+01
3.773811797788840749e+01
3.668642361846951161e+01
3.693106011820420065e+01
3.657174629027683466e+01
3.688373213558913477e+01
3.670091925827193791e+01
3.669112053883075220e+01
3.649813930564334186e+01
3.669336484020406175e+01
3.675400466561737289e+01
3.665206536705638030e+01
3.675190020737873908e+01
3.673254235435052806e+01
3.685599823451360635e+01
3.688309164701890097e+01
3.682594865562130337e+01
3.672473710067117025e+01
3.673953187011731103e+01
4.017681555882567324e+01
3.770942636660186764e+01
3.703228649014380380e+01
3.686879622125403699e+01
3.672850070306012071e+01
3.620733605146034506e+01
3.581365030830367857e+01
3.621396791979243801e+01
3.636454163654654081e+01
3.606266926908340054e+01
3.618347695110838913e+01
3.639898564858908969e+01
3.636691867173811232e+01
3.632033632306306714e+01
3.645587143672621266e+01
3.662273757084029313e+01
3.651720772360719280e+01
3.672527241058305236e+01
3.680112261460325840e+01
3.669208159549683756e+01
3.658597873002497636e+01
3.304919655092307096e+01
3.275295263475786811e+01
3.287106660671382485e+01
3.463174707570733801e+01
3.551228891035226098e+01
3.564335707002187092e+01
3.555861429818989450e+01
3.578946238590260975e+01
3.543809849671533385e+01
3.563028164684339316e+01
3.560595600390660564e+01
3.540439467257041883e+01
3.550298686787497360e+01
3.584397609348800273e+01
3.607857012674140407e+01
3.623688541436908395e+01
3.634026071834944105e+01
3.618115154503961151e+01
3.611668984506520985e+01
3.620934321431794700e+01
3.622532208916317131e+01
3.686040941758486866e+01
3.845916759010428621e+01
3.763290026832171975e+01
3.707253377279891993e+01
3.678615418942780479e+01
3.606914507898755318e+01
3.554977194281257624e+01
3.558447886354919376e+01
3.573070719343042612e+01
3.566191054874723676e+01
3.565377554333590382e+01
3.560787480795787019e+01
3.606266720226524569e+01
3.591199135504116668e+01
3.573717999592448535e+01
3.600399529880485971e+01
3.606451210055103473e+01
3.615076667032074198e+01
3.603316301838801650e+01
3.610741745583141693e+01
3.608387046062571812e+01
4.113762322546988059e+01
3.775266871279376346e+01
3.666752541769145779e+01
3.597219901032580225e+01
3.553548499914570158e+01
3.557916657275560368e+01
3.539175581300462170e+01
3.532248426798515339e+01
3.549083805403260783e+01
3.583100767201047887e+01
3.615101002155393672e+01
3.636626164359344671e+01
3.641417249432229397e+01
3.630047783869807887e+01
3.626733285939654650e+01
3.616943208583822411e+01
3.613732217747241293e+01
3.615442643812205858e+01
3.609408586314468437e+01
3.617152217494585642e+01
3.618885055191942968e+01
3.440954219441726281e+01
3.562503722951885976e+01
3.601337314234528009e+01
3.591301430977362941e+01
3.589470212577784025e+01
3.622161440294166113e+01
3.610323712832754239e+01
3.622275807623744015e+01
3.610918295816382795e+01
3.645702896437651219e+01
3.635977343182155153e+01
3.623720922468150007e+01
3.621828225663794854e+01
3.600314162978283861e+01
3.592569912699271129e+01
3.596170549778908310e+01
3.605701630322030837e+01
3.604141375433207628e+01
3.599067990487166924e+01
3.597818937721723387e+01
3.581326586691330505e+01
3.966036845528834931e+01
3.476410434626154711e+01
3.553415589691230281e+01
3.550222959440252168e+01
3.529867330935953618e+01
3.544197920654617917e+01
3.569255012847397524e+01
3.643231040059199444e+01
3.634505506084215654e+01
3.630921833220028105e+01
3.589678618573456959e+01
3.612231740081386988e+01
3.627660396885547556e+01
3.615580355952816660e+01
3.621842979388326711e+01
3.612286217827330148e+01
3.615071361364073965e+01
3.604720693112724916e+01
3.588833942737413452e+01
3.590342459779702722e+01
3.583248954436484723e+01
3.724085468708710778e+01
3.536845834975605385e+01
3.588514879515359013e+01
3.611140290868704028e+01
3.515220512149939225e+01
3.506901552733685890e+01
3.535451811923699239e+01
3.524047672621861693e+01
3.576462345169051105e+01
3.594638499527779629e+01
3.573253542925774440e+01
3.542288779226691275e+01
3.524150935191146772e+01
3.530416960167717377e+01
3.523878640885617131e+01
3.526655071090360138e+01
3.551368711259827649e+01
3.536892337158294453e+01
3.533955146463142682e+01
3.564051665698658411e+01
3.553150003306828353e+01
3.440889444730154878e+01
3.628944963407391811e+01
3.702392136695529246e+01
3.725724040353966870e+01
3.684238575361076329e+01
3.683537123504028443e+01
3.664543331253145197e+01
3.632074749763813060e+01
3.636302866041798865e+01
3.643581377042345792e+01
3.611165882563888374e+01
3.596869665212400236e+01
3.564650646432056647e+01
3.584076833446029298e+01
3.577408387278428847e+01
3.584438934518626496e+01
3.582480411217713367e+01
3.565141882947284557e+01
3.563053540689652010e+01
3.555689970382861276e+01
3.558413894735465277e+01
3.817205918953997212e+01
3.771272790592532687e+01
3.595753249428489084e+01
3.617910190428854378e+01
3.561334082624617992e+01
3.528663311795322244e+01
3.532118878386972227e+01
3.531673554180829200e+01
3.587837226231133059e+01
3.587592000843144291e+01
3.558882751349937479e+01
3.576416030914116106e+01
3.567386998126685427e+01
3.550915277352119404e+01
3.534352038009105712e+01
3.531175672140820154e+01
3.538845332354375017e+01
3.542941717770196419e+01
3.547665681107116598e+01
3.550961610086036302e+01
3.553425600882864899e+01
