9.968406476366932338e+02
9.921595223738252116e+02
9.879473940260477320e+02
9.831299250799258971e+02
9.783586282700273387e+02
9.731897797678593633e+02
9.679746471930851612e+02
9.619724953325228398e+02
9.556684173606307695e+02
9.490427172961842643e+02
9.415444645009072246e+02
9.332168437794395004e+02
9.239145230979836469e+02
9.137124838773318061e+02
9.027937820506112985e+02
8.907293953445315537e+02
8.785381281634339530e+02
8.660156744628725392e+02
8.531977460097687072e+02
8.409815315918377792e+02
8.308234381967564559e+02
6.330044483577440815e+02
6.363731967047623357e+02
6.336406867133313199e+02
6.314596072567748024e+02
6.239777402436337752e+02
6.182841659496145894e+02
6.164412295601571259e+02
6.182149219162921554e+02
6.219139943999737170e+02
6.194631074809602751e+02
6.168151250992765426e+02
6.175386431238388241e+02
6.168673071887499191e+02
6.164588679400144429e+02
6.178044113163784914e+02
6.171095267198486454e+02
6.159302603473533964e+02
6.147249780732411182e+02
6.162748886794518057e+02
6.167958952197342342e+02
6.147897435023467096e+02
5.834997450693772407e+02
5.783127403225097396e+02
5.857291258690887616e+02
5.862147527951827897e+02
5.894652242089100582e+02
5.901985703441260966e+02
5.902255417932346973e+02
5.873443077525640774e+02
5.870261038283213111e+02
5.874630167066519562e+02
5.862844998280836535e+02
5.853587738728549539e+02
5.857102818393566395e+02
5.854830179220653008e+02
5.850325646873665164e+02
5.860060915241446082e+02
5.865077818930877811e+02
5.862816117061915975e+02
5.841918493012608451e+02
5.833207106580257459e+02
5.833815611759858939e+02
5.492953969527083018e+02
5.460495156780418711e+02
5.562343995554917910e+02
5.585096492993610582e+02
5.560038878902278157e+02
5.520485449287882602e+02
5.514185396060237281e+02
5.480027049449590777e+02
5.472429982636431305e+02
5.481108389621463175e+02
5.439826902078107196e+02
5.382204221314641472e+02
5.399701098174713252e+02
5.396213186568204492e+02
5.367378583685181184e+02
5.353450127322687422e+02
5.322911275707677987e+02
5.309822241434749230e+02
5.305877787173001252e+02
5.285785323051040905e+02
5.268003937931453038e+02
4.796258425783407802e+02
4.799608863133288423e+02
4.683370503916963230e+02
4.676027810249628374e+02
4.585598744302325258e+02
4.541586802477455649e+02
4.514018752950441353e+02
4.504518675771456628e+02
4.496010006017683622e+02
4.488418790122784117e+02
4.458748895286577181e+02
4.426813696873905428e+02
4.391855106327120097e+02
4.359448164623512980e+02
4.307377992660780137e+02
4.281976316718750581e+02
4.253640129880577661e+02
4.226482985435385444e+02
4.181357844070396936e+02
4.151847690519122125e+02
4.131917757631843529e+02
3.347487522936421556e+02
3.397264832485882380e+02
3.410714316226304277e+02
3.367067327622418134e+02
3.280436174436158012e+02
3.244805405568190508e+02
3.207884266524860664e+02
3.200564407122987518e+02
3.170869415741079820e+02
3.155958804878401338e+02
3.115277488752929003e+02
3.105326556851788382e+02
3.058132349715292548e+02
3.012288921187742972e+02
2.971340851487398709e+02
2.934443709028535636e+02
2.909060261157263199e+02
2.893242881292229640e+02
2.870267010564928114e+02
2.838411600550872436e+02
2.829502495847771684e+02
2.590551374387356987e+02
2.411158002007820471e+02
2.285046796024052469e+02
2.224556071059728311e+02
2.193283851936807025e+02
2.164847070466333037e+02
2.186244969366982218e+02
2.227645380969364908e+02
2.231431270277794283e+02
2.204052101130093035e+02
2.213644546561633604e+02
2.213053525136052428e+02
2.210465240454213927e+02
2.212086878260454910e+02
2.191708462123963841e+02
2.264328564232596932e+02
2.259874369883574730e+02
2.267428397687819768e+02
2.253388660944779645e+02
2.249902179985025725e+02
2.260780933746217727e+02
2.144494729320804822e+02
2.094700291202871938e+02
1.985879662145314342e+02
2.036659067670425429e+02
2.117950645868620541e+02
2.087358405403395238e+02
2.065531350378401214e+02
2.037766226217874816e+02
2.035148305533271582e+02
2.031766936168695281e+02
2.001695445258520181e+02
2.003970158015744687e+02
2.016296474817534090e+02
2.010068498695798382e+02
2.000714749142763935e+02
1.976950447560957969e+02
1.952601766557587553e+02
1.948845241294205550e+02
1.931280331440228224e+02
1.944595627001486093e+02
1.945371553360930932e+02
1.602297204785359384e+02
1.561350610328939865e+02
1.780849468444413617e+02
1.805262229286820457e+02
1.797599454797501721e+02
1.764889663462988949e+02
1.791552956165360797e+02
1.782112221532716489e+02
1.784814656942989473e+02
1.795109632578551100e+02
1.777065349247091888e+02
1.784644006995706604e+02
1.812723796465715509e+02
1.810628344397637761e+02
1.823613190152271670e+02
1.809518235806245059e+02
1.807949319791496521e+02
1.799088210832858579e+02
1.796677176397356561e+02
1.784969141035564348e+02
1.780448360698379986e+02
1.495630612249254057e+02
1.524214962775314461e+02
1.595508665580311742e+02
1.608937004723088080e+02
1.638612029514078756e+02
1.673503620723662095e+02
1.659295457654862105e+02
1.703959769833944620e+02
1.686549615446173789e+02
1.667682288837433475e+02
1.636244772521564244e+02
1.662915524910964677e+02
1.655331990694245974e+02
1.649264469186106794e+02
1.691644865955941839e+02
1.694867824134065017e+02
1.694050669819373525e+02
1.685064672488964845e+02
1.669141886306790639e+02
1.682282326796751306e+02
1.675500196547912708e+02
1.694206936142933273e+02
1.521869592237366362e+02
1.535750834242109306e+02
1.546691151445282060e+02
1.558867913855545169e+02
1.584949519382661265e+02
1.567076167599787482e+02
1.574935530057681206e+02
1.559371086024412136e+02
1.565270740075785625e+02
1.564682649775835444e+02
1.554443842410831280e+02
1.534353209509988005e+02
1.514687548476630354e+02
1.546310106483574032e+02
1.537197422159013911e+02
1.555782334873002242e+02
1.560734920835080288e+02
1.562603206120878099e+02
1.590281792391472209e+02
1.576394880457058889e+02
1.144166005972556661e+02
1.552739068771081179e+02
1.500500613133607430e+02
1.486192871307048335e+02
1.512927430810343026e+02
1.505230081179937827e+02
1.503779847555844071e+02
1.555883900965886255e+02
1.518276017326475937e+02
1.501427012581371230e+02
1.474740715179330834e+02
1.462653453794331426e+02
1.490531258256448268e+02
1.474394858187430941e+02
1.455559465322890844e+02
1.443385384616576346e+02
1.441081734223818103e+02
1.457558494321619662e+02
1.462155002484691124e+02
1.458947035136594934e+02
1.454456701813111863e+02
1.307276477220798938e+02
1.299856030739715038e+02
1.416577430823288068e+02
1.498612466650897943e+02
1.439408896119074370e+02
1.508113159186898713e+02
1.494878107118042578e+02
1.473098028771352688e+02
1.436136570541845572e+02
1.443654553225734105e+02
1.429024335573417943e+02
1.399524450821107848e+02
1.385202509454154267e+02
1.382979913816847954e+02
1.385761561231387873e+02
1.378053468128248085e+02
1.364431526297422863e+02
1.362853419483504922e+02
1.361184447443937415e+02
1.370522484240921983e+02
1.375279497539234228e+02
1.479616942697516038e+02
1.280236768877249460e+02
1.295096860830454091e+02
1.270183629756090511e+02
1.248852964971477917e+02
1.291601002936405109e+02
1.498885480179403373e+02
1.500756806545447830e+02
1.565715137112625541e+02
1.589566483219546171e+02
1.556219541802086894e+02
1.524568873253225263e+02
1.504292971865433515e+02
1.516686867473220559e+02
1.512459111601823452e+02
1.486610264617373787e+02
1.469816788273703594e+02
1.460505493381615736e+02
1.456809941743460683e+02
1.457160902863243450e+02
1.447264927546652586e+02
