7.277143991636676219e+02
1.682442696944476484e+04
1.033982349324760435e+04
7.581712090267457825e+03
6.053016070993141511e+03
5.080501526861154161e+03
4.407052168602822348e+03
3.912021069607095342e+03
3.531934528045871502e+03
3.227462165105634085e+03
2.976987009460141053e+03
2.768205776313263414e+03
2.592688852631973987e+03
2.441220725469073841e+03
2.312688511467732042e+03
2.200532741983557571e+03
2.101369273721546961e+03
2.013406975200918851e+03
1.933988729346171112e+03
1.864079087902418223e+03
1.800255038784213184e+03
5.267424001258399358e+02
5.617769875898361533e+02
5.619910358369678534e+02
5.644259215798191462e+02
5.592222792421229087e+02
5.556820800370406914e+02
5.549620493622913955e+02
5.536806507421233619e+02
5.479818613728398304e+02
5.430574265416189519e+02
5.366612688860840308e+02
5.334658153916379888e+02
5.262789260048183451e+02
5.218082903792138723e+02
5.148400990719432002e+02
5.090934518452296516e+02
5.023784995955236354e+02
4.942498543771372397e+02
4.872815284657903021e+02
4.806508336799998915e+02
4.739464925207063857e+02
2.904592934875703349e+02
2.702875570595714407e+02
2.908302066183587726e+02
3.001985769524824263e+02
2.864591515304187510e+02
2.874580734110543858e+02
2.887970328837755574e+02
3.027306968111787455e+02
3.294565254553342015e+02
3.648052384939442732e+02
3.889356094192361297e+02
4.006435706478023917e+02
4.027405232142788805e+02
4.017975356822619801e+02
3.994750151885664877e+02
3.964799784411222845e+02
3.914120008414183189e+02
3.884186925043912879e+02
3.844664704058518510e+02
3.795358257347365907e+02
3.760318966274134027e+02
2.777746477983652085e+02
2.895575239590899059e+02
2.815729407878422990e+02
2.664138934345496068e+02
2.683079576269257700e+02
2.678974821289798456e+02
2.685514034512477224e+02
2.668059628567115169e+02
2.587412922549835912e+02
2.806168129171030046e+02
2.916487634577866856e+02
3.158862377231495771e+02
3.374695519874973115e+02
3.527622141368701705e+02
3.615583125468309618e+02
3.618792000017435839e+02
3.585674524860150427e+02
3.591409079189314184e+02
3.574943965390871767e+02
3.545492138082162228e+02
3.535581320736901034e+02
3.140373586181748919e+02
2.957438927352131373e+02
2.791631184379377828e+02
2.863760708728502777e+02
2.698741436879763569e+02
2.660787257061030573e+02
2.639777677540116088e+02
2.566959322453235472e+02
2.506361724190053906e+02
2.531206081550846818e+02
2.459509973916072454e+02
2.398334351518599590e+02
2.371474070574973609e+02
2.354739668250685440e+02
2.302907225144955419e+02
2.260555600541355830e+02
2.232520239495470946e+02
2.206037288831230114e+02
2.174680154721137058e+02
2.139173611801343498e+02
2.108593805549488138e+02
1.554061718337717934e+02
1.694717541631729034e+02
1.619766077052134676e+02
1.511658035853819513e+02
1.406802813526219040e+02
1.374671571681896864e+02
1.407922972981548355e+02
1.407161900105349730e+02
1.481500519072083364e+02
1.513099334040974213e+02
1.500936238343298044e+02
1.501570067827876187e+02
1.493600269010134127e+02
1.490697156414882443e+02
1.468552756558623571e+02
1.461135004588379900e+02
1.429482447954428892e+02
1.412535365692518781e+02
1.399956893909613598e+02
1.397969835715105091e+02
1.396155468022125490e+02
6.814221643274701989e+01
1.573720217881250392e+02
1.642982239890676510e+02
1.541425370702925193e+02
1.463849196529422443e+02
1.463201754709463955e+02
1.481920861726199234e+02
1.461137127227418659e+02
1.769495617671512946e+02
1.919407538375273816e+02
2.206287141124674918e+02
2.343753458909352219e+02
2.462946991040736577e+02
2.534788480754759519e+02
2.608129664133358006e+02
2.664675126409499626e+02
2.690368928371137827e+02
2.730296246062348473e+02
2.741668844962462117e+02
2.741330893047232280e+02
2.739565217725078128e+02
2.406078503027538034e+02
2.267895775589228435e+02
2.079970955603090488e+02
2.047515153652161359e+02
1.978507191196936219e+02
1.962997369139126818e+02
1.897430926062316416e+02
1.847872134421717476e+02
1.780230709144371701e+02
1.709161863128453831e+02
1.674445737402380416e+02
1.633959264712681261e+02
1.585142979103283096e+02
1.543068594813153140e+02
1.490526533169265520e+02
1.484535793822343521e+02
1.474253539804924458e+02
1.466228174014039496e+02
1.469965946783032678e+02
1.476769423363289775e+02
1.470110971176094097e+02
1.429568779079111778e+02
1.104144512678012973e+02
1.049968655286205035e+02
1.064441210428262679e+02
1.040519767933107858e+02
1.027947746715345687e+02
9.738862091854529979e+01
9.870237806376509582e+01
9.902762571467837915e+01
9.991580571163491697e+01
9.710269503977770000e+01
9.585470270035804674e+01
9.448929204558898221e+01
9.441106621854602565e+01
9.281427888652757474e+01
9.120055161094276741e+01
9.207289817796269915e+01
9.378956647321575701e+01
9.531752758334870634e+01
9.371686378063004952e+01
9.301647842572424452e+01
7.636260743805702589e+01
1.053320548406920807e+02
1.106557000744569166e+02
9.976872523055317288e+01
9.248632567273199356e+01
9.186246484669990764e+01
8.919011013803552146e+01
8.969700200813960578e+01
8.634941454780053505e+01
8.392047250171678741e+01
8.060279775738189301e+01
7.817864016720987763e+01
7.700948139961090533e+01
7.570560452641375093e+01
7.462552164315854952e+01
7.340517385555718022e+01
7.136224298642193276e+01
7.211000453464269810e+01
7.317162613355665712e+01
7.645893587675853098e+01
7.685220161744298650e+01
