6.915892589552345271e+02
6.892119370785965202e+02
6.869500310450368943e+02
6.845156878272388212e+02
6.822469333320647138e+02
6.796369906501064406e+02
6.768082425609399024e+02
6.736714118851805324e+02
6.701681915035692327e+02
6.663815878590331749e+02
6.623202315869632457e+02
6.580303273303587730e+02
6.530783210025870176e+02
6.472693304763874949e+02
6.406231475022768791e+02
6.334596846633219229e+02
6.251088863935585778e+02
6.161677033050059435e+02
6.065190822559839035e+02
5.960744517262644422e+02
5.855231294845378898e+02
3.349964783560493515e+02
3.414762320759956538e+02
3.381904570684253031e+02
3.396827376254680644e+02
3.464795673528903990e+02
3.481422785299016027e+02
3.504839812526593050e+02
3.514407177012121224e+02
3.485822816985292434e+02
3.471691558210760604e+02
3.485253339557111190e+02
3.466431935060178375e+02
3.449409577543697765e+02
3.428651716050106870e+02
3.437260864571268826e+02
3.430482383627960417e+02
3.414490510964564010e+02
3.413400796319359642e+02
3.410232813849947888e+02
3.414674441066447343e+02
3.406137323316067977e+02
3.607230013447310739e+02
3.464593768350210894e+02
3.372174646322544049e+02
3.375492368738959499e+02
3.405728389576183872e+02
3.386951211576937908e+02
3.353512815557984936e+02
3.333270149282514581e+02
3.335109879142357272e+02
3.317318549450137652e+02
3.318686695772140069e+02
3.334313410942070846e+02
3.314686049709207509e+02
3.307652793723171385e+02
3.307067590707370073e+02
3.298296443687824535e+02
3.294056335839499070e+02
3.284946682813247776e+02
3.294899799037807497e+02
3.291006183038826975e+02
3.287492569373275728e+02
3.149416891592610455e+02
3.068555675602656265e+02
3.152473912306516581e+02
3.248458505570438319e+02
3.259310034885725145e+02
3.232275224737513781e+02
3.216067247563796059e+02
3.209451881468592660e+02
3.186005573509967235e+02
3.195574560770074868e+02
3.179001295985191859e+02
3.180494482221902217e+02
3.182629174691758180e+02
3.183898742859211097e+02
3.218918514526940271e+02
3.214130620657724648e+02
3.226400039237271926e+02
3.218747097481996775e+02
3.219598276764483558e+02
3.214965774041305622e+02
3.218939939373815378e+02
3.045433402535234109e+02
3.279241196751089547e+02
3.202069751453906292e+02
3.211797347473346917e+02
3.159912170383437342e+02
3.152906363667348728e+02
3.140395803659702096e+02
3.144034227462852868e+02
3.138165705681894906e+02
3.132683589936821704e+02
3.123822282144718088e+02
3.142194595757765114e+02
3.120296748701392744e+02
3.120843261725260049e+02
3.114633428927929799e+02
3.117266143977872730e+02
3.110529539937816139e+02
3.116929994064382754e+02
3.117055466178369443e+02
3.121559368605832674e+02
3.122058977692555004e+02
3.251983420352048597e+02
3.262685199650675827e+02
3.168533527325880641e+02
3.123724273909210751e+02
3.092125933556947075e+02
3.109268217610214151e+02
3.077760783288616722e+02
3.083169876771940494e+02
3.059031903042920817e+02
3.073290628328691128e+02
3.063425372942782019e+02
3.083703937268658137e+02
3.066410261411533043e+02
3.052452126700902113e+02
3.057956743622112867e+02
3.050523892048446442e+02
3.044147388658603290e+02
3.023813323185337367e+02
3.021722335721275954e+02
3.016807807044442029e+02
3.018780504175667829e+02
2.751405392058708230e+02
2.888038666176614129e+02
2.845605359118421234e+02
2.908677719394135579e+02
2.892413457103107248e+02
2.918120824909730118e+02
2.886467802346824669e+02
2.899645756562111387e+02
2.868708237841030950e+02
2.883301546968435787e+02
2.900895325935669007e+02
2.898151356159984289e+02
2.895752283088759214e+02
2.895496679123533568e+02
2.894210117991160587e+02
2.904353310840634776e+02
2.909576738638288589e+02
2.899437306110938835e+02
2.907398365096934754e+02
2.906397948238430899e+02
2.914811729403492109e+02
2.692361315628936040e+02
2.849870174154325468e+02
2.732037298432796888e+02
2.743180507856510530e+02
2.718862263725347930e+02
2.767741617586839880e+02
2.771177932397832819e+02
2.785907461961776335e+02
2.823103065722986571e+02
2.821798984790426630e+02
2.819743798547806364e+02
2.818192022398467884e+02
2.814250561218658504e+02
2.817396077504392338e+02
2.821070583333683430e+02
2.818451852817571535e+02
2.812500687766789724e+02
2.814422638876056340e+02
2.809173899377322527e+02
2.813218915109559362e+02
2.812051911548110184e+02
2.669278290784568526e+02
2.714742100925990940e+02
2.787296374422978715e+02
2.845841707686469135e+02
2.818264681443345125e+02
2.811292785395807527e+02
2.793068002514772843e+02
2.792511154525533357e+02
2.782188739656996859e+02
2.761173872514425511e+02
2.748357061764166360e+02
2.740295296194221919e+02
2.739370249985227019e+02
2.738040396845036639e+02
2.737043449922514924e+02
2.715450183565714042e+02
2.716097470314676912e+02
2.712341146899680666e+02
2.712303677699173363e+02
2.718850146854247782e+02
2.710699960013272971e+02
2.633607083411533267e+02
2.574624283704068830e+02
2.569035179764821919e+02
2.585514978110940092e+02
2.605021128345989609e+02
2.592154266126247535e+02
2.582522393890556600e+02
2.612722038799024062e+02
2.612079504183351446e+02
2.589680175490694864e+02
2.609222848410335018e+02
2.612456551193795917e+02
2.609881793752713293e+02
2.612732325071981450e+02
2.614233105413727003e+02
2.614745910987665525e+02
2.608539272977343444e+02
2.612178766626744277e+02
2.616146005850979464e+02
2.619731993853905578e+02
2.619756262505597419e+02
2.289664841492374308e+02
2.581353609891418159e+02
2.637896798436294148e+02
2.668909872534232477e+02
2.650347334268378177e+02
2.643748221361400965e+02
2.632273986546481979e+02
2.610670047959073941e+02
2.615251930324475893e+02
2.587265175176403318e+02
2.562703368855203507e+02
2.569399257277161723e+02
2.570782786001053637e+02
2.566605070092774099e+02
2.583477890156445369e+02
2.578120510866322661e+02
2.570885963149289637e+02
2.562218178864278002e+02
2.562454182580587485e+02
2.558448774016070502e+02
2.546860118886934288e+02
2.753406267370385194e+02
2.435852179806629749e+02
2.410325404614191598e+02
2.418999924259852889e+02
2.442347584761689063e+02
2.461406809582755102e+02
2.481120675798302386e+02
2.471284687101617408e+02
2.468107616565147566e+02
2.480895184152112449e+02
2.487115442855856600e+02
2.485339019461873704e+02
2.485794951183534067e+02
2.501256681986822912e+02
2.504364972465620269e+02
2.494668620868424114e+02
2.490620215270617166e+02
2.491109800560306837e+02
2.482110938722774733e+02
2.483920182719446643e+02
2.478923244749005619e+02
2.620336594253053022e+02
2.571536336726706509e+02
2.529376916351320119e+02
2.458860253997238772e+02
2.394648540837124244e+02
2.407668304506427717e+02
2.411152271358708106e+02
2.415145492593180450e+02
2.418564702074405943e+02
2.437100624042041659e+02
2.435468286656236216e+02
2.431152039003691812e+02
2.427779889978403673e+02
2.439994641662414949e+02
2.428278073867780051e+02
2.427738879486734618e+02
2.432809159069110763e+02
2.429321989381518847e+02
2.410811833352491362e+02
2.411624782384464822e+02
2.418395081811310945e+02
2.287638282383674664e+02
2.371195534224588073e+02
2.413154414926669062e+02
2.411106936478389855e+02
2.406469945535289412e+02
2.376468360842794993e+02
2.389586772195848425e+02
2.375465061239095803e+02
2.397758038588657428e+02
2.386381796878669377e+02
2.377867035190330967e+02
2.373502650822173052e+02
2.368224607806572237e+02
2.368553269065176607e+02
2.377797955356557225e+02
2.384978345277839651e+02
2.386044571312939979e+02
2.378777451533694318e+02
2.378657464241044579e+02
2.381656098097979282e+02
2.375617021417574506e+02
2.584101239896242532e+02
2.460919842503896859e+02
2.439797439303925159e+02
2.397936591218083322e+02
2.378758529778004913e+02
2.380835737522650106e+02
2.337926038781592410e+02
2.357497243942973739e+02
2.366831164733350477e+02
2.367204613628950085e+02
2.376863911755418997e+02
2.389151901298271525e+02
2.376963028597769494e+02
2.365974866494645141e+02
2.351711587340377889e+02
2.351102033088960752e+02
2.348935535874962000e+02
2.343456803197975375e+02
2.345610103194699434e+02
2.335932706660200040e+02
2.340565014965694672e+02
2.151144618210024078e+02
2.131801829976794806e+02
2.232925842433515129e+02
2.238540959265264974e+02
2.289160061304433782e+02
2.313275112141919010e+02
2.312980893898958072e+02
2.304806683964701790e+02
2.297229498411730333e+02
2.294219179095681227e+02
2.283961914486581293e+02
2.309016090961228542e+02
2.306036886346777237e+02
2.295109425381862138e+02
2.295095369627887010e+02
2.301838174335780423e+02
2.299475961063821501e+02
2.305788882348432480e+02
2.308902507382210842e+02
2.305356125345352325e+02
2.305593936854878905e+02
2.192162855840532529e+02
2.163928530333478193e+02
2.191147343792911215e+02
2.200696393617589877e+02
2.226644169503411206e+02
2.264895034250715184e+02
2.294071151278244542e+02
2.286485382711499881e+02
2.271251030023381929e+02
2.269166750081811301e+02
2.278379061580360201e+02
2.281448477923083829e+02
2.287692925517075935e+02
2.277467194569994717e+02
2.268591950494823948e+02
2.265599849199794846e+02
2.261583160986578491e+02
2.265347951200944010e+02
2.265964757713799713e+02
2.264129768160493654e+02
2.283528555397218156e+02
2.259896548795228171e+02
2.254636596947195244e+02
2.278924813943424681e+02
2.269746597063762295e+02
2.259841576568163646e+02
2.297201046593770855e+02
2.280537689164547999e+02
2.270888865222352990e+02
2.279696714436091725e+02
2.266142611517108207e+02
2.289858702809097508e+02
2.282825051310645108e+02
2.299091469415631650e+02
2.291034911029247780e+02
2.292117554684588470e+02
2.294263614698830906e+02
2.287133499813431854e+02
2.290698392193991424e+02
2.281236129431214010e+02
2.279599846557578928e+02
2.268497281333730484e+02
2.179854283477651506e+02
2.142963265023802251e+02
2.105555267942449120e+02
2.085732897274626509e+02
2.123102680536420905e+02
2.172471476601263305e+02
2.195800228017378402e+02
2.187705251906923536e+02
2.205377950469759583e+02
2.223412680768913674e+02
2.215595454547624854e+02
2.216908841060063651e+02
2.225242421528034527e+02
2.235175318969444902e+02
2.235234099615487651e+02
2.249485488521005436e+02
2.249033759772313772e+02
2.246585633173789631e+02
2.242064154316176996e+02
2.246343297270034896e+02
2.249142720709860157e+02
2.194697039133512817e+02
2.324926213881835224e+02
2.279253808402116306e+02
2.291854803459234518e+02
2.305084953826124661e+02
2.295941255258098295e+02
2.308591663905969824e+02
2.309902410467855987e+02
2.288687250762895928e+02
2.289341947326002469e+02
2.298870707414897936e+02
2.305241849410508053e+02
2.310025380908004990e+02
2.300293230421977739e+02
2.286150893862919418e+02
2.272937360288464390e+02
2.251852298816910434e+02
2.257587698863538606e+02
2.252421802274747620e+02
2.238996533576236629e+02
2.238571812925690381e+02
2.282438780700138921e+02
2.315529204207135194e+02
2.364752924882812977e+02
2.338563306474676153e+02
2.329957531966519753e+02
2.333088718080556134e+02
2.313729624952400172e+02
2.292385043175488022e+02
2.286871091566726193e+02
2.274993434708136704e+02
2.258601020396619674e+02
2.254631827745339763e+02
2.272156988887334705e+02
2.254619602263879301e+02
2.258972196825751269e+02
2.253673550487800128e+02
2.237493507286148429e+02
2.230486654325056861e+02
2.223981712959457582e+02
2.226279646147995379e+02
2.233220785355781004e+02
2.089521948977136105e+02
2.263378254366465399e+02
2.203300570876497773e+02
2.239800252905199898e+02
2.224331132214964271e+02
2.224861157849292681e+02
2.196774781400839345e+02
2.209445210013700205e+02
2.221604009016016050e+02
2.212086616366807164e+02
2.215348665310943943e+02
2.207654820992355837e+02
2.202938891571866691e+02
2.216669287436457978e+02
2.222770794863586445e+02
2.220821909826231320e+02
2.231522711149804366e+02
2.239467931293176264e+02
2.235298985030999290e+02
2.239978315829060023e+02
2.229000086833065382e+02
1.941240223896675730e+02
2.093611912235614056e+02
2.176692940831428018e+02
2.226608801792742156e+02
2.212644743980305577e+02
2.222618981546522150e+02
2.212076576283649274e+02
2.209492530471175940e+02
2.211030668988760510e+02
2.198876277611106502e+02
2.221035838568377017e+02
2.216493608747936150e+02
2.205091866103909410e+02
2.205964384765559032e+02
2.202530533258446610e+02
2.215789296415765079e+02
2.208606055257303922e+02
2.203904937713465699e+02
2.219666153835966327e+02
2.224479990159976524e+02
2.221036726088264572e+02
2.424399082996097263e+02
2.174933222899459793e+02
2.149176168502874589e+02
2.172074315765750896e+02
2.158779663726204205e+02
2.204913298754106279e+02
2.229800411744502355e+02
2.216427106662893323e+02
2.201187138041622973e+02
2.230704129412563930e+02
2.222025334940545918e+02
2.217802262309689638e+02
2.204190861945580764e+02
2.215265607144191051e+02
2.206793654645947242e+02
2.207405153641129516e+02
2.208219142324221878e+02
2.209725280355775112e+02
2.210877958740975657e+02
2.218934630151278782e+02
2.216686910374788795e+02
2.244740921741794750e+02
2.095828949163699235e+02
2.172366519411323509e+02
2.151613991003537762e+02
2.118157356286016295e+02
2.123839241253080843e+02
2.128664409581397763e+02
2.159596905019350856e+02
2.158263095097255473e+02
2.179161735775128079e+02
2.186265247346296690e+02
2.177986177880481478e+02
2.180339267215479424e+02
2.189123111027918185e+02
2.198006514365863211e+02
2.190351282977906919e+02
2.195779718905015159e+02
2.198447902204256081e+02
2.207366351463211060e+02
2.207988728645795504e+02
2.214051493697958222e+02
2.269100575638210273e+02
2.347039939418582151e+02
2.317947035024059517e+02
2.280811736142794359e+02
2.255838799613750609e+02
2.261686184905869936e+02
2.254262908831801724e+02
2.234121464961194192e+02
2.245881623485060459e+02
2.248471912993265676e+02
2.248317340749452171e+02
2.215494368198233417e+02
2.226419896024874845e+02
2.221019831019538628e+02
2.222344961904328784e+02
2.207149296336502289e+02
2.213268542017602840e+02
2.206159894688352949e+02
2.210376178368336753e+02
2.208119109828602120e+02
2.209317400832672433e+02
2.393527703740417678e+02
2.162548356603582249e+02
2.149643641067521571e+02
2.174544985432086435e+02
2.166941545242144684e+02
2.194480159433022095e+02
2.196780657985811729e+02
2.204926859155146985e+02
2.208172889003884052e+02
2.199157364352930415e+02
2.218422214488361419e+02
2.223447165654501703e+02
2.220402967993144614e+02
2.220866403711750081e+02
2.214932421195139796e+02
2.201480638355509996e+02
2.209548495073544814e+02
2.204553096470925198e+02
2.200048084929192100e+02
2.196895193887855271e+02
2.208600151267793024e+02
2.448242147944574469e+02
2.236699746676032987e+02
2.277883812966315418e+02
2.246989921493870952e+02
2.244105906776247537e+02
2.223845996129475111e+02
2.209684081289640289e+02
2.212152834528442895e+02
2.209979118922970542e+02
2.194334063700544561e+02
2.200191873527913344e+02
2.201966731306035001e+02
2.218428910113270263e+02
2.215466676675306701e+02
2.219148500969228621e+02
2.210915995225105064e+02
2.212914088540108253e+02
2.207653652642725604e+02
2.216088083797197612e+02
2.209636331050559193e+02
2.206359910391451535e+02
