9.900428537545766403e+02
9.647638109900605059e+02
9.281146759249836578e+02
8.715732460710025862e+02
6.353742043827555790e+02
6.284807770378406531e+02
6.216140318905553386e+02
6.165876250606219173e+02
5.990374619930806830e+02
5.865260702439163651e+02
5.854039504730600356e+02
5.821073851904590128e+02
5.653879392487723408e+02
5.482583893492110292e+02
5.362038827801350180e+02
5.275494996788811477e+02
4.464927937999262895e+02
4.340972815045190600e+02
4.100523841485936032e+02
3.890565120263789254e+02
2.977546893344582486e+02
2.786005152013125326e+02
2.668556770461680685e+02
2.618033471799634526e+02
2.399306530632814543e+02
2.222349292128570823e+02
2.144369096464801032e+02
2.054069295900858947e+02
1.718000658355870485e+02
1.770501055071856058e+02
1.862263451968148331e+02
1.860732005927577291e+02
1.451516168846021344e+02
1.613264565761853930e+02
1.662993690989789854e+02
1.614200069568004210e+02
1.744094033116688820e+02
1.508438869502426769e+02
1.493553757949466103e+02
1.456134815067399018e+02
1.292017630437420337e+02
1.379718027844115795e+02
1.395891994314810063e+02
1.346951756143721752e+02
1.277742376989634607e+02
1.255735781397428070e+02
1.271370187831227412e+02
1.221010383252426408e+02
1.332484703955098837e+02
1.219286589870359307e+02
1.209808810001152608e+02
1.142482390979787397e+02
1.170381643937300424e+02
1.150459051196709055e+02
1.131519668664486318e+02
1.089794528863544798e+02
1.086209596668781359e+02
1.030270282546203759e+02
1.083572909946947505e+02
1.063326922484299502e+02
9.082053701789817524e+01
9.680890217450163959e+01
1.008760129873238185e+02
1.023701530433773286e+02
1.087577731532065997e+02
9.687637730421332094e+01
9.295401942042386167e+01
8.890646981930106563e+01
9.748030669399547321e+01
8.394812654360765691e+01
8.322414203463134186e+01
8.723042259707841595e+01
9.216747285981885796e+01
8.711352413930875116e+01
8.616138168842192613e+01
8.321282842822677139e+01
7.382091043681343479e+01
8.670770257360972266e+01
8.460998421532309521e+01
8.676536499650418932e+01
