7.217896948681836875e+02
7.199763925723734701e+02
7.187799678690915925e+02
7.166927782172250545e+02
7.145134856707750259e+02
7.130182259509188043e+02
7.108472660893446573e+02
7.083820952576326135e+02
7.053432899477172668e+02
7.019213188255871501e+02
6.982932865062292649e+02
6.936584857421640891e+02
6.889489733223011854e+02
6.853279887310955019e+02
6.802279458985383371e+02
6.739877555269806635e+02
6.684574530210219336e+02
6.623575343438325262e+02
6.567113999757725651e+02
6.524360792545144250e+02
6.484160771219799244e+02
5.888610559898497741e+02
5.601469662891400958e+02
5.595500026093592396e+02
5.538660272054975167e+02
5.613237836255552793e+02
5.610316921753873203e+02
5.600737103367295049e+02
5.628244580008076809e+02
5.601601669855801902e+02
5.606318325900260788e+02
5.608606604004403380e+02
5.590826435592495045e+02
5.590428740787951938e+02
5.564872617235776033e+02
5.588326337556638919e+02
5.585867685150503803e+02
5.580886661587150002e+02
5.566167904492676826e+02
5.564204129333805895e+02
5.565810640529577995e+02
5.550272437490140192e+02
5.276959720741295996e+02
5.361014705681126316e+02
5.406478196982735653e+02
5.430021002286799785e+02
5.433095375127579700e+02
5.387226477964250080e+02
5.405434939980665376e+02
5.425212094887742751e+02
5.422085158561005755e+02
5.383973749969532037e+02
5.371711157354156967e+02
5.360898323366932345e+02
5.352558349301024236e+02
5.347393935897306392e+02
5.338186569200554459e+02
5.336257828384739241e+02
5.314558435864286139e+02
5.306298644752889686e+02
5.293569255878006743e+02
5.278386447433426838e+02
5.259555871893903713e+02
4.907709287174814108e+02
4.819078005376736087e+02
4.957634711675192420e+02
5.010988518682733002e+02
4.947042268976535979e+02
4.884256892072704659e+02
4.870596276868221253e+02
4.871924952137972582e+02
4.836570584909412673e+02
4.811569231141172622e+02
4.783869369841898447e+02
4.753602618566515048e+02
4.739020052850522688e+02
4.713209732807620185e+02
4.692377449991475942e+02
4.661205889963010804e+02
4.636472249147036564e+02
4.614992611135867833e+02
4.590510038762905083e+02
4.574622576937058511e+02
4.550718017673656846e+02
3.713896060978168521e+02
3.806750047607946499e+02
3.780873850742611921e+02
3.710472463238996852e+02
3.640975437936775165e+02
3.606245299005812512e+02
3.571259980250299577e+02
3.544086780042036935e+02
3.508739144617318289e+02
3.444752255757792341e+02
3.420104060408925193e+02
3.414631510516468893e+02
3.377049718729614369e+02
3.371523792080047315e+02
3.346777926146738764e+02
3.306593119111972214e+02
3.282340370069592836e+02
3.254884576508480336e+02
3.232815837857264682e+02
3.214340740719538871e+02
3.182259794506398975e+02
2.476561058155681962e+02
2.665322860825236262e+02
2.518223221004582513e+02
2.477615146003827817e+02
2.398797801552833562e+02
2.392962451697236475e+02
2.340195453383585402e+02
2.405133715849735836e+02
2.428946232754157677e+02
2.420640961116517929e+02
2.387478254417197832e+02
2.369739579922084260e+02
2.396955860069172104e+02
2.372161261153547684e+02
2.373013744147235400e+02
2.384975873724414441e+02
2.381508693864739996e+02
2.368992998028342924e+02
2.341984703223216968e+02
2.353081123620104620e+02
2.341657006872608520e+02
1.828408343831690388e+02
1.914985359927437969e+02
1.937501425162169255e+02
1.964752148352818892e+02
2.016944915822096505e+02
1.991319568309486669e+02
2.004256201151433174e+02
2.016754746670818292e+02
2.026445169770881023e+02
2.037928652523458481e+02
2.022061554014753426e+02
2.013012546037170409e+02
1.993790058064128061e+02
1.966925167784788471e+02
1.957386510204703427e+02
1.942037145886569363e+02
1.921892669753190148e+02
1.924982989953859374e+02
1.952429883982344734e+02
1.951260401834566949e+02
1.968743158262796271e+02
1.738389064304819271e+02
2.044577160743235140e+02
1.947051111835199038e+02
2.032801891817383648e+02
2.039828299447212885e+02
1.997581535009239246e+02
1.968483475189312628e+02
1.948032432056973562e+02
1.926449298435757385e+02
1.889399860705035508e+02
1.885583907942134374e+02
1.856990189218837770e+02
1.864745604748185315e+02
1.852864025983833187e+02
1.846521552567321010e+02
1.827596241828844938e+02
1.826876082470488996e+02
1.813043256651842512e+02
1.812583481822122735e+02
1.808457749995085351e+02
1.810740317885434649e+02
1.784955519758036360e+02
1.596972296597686807e+02
1.564559314322238492e+02
1.494730388208519116e+02
1.656085960852734331e+02
1.626711983333565001e+02
1.658541072596933361e+02
1.779806075657936049e+02
1.809402495513788551e+02
1.820631270073415351e+02
1.814906177258087610e+02
1.799218521886404574e+02
1.800741207750549790e+02
1.808104177086724746e+02
1.830044299139017596e+02
1.829400184668377847e+02
1.831578713143179300e+02
1.819347199107904487e+02
1.796559286448361377e+02
1.791498794218673254e+02
1.785224294065730533e+02
1.793346103347648182e+02
1.555021214602413124e+02
1.598856116780033290e+02
1.661767991110374680e+02
1.654881428448154281e+02
1.645330405474589099e+02
1.641417210261849391e+02
1.624146550444499724e+02
1.607348557515812217e+02
1.579756356957230707e+02
1.625767479372719038e+02
1.612295108430429593e+02
1.610765740462759936e+02
1.601629049057644920e+02
1.607180976871192968e+02
1.584860594111322030e+02
1.654228567305395075e+02
1.656206864137796231e+02
1.646920448080755932e+02
1.647893178675776369e+02
1.644856806849657005e+02
1.453515373143158058e+02
1.373942658146157498e+02
1.676800860018693982e+02
1.652190532651855222e+02
1.610569429731780531e+02
1.579628312112733965e+02
1.570003813053357646e+02
1.585254758614292427e+02
1.592671905537256123e+02
1.584145779607138991e+02
1.556564095209172365e+02
1.545628157304068111e+02
1.541462385909032946e+02
1.545915023221007800e+02
1.537430211059658518e+02
1.524575559449375817e+02
1.519614907329305709e+02
1.514767589590362320e+02
1.542029783984381197e+02
1.535279305473880811e+02
1.530690041797662957e+02
1.307483527917713104e+02
1.313493367353095778e+02
1.501565696403635854e+02
1.474743449916381053e+02
1.476080873798251503e+02
1.444255993383021632e+02
1.427301800575270079e+02
1.438925488317381109e+02
1.420256235165761325e+02
1.435200819132588208e+02
1.437735313648995259e+02
1.431857943031263005e+02
1.417714106656561910e+02
1.424616342790038743e+02
1.427251252025230031e+02
1.426424816488270153e+02
1.435217256318194359e+02
1.445187841398829676e+02
1.436097710630702409e+02
1.435733398647642787e+02
1.430737214115159475e+02
1.166565132731729193e+02
1.243540845208180059e+02
1.333817651138179201e+02
1.374263433268929475e+02
1.332369333397088838e+02
1.344251696477818143e+02
1.353633063221163297e+02
1.336037538961798248e+02
1.386675306706961806e+02
1.383323766225105373e+02
1.386368340754876272e+02
1.374964001719700661e+02
1.380773606576379393e+02
1.389981311589183690e+02
1.382130310098446273e+02
1.382723723487170275e+02
1.376768737106894491e+02
1.370232042676743447e+02
1.358383111543786583e+02
1.359727012944084663e+02
1.351217140567893864e+02
1.296116329822826856e+02
1.151712176354610904e+02
1.198269956106731229e+02
1.236523382875191857e+02
1.314441837731598923e+02
1.328374952212593598e+02
1.347866422376611126e+02
1.333792354596178598e+02
1.319378885947411106e+02
1.304552541853377647e+02
1.359682001529652098e+02
1.361337099366484722e+02
1.343748305408104216e+02
1.332484186874499699e+02
1.326860840836660316e+02
1.324583503093102195e+02
1.327394918851716170e+02
1.321685477140112255e+02
1.354154223664636731e+02
1.346038798910498144e+02
1.346469267463756410e+02
