7.199206253613793933e+02
7.211661887076634230e+02
7.187129656035796188e+02
7.155018486265676074e+02
7.131679134234942694e+02
7.107177301557971987e+02
7.082853818649027744e+02
7.057063619763077895e+02
7.027071158133784365e+02
6.994526239574342981e+02
6.964735283345680728e+02
6.924542414572264306e+02
6.886456197198897371e+02
6.846082945121788725e+02
6.795847440444292715e+02
6.750756268032117760e+02
6.690335608410881605e+02
6.632845728855661491e+02
6.588617124869530244e+02
6.544338878185112662e+02
6.499905896855455012e+02
5.588706852121275688e+02
5.574791792195773041e+02
5.599151345657052161e+02
5.557435834175157652e+02
5.574742533602267258e+02
5.598892134335021638e+02
5.602165594641794542e+02
5.589598232732847691e+02
5.584423177634749891e+02
5.575155505588470533e+02
5.566879820427778895e+02
5.572499587459000168e+02
5.571278262691173495e+02
5.557147180691080166e+02
5.565722874659535364e+02
5.559328438301738515e+02
5.562957063870344427e+02
5.553925097309969487e+02
5.553767029086283173e+02
5.542879826291449490e+02
5.537816421443858417e+02
5.472441167816818961e+02
5.414850508659449133e+02
5.542484192307331341e+02
5.476610721623636664e+02
5.460860403695427294e+02
5.389525363479915541e+02
5.364894780284906801e+02
5.343426503972639239e+02
5.327878476806642993e+02
5.309991528939757472e+02
5.297009534740479921e+02
5.267637715535611278e+02
5.240141058187722365e+02
5.245941810394616596e+02
5.241721123580600761e+02
5.238314586954045353e+02
5.216495893318011667e+02
5.196161819716930950e+02
5.191989693040419525e+02
5.163372383449861900e+02
5.154159047822424782e+02
4.731103332202767433e+02
4.693796941697488592e+02
4.630719972007308343e+02
4.615983787488467556e+02
4.643729595522248133e+02
4.630385755657757727e+02
4.579037844732075655e+02
4.568298244917318129e+02
4.519325968245678951e+02
4.476409865950842004e+02
4.437343504956931497e+02
4.402096014208263455e+02
4.387590377492599032e+02
4.355546841402011751e+02
4.303751647440442412e+02
4.261802174620070787e+02
4.206688258760189001e+02
4.169705981211567973e+02
4.141381617188263817e+02
4.104437110520270835e+02
4.058381960052184354e+02
3.159377579721213465e+02
3.091596592613911980e+02
3.044108274959457958e+02
3.035964002419842132e+02
2.998574391228946183e+02
2.919625043997374974e+02
2.835980666621633759e+02
2.799312350648316965e+02
2.765892810375299291e+02
2.728485632736339994e+02
2.698276269596401562e+02
2.666105374299604591e+02
2.623407239748593156e+02
2.673741970839575401e+02
2.651125530973671403e+02
2.630932634413604205e+02
2.604315723693721907e+02
2.578855532310120111e+02
2.574941098383879989e+02
2.548187505398178700e+02
2.517779402600893377e+02
2.183175205319035399e+02
2.067282290951422681e+02
2.018600816491374701e+02
1.992493817331326511e+02
1.992894824964796783e+02
1.959091990053053394e+02
1.908596498770666301e+02
1.901234881193652484e+02
1.866346256209958483e+02
1.866207562987481765e+02
1.830432215853109312e+02
1.826071972242869208e+02
1.837387326841371760e+02
1.840200679131576180e+02
1.844311579793346141e+02
1.831085411717882607e+02
1.817676991108947391e+02
1.806453328469056316e+02
1.823165720439742472e+02
1.811218814383232143e+02
1.815310932821499819e+02
1.823309818178419448e+02
1.926757935022260710e+02
1.863143862837127358e+02
2.029516533778212590e+02
1.991397837762228278e+02
1.936440733730593990e+02
1.962089217357593611e+02
1.935282281769863459e+02
1.892484853471408144e+02
1.850491665413742624e+02
1.822615569171672405e+02
1.839249552053768184e+02
1.821327332933990704e+02
1.817978000967071068e+02
1.815531183152173753e+02
1.802703465207648605e+02
1.794989949931932358e+02
1.778001489140379761e+02
1.763702394764837607e+02
1.752263546522571573e+02
1.739640970371359856e+02
1.667297948254401092e+02
1.479636596114298754e+02
1.463881609140608759e+02
1.486010202668008731e+02
1.456191578909315183e+02
1.463283007090942931e+02
1.448978382226883639e+02
1.466972649465586755e+02
1.474750501514097891e+02
1.491991010806907241e+02
1.479701273762949256e+02
1.469357015771871602e+02
1.472178889511878879e+02
1.461074362036404466e+02
1.454119802180501040e+02
1.499324553097872013e+02
1.505396881992968190e+02
1.510874995941969701e+02
1.502309008716794096e+02
1.522931959655957428e+02
1.532915944689278547e+02
2.109517282153025235e+02
1.840306860906417228e+02
1.729234381691189810e+02
1.628141941880954562e+02
1.594710314685683556e+02
1.601488063449416757e+02
1.545707185813733986e+02
1.518384292795855686e+02
1.504357724594670742e+02
1.490048717506121250e+02
1.473227260443027831e+02
1.452462990720237315e+02
1.444031162403739188e+02
1.476850939163180385e+02
1.475964888549572436e+02
1.480126848261825216e+02
1.485034290869000984e+02
1.496209638435346960e+02
1.477173099152319651e+02
1.468961431085965046e+02
1.462336524485750715e+02
1.010646844367540638e+02
1.209712226666262893e+02
1.241247036044113798e+02
1.205051420230087729e+02
1.226042640929961749e+02
1.246611953252508016e+02
1.237894604079571366e+02
1.244489325688137313e+02
1.313508976924011620e+02
1.302527110244588755e+02
1.293348664350955914e+02
1.306186634292177473e+02
1.291177468061480909e+02
1.291865077216161808e+02
1.274784125867367948e+02
1.272474977593498409e+02
1.264549095252635738e+02
1.267569489838572991e+02
1.259593228541670982e+02
1.259121597883794976e+02
1.262693564442005254e+02
1.031824229753322015e+02
1.218585250325679539e+02
1.205593567940524480e+02
1.162058740716215084e+02
1.161300334609835971e+02
1.146868561984272503e+02
1.147305189645384900e+02
1.176956417962282728e+02
1.166031076091971812e+02
1.171978376461223803e+02
1.170790531221330895e+02
1.175808955201523247e+02
1.162626026844377094e+02
1.157208947188426436e+02
1.212814377507545913e+02
1.229202148720248431e+02
1.245588209899444792e+02
1.243036727989324817e+02
1.231584168075259385e+02
1.227268672239408147e+02
1.224573411085793992e+02
1.134964257366051896e+02
1.189973768097046189e+02
1.134607230038594281e+02
1.075332497412513675e+02
1.146865305494258820e+02
1.207224099638131065e+02
1.190418560977050930e+02
1.206864104559443263e+02
1.173231224059533417e+02
1.205406635484422395e+02
1.244044323196458777e+02
1.245656116137842417e+02
1.238202645174415721e+02
1.232626255584338963e+02
1.217856275354344575e+02
1.219187940706231075e+02
1.204783963882273952e+02
1.202104153893051404e+02
1.201262476961920811e+02
1.206851962799031526e+02
1.196569146915343680e+02
1.035355897476149352e+02
9.849084376501203053e+01
1.020536916747601737e+02
1.023201567492498754e+02
9.703196845268476523e+01
9.857822134253440538e+01
1.014402239156319752e+02
1.064022310904136930e+02
1.054705877104462814e+02
1.069326283963644499e+02
1.061657094644318136e+02
1.055759748989776483e+02
1.035955767867415744e+02
1.040703236667918787e+02
1.038614192673256298e+02
1.039707716952116385e+02
1.036528200970350468e+02
1.024222584822500011e+02
1.028285030137160589e+02
1.030319671752875763e+02
1.024202709599009893e+02
