6.880421773943444350e+02
6.751980490870687390e+02
6.555744142279628477e+02
6.209974862728713561e+02
3.514839215546388687e+02
3.516229440355425027e+02
3.444027023459980796e+02
3.404530223988329567e+02
3.220376870068566291e+02
3.279115669971803868e+02
3.273157594299359516e+02
3.249866787681939400e+02
3.144358103825312583e+02
3.164056542715056821e+02
3.113709707658079537e+02
3.097153093100252477e+02
2.739526697284368879e+02
2.810586595625184145e+02
2.790913843328506232e+02
2.745595962892547277e+02
2.328995275377274368e+02
2.215290171035199762e+02
2.154189484896729994e+02
2.079842245229220623e+02
1.557503426232999004e+02
1.534759045437085661e+02
1.466044729332028851e+02
1.403326840302345602e+02
1.000885114057669085e+02
9.950323267678585637e+01
9.839578058365445656e+01
9.449856276231578533e+01
8.387711431231660697e+01
7.610807636720929281e+01
7.478621255111121968e+01
7.115568663816108597e+01
6.761497023893443270e+01
6.229408954068260584e+01
6.227890882200859579e+01
5.984362638656109112e+01
5.172498755861209219e+01
5.092528049384105060e+01
4.955455371769635775e+01
5.144705200496871100e+01
4.915960873184657487e+01
4.745251883970932028e+01
4.774072079174701599e+01
4.635290205245441086e+01
4.243636334254519937e+01
4.159193860334731596e+01
4.284014706945828266e+01
4.368453633889951249e+01
5.005845153477710596e+01
3.944426414813467829e+01
3.921653958158743336e+01
3.899460145881538864e+01
4.180421648533776136e+01
3.408207574916363569e+01
3.605641482296103106e+01
3.679311277727590124e+01
3.060656401545637806e+01
3.525787958019748913e+01
3.532372032396183670e+01
3.450114575423960162e+01
4.096843895457070772e+01
3.708442969612374185e+01
3.606233536212364754e+01
3.654391753730728709e+01
3.662853786582643068e+01
3.131070828213655233e+01
3.246344906941026665e+01
3.173278355796277594e+01
3.037237830862888188e+01
3.203674627209203152e+01
3.182657496198719471e+01
3.178422113476509381e+01
2.810664758310133848e+01
2.973361840325744865e+01
3.040495536209528282e+01
3.122105219067206505e+01
