7.221167342911760443e+02
1.647751024808462171e+04
1.012462303624987908e+04
7.429809834714392309e+03
5.935210506040761175e+03
4.983798711468289184e+03
4.325034373660640085e+03
3.839935803761043189e+03
3.467307772580382334e+03
3.168944810138563753e+03
2.922406577825732711e+03
2.720143244846113703e+03
2.546736107626127250e+03
2.400831915631292759e+03
2.274389715334241373e+03
2.164726740831470124e+03
2.067732943728261944e+03
1.982753207581034303e+03
1.905909551971708197e+03
1.837429476644892020e+03
1.774340505675233999e+03
5.520680367068873693e+02
5.435603151810813642e+02
5.441836643410395027e+02
5.410252474877153190e+02
5.437748694856092015e+02
5.430130203451075204e+02
5.404258859430300390e+02
5.390541876414677063e+02
5.362352427437097049e+02
5.310999030635713325e+02
5.255267524041445313e+02
5.168117773627069482e+02
5.119470353191656500e+02
5.038624244616324859e+02
4.966829947747434062e+02
4.882932326572112629e+02
4.800564456006920864e+02
4.720871434080203244e+02
4.709293045954960917e+02
4.673114596987156801e+02
4.692412483071887550e+02
5.600897369064878148e+02
5.758931272606505445e+02
5.562209424820383674e+02
5.285469585606954297e+02
5.097891174883751546e+02
4.903895931769991421e+02
4.806893110546697585e+02
4.676716157045021305e+02
4.581008055373323486e+02
4.520281288928084678e+02
4.419846960795776454e+02
4.363366151753333497e+02
4.253435034997690991e+02
4.196908113859807941e+02
4.149460468247301037e+02
4.091744926773525322e+02
4.188836345241082881e+02
4.242363990094330575e+02
4.374712961313385335e+02
4.505050068431866066e+02
4.620474928820724472e+02
6.731026321472224936e+02
6.648146048920800695e+02
6.564956197418023294e+02
6.449509754731402609e+02
6.244739887437906418e+02
6.105535208634631772e+02
5.894789854793020822e+02
5.724804752187160375e+02
5.563627933754479500e+02
5.484505560170119907e+02
5.380991582766299643e+02
5.258464580555365728e+02
5.128647401381548434e+02
5.040271408428203017e+02
4.933070953570619963e+02
4.837835589171589845e+02
4.773600896403515890e+02
4.686737673972227753e+02
4.608655643486809481e+02
4.527432211212324091e+02
4.439016104285411757e+02
3.100316603317896806e+02
2.938680741519095250e+02
2.923077185076130036e+02
2.793965426999679948e+02
2.704332119224185362e+02
2.575994181414427544e+02
2.634858344452933352e+02
2.596041692057478940e+02
2.540201596222664477e+02
2.638453120341022213e+02
2.594297784959719024e+02
2.599626273541172168e+02
2.599499187837959084e+02
2.591893540498653010e+02
2.597564724929218301e+02
2.591252323484185922e+02
2.571296530158770111e+02
2.534269277718029514e+02
2.486939686142489165e+02
2.444577706242335182e+02
2.413492257103740997e+02
1.774782436226534799e+02
1.395794695988794842e+02
1.587354297529240625e+02
1.578308800898635980e+02
1.593944709297149700e+02
1.526103661880743800e+02
1.536992429360113306e+02
1.488726162227266911e+02
1.460248283911761860e+02
1.439977605238358933e+02
1.425378385055593640e+02
1.404202580551911126e+02
1.378736150802143356e+02
1.366324109929381336e+02
1.356864755663780500e+02
1.352028220225139989e+02
1.331603292379922152e+02
1.326099634764438235e+02
1.305464471562796405e+02
1.313451446324888536e+02
1.324967587972773231e+02
8.728527081656349651e+01
1.135732632176896999e+02
1.131495484203891664e+02
1.069217894899564669e+02
9.988548724516438426e+01
9.747990944595827045e+01
9.849899394811515663e+01
1.079686723696635937e+02
1.109341331241894579e+02
1.100605111412090338e+02
1.095639296620821739e+02
1.088773911924681528e+02
1.079946039824946808e+02
1.078721196755399347e+02
1.061081483209078016e+02
1.038999273479998351e+02
1.026424742210873120e+02
1.024438847853023447e+02
1.010745324466227260e+02
1.045424127351293464e+02
1.040022956894133301e+02
6.948873658024393762e+01
9.582772477705648839e+01
9.224199410124118970e+01
9.536228282062774042e+01
9.462480233949017361e+01
9.811316388859106041e+01
9.102081968586023208e+01
1.009540236945595097e+02
1.163434846698616951e+02
1.181060665899118618e+02
1.244070855393478752e+02
1.278330729322821213e+02
1.332486882518379900e+02
1.327482121912880473e+02
1.322556605862667425e+02
1.325160711730595722e+02
1.303451043702505956e+02
1.305418609576423989e+02
1.293519091484926946e+02
1.266922031618636311e+02
1.240747284416938498e+02
7.270393524057972456e+01
7.259502437123040863e+01
6.905066737564504820e+01
7.363627312636188549e+01
7.129869012223116442e+01
7.333327008722733353e+01
7.975669839166367581e+01
7.809520623658660554e+01
7.549653425637399096e+01
7.480132432777826068e+01
7.355664120292516373e+01
7.358764240795085243e+01
7.190412152505875554e+01
7.183231426957902954e+01
7.184949275255193868e+01
7.243955174401028785e+01
7.219380427316340842e+01
7.122209281553141125e+01
6.982989741198699107e+01
6.959367717881421811e+01
6.924858814816053609e+01
7.276254220138088158e+01
5.787550969348551178e+01
6.161988495308399649e+01
5.766644024571710503e+01
5.487140117652895555e+01
6.001013303882650973e+01
6.504856288339014725e+01
7.126259748307202813e+01
7.569454899962939010e+01
7.607609644706836605e+01
7.490233404198126266e+01
7.304789609749316526e+01
7.276033306287470737e+01
7.221234585225312230e+01
7.272368176749053248e+01
7.199492416843284559e+01
7.108253012973440832e+01
7.140594723895645757e+01
7.045526969809471041e+01
7.101558093542206507e+01
7.025685944587606002e+01
