7.265133368892727503e+02
7.230576139126269481e+02
7.197095370568638373e+02
7.169374916744698112e+02
7.149602741692885957e+02
7.119343318647495380e+02
7.099534432397099408e+02
7.073899672946240571e+02
7.041482030927505775e+02
7.005329420481162970e+02
6.977240017561064178e+02
6.942652458542106615e+02
6.896638910611635538e+02
6.846184791350043497e+02
6.797571965412148529e+02
6.750637716950951699e+02
6.693745932305203041e+02
6.627915885972172418e+02
6.570799957415880499e+02
6.530641854430291460e+02
6.489708269255362438e+02
5.674324482001255774e+02
5.754132707905492907e+02
5.751876864240588247e+02
5.738189754692419910e+02
5.731677458640084524e+02
5.695554930588951947e+02
5.690907738147008104e+02
5.668460197368622175e+02
5.653198809048918747e+02
5.644120386718331019e+02
5.649303095354729294e+02
5.637648707474915000e+02
5.629462332461818050e+02
5.606855324242266079e+02
5.608999866122695721e+02
5.595905231210282409e+02
5.582547086776916103e+02
5.555239419572783390e+02
5.549406755431612055e+02
5.554702921981952386e+02
5.558253711274669513e+02
5.283423663725391179e+02
5.465776628125873913e+02
5.386455530250383390e+02
5.353342205114126955e+02
5.384635524389926786e+02
5.355640496222709999e+02
5.397024039274590450e+02
5.402711079746248970e+02
5.370027206093242285e+02
5.359694620170935195e+02
5.337188957927498905e+02
5.318383510392606013e+02
5.306897248972073839e+02
5.286738506592465683e+02
5.274847858267959282e+02
5.254254271277611679e+02
5.249042058326639335e+02
5.260731982499266906e+02
5.244653358492926145e+02
5.229236487887083058e+02
5.222861481156850232e+02
4.957711077508789117e+02
4.875371111582655885e+02
4.877693007705891546e+02
4.899934220899154411e+02
4.871626376173739459e+02
4.832143408684706856e+02
4.752358759482712571e+02
4.728140896943335747e+02
4.737152021062979088e+02
4.705648522483147644e+02
4.660039638931792183e+02
4.638717368042730413e+02
4.607549959039181999e+02
4.568361939684859863e+02
4.526201951051178867e+02
4.493433475076271861e+02
4.464930158185208597e+02
4.418998409164624377e+02
4.373563397907970511e+02
4.326172108540773706e+02
4.286936352059806836e+02
2.932256425433627101e+02
3.290670581944143009e+02
3.289893174224744143e+02
3.212622185827867725e+02
3.177789555081238859e+02
3.107676500076715342e+02
3.076909577423476208e+02
3.022362026770746297e+02
2.995494431054654569e+02
2.972524739518319166e+02
2.928732110445493504e+02
2.890994379788086235e+02
2.833467470466486589e+02
2.816303397051787556e+02
2.789981460134022768e+02
2.762494028871838054e+02
2.758933924312140107e+02
2.731737420016514193e+02
2.704666773473573471e+02
2.674356357318033020e+02
2.647447803723449056e+02
1.973505790851328925e+02
1.993545589062793226e+02
2.078447645698628321e+02
2.030375283949950358e+02
2.036911656781333022e+02
2.009851370194128322e+02
1.999107138223368736e+02
1.957136671473126910e+02
1.917945418072445136e+02
1.926811845527738853e+02
1.939323827339443085e+02
1.939988113974084172e+02
1.916386068347181322e+02
2.113306378371263747e+02
2.103001709593978319e+02
2.125794877298951349e+02
2.164420952862008676e+02
2.175436988118964905e+02
2.172713954856229464e+02
2.172496396286935010e+02
2.157345138627024141e+02
1.579608296855156482e+02
1.678113237009267777e+02
1.778879581719777150e+02
1.740174536629667443e+02
1.743077332374095647e+02
1.726702373542305509e+02
1.741772830283959763e+02
1.729434150218081641e+02
1.744795848462444781e+02
1.737884010725705366e+02
1.738997712094416102e+02
1.738741836675562809e+02
1.750885690109494703e+02
1.757542857641495004e+02
1.758738033817888322e+02
1.753983696030200861e+02
1.798014992083775496e+02
1.798170859473225391e+02
1.799314485719583843e+02
1.795943603931466725e+02
1.790243851906909924e+02
1.493953579875445996e+02
1.649842692658601777e+02
1.586513524562600708e+02
1.600985188708010867e+02
1.652428333241337270e+02
1.603134210134801663e+02
1.599790290157033894e+02
1.587690024456377671e+02
1.577633811784918407e+02
1.562024575895952978e+02
1.542724255576373196e+02
1.606729298109850390e+02
1.600047926866626824e+02
1.605283388925489305e+02
1.605485573775455350e+02
1.609539780473136261e+02
1.606313251179580845e+02
1.595392282577592198e+02
1.582032412227461577e+02
1.630951791312445778e+02
1.629110233180106206e+02
1.698260148273967047e+02
2.061925939217344137e+02
1.899999886758369030e+02
1.793374892872343764e+02
1.663507239413017089e+02
1.682460772164317007e+02
1.690351871369640833e+02
1.681502224436050028e+02
1.670290212458252768e+02
1.680287648552196060e+02
1.687625074271150254e+02
1.670755829528460765e+02
1.651977360531362251e+02
1.633868288531809867e+02
1.625477184689642911e+02
1.616921603547860116e+02
1.605847983973739019e+02
1.594201299119959003e+02
1.584941262324289823e+02
1.569972851348880170e+02
1.558105526605525597e+02
1.476341433963961549e+02
1.493797739713640169e+02
1.475609066694525495e+02
1.401837639367812187e+02
1.434448637221199760e+02
1.402611476096320757e+02
1.389498722993878062e+02
1.516044024231204048e+02
1.541314803431934592e+02
1.542252588418276105e+02
1.544499435468192701e+02
1.536030780742827915e+02
1.515625604775406146e+02
1.547759469479294978e+02
1.527467133443272473e+02
1.516678528843117704e+02
1.506312377777579457e+02
1.504740576228183215e+02
1.498255262295613477e+02
1.486194016152795143e+02
1.476349866955571599e+02
1.241271893399544410e+02
1.353266122558589473e+02
1.333362168278036393e+02
1.353400863682873592e+02
1.332236183360179211e+02
1.294651379346214242e+02
1.293370346484549600e+02
1.374487128110702940e+02
1.369426221845958196e+02
1.358347366529877434e+02
1.361907556574716693e+02
1.349619661598618450e+02
1.351168172908752467e+02
1.372482456265942119e+02
1.362881552468804500e+02
1.359933136110140879e+02
1.352235517899725323e+02
1.354231879136735586e+02
1.353304765787169686e+02
1.337021414369056345e+02
1.324061689192318454e+02
1.222643522223559387e+02
1.730281477903831160e+02
1.479204736968695499e+02
1.424384963114160882e+02
1.419036702664641325e+02
1.350252729811770109e+02
1.311745315285535867e+02
1.371329067113168492e+02
1.359371139247878091e+02
1.337423881969614285e+02
1.327030746995470736e+02
1.302714939712145963e+02
1.298178136280438935e+02
1.282516721810324327e+02
1.272884735038834805e+02
1.262122154273508272e+02
1.258085714731164018e+02
1.248523522604787672e+02
1.261228088204820921e+02
1.271084264584237644e+02
1.280564191176453335e+02
1.101982670596774483e+02
1.101582404907782120e+02
1.139075277395761105e+02
1.115455483769695206e+02
1.094544292887089938e+02
1.077261344990630789e+02
1.124298644604831878e+02
1.145703522023718222e+02
1.180700053708344655e+02
1.178666511834968702e+02
1.183389481186763419e+02
1.191286244423033338e+02
1.168690033114600340e+02
1.160993246979513174e+02
1.175027758077011413e+02
1.173334170134791776e+02
1.165706916324142099e+02
1.176091583681147199e+02
1.178473046743195169e+02
1.177588533024898680e+02
1.171867706243565266e+02
