2.477713359605232313e+02
2.495767356093984688e+02
2.509564008670620581e+02
2.492917919671744755e+02
2.481439685569202140e+02
2.461996249307972846e+02
2.441337608464815503e+02
2.447523409687240417e+02
2.446203395187913259e+02
2.443284756683314072e+02
2.425313763407322085e+02
2.410025221047071682e+02
2.394916806077440015e+02
2.378808662759158210e+02
2.367978404810376389e+02
2.359264676923287425e+02
2.358039606027326727e+02
2.345147536114027673e+02
2.342867013469157769e+02
2.341477166201593718e+02
2.341321806330091704e+02
2.172456596089885466e+02
2.171759003542032929e+02
2.161718883200965422e+02
2.189192798559623157e+02
2.189812902654468871e+02
2.211249220539181692e+02
2.200762200975375720e+02
2.201506929863897142e+02
2.205871589471085201e+02
2.207828157350483593e+02
2.206327375217433939e+02
2.211219556014724787e+02
2.202660157379046950e+02
2.194497355430044365e+02
2.198256879216969537e+02
2.203329188451469918e+02
2.203593314506069305e+02
2.198090157918002490e+02
2.184272329270747548e+02
2.184909099932546894e+02
2.183773945419311246e+02
2.042514489916269440e+02
2.065260496582845633e+02
2.045840457978324309e+02
2.060600326155966968e+02
2.091380605245329320e+02
2.084001522421543484e+02
2.065671697404868894e+02
2.065155032294007071e+02
2.055056191820819720e+02
2.041540899026905151e+02
2.036993760407580396e+02
2.031854314048103163e+02
2.021747789332481773e+02
2.016686300440381956e+02
2.002967723999753957e+02
2.002546626651403585e+02
1.992424549053839939e+02
1.987884016164541379e+02
1.975893642424723282e+02
1.965370877523397724e+02
1.957094043750280150e+02
1.680540000567870038e+02
1.710282059972978175e+02
1.652155078720903987e+02
1.661852653238181006e+02
1.597311057620506176e+02
1.563542148786155792e+02
1.517128598195769200e+02
1.509614714252944623e+02
1.502958266802411060e+02
1.486027694330120710e+02
1.454859366229967179e+02
1.423541356426419213e+02
1.404225042767108391e+02
1.383093780272786830e+02
1.358244666052517573e+02
1.341979537805175937e+02
1.324335708832356602e+02
1.306747140030654180e+02
1.294959325877916285e+02
1.273450367924181137e+02
1.255057251187926823e+02
9.492376440524319037e+01
9.545395767030177581e+01
9.773733046251305723e+01
9.292042736309581130e+01
8.914992377680195546e+01
8.785972542712390521e+01
8.707054177656326033e+01
8.747420633041379290e+01
8.684294749679027348e+01
8.659736761317275011e+01
8.651584849561301382e+01
8.593703566879443656e+01
8.498967792504949159e+01
8.415752225443515044e+01
8.359316063046124157e+01
8.307104175199381757e+01
8.267761005449337119e+01
8.260452411373874781e+01
8.188130658086262770e+01
8.184610020888936788e+01
8.139198123554847086e+01
5.982851296355465109e+01
6.152974811417813328e+01
6.411214956686808364e+01
6.396804519764273067e+01
6.340560762971990272e+01
6.560753631565644639e+01
6.774331995966035436e+01
6.786084244052473480e+01
6.765054245201758931e+01
6.760210958133578174e+01
6.806039886628248325e+01
6.819878864977917488e+01
6.793340653611146251e+01
6.751959866374481578e+01
6.730002508634993319e+01
6.665079358317144909e+01
6.603327180947083264e+01
6.670175452607232103e+01
6.690055698584546917e+01
6.736663804008054512e+01
6.728650827707430437e+01
6.692586011106725152e+01
6.494713507728205570e+01
6.310641992911020992e+01
6.569977469534457271e+01
6.525346336329975827e+01
6.311000205993062906e+01
6.308233497383816513e+01
6.139854799859474355e+01
6.088934130763073682e+01
6.106438912630763838e+01
6.048179935566047760e+01
6.002578253314653267e+01
5.941564717933715656e+01
5.891511214285948483e+01
5.815725566541387792e+01
5.760500026532331930e+01
5.806875627011987007e+01
5.791530392881972489e+01
5.957830816068061353e+01
5.930729366187384954e+01
5.900210168178645631e+01
5.944789280192191683e+01
5.884832623302645516e+01
5.399598997014046375e+01
5.419330133296372765e+01
5.429980515751393000e+01
5.554973893745800950e+01
5.522921251493038852e+01
5.445397854256862047e+01
5.426856492746333060e+01
5.432203134986811222e+01
5.323900196163259579e+01
5.259557923198124740e+01
5.281759817783811428e+01
5.274357398347967063e+01
5.285888570948446841e+01
5.374136690510416514e+01
5.379601610922468780e+01
5.356442701175114252e+01
5.344586550979439465e+01
5.301740873082722061e+01
5.320592317400090110e+01
5.034342995817277711e+01
4.786458183399813748e+01
4.814721344694476812e+01
4.830366901747893138e+01
4.883337971517279641e+01
5.138306690829519141e+01
5.093104748818000616e+01
5.315171779634039240e+01
5.242432513170439989e+01
5.272178146023364320e+01
5.090833912205916789e+01
5.016299328996583284e+01
5.017170015765969993e+01
4.988938966583953061e+01
4.950042059036143627e+01
4.980254144134381988e+01
4.920476907781139886e+01
4.894235561631561637e+01
4.845893064118273941e+01
4.852115988985003980e+01
4.817838292486385399e+01
4.450507606862504417e+01
4.620830736742115619e+01
4.273561891902383536e+01
4.569924054703351857e+01
4.569608594438911808e+01
4.562334102790849499e+01
4.755496526309381267e+01
4.627296630561977508e+01
4.643044299989551149e+01
4.575093278810617647e+01
4.545835298201146202e+01
4.455805614021941352e+01
4.386331953230308045e+01
4.405908691859163184e+01
4.393217011786529724e+01
4.375335617957580325e+01
4.423291356409257702e+01
4.424405570158760526e+01
4.397144358483798499e+01
4.376683501616381733e+01
4.417430767251648405e+01
4.335990732948064164e+01
4.817838238811926743e+01
4.161780002522565525e+01
4.046593458299925317e+01
3.891321801310751738e+01
3.936536654403092683e+01
3.956424694478923954e+01
3.902447172929470298e+01
3.940038487302319936e+01
4.032044434207627859e+01
4.058440881389294219e+01
4.026874568038611812e+01
4.053280613430307966e+01
4.032787072162578568e+01
4.152841669043618111e+01
4.166493641384712987e+01
4.168649760544290217e+01
4.166813268465608644e+01
4.127265251882961650e+01
4.112270077071966057e+01
4.142784104381965449e+01
3.290820461345140302e+01
3.442674535755700305e+01
3.335109254743034057e+01
3.615706134358826063e+01
3.471603105147222834e+01
3.667988428414969349e+01
3.619872485903398740e+01
3.682332738425193241e+01
3.700540284534580593e+01
3.803825123771976990e+01
3.802695361986799583e+01
3.867878005112002171e+01
3.835059035313858544e+01
3.841775055764927771e+01
3.908055814646488102e+01
3.976005977107785583e+01
3.958140950960313376e+01
3.941972356071094197e+01
3.911493042862726099e+01
3.931345718780729470e+01
3.919236203696782894e+01
2.584414356219608067e+01
3.134835957731546685e+01
3.297492661402120717e+01
3.226059186136794210e+01
3.697838566171351715e+01
3.774506498790124454e+01
3.796008618516571431e+01
3.925083703887436570e+01
3.793007877027162067e+01
3.780201012395065874e+01
3.810614803102432546e+01
3.720411066060493255e+01
3.698618769722965283e+01
3.650482532347211162e+01
3.648435168980790877e+01
3.696436689093805228e+01
3.698439752274168058e+01
3.686245021237056108e+01
3.670088739504325304e+01
3.678801078108632794e+01
3.698139143736327838e+01
