1.723725369398722762e+02
1.709799799721854185e+02
1.696182897093303552e+02
1.681912713735427474e+02
1.668114010283719040e+02
1.653273802839787550e+02
1.637153255311632165e+02
1.620086924813769258e+02
1.602791044183985605e+02
1.582639960895201625e+02
1.560354963666705999e+02
1.537574722016043722e+02
1.512045075525874154e+02
1.486060861779130278e+02
1.458879955207512467e+02
1.430350633619469534e+02
1.400519465392239624e+02
1.372455536352635761e+02
1.349094416675979744e+02
1.327094127464943369e+02
1.311917680026251105e+02
1.076293151061670414e+02
1.001780051009259154e+02
9.730703681449689668e+01
9.753410535544577442e+01
9.658873161297529464e+01
9.582637618858176154e+01
9.425572788416397430e+01
9.315861437022283553e+01
9.332360074147634066e+01
9.289115093272695844e+01
9.256537130534040614e+01
9.249369833499628157e+01
9.202915543391574715e+01
9.119374956181636094e+01
9.131068607729872610e+01
9.126035640376061053e+01
9.074109958145521659e+01
9.042298728161503618e+01
8.979707651111773714e+01
8.974673749244050214e+01
8.984274894708291015e+01
8.510356014986163586e+01
9.194160803592600928e+01
8.967928756812554525e+01
8.856622199443364707e+01
8.762981693824150398e+01
8.833884473472011223e+01
8.870140565931365018e+01
8.827805386460501325e+01
8.704984341223706679e+01
8.683647433759192324e+01
8.683984040484709510e+01
8.715240627006321006e+01
8.716225781665060879e+01
8.692060824440834210e+01
8.687314480982178111e+01
8.686333657461872804e+01
8.701518130245229088e+01
8.691775137301551979e+01
8.682830843257369224e+01
8.661222142261324564e+01
8.650129341946237105e+01
8.655466744488506947e+01
8.361248823667141039e+01
8.502635429897649999e+01
8.479779834008124340e+01
8.583122590961208687e+01
8.464595798420019435e+01
8.434574233650077701e+01
8.490550849887813456e+01
8.487847070831729468e+01
8.396830255856075098e+01
8.326599366613899633e+01
8.341608959361917641e+01
8.322685089079138265e+01
8.294592765063924844e+01
8.254355038092528218e+01
8.225664903979040332e+01
8.227379934969376052e+01
8.228247314983789806e+01
8.236987519329500174e+01
8.227581230113868571e+01
8.196802361971644757e+01
8.813588916588790312e+01
7.927493056396214399e+01
8.009113213237367290e+01
7.874661523111684858e+01
7.944829828589702458e+01
8.015559092763282933e+01
8.018986143797644672e+01
8.001732820615519870e+01
7.948850833596661403e+01
7.860964071423663313e+01
7.764335497247049034e+01
7.764182578262116863e+01
7.767881838900449054e+01
7.737888892143210740e+01
7.754943154203404276e+01
7.786205908917278862e+01
7.788355415639833268e+01
7.768068113059781865e+01
7.740758680441911110e+01
7.683486545711579652e+01
7.677322148342025798e+01
7.084274662205660889e+01
7.179877155553153045e+01
7.306154367168024066e+01
7.378161074791452734e+01
7.294632071588327449e+01
7.241879962872140197e+01
7.186232105755769339e+01
7.181585866128428108e+01
7.169880404534588081e+01
7.185201569159279700e+01
7.170134503581606111e+01
7.194034246245740860e+01
7.194973662201853415e+01
7.160854934724763154e+01
7.115325242560712127e+01
7.122671424774208049e+01
7.092459364490527207e+01
7.099157081072667097e+01
7.050085114660882368e+01
7.041646297727771753e+01
7.028903010187029565e+01
6.663016313238721011e+01
6.613033903546049430e+01
6.443584046917349895e+01
6.325912499570554104e+01
6.461329824465633465e+01
6.467822141408862535e+01
6.548532953425986136e+01
6.609724588522433919e+01
6.600311105084679753e+01
6.561740494807077084e+01
6.530509523466773203e+01
6.500701244646931798e+01
6.481325885671463993e+01
6.444785765885671935e+01
6.448223949658532206e+01
6.429626045478586605e+01
6.401743640166553462e+01
6.408798088117065106e+01
6.404028084710550672e+01
6.387773417437838219e+01
6.371365425661370807e+01
5.960320079879957689e+01
5.940436077975904539e+01
6.025202077759730201e+01
6.119492004296348142e+01
5.987170187547553013e+01
6.034797093975618765e+01
5.991450928017361122e+01
5.965376668262512538e+01
5.923039104767308061e+01
5.933764544548974129e+01
5.879444979284561867e+01
5.878618024125012909e+01
5.834191611930152987e+01
5.857871811579236976e+01
5.831542677053580093e+01
5.804258264947421253e+01
5.798351224182789565e+01
5.764397733139648494e+01
5.757164154902814346e+01
5.735168171224215428e+01
5.737401962430681834e+01
4.905265070634094116e+01
5.129318446802086839e+01
5.232465531078889853e+01
5.364584329086061842e+01
5.341414836588776893e+01
5.267494924515057164e+01
5.232758108133781150e+01
5.248944946026371383e+01
5.269267006320514213e+01
5.254017360634197331e+01
5.256925577789483839e+01
5.282820321023066157e+01
5.224609629576919900e+01
5.219610659569045907e+01
5.230531808380256109e+01
5.232489079236129470e+01
5.242016410550988326e+01
5.248559149592404083e+01
5.226724162496415715e+01
5.219195757943121095e+01
5.216652986611244103e+01
5.393192163488046731e+01
4.974592443952963805e+01
4.899145436204732817e+01
5.033866827358295382e+01
5.081307692351190752e+01
4.993624406642727109e+01
4.941322231440808821e+01
4.928295508780738032e+01
4.885015470686170858e+01
4.856281050752445339e+01
4.847173135156000967e+01
4.871578227404778261e+01
4.837657137638895932e+01
4.836038360755723176e+01
4.830591595686742323e+01
4.828749952960612291e+01
4.824906427275422516e+01
4.839157695754403221e+01
4.826117201514452404e+01
4.844751127288517978e+01
4.830680831326210267e+01
4.706708730809833696e+01
4.778650385991453220e+01
4.846008567514456900e+01
4.755849190933383852e+01
4.664440320711346999e+01
4.629372892725969280e+01
4.579660751980397748e+01
4.570007547618748589e+01
4.597245860602589573e+01
4.583947924692473208e+01
4.561607707173309478e+01
4.545798616932741254e+01
4.516621925742965260e+01
4.501828519928221795e+01
4.513594708101442876e+01
4.503274590397320054e+01
4.519410562020402722e+01
4.528708700032204604e+01
4.513868339078612735e+01
4.519740657908672432e+01
4.511704899947297775e+01
3.994888790178398352e+01
4.411252771558226726e+01
4.454365330289169833e+01
4.440704767673919662e+01
4.358657184903067616e+01
4.329627038749381285e+01
4.325007211986442712e+01
4.314099549558143565e+01
4.349244769385538945e+01
4.335271762926009131e+01
4.321005178327257568e+01
4.292560702427888941e+01
4.324474892417054406e+01
4.333294972179724880e+01
4.317958694505070127e+01
4.312231563280123936e+01
4.319554900462990332e+01
4.322953817196553672e+01
4.309480394829756733e+01
4.293809275263981817e+01
4.275517261470723440e+01
4.535807745708355299e+01
4.171625556075959906e+01
4.195361654014993746e+01
4.180189246436818706e+01
4.135723053625915213e+01
4.163682754327422941e+01
4.135527308716685013e+01
4.101737169790821014e+01
4.162828307974254471e+01
4.143796596758007666e+01
4.124963004597219651e+01
4.127545585503836634e+01
4.127346803139628406e+01
4.117616068146522679e+01
4.108941070699443543e+01
4.117500530093647626e+01
4.112564600975897378e+01
4.115213716567492952e+01
4.108483043114591737e+01
4.109257613122363750e+01
4.102645787246700593e+01
