6.915806244631874051e+02
6.891714143665459460e+02
6.870263547257972050e+02
6.846288735108763603e+02
6.821105552595581685e+02
6.795076659742427410e+02
6.766117892860057736e+02
6.737530807183576371e+02
6.706866246776646676e+02
6.668102340718397727e+02
6.628103997188674157e+02
6.580008406663116602e+02
6.526518146297499925e+02
6.468108825702878448e+02
6.401449008806335996e+02
6.331426774010171812e+02
6.248324546155965891e+02
6.156001868024677606e+02
6.061295930427619396e+02
5.959128481183561235e+02
5.854205670344116470e+02
5.754066063065348544e+02
5.648435461147640808e+02
5.543336119725274784e+02
5.461090313207636200e+02
5.383279377814079680e+02
5.310566847155743062e+02
5.244540944176388848e+02
3.507843130350528327e+02
3.602620391150061323e+02
3.385762771299496308e+02
3.327954360704537748e+02
3.356436945935972176e+02
3.369131472418951034e+02
3.392615954615189935e+02
3.370718569264347479e+02
3.373218200391970072e+02
3.378715705044543256e+02
3.363804691734893026e+02
3.366669958811370407e+02
3.364254805598744156e+02
3.362143049984871368e+02
3.363573130623534553e+02
3.349421848609297854e+02
3.352164506217225721e+02
3.353625576027941406e+02
3.346857749713133785e+02
3.334466930972026830e+02
3.317793873845665189e+02
3.323789706462081881e+02
3.316631715495698245e+02
3.321977562530184400e+02
3.333291746624235543e+02
3.326656854308873790e+02
3.329140393566586908e+02
3.329809939519432191e+02
3.460447669653878506e+02
3.381577863449073789e+02
3.281132220405471003e+02
3.292445244521609879e+02
3.256884971476835631e+02
3.236658588365665992e+02
3.192669843648368442e+02
3.208239598225707709e+02
3.230351874840906703e+02
3.224737357403905662e+02
3.221544145094771352e+02
3.210655974994418216e+02
3.213887127245197348e+02
3.200683772762430408e+02
3.200281067226956111e+02
3.193896532801072681e+02
3.188024603416776017e+02
3.166774258456619009e+02
3.172449994860417064e+02
3.162702859998344138e+02
3.163036432234319477e+02
3.168943487111341142e+02
3.168702904993953098e+02
3.153469493517471847e+02
3.147734946858735725e+02
3.132034580825778107e+02
3.121414346756170630e+02
3.112579645125103980e+02
2.894879039841659392e+02
2.840002636919767269e+02
2.844885059685678925e+02
2.857764007209098622e+02
2.862789277125210106e+02
2.831501900040060491e+02
2.862035472043352797e+02
2.833062733697003637e+02
2.848013635569107578e+02
2.850691212324495609e+02
2.844058438979091079e+02
2.836875371616742427e+02
2.817209450299449145e+02
2.798773657824032171e+02
2.790757121172565576e+02
2.778491523397245260e+02
2.785258661098337711e+02
2.770329099470797019e+02
2.755615056023694933e+02
2.742020759218072499e+02
2.725999038298207893e+02
2.707285094419700613e+02
2.686733646559868021e+02
2.665581350185826182e+02
2.653194858527034512e+02
2.634657401508709995e+02
2.623907862967553797e+02
2.611278032376753799e+02
2.087450258603267343e+02
2.077066319528662461e+02
2.121894268833658543e+02
2.106786608459778734e+02
2.065987131792170715e+02
2.048759009427492970e+02
2.040693849993870117e+02
2.015579506495616329e+02
1.972824218458333405e+02
1.967368445056432620e+02
1.944826817433044255e+02
1.937838197276391554e+02
1.911461843649250341e+02
1.896563783001300010e+02
1.868774641093844480e+02
1.844852182308061970e+02
1.825440086041517986e+02
1.801618686850660254e+02
1.788140064350539831e+02
1.767437853257758320e+02
1.750251654494543914e+02
1.735064201915868409e+02
1.721867751199729639e+02
1.709637879565951835e+02
1.696912365685352881e+02
1.680306887100760491e+02
1.669165754569951048e+02
1.650171318920002079e+02
1.191406040917997871e+02
1.209434760779210478e+02
1.169358862650327637e+02
1.136742882229247442e+02
1.122030392617414520e+02
1.147932204986622509e+02
1.143052519606632842e+02
1.136435147032080835e+02
1.110955529008176512e+02
1.101863674724828712e+02
1.096630428709046470e+02
1.081768658803481458e+02
1.072369310828964046e+02
1.057091887135330097e+02
1.042550107555325667e+02
1.036429912081905371e+02
1.037760736711487226e+02
1.028809536987812123e+02
1.010657021755027074e+02
9.981434478134990229e+01
9.938448919713709984e+01
9.874492703539375782e+01
9.789301596931221638e+01
9.768232299769233862e+01
9.777933737458045016e+01
9.720670957904066256e+01
9.606709789964233437e+01
9.499319001957627506e+01
7.078351600299480140e+01
7.618418233847241083e+01
7.562950338897866231e+01
7.327608608221029840e+01
7.150075850935641597e+01
7.271282104691211146e+01
7.037629512828193867e+01
7.057604872365202198e+01
7.168864424877155272e+01
7.303265752229646068e+01
7.141146143624243336e+01
7.090393638519067565e+01
7.155317573251402052e+01
7.101223728694371573e+01
6.988236851287997808e+01
6.958197707263948928e+01
6.934266414997401284e+01
6.898647496283794567e+01
6.924229518087473423e+01
6.919642616210470010e+01
6.955691783603121792e+01
6.965437157857773798e+01
6.930192407053148429e+01
6.906558561954516051e+01
6.858046978218534662e+01
6.875899697065598559e+01
6.847841562222187406e+01
6.776387019444223370e+01
5.351596996360352421e+01
5.796216721028638830e+01
5.892585327092393044e+01
6.062084386964738769e+01
5.990540099298913645e+01
5.897334927064353849e+01
5.938351643500666910e+01
5.985969687568553610e+01
5.843264597222835732e+01
5.811919094237773464e+01
5.843429558734396068e+01
5.795430136067921012e+01
5.767593275968925326e+01
5.732279492235185359e+01
5.634454236092734192e+01
5.545284418774973290e+01
5.547763797670265262e+01
5.527496776695935665e+01
5.517134000559777007e+01
5.525115567353168444e+01
5.466439017786619559e+01
5.486055344966247560e+01
5.454624770459355432e+01
5.460894708979249401e+01
5.494524296161691979e+01
5.467834883191832063e+01
5.403538316842559652e+01
5.350747629119919679e+01
6.829549943815018764e+01
5.694987349164641444e+01
5.562808806009768858e+01
5.724833963618650046e+01
5.518173115765358006e+01
5.465944736261106129e+01
5.384360986327029508e+01
5.244053484189776526e+01
5.098312505050333243e+01
5.001517945580620506e+01
4.961788949203616284e+01
4.940120707721830939e+01
4.956725282110080144e+01
4.934365539167090020e+01
4.878836995348799377e+01
4.821268738496650741e+01
4.769142803812227527e+01
4.711860220702205027e+01
4.691819470540893633e+01
4.646729831078729944e+01
4.626584823010475134e+01
4.585380177956172076e+01
4.639071451110702782e+01
4.637141131159316387e+01
4.628230464841760750e+01
4.601989529439932625e+01
4.604536380669399875e+01
4.659762691838979265e+01
4.649935432493340670e+01
4.657817728488329578e+01
4.167083280155437564e+01
3.930075756837503320e+01
3.999173449000694092e+01
3.947904458936525884e+01
4.171835162981130196e+01
4.228092218834017757e+01
4.178779886455761527e+01
4.148271653244886181e+01
4.307557688187254286e+01
4.328207919078713672e+01
4.391495646827149812e+01
4.414448307034085417e+01
4.436342074990536588e+01
4.451080900236183879e+01
4.474932312306899007e+01
4.429790878673171051e+01
4.462408592304246469e+01
4.413924801015583910e+01
4.425177189119107624e+01
4.408633534604611981e+01
4.338978879476429995e+01
4.349371725772875408e+01
4.307127500008717647e+01
4.274030352432284730e+01
4.239494170342396018e+01
4.250131161247047373e+01
4.885064465325807248e+01
4.435760390329711811e+01
4.377700730704290066e+01
4.256743918574462526e+01
4.318981429789360504e+01
4.404160530618270997e+01
4.416492035817669404e+01
4.345643746147823094e+01
4.271499743852145059e+01
4.223773115309511894e+01
4.210014599055891438e+01
4.185105144155244972e+01
4.088598242089828716e+01
4.169316346896211911e+01
4.151522476258675454e+01
4.125342428229680536e+01
4.119011381656244453e+01
4.185736685887411568e+01
4.119736409452864478e+01
4.109561243143198084e+01
4.099313173912620556e+01
4.116612449824671671e+01
4.028568797449311489e+01
3.990046701747314728e+01
3.966055209162249895e+01
3.973636042631181908e+01
3.937829442773560373e+01
3.928520992753718133e+01
4.288520453539079824e+01
3.957812794775715304e+01
3.918443153296739467e+01
4.021357402628151334e+01
4.253076717827274678e+01
4.071410835964611152e+01
3.958440441027270396e+01
3.885405612672526132e+01
3.925079480803679388e+01
3.958781828728314878e+01
3.950624230551952110e+01
3.934035459001844259e+01
3.935145481048403582e+01
3.923086827768493379e+01
3.909074340475456921e+01
3.894250433811450307e+01
3.844221658914075590e+01
3.808710929414746715e+01
3.794461037221122268e+01
3.751254912138358577e+01
3.745684037245364095e+01
3.727747996722356305e+01
3.700145936171677619e+01
3.679673243430530505e+01
3.710251577241891141e+01
3.730707658717392405e+01
3.725821694729664557e+01
3.695495776169038749e+01
4.077751071613469236e+01
4.091676690978324871e+01
3.588589754061416670e+01
3.341534492857629601e+01
3.258336949820113659e+01
3.119387561498131589e+01
3.211245949668828104e+01
3.183102878630610988e+01
3.125529380358454290e+01
3.166429134862311656e+01
3.133527845492914565e+01
3.148750286796476061e+01
3.125555155417493225e+01
3.175989828864688391e+01
3.221448224068561217e+01
3.293629377423545179e+01
3.273341904409523551e+01
3.341655334717233927e+01
3.398456556916139704e+01
3.399075687665015266e+01
3.417813728176696486e+01
3.556124525613128640e+01
3.544810898189744108e+01
3.588097555310369557e+01
3.596233451599178466e+01
3.597634623930818520e+01
3.569397304233850576e+01
3.571005154728491249e+01
