9.966781150288759363e+02
9.920942826806950734e+02
9.876838436909401935e+02
9.831159190136701227e+02
9.782257574727498195e+02
9.732586452768857725e+02
9.675914212441090285e+02
9.618301643240012027e+02
9.555191326905901406e+02
9.485789883803246312e+02
9.409632238858391702e+02
9.323321579333365889e+02
9.232411313998793503e+02
9.134208976919983343e+02
9.032839464923670221e+02
8.914658120857252470e+02
8.791538839830461711e+02
8.665860848462828017e+02
8.541091872237387861e+02
8.420636327748811709e+02
8.302704513634745354e+02
6.238003092303637231e+02
6.347788150051943603e+02
6.421355794272210460e+02
6.247892185803019629e+02
6.222609305273350628e+02
6.225339593265639451e+02
6.216171973039100749e+02
6.280543971815499162e+02
6.260377287207252266e+02
6.263662845035194096e+02
6.244404213952274176e+02
6.236823483229569547e+02
6.225514343779473165e+02
6.217818506755256749e+02
6.202848898160760882e+02
6.189283869766479711e+02
6.172887468199037357e+02
6.169894288214695734e+02
6.178289987797353433e+02
6.163281140500496349e+02
6.161994585479384341e+02
5.895852584818896958e+02
5.981258245173929708e+02
5.960323625976794801e+02
6.066814405771673364e+02
6.030969309318695650e+02
5.970135421417668340e+02
5.997789342784296878e+02
6.021441315199799647e+02
6.008836527732189552e+02
5.978708714233131332e+02
5.997619329319895769e+02
6.007877889968498266e+02
5.997408576229823893e+02
5.965104656341072769e+02
5.962613151798229865e+02
5.972675485823842791e+02
5.983732507013996837e+02
5.967559345196273171e+02
5.949360453806824580e+02
5.948983853232364254e+02
5.933253314446144486e+02
5.824929912028221679e+02
5.896806141100827290e+02
5.843103084347352478e+02
5.833969950511757361e+02
5.779925624041957235e+02
5.733870561634731757e+02
5.717525195739360697e+02
5.680010459072514095e+02
5.686936616904756647e+02
5.727647187574589225e+02
5.749303049344509873e+02
5.739751228083795240e+02
5.740317289576231587e+02
5.734138885039612887e+02
5.727431139411618233e+02
5.739424977189930814e+02
5.726510318394959995e+02
5.704014953282264742e+02
5.686048515031541228e+02
5.684129606407158235e+02
5.674827201161812127e+02
5.532274110210653362e+02
5.585359085757294224e+02
5.596869462003292028e+02
5.483077404286985939e+02
5.491471239787277909e+02
5.478581450299571998e+02
5.443529057974634497e+02
5.426128798108005640e+02
5.439341776737676355e+02
5.422055762930376659e+02
5.409112369739327733e+02
5.397545103306540568e+02
5.399325333679826144e+02
5.409669424290312918e+02
5.387025443699974403e+02
5.369137705166650676e+02
5.382511526310750014e+02
5.382374836923872863e+02
5.374092689527371931e+02
5.353943903983766859e+02
5.335411154174583999e+02
5.209995953390088061e+02
5.342312593231145001e+02
5.186960055702658110e+02
5.092347183286351537e+02
5.104703467944466979e+02
5.126005222154572039e+02
5.076253810083668441e+02
5.080219642316293402e+02
5.057764514566182470e+02
5.034499219917851178e+02
5.036560989824300805e+02
5.035700929344909582e+02
5.016140861331973042e+02
4.999226205769103331e+02
4.985876948744284505e+02
4.959049196361020790e+02
4.946249124556425727e+02
4.944000236667735066e+02
4.934440438430282256e+02
4.934333427418932843e+02
4.938679618807935867e+02
4.553865153098571454e+02
4.788778938649659835e+02
4.652345296064922309e+02
4.707049095369590646e+02
4.710174321611320920e+02
4.677251191144903828e+02
4.739220066635576245e+02
4.691163391508472955e+02
4.688058782958501638e+02
4.703084055637460210e+02
4.652273131891357707e+02
4.633739278415554850e+02
4.607037909901283115e+02
4.591887537029562623e+02
4.573524716914564578e+02
4.570436656083121534e+02
4.563165397319044132e+02
4.551531528399530089e+02
4.541566943516056654e+02
4.527559526437940463e+02
4.514271582327233432e+02
3.905677120027377782e+02
4.009467453180538996e+02
4.080194445900349365e+02
4.138264962833267759e+02
4.179518798011326908e+02
4.186180667283223329e+02
4.197023856550073901e+02
4.155580646356141301e+02
4.187613095331408886e+02
4.201553846400341286e+02
4.181633084496804145e+02
4.181508661074532824e+02
4.172996870494038717e+02
4.158791857772794174e+02
4.147520619419703962e+02
4.135817080826121810e+02
4.119486373456916795e+02
4.110763968953061749e+02
4.111534773873094650e+02
4.102899318179503325e+02
4.108534450606433097e+02
3.814462845913333240e+02
4.064552214453538568e+02
3.974726698977942192e+02
3.949562563824194399e+02
3.896205528011017236e+02
3.871902601476857626e+02
3.882928866564525379e+02
3.909617931926380265e+02
3.909355826674546392e+02
3.883859929791576064e+02
3.866484247318761618e+02
3.848973500410502311e+02
3.842100262842708958e+02
3.823320203853924113e+02
3.807918467827943232e+02
3.794523176178041126e+02
3.796373900235388987e+02
3.785314295988771391e+02
3.772575608845159536e+02
3.763034089437492753e+02
3.767056795691225375e+02
3.950810965644234329e+02
3.717159912190481350e+02
3.617549058150893302e+02
3.588054124400010210e+02
3.543806903044510364e+02
3.508929847043765449e+02
3.516150995275800142e+02
3.513362938470132804e+02
3.530195126177791849e+02
3.531061064684581652e+02
3.515230629131611977e+02
3.506474452620544184e+02
3.498261974049325431e+02
3.492165081647258944e+02
3.483682831620795355e+02
3.483410958426212574e+02
3.490744293377225631e+02
3.491543830725730118e+02
3.488808230781233988e+02
3.486060508605986001e+02
3.490496406645568186e+02
3.314772369510094450e+02
3.457921614627848044e+02
3.326908300609763387e+02
3.284423745649646094e+02
3.283731128258540934e+02
3.288814811493042498e+02
3.307952784829342363e+02
3.300407066920870989e+02
3.327950018653444317e+02
3.308922252296909505e+02
3.300194456052611827e+02
3.278204272563606310e+02
3.291252866131210908e+02
3.306124199643652446e+02
3.304190935969100451e+02
3.297730629563009188e+02
3.291608935736620083e+02
3.287906573645115031e+02
3.283601375728834455e+02
3.274748055927061614e+02
3.277025553706130268e+02
3.004604585602090197e+02
3.132680629120970366e+02
3.197396736874942462e+02
3.169663929153260256e+02
3.192527721714935183e+02
3.239575951902672841e+02
3.245684966694342961e+02
3.237284340674200394e+02
3.223846088704860335e+02
3.202317294605174993e+02
3.184064676460068313e+02
3.181927382462159244e+02
3.193480281102570757e+02
3.182723398549139233e+02
3.172025781967313378e+02
3.152884569481568633e+02
3.153169243444680205e+02
3.158040600169364325e+02
3.145119334404445226e+02
3.133788121524656276e+02
3.127481920409529152e+02
2.904929600192656380e+02
3.031965803192060775e+02
2.985651484452405953e+02
3.026958534439564801e+02
3.080563383754929419e+02
3.051182723615225427e+02
3.057250830405930060e+02
3.115780284756067999e+02
3.110987190578809987e+02
3.092602831986503702e+02
3.073150227345097392e+02
3.060074377927736577e+02
3.065869709253615838e+02
3.051493910370737694e+02
3.050296010882914288e+02
3.055933643451704143e+02
3.052995342627920081e+02
3.046151194899371148e+02
3.048214084274321749e+02
3.032329997553387670e+02
3.027671697804987616e+02
2.795821032425194517e+02
2.895646357696221003e+02
2.983288231737922160e+02
2.982792389602237790e+02
3.003945004643696848e+02
2.954521365279585439e+02
2.960656177917193190e+02
2.942241594616767770e+02
2.938885858060170335e+02
2.944927296925495170e+02
2.938788982582797189e+02
2.967361772555162815e+02
2.972858799815332986e+02
2.954932746016861529e+02
2.941174455715120075e+02
2.940121887933867129e+02
2.965667419688545579e+02
2.953853856244029998e+02
2.950053967547496541e+02
2.935464980400045647e+02
2.934810444547147199e+02
2.790006686879009408e+02
2.805839088330910158e+02
2.799425658470627809e+02
2.814361528138414315e+02
2.830525815496146720e+02
2.835086614993848571e+02
2.858454081107780098e+02
2.851072260919082169e+02
2.860765301179716289e+02
2.887479833988407449e+02
2.903046561384354618e+02
2.903347426905248767e+02
2.911328058941654717e+02
2.900191233865884897e+02
2.912750619698804257e+02
2.898228736286404796e+02
2.887059949440765649e+02
2.891498769508775695e+02
2.891905601001046762e+02
2.886777831208002567e+02
2.874922383451713586e+02
2.695525533950657859e+02
2.764181821996322697e+02
2.796502911801148343e+02
2.789809360205075563e+02
2.780919531485902780e+02
2.790226338722838477e+02
2.769780795858537772e+02
2.795395229869577065e+02
2.851469997685937869e+02
2.847932563562567339e+02
2.832768719639699384e+02
2.825376765376887533e+02
2.826381430317574086e+02
2.827317636853515523e+02
2.819673352947618810e+02
2.824587649705733270e+02
2.822318717314431069e+02
2.829477361778239128e+02
2.821708879273712114e+02
2.829298586071290629e+02
2.827551259579254292e+02
3.181362274678945141e+02
2.917483722545142086e+02
2.806958813436893934e+02
2.791821270179131602e+02
2.757947538468880566e+02
2.782761698862435651e+02
2.797659253088265245e+02
2.785211036319274172e+02
2.779191815282954963e+02
2.781325418940410827e+02
2.779739238602839464e+02
2.788197424586854822e+02
2.781632068871355159e+02
2.775121436610900787e+02
2.769130810858232508e+02
2.776628546493657268e+02
2.774206746469438940e+02
2.763379241220148401e+02
2.779393642768278028e+02
2.782997103718580547e+02
2.786393549732280235e+02
3.020725963563473329e+02
2.841773715263678923e+02
2.751298234347761422e+02
2.757803600683803893e+02
2.755293534619177649e+02
2.721942925800453281e+02
2.754482090502235110e+02
2.744341303655368733e+02
2.782864135304718616e+02
2.794171533907594380e+02
2.779245388620807375e+02
2.798386002103922578e+02
2.774453047305267432e+02
2.790035741649085708e+02
2.795423924390043453e+02
2.786382481715443760e+02
2.773553675135803473e+02
2.775386981988576736e+02
2.759965209171135143e+02
2.763234184955058481e+02
2.763029889946607227e+02
2.766532882354086382e+02
2.627396404888377219e+02
2.698822386574265124e+02
2.699540992546899361e+02
2.665587651737994861e+02
2.662057593387173142e+02
2.670405215950646038e+02
2.723773368938426529e+02
2.720565475083314482e+02
2.730581114681945110e+02
2.735643363446668559e+02
2.748207677187587592e+02
2.745019367264206380e+02
2.762338581594388529e+02
2.769296067693906593e+02
2.769693399521402739e+02
2.760750780166326308e+02
2.754970495855535546e+02
2.743731092592414598e+02
2.743281962661338866e+02
2.741117997550978203e+02
2.916868184784605091e+02
2.916718634062952447e+02
2.814430793266740807e+02
2.761845588731159182e+02
2.737687322459350412e+02
2.751207180447292444e+02
2.734150914461087041e+02
2.738828582816616404e+02
2.747057085365660782e+02
2.721339622776896476e+02
2.717115953189457969e+02
2.738443790983481563e+02
2.751849790412421157e+02
2.742808135386724757e+02
2.736523248458988746e+02
2.718568873109127821e+02
2.723050023957478629e+02
2.736598580339172031e+02
2.725275786478093778e+02
2.727967256816130543e+02
2.721666854697713234e+02
2.755191287821448327e+02
2.634551870065218395e+02
2.759039165786384160e+02
2.667019789535304426e+02
2.621480580305996000e+02
2.645034177450497168e+02
2.631675768744609627e+02
2.698467855585817574e+02
2.681397120471892208e+02
2.671549208955690347e+02
2.671015686535334339e+02
2.707593916531053537e+02
2.699847565057854695e+02
2.699167345050011591e+02
2.710940103169344297e+02
2.707969819700292078e+02
2.717490178150016504e+02
2.712254663128443894e+02
2.704843320878801478e+02
2.707556361266463227e+02
2.713192666403362523e+02
2.444853672014003791e+02
2.437866181345132759e+02
2.504770006716103694e+02
2.543673919230244280e+02
2.621958027633701249e+02
2.607004885461176968e+02
2.632736798651432082e+02
2.652811277101575342e+02
2.640387051875699171e+02
2.654489484623185831e+02
2.646867680278014632e+02
2.647141054418208341e+02
2.675275236416021585e+02
2.688879173560362688e+02
2.705511962395383989e+02
2.705901270825860934e+02
2.683367896641155994e+02
2.692165802375110388e+02
2.701208573436642268e+02
2.710274885105132512e+02
2.704083995724026295e+02
3.183118892642318656e+02
2.909131847234835391e+02
2.783972047655102529e+02
2.728925842114122702e+02
2.725366459088573379e+02
2.735612826293792637e+02
2.725719349233164053e+02
2.707182807709166354e+02
2.697736735976788509e+02
2.685655301918617397e+02
2.677494118076748464e+02
2.684429535992894102e+02
2.677065589398366683e+02
2.693678262722715999e+02
2.715843981639374647e+02
2.703718376143701789e+02
2.715175591734620184e+02
2.702905433559965331e+02
2.712030898068016427e+02
2.715141624395577082e+02
2.708428119247608947e+02
2.599107518576392408e+02
2.725193466991358946e+02
2.674027818011684303e+02
2.634710358935799377e+02
2.644829092228148397e+02
2.657710402814751660e+02
2.663919640006224654e+02
2.627878070094882332e+02
2.730959056922579293e+02
2.716908012718773193e+02
2.706343929557966135e+02
2.724633028392747178e+02
2.706140504855482050e+02
2.702610646502596410e+02
2.710157783193329806e+02
2.693247936103003894e+02
2.683422694590467472e+02
2.689390079587894888e+02
2.689009905763123243e+02
2.687033277113587815e+02
2.685993857761879440e+02
2.759461653454854968e+02
2.656905059630294090e+02
2.698291119894333860e+02
2.699586791430238577e+02
2.648425871706515409e+02
2.679224850287692448e+02
2.694044502564703407e+02
2.697179396725697984e+02
2.688041041370590847e+02
2.678295019750535175e+02
2.690772971659869199e+02
2.703382810318037173e+02
2.707305879020357224e+02
2.692722602563120518e+02
2.695781527893125826e+02
2.694294201173590295e+02
2.682147013471156924e+02
2.681469367435188360e+02
2.677953886003754178e+02
2.676929505079369846e+02
2.676455345004021069e+02
2.774653725520728926e+02
2.723495665989723307e+02
2.665556138766255003e+02
2.707379429643632420e+02
2.670924602380615624e+02
2.683606729172040559e+02
2.736185731079344805e+02
2.750409104363944266e+02
2.737084614457113503e+02
2.699159831586242149e+02
2.689570184314111430e+02
2.683488505344635655e+02
2.662798702606704069e+02
2.664180314126479061e+02
2.661304868128269732e+02
2.667349795888259223e+02
2.662295907196856888e+02
2.658619666216151813e+02
2.662085129426093317e+02
2.678037141311573919e+02
2.671754279223100639e+02
2.627462181534377805e+02
2.516805313285957482e+02
2.618365236019706686e+02
2.623677732993291443e+02
2.592389817675292534e+02
2.579237137635249155e+02
2.592333877362265184e+02
2.616052523535029195e+02
2.620466135696718766e+02
2.642092495070039035e+02
2.650069664933483295e+02
2.663487111548393500e+02
2.657639507004984125e+02
2.666926076769493648e+02
2.673196576704119707e+02
2.682661181442589395e+02
2.676596184278960209e+02
2.666464187742366221e+02
2.674742485150125617e+02
2.672079063764342663e+02
2.668511460489834235e+02
2.378184088325533594e+02
2.488632617254077104e+02
2.604975992237481250e+02
2.656083837199626601e+02
2.664820513986052219e+02
2.658265616254258816e+02
2.722786110679284093e+02
2.690685172084321835e+02
2.675687072962787170e+02
2.693829874192384182e+02
2.663200216758011152e+02
2.659321674294411650e+02
2.679218134784581480e+02
2.682297045430686353e+02
2.684314365876095962e+02
2.680792991403539531e+02
2.676393828532840189e+02
2.666360516502389828e+02
2.669306046788302069e+02
2.676508749480656775e+02
2.681157532997149815e+02
