1.723227981421578079e+02
1.709783964037528108e+02
1.696376847571265785e+02
1.683119334370193201e+02
1.668566953332974094e+02
1.653948363222354203e+02
1.637460586149573203e+02
1.620137006005993214e+02
1.602304596955393095e+02
1.583075917782123838e+02
1.560922896741152783e+02
1.538135701161563134e+02
1.512756712972076514e+02
1.486830516310310486e+02
1.459463810373075319e+02
1.431613682194038688e+02
1.403984425600448844e+02
1.375236815747080925e+02
1.345057958177845592e+02
1.325385615122654599e+02
1.311501598298462739e+02
8.617756754094776284e+01
8.935641153868785125e+01
9.164791122510808918e+01
9.172602021396453154e+01
9.076196130663534234e+01
9.091906741599302677e+01
9.092775541312980181e+01
9.061345517434277497e+01
9.094686257856469069e+01
9.083797443753394418e+01
9.062087116838974055e+01
9.091275573671795485e+01
9.027314333862499041e+01
9.047918491030736732e+01
9.030297304600847497e+01
9.043016242390453385e+01
9.031505040545746965e+01
9.035928284950955458e+01
9.006752215863369315e+01
8.991978658523234458e+01
8.961312339584354447e+01
9.280465771194762681e+01
8.905980969188983920e+01
9.119018745024887096e+01
8.867409825456471140e+01
8.898186939688606856e+01
8.925579609443012430e+01
8.946733238814103117e+01
8.862369900206203965e+01
8.777564871628139542e+01
8.712886591063519859e+01
8.672209922938824889e+01
8.679252062494846598e+01
8.657255976969189248e+01
8.616187195096186713e+01
8.673506803451600433e+01
8.617344459168030824e+01
8.624232870694356734e+01
8.577840392933802605e+01
8.571047938283749090e+01
8.551447925758991175e+01
8.524890623726747663e+01
7.618026370900672362e+01
8.122401323576120546e+01
7.981501723443891194e+01
8.111144964272052960e+01
7.929210163393227617e+01
7.867685872647668077e+01
7.881159903300149949e+01
8.004300999599398381e+01
7.942704836672753288e+01
7.908003899399844272e+01
7.941069151732936859e+01
7.901915290190190433e+01
7.926802611397967269e+01
7.920179601358888988e+01
7.942171194688442881e+01
7.941520281074099330e+01
7.917985094678360269e+01
7.896404542367419310e+01
7.889800226283379914e+01
7.864511615525341881e+01
7.834509316179219240e+01
7.184334241684693723e+01
7.767506708680402028e+01
7.622705780536034581e+01
7.463816366562713256e+01
7.421848595405491267e+01
7.340751472430171987e+01
7.346653734674990233e+01
7.292992320144881546e+01
7.234827483921444014e+01
7.173880420532513824e+01
7.120921388137753638e+01
7.095871578103346167e+01
7.024392218091088580e+01
6.984682851992749875e+01
6.952230290160220250e+01
6.917711079118822681e+01
6.860615057297067665e+01
6.804366885345297078e+01
6.728276097566227065e+01
6.687268963584038772e+01
6.652867434567332339e+01
5.564549131089978573e+01
5.842486138757417535e+01
5.865518865058302111e+01
5.784786915809831953e+01
5.717541917755374925e+01
5.668854499743384423e+01
5.640775186992138401e+01
5.653329621815063888e+01
5.571474055142702042e+01
5.552038413149148965e+01
5.499769575836101154e+01
5.458576108513352665e+01
5.407793368116746535e+01
5.335285927098945535e+01
5.295458746690269436e+01
5.254030625591776271e+01
5.198913272503403249e+01
5.151165154825346804e+01
5.116554204712030440e+01
5.068859231938159837e+01
5.031706241063928076e+01
3.929550460537149803e+01
4.361817920909867752e+01
4.336466804099377725e+01
4.234814636929070986e+01
4.179905510873731345e+01
4.118163837572050312e+01
4.069812264236124832e+01
4.028757135939805067e+01
3.990910380364818622e+01
3.945695583839980003e+01
3.901844926358410248e+01
3.859466035460054911e+01
3.846559875187189448e+01
3.813453271041307602e+01
3.797227895107651108e+01
3.781106064844403392e+01
3.740706616222463765e+01
3.706579227221463668e+01
3.685605387487245110e+01
3.662366978183710131e+01
3.632924470168796915e+01
3.363957619374461672e+01
3.140122334792804892e+01
3.101079625789766325e+01
3.055677900663719626e+01
3.008856171246946687e+01
2.965148064843235076e+01
2.999271624390335589e+01
3.004863496540465562e+01
2.954357715209330237e+01
2.949054363217491570e+01
2.927301134781509617e+01
2.891059882864252728e+01
2.891936701462358528e+01
2.869306822426992554e+01
2.837855887506581709e+01
2.831894423224849433e+01
2.842706523920040595e+01
2.818058983044368659e+01
2.804590784340370391e+01
2.793893916946356981e+01
2.792513537587148065e+01
2.515374891747354980e+01
2.605681244219262993e+01
2.496685757105611714e+01
2.455097865998713758e+01
2.399627416939146940e+01
2.431504970311946678e+01
2.400800536765077453e+01
2.404438926966047774e+01
2.451065999688796992e+01
2.458522534593722142e+01
2.434596034180155755e+01
2.445726365410271441e+01
2.447418540756249783e+01
2.448852070529050806e+01
2.424532410421095108e+01
2.425020563674898710e+01
2.424355921734804653e+01
2.427627392526072825e+01
2.420195691385434955e+01
2.393785213733938377e+01
2.398380938699692067e+01
2.660360495906865452e+01
2.345610522202348491e+01
2.196480789818748747e+01
2.221791976736189866e+01
2.228305790908125772e+01
2.217100790128601417e+01
2.239336374547507447e+01
2.241697958674362212e+01
2.245680660605775714e+01
2.180757606526632841e+01
2.204358413141700623e+01
2.202908028069980872e+01
2.220985022170485124e+01
2.204828565251212069e+01
2.207342464693238782e+01
2.192445121656943030e+01
2.182570347694509749e+01
2.190717342674262014e+01
2.175635276736237955e+01
2.155479049567400551e+01
2.143616600467636246e+01
2.344568657670589928e+01
2.196478687222169413e+01
2.042017420631374591e+01
2.017805232395869552e+01
1.971091049976215359e+01
1.999057812362915243e+01
2.042707883130569613e+01
2.030947429831629591e+01
2.007243017285407660e+01
1.993655367480342022e+01
2.002056029233346024e+01
2.003970449218500605e+01
1.987622745908183575e+01
1.985194605185059658e+01
1.967733976986387034e+01
1.973988576145356433e+01
1.987668724998258440e+01
1.982729287395863693e+01
1.983474568641287306e+01
1.980609479395482353e+01
1.975992313681629042e+01
2.148152765716093171e+01
1.976268636929900424e+01
2.038332596163567345e+01
1.971488956452287766e+01
1.921677030501878392e+01
1.961262002099274326e+01
1.917962775208861359e+01
1.894192488128507890e+01
1.872553443280186158e+01
1.853301720629144711e+01
1.827176361921968351e+01
1.819534786166792628e+01
1.800137962490383359e+01
1.834045280436892611e+01
1.831567007403220160e+01
1.839352020409835475e+01
1.831954965545963177e+01
1.826317182481941259e+01
1.827555595157009094e+01
1.813213120779852616e+01
1.809615506499159565e+01
1.948304445034638377e+01
1.884468948760283880e+01
1.895943494652856032e+01
1.848598151365830589e+01
1.793489883859593448e+01
1.807048581933355180e+01
1.788371425542638704e+01
1.814240545356762624e+01
1.844715272539498585e+01
1.828110196396146137e+01
1.810427637544317037e+01
1.757409265990212077e+01
1.791454180725597922e+01
1.778982053856424983e+01
1.770710961992324073e+01
1.759038427776248170e+01
1.760245509820954979e+01
1.752326618847104811e+01
1.757181778132717298e+01
1.746256693210623467e+01
1.745886740159001604e+01
1.742338715210680533e+01
1.552849948927219792e+01
1.568176059740172867e+01
1.600519879249583610e+01
1.659678463898747225e+01
1.671809422093354058e+01
1.687455983218571376e+01
1.697803783804555877e+01
1.695481402612286814e+01
1.684964412033274428e+01
1.664192973850866508e+01
1.656061995778775753e+01
1.670561915772918482e+01
1.660006408171463832e+01
1.654649421024789291e+01
1.629128264315753682e+01
1.632388771506980518e+01
1.635994329918966628e+01
1.626051696062921081e+01
1.633785627146075825e+01
1.618986403873733337e+01
