2.486595874000413744e+02
2.552021069964002038e+02
2.555446933386711521e+02
2.533087353773739494e+02
2.517521106805482134e+02
2.504830761784538709e+02
2.488925645672973985e+02
2.467173768522479804e+02
2.463074734927483007e+02
2.440650383584006136e+02
2.430601986093446669e+02
2.425823354841207902e+02
2.416017624893508469e+02
2.410727954076371873e+02
2.389987496513458325e+02
2.376926917428686750e+02
2.374280689805937072e+02
2.357003476250149845e+02
2.352408881223853143e+02
2.351003646076944733e+02
2.340363923114539091e+02
2.134076601884849822e+02
2.206947359115461893e+02
2.226096785598925862e+02
2.237239902418931479e+02
2.224833602588041686e+02
2.213050229459543914e+02
2.219894700789469368e+02
2.223952806477061301e+02
2.218893402757551598e+02
2.209978798083021445e+02
2.199699928642517648e+02
2.208115046953304557e+02
2.206719311425839862e+02
2.198892245100117009e+02
2.199855577615991251e+02
2.198929490140844507e+02
2.188127421134437327e+02
2.186087781317625343e+02
2.169387116511730653e+02
2.169865104797510185e+02
2.169347297447937422e+02
2.174919919720367147e+02
2.120538064146103920e+02
2.097487701254170247e+02
2.140127659435751184e+02
2.134369358777419166e+02
2.133079176443448262e+02
2.111254814701183022e+02
2.079116829122023091e+02
2.059282098204615750e+02
2.056849770886201725e+02
2.054052106841616876e+02
2.034356139106206172e+02
2.015581715000463987e+02
2.000809894500637256e+02
1.995320557421201215e+02
1.976152037734734961e+02
1.965161403622776675e+02
1.958077816418894770e+02
1.945122524659501266e+02
1.929526999403653917e+02
1.913448679951198699e+02
1.609460347280627559e+02
1.665839718837895873e+02
1.621896787677986538e+02
1.585597617352540283e+02
1.547953013871973269e+02
1.510726498047993118e+02
1.484842553695770277e+02
1.463156180328700486e+02
1.424701110248954308e+02
1.404099475793613010e+02
1.382186920295738162e+02
1.361015493487144852e+02
1.338762144807419077e+02
1.325483502557941904e+02
1.303445045186688844e+02
1.279610961912318317e+02
1.266417356359410746e+02
1.248040694760983484e+02
1.231322851670298633e+02
1.213881985481416308e+02
1.198815032582812279e+02
9.235277265179416872e+01
8.735026213493073044e+01
9.128389004226686154e+01
8.877142455715502933e+01
8.651901013607474056e+01
8.469844923466393993e+01
8.234553830667086061e+01
8.114201946643704844e+01
8.074642846047565570e+01
7.975967153569557411e+01
7.978900303436932973e+01
7.919455111498930933e+01
7.930158399201648933e+01
7.880709525334448529e+01
7.878594268968936376e+01
7.846564364141119086e+01
7.967279617050030538e+01
7.980216450804299200e+01
7.978969442961263780e+01
7.989438932390309844e+01
7.919409536139451689e+01
6.792017430159768310e+01
6.860598504159793265e+01
7.744351538224005083e+01
7.748126598031932133e+01
7.385007811160743074e+01
7.821010091043973489e+01
7.814147340676956333e+01
7.736870526552276317e+01
7.685272882654322757e+01
7.572560947313591839e+01
7.536638924063854006e+01
7.552894958804937176e+01
7.446710154550649463e+01
7.408610370244339549e+01
7.329732099017242319e+01
7.280116713397666217e+01
7.253939314535081451e+01
7.216332826242411613e+01
7.160165329953642299e+01
7.116233215379790522e+01
7.106794341770419976e+01
7.305473088322960962e+01
7.384006728591440094e+01
7.270671340734587318e+01
6.894562490211548322e+01
6.663150055967152241e+01
6.816080563034537931e+01
6.690140174360969638e+01
6.549897962301464815e+01
6.412394262541779710e+01
6.275997068969539328e+01
6.202879878401201807e+01
6.160209489343560563e+01
6.141570251155955873e+01
6.051890050353289752e+01
6.050941401447230561e+01
5.989580752405341002e+01
6.000647081905823654e+01
5.948375391930343170e+01
5.948227480868846584e+01
5.949732572963371524e+01
6.042787945750698952e+01
6.621291842324730226e+01
5.517506273790231575e+01
5.580976165367922448e+01
5.626221159301044139e+01
5.912927238103242900e+01
6.116990131821671639e+01
6.109759668470944405e+01
5.971137771809459593e+01
5.920043921244104013e+01
5.964315484950446233e+01
5.859173455362083871e+01
5.819348821546861927e+01
5.749319295587729783e+01
5.723998271846588182e+01
5.724791690531974098e+01
5.686387485067688630e+01
5.635089991645291008e+01
5.585894912847366811e+01
5.578013001254775816e+01
5.636397284137862584e+01
5.613321119971030271e+01
5.341517755681317681e+01
4.780200089938627173e+01
4.977891715023655195e+01
4.857060588645263266e+01
5.050792968444951470e+01
5.329215478899666181e+01
5.371693183554094020e+01
5.400371980035050967e+01
5.376254980072162937e+01
5.344227081657206213e+01
5.362499407481069369e+01
5.419888362915096991e+01
5.346928126190874764e+01
5.282034850912985036e+01
5.253044618253422726e+01
5.281965131956198434e+01
5.257624943871837075e+01
5.221333233623747816e+01
5.142205558954812972e+01
5.061004776206767275e+01
5.097555200953559762e+01
5.152429393770258059e+01
4.969736118901530375e+01
4.832176484994911903e+01
4.629711569022692430e+01
4.657520599324992361e+01
4.516531106910873916e+01
4.474498950633955019e+01
4.456898746289009239e+01
4.450789544846174550e+01
4.518030189330072943e+01
4.467850472040135656e+01
4.465335170068527759e+01
4.413419393899452103e+01
4.438412580023805987e+01
4.448942118512513844e+01
4.444017819953236881e+01
4.393548618177813125e+01
4.379359468483416151e+01
4.407919187321646604e+01
4.495967792009585651e+01
4.491764097437051362e+01
4.335524841688990705e+01
3.803030134186471400e+01
3.975800417791887043e+01
3.875376024239105277e+01
3.935583910532619711e+01
3.908249658209059874e+01
4.009752724609695917e+01
4.098411204852926204e+01
4.128673099509993705e+01
4.169607056460595373e+01
4.153468377790436250e+01
4.262932289468931657e+01
4.372801350215594596e+01
4.314774380713568291e+01
4.257279160713176935e+01
4.214077888747459610e+01
4.261210835282558662e+01
4.260349059141287853e+01
4.233322236849863884e+01
4.228752460059547502e+01
4.239888209504265859e+01
3.866717473889740120e+01
3.553258986161294786e+01
3.874189175822598941e+01
4.153762117663489306e+01
4.104228219051596227e+01
4.148568341764544698e+01
3.926968940033182776e+01
3.828687263199972790e+01
3.798009937154341742e+01
3.779566297421109056e+01
3.738027757761490477e+01
3.733882158539505269e+01
3.720643058455442542e+01
3.749243143759537844e+01
3.822223746540294087e+01
3.889534175464251575e+01
3.902303131997877728e+01
3.896549552556059126e+01
3.872650068270478130e+01
3.861258372177549347e+01
3.841695015894719489e+01
4.960026995719078968e+01
3.931232996875418451e+01
3.618299965225240555e+01
3.607524354671138411e+01
3.573669603921921123e+01
3.493246249628836608e+01
3.446024595045184924e+01
3.500023100436813195e+01
3.475573125680676867e+01
3.551857643142933796e+01
3.505279773240737740e+01
3.531363029567810941e+01
3.609897546807503943e+01
3.669253767811256495e+01
3.672908008732865426e+01
3.602910852340785652e+01
3.583762273899672834e+01
3.595032566945414487e+01
3.578531303080196579e+01
3.624105139642902884e+01
3.657212688199607697e+01
