1.723357794907771563e+02
2.735730633568964549e+02
2.085022153938307099e+02
1.883188431189553853e+02
1.768878869507740319e+02
1.677301766225425013e+02
1.578286188344004586e+02
1.489063442503333192e+02
1.427537698620901949e+02
1.372370995761429242e+02
1.324482430781219477e+02
1.291813868427518912e+02
1.257412487171041562e+02
1.224699404207713940e+02
1.203839006187103564e+02
1.181088717392810281e+02
1.158377347405139943e+02
1.143551804258822528e+02
1.129143966286969771e+02
1.114729712389447229e+02
1.101058663187618265e+02
7.757509449368225773e+01
7.907694185357708250e+01
7.833118436257471728e+01
7.789761374543132888e+01
7.423285881079665671e+01
7.217377204778051691e+01
7.047400685323718506e+01
6.867450783684972748e+01
6.665550414152322389e+01
6.474940899870688327e+01
6.345082011260320343e+01
6.193378247287324712e+01
6.034240022987383156e+01
5.904600276942314707e+01
5.785718291437037664e+01
5.661548921593829675e+01
5.507861119834831243e+01
5.396911584578699461e+01
5.268054948473138666e+01
5.141703221362200793e+01
5.019592945163715569e+01
2.615042833328344329e+01
2.657127826382645353e+01
3.153183443027779731e+01
2.983383051073109726e+01
2.901172311857717290e+01
2.909657937631356717e+01
2.880825779808090559e+01
2.821592586759122412e+01
2.814547665111625108e+01
2.795425905405062039e+01
2.722127176129054149e+01
2.732841103571096752e+01
2.682801389392929536e+01
2.618140147269391349e+01
2.609211077375966781e+01
2.583939100474246331e+01
2.523672813253175207e+01
2.472372267242792176e+01
2.438136240902857566e+01
2.393645186290047633e+01
2.348704953336834222e+01
9.926151673388545760e+00
1.069947191614317639e+01
1.076070533644082694e+01
1.097537817833476126e+01
1.127817001492326199e+01
1.121351142999499828e+01
1.145397196336318402e+01
1.177634760136908199e+01
1.157089524618777965e+01
1.161738891341938285e+01
1.164630985750047643e+01
1.151000365125527658e+01
1.126212217113589453e+01
1.132443496543291417e+01
1.119850382694474611e+01
1.110275065023766849e+01
1.094394751432517232e+01
1.082113112008683409e+01
1.073674310045380587e+01
1.073591387214189652e+01
1.086050895540505223e+01
1.666189756256222765e+01
1.278239764783645960e+01
1.156655543034442601e+01
1.049894977522794370e+01
1.005774252298728655e+01
9.715747865994972088e+00
9.483662205306496062e+00
9.130350754892273102e+00
8.750785301913522218e+00
8.731799980891413071e+00
8.749665906756591838e+00
8.587368008556287791e+00
8.286922566793785805e+00
7.906928559766188691e+00
7.606149145125455924e+00
7.529071486798603274e+00
7.250804485473700822e+00
7.035827907048328278e+00
6.862511070653910750e+00
6.732469634013187765e+00
6.545511069445635322e+00
5.372032328125442291e+00
4.047670483088926296e+00
3.576333907051931771e+00
3.318961605912144730e+00
3.428090740793279245e+00
3.211269208662272945e+00
4.847087939649945554e+00
5.119537137971769347e+00
5.075063280075834626e+00
5.324192696490166909e+00
5.571368518532501035e+00
5.410823417773661603e+00
5.218142516182621371e+00
5.254719746820146753e+00
5.304144079218644059e+00
5.121395803580718997e+00
5.056261764183377139e+00
4.925048236330933804e+00
4.868591344208497596e+00
5.004742488260548683e+00
4.955509760720564039e+00
2.467271829051842058e+00
3.163417675836173171e+00
3.071379607748049967e+00
3.011066950154368094e+00
2.700477430669727674e+00
2.635716537909355672e+00
2.835721611720012358e+00
3.459638800595798092e+00
4.319871035616253074e+00
5.240894505029303652e+00
6.381773543609456922e+00
7.010118130617452259e+00
7.271228107148093756e+00
7.426752407692897684e+00
7.580662686098064817e+00
7.546515135035685162e+00
7.489602303115255211e+00
7.408991745312139443e+00
7.252351669180754357e+00
7.162478762946935973e+00
7.053333982067391261e+00
2.618994659680021542e+00
3.383820659293554467e+00
3.810391647850819741e+00
3.944025658798258061e+00
3.661691271784468071e+00
3.745300968337283987e+00
3.449856751146016975e+00
3.226106379166180371e+00
3.201432507553758189e+00
3.139217988231591594e+00
3.137468622642738403e+00
3.350713919770757165e+00
3.485492783436061615e+00
3.386946075424253522e+00
3.400531912670224255e+00
3.362907330502640679e+00
3.371354602071544360e+00
3.288716026958022010e+00
3.224603797526367277e+00
3.196174735159461378e+00
3.123850259139726138e+00
1.620394968706583949e+00
2.834038074864474677e+00
2.818974646149762897e+00
2.779351480951413489e+00
2.493173035117723924e+00
2.424350248842586542e+00
2.609061349605216851e+00
2.563045865507985521e+00
2.491512729881515398e+00
2.770644734917379282e+00
2.768515310074517899e+00
3.030947217910930025e+00
3.259307208125298061e+00
3.210787995811959394e+00
3.327298409532093437e+00
3.349967781429272762e+00
3.383268963414472807e+00
3.377746474525034515e+00
3.347663399822977226e+00
3.413085949508527950e+00
3.341361721615972780e+00
2.605199549824356531e+00
2.684501952449091622e+00
3.264957657318003026e+00
3.062399562058010449e+00
2.888398339179390373e+00
3.078540478144014436e+00
2.844221086573802904e+00
2.735993819309694874e+00
2.846196610647146574e+00
2.821579380861421349e+00
2.758880805297033501e+00
2.715098995633128620e+00
2.745718951748406855e+00
2.836369474871584639e+00
2.759128967867328530e+00
2.773577589030696178e+00
2.926952996920169969e+00
3.036726606783326954e+00
2.974983061309297128e+00
2.945940831960463413e+00
2.881734281631036509e+00
