7.200009913601312519e+02
7.082299456196460596e+02
6.913623765708920246e+02
6.660633590966400561e+02
5.795994103411640026e+02
5.645880867801030263e+02
5.582544653002232735e+02
5.574334397910085954e+02
5.457754126121112677e+02
5.431627996655399784e+02
5.331192439607909819e+02
5.240490599991769614e+02
4.622881971416274496e+02
4.631983658139221802e+02
4.456729685096206026e+02
4.303684475447394107e+02
3.221526708174985174e+02
3.041322978552083214e+02
2.906921155882841958e+02
2.743765268523328587e+02
1.870782565583300823e+02
1.911863154742001427e+02
1.952705293569501919e+02
1.944175640479005835e+02
1.576642155639272289e+02
1.796919485016010469e+02
1.740863338864734260e+02
1.689403263603478251e+02
1.538859151066192510e+02
1.595798501163323238e+02
1.534599834121647177e+02
1.497127841028302555e+02
1.381373911488990132e+02
1.427440263370473303e+02
1.480785246769555954e+02
1.460170445704793281e+02
1.176099571839318827e+02
1.196859451295245975e+02
1.251588522058731598e+02
1.268439585721327063e+02
1.116770570668055029e+02
1.372291826114907280e+02
1.318748815752515497e+02
1.268572424980619218e+02
1.284954389823886345e+02
1.109985247480746580e+02
1.170288756744220393e+02
1.159362911787234509e+02
1.046123122969591890e+02
1.031160168736928142e+02
1.058807788292856600e+02
1.090869796216014294e+02
1.012086937516334615e+02
1.038075736239650979e+02
1.047019024944962524e+02
1.031273241997996877e+02
8.748453245379785415e+01
9.076141709111878697e+01
9.703238017138805560e+01
1.004004437417472104e+02
8.954643030819684668e+01
9.083759018578626865e+01
9.493749850567225224e+01
9.026792736713659338e+01
8.199712819097970851e+01
8.223770896464812097e+01
8.090922283141365767e+01
8.181561503612934416e+01
8.459393777162763683e+01
9.007862119451742444e+01
8.597017279106904653e+01
8.916361420633236889e+01
7.059356478520550127e+01
7.367220374849371467e+01
7.369259437738612917e+01
7.548505438698170167e+01
8.387553148946422255e+01
8.093458698664281314e+01
7.698534253627127555e+01
7.831185219729117364e+01
