2.560367610124912403e+02
2.432406713447783204e+02
2.309740970697817488e+02
2.338238594000047499e+02
2.328856729642086236e+02
2.347364672965239265e+02
2.348650792171259241e+02
2.322607608681706779e+02
2.311878484945062269e+02
2.285761672857067879e+02
2.265570077863940526e+02
2.259239524514446771e+02
2.247854057524433244e+02
2.244163653665440279e+02
2.219878889549628695e+02
2.187024279728936165e+02
2.156319708185039588e+02
2.135381403782942868e+02
2.106260066618181099e+02
2.074908206394037791e+02
2.049218224758667191e+02
1.561464775169918653e+02
1.481907349550865263e+02
1.436558458363444402e+02
1.418454364385844713e+02
1.414173939181125661e+02
1.379254980787221996e+02
1.343553690848753774e+02
1.299091547782326188e+02
1.250745049398989863e+02
1.228923329523769894e+02
1.208727073509103036e+02
1.173752162372771721e+02
1.146361752647929961e+02
1.119910917341670284e+02
1.082054247872197550e+02
1.054038670281370287e+02
1.027816732983734909e+02
9.963625369998716508e+01
9.729089334398665301e+01
9.434176672273258646e+01
9.229385580088990082e+01
4.252342796349203979e+01
4.137137852671186522e+01
3.728398074515752114e+01
3.956394825587742758e+01
4.029182809129954990e+01
3.789377957238462358e+01
3.680583157631733116e+01
3.742286294180477313e+01
3.579441583004684446e+01
3.603639876384507090e+01
3.606518419123631247e+01
3.494977011736649075e+01
3.547927955895808338e+01
3.547966108154812304e+01
3.477719454079311134e+01
3.412132383067936559e+01
3.357675903158761344e+01
3.286608611497872090e+01
3.262802133773501367e+01
3.210583011972718026e+01
3.139630030542899419e+01
1.443619834507292943e+01
1.402741778572503506e+01
1.517294982371499579e+01
1.506149141384193868e+01
1.452426418630199656e+01
1.460877269741411766e+01
1.423925882650826757e+01
1.453472092801622040e+01
1.454757995397542381e+01
1.493132085319004076e+01
1.538043233623271888e+01
1.557816303491850718e+01
1.608542834963215640e+01
1.661743509106359085e+01
1.657418417654308840e+01
1.696889805614721070e+01
1.663108408689031492e+01
1.655620046255078748e+01
1.665035171142677584e+01
1.678375599167575771e+01
1.667318772150797557e+01
1.105317710076754523e+01
1.215044076686893071e+01
1.429218468665135511e+01
1.240579399761132606e+01
1.405867072457974132e+01
1.312406539727159505e+01
1.208033086314428850e+01
1.272648768116106055e+01
1.287011736018611785e+01
1.264456736604874720e+01
1.250649998045506983e+01
1.194515654124327675e+01
1.198534987290013554e+01
1.193470418655127041e+01
1.156935279833293784e+01
1.143962025795885395e+01
1.134266162608449413e+01
1.126477567868306906e+01
1.153673707958019001e+01
1.161729459739397008e+01
1.152022495522051670e+01
5.809607700930783380e+00
9.665974198739990086e+00
8.207983595444996894e+00
8.493631309516729289e+00
7.596386296586739917e+00
8.014074138420221871e+00
8.084540446324306018e+00
8.493001281383659062e+00
8.727418149527519375e+00
9.181519426575352583e+00
9.111937034336824226e+00
9.894404806342087966e+00
1.067897205807042305e+01
1.064912481859934879e+01
1.100626928479942279e+01
1.107646823797677449e+01
1.116349216727090621e+01
1.124157805057969028e+01
1.134826352112802361e+01
1.160178083699095453e+01
1.172368226152514659e+01
9.934785465083315614e+00
9.454646044620639955e+00
9.055854928913763757e+00
9.361410088851350508e+00
1.030982947613994938e+01
9.626110048642020800e+00
9.176808656960179889e+00
8.842956334521218764e+00
8.865810376293309147e+00
9.031470673707417518e+00
8.735279575791381035e+00
8.585443296050552675e+00
8.335860560833749489e+00
8.358898711043861951e+00
8.135280710360680345e+00
8.249385849246854363e+00
8.138037298516755058e+00
8.204774602302252973e+00
7.943588572951790105e+00
7.861413131938490118e+00
7.791482506319960422e+00
7.955161234157527517e+00
7.644729523094231816e+00
6.581187025814553060e+00
5.910418080122076923e+00
7.334571414740096884e+00
6.905293098757763204e+00
7.241838010800071501e+00
6.634152916561090407e+00
7.025670326527160725e+00
6.972799415262880274e+00
6.778208888952911515e+00
6.642837334963828333e+00
6.701479136128420500e+00
6.454385342602670939e+00
6.235457325553219299e+00
6.379019766600730890e+00
6.473999412807795117e+00
6.463719532181281480e+00
6.462618631491646504e+00
6.344872635375751635e+00
6.170642715689070634e+00
2.024324042160188242e+00
2.865621423476863328e+00
5.925066756088061659e+00
5.939886215127775593e+00
6.702907734924504979e+00
6.480602016008290889e+00
5.906644078826547073e+00
5.967188603590191320e+00
5.842250746703322228e+00
5.892860894289673190e+00
5.821106205076562290e+00
5.758515874595802941e+00
5.742092331887906909e+00
5.681052445159733288e+00
6.289240324123585246e+00
6.214666771605355855e+00
6.374664737935432868e+00
6.282114753632216164e+00
6.106927124616624347e+00
6.279738535104285369e+00
6.307846455466192381e+00
6.544813226483420898e+00
5.508353462821838242e+00
4.981037447190534984e+00
4.888583669005105214e+00
5.644184035939233901e+00
5.115013113624955032e+00
5.107372485261166162e+00
4.919739901532976134e+00
5.208699710757543677e+00
5.121659886476314760e+00
4.897227128344019853e+00
5.236546327593299743e+00
5.141447343947366022e+00
5.121666837737794076e+00
5.052765910207019040e+00
5.043082953003334090e+00
5.048701655729576743e+00
4.943839048210401543e+00
5.020676201742036326e+00
5.010987733981446368e+00
5.038003780695946787e+00
