1.723319032580524492e+02
1.710032357960259617e+02
1.695958636777451147e+02
1.682783498929552195e+02
1.668721926292169542e+02
1.653930894615228908e+02
1.638030758116349546e+02
1.620498840375808243e+02
1.602142952469590966e+02
1.582164946629775386e+02
1.561336832155605236e+02
1.538512441240940518e+02
1.513871849599602797e+02
1.487613176369108601e+02
1.460295098511217020e+02
1.430259237743858023e+02
1.399269534456556414e+02
1.371330253788818254e+02
1.348878826053467606e+02
1.327085905187474566e+02
1.310260740588130091e+02
9.660386995716228853e+01
9.729646422318306520e+01
9.275796026312130493e+01
9.289434176928560305e+01
9.139930162734505359e+01
9.139473122754540668e+01
9.076166253671621575e+01
9.092014904515012574e+01
9.095800005277286004e+01
9.105299050294853203e+01
9.061663493771901301e+01
9.038558022824217630e+01
9.006147617046873677e+01
9.012284279345782068e+01
9.020641205891632808e+01
9.001481563704733446e+01
9.004043447691456947e+01
8.994403354054352917e+01
8.987793451787023002e+01
8.992314718925331363e+01
8.963458459286304958e+01
8.226113346684579142e+01
8.774057236848230446e+01
8.494986476610323223e+01
8.432579887882513958e+01
8.587025499696514430e+01
8.563008793470122271e+01
8.640056731041673288e+01
8.640483080108408842e+01
8.620991739361095085e+01
8.667864186810101046e+01
8.630292700362535641e+01
8.650686740580135847e+01
8.634960083833598787e+01
8.570698541881547783e+01
8.593319411713399347e+01
8.571414404253434327e+01
8.551370893102425441e+01
8.505767400455985694e+01
8.481549559389991089e+01
8.468787639815350587e+01
8.447053728698486452e+01
7.904991464128083578e+01
8.115233856122857503e+01
7.940077839570275842e+01
8.057509062640426123e+01
8.014427417250396957e+01
7.992126768952572036e+01
7.967008403005301886e+01
7.844543740390153630e+01
7.847558685575924642e+01
7.815605587830928869e+01
7.766118127595910892e+01
7.774651479168836943e+01
7.723187416332292798e+01
7.704229951087154404e+01
7.702682418425287381e+01
7.679549324797395116e+01
7.646634624644146072e+01
7.584759557779069894e+01
7.540487844911631043e+01
7.496444812758167586e+01
7.447605634921649198e+01
6.235364090198688558e+01
6.706650902819191629e+01
6.751125737908736824e+01
6.589057328180311401e+01
6.483270783497290779e+01
6.583645552208434992e+01
6.515033229123673664e+01
6.484940525577026449e+01
6.495088725904624027e+01
6.377106883602014875e+01
6.316923035352785831e+01
6.285414073974489213e+01
6.190602513401906037e+01
6.158644673477609643e+01
6.077226268315732227e+01
5.996029238008260620e+01
5.915744449826686235e+01
5.862742923835084241e+01
5.820188338733182576e+01
5.756695913841440415e+01
5.692428038433764215e+01
4.616780721680926547e+01
4.851483214003047806e+01
4.770644615677751688e+01
4.564253213476133197e+01
4.516148185291110195e+01
4.439105660238578821e+01
4.398884810986709226e+01
4.356350760017246415e+01
4.322247375319091134e+01
4.278565439652327740e+01
4.210677432593563907e+01
4.122184459433857739e+01
4.070138332967841421e+01
4.002312410977321377e+01
3.960638913305841413e+01
3.909711586509418879e+01
3.876609982873313243e+01
3.829358239437525668e+01
3.782575136830829621e+01
3.745908076715999613e+01
3.710667467318985757e+01
2.823618819447321826e+01
3.098567410879409323e+01
3.168637224105681582e+01
3.023953932746605133e+01
2.949020957445474167e+01
2.890957583092880512e+01
2.847172504065416732e+01
2.830519982369764520e+01
2.799167019522853295e+01
2.792487363369133746e+01
2.791677917263860209e+01
2.744428888133806410e+01
2.736698548732022829e+01
2.718625970571367745e+01
2.714416501563691142e+01
2.667248269878504630e+01
2.642190020129341121e+01
2.627136742112323375e+01
2.611452577602730685e+01
2.594768237680211342e+01
2.581921218456056621e+01
2.497551560525533532e+01
2.357546551453737749e+01
2.371766469165554270e+01
2.433312216751190604e+01
2.347974681150344978e+01
2.353157637304236260e+01
2.260819969289081044e+01
2.223762064907154823e+01
2.239133243120769023e+01
2.216919980779078614e+01
2.204599867297181959e+01
2.173780763721992315e+01
2.166280039062112905e+01
2.167273149294639367e+01
2.165740062442181824e+01
2.139703070581407118e+01
2.120003046901851462e+01
2.130707008099583533e+01
2.115803011826114854e+01
2.100586601506159923e+01
2.081513266546662777e+01
2.186635239232512617e+01
1.993511847264108638e+01
1.981064649481525564e+01
1.961291987900195366e+01
1.903919290818876320e+01
1.881245724469093972e+01
1.942099741475680474e+01
1.947886783376381814e+01
1.930926281361879404e+01
1.857320352149153209e+01
1.873333891268957885e+01
1.847484757109334552e+01
1.843008463847831990e+01
1.837442981449462565e+01
1.837987110355746623e+01
1.854105286648703554e+01
1.862456935360525279e+01
1.860653056455215193e+01
1.847389161943696223e+01
1.828373070767261410e+01
1.815376342685717859e+01
1.714995415151705416e+01
1.640376503019024312e+01
1.662558100147684570e+01
1.548659211897491872e+01
1.547698961980215060e+01
1.600304221289062667e+01
1.580866356664849448e+01
1.596583108164164599e+01
1.625680331073949247e+01
1.632385327317697232e+01
1.605307976568562367e+01
1.601881559481314099e+01
1.601672638681091598e+01
1.613512081146219401e+01
1.630032976171439074e+01
1.627599115768177995e+01
1.615579484870940163e+01
1.593312349757267121e+01
1.609023463149361532e+01
1.602622569424909216e+01
1.608956643375230655e+01
1.557230438702782216e+01
1.552104763404074284e+01
1.432825870779970678e+01
1.400191108591334910e+01
1.415678957656176351e+01
1.363571028882560121e+01
1.438886391384891716e+01
1.408640222839537692e+01
1.416823932587171697e+01
1.445396576334926309e+01
1.462189328845054348e+01
1.472109379330156642e+01
1.486046105439287679e+01
1.487274739423834902e+01
1.465768949581383929e+01
1.470520258358374299e+01
1.467082641151063527e+01
1.469792360910380147e+01
1.467095503107912080e+01
1.464148443708497460e+01
1.471250207771419127e+01
1.455061643212116351e+01
1.484798762234313152e+01
1.498515515131732911e+01
1.418073414208100935e+01
1.368712758934024976e+01
1.361394146235225477e+01
1.350707367924322533e+01
1.387393525603534883e+01
1.408455760994042727e+01
1.400822601133844536e+01
1.382073153445538694e+01
1.373069632449423771e+01
1.357059249207177487e+01
1.349503989747893407e+01
1.340552614817379506e+01
1.337815574631998494e+01
1.345486005522714379e+01
1.350040838678753552e+01
1.337898660908180126e+01
1.331017930647143821e+01
1.349409646188899004e+01
1.399336990515505086e+01
1.221066619333445047e+01
1.205615615173584132e+01
1.266628424309787349e+01
1.247513471467945045e+01
1.266941502486124271e+01
1.217883067040081890e+01
1.225894882555832233e+01
1.250443289950033510e+01
1.273577805807561347e+01
1.258585654567791501e+01
1.244609633900241086e+01
1.259036186955980519e+01
1.252842423551448015e+01
1.249458325114649782e+01
1.251942717054553889e+01
1.246694899012712376e+01
1.252267852657256419e+01
1.250928059705045037e+01
1.245216429612594489e+01
1.248003766321221697e+01
1.409519385910464351e+01
1.167216849984954941e+01
1.120987709512149877e+01
1.168087006912935166e+01
1.157064089044802557e+01
1.169078695225614517e+01
1.145406013790730526e+01
1.183415502587562607e+01
1.164349522768169543e+01
1.177934649788275934e+01
1.197685857783887720e+01
1.186978479635674688e+01
1.171858738335116534e+01
1.169020934364304587e+01
1.189079502337807170e+01
1.177471742972315916e+01
1.171521751160488378e+01
1.187920465927571456e+01
1.190513640223393210e+01
1.185639189063452825e+01
1.193307815653152204e+01
