1.723749082452681023e+02
1.709135600429590909e+02
1.696196697898527646e+02
1.682628585964605747e+02
1.668784008903563461e+02
1.655212990584354884e+02
1.639050830581385583e+02
1.622536693541740362e+02
1.604613964229710064e+02
1.583857345264812295e+02
1.562603735060553163e+02
1.538160782031252154e+02
1.512464066367404030e+02
1.487359950974725109e+02
1.459869452047260552e+02
1.432225941679335506e+02
1.402041541181332889e+02
1.373050730682618905e+02
1.346103700697834142e+02
1.324836273720900408e+02
1.308137956072140753e+02
1.041369494183489905e+02
9.701667152451679499e+01
9.371557198752356044e+01
9.467826102965375412e+01
9.245876797120848778e+01
9.384875614253749632e+01
9.311961135669645273e+01
9.230504097174025446e+01
9.201875409722612176e+01
9.221078724591971820e+01
9.180459131559425145e+01
9.160609171393559791e+01
9.128992653166889681e+01
9.140977652493455707e+01
9.103017170092613242e+01
9.071219440557696601e+01
9.069271135216821733e+01
9.027362512792316807e+01
9.039308976454375966e+01
9.034545313065399341e+01
9.031704373240573602e+01
9.492396329379593567e+01
8.813905965084428829e+01
8.885363820994534478e+01
8.917405898437644396e+01
8.925295248534757775e+01
8.861519632204692698e+01
8.827505513807450654e+01
8.866508085398589856e+01
8.834283634528839002e+01
8.842116717444524454e+01
8.762566120752967436e+01
8.703097266580300584e+01
8.692050104012750467e+01
8.714025381189756558e+01
8.689143966479339554e+01
8.681480711587050791e+01
8.667948923595825761e+01
8.693113994309032933e+01
8.689748720192878295e+01
8.678146784860099672e+01
8.641689369641801477e+01
8.644674570997139540e+01
8.490879651017601759e+01
8.580930789277138615e+01
8.577091800029857893e+01
8.450367284303901272e+01
8.460982918518418217e+01
8.354217524338760370e+01
8.373971495059045367e+01
8.304960026589417055e+01
8.315411154152417339e+01
8.287448010969633572e+01
8.297320466215165879e+01
8.321765405927936854e+01
8.296459955056707258e+01
8.293920926164477692e+01
8.290483875221062249e+01
8.218730368289341470e+01
8.242984885141801499e+01
8.233031237021748439e+01
8.189698994957656453e+01
8.210687297462389722e+01
7.999646173401414728e+01
8.203209438134754805e+01
7.997072406113760223e+01
8.037263652041684736e+01
7.982407333536717431e+01
7.976552086910736250e+01
8.007562917493046939e+01
7.962172173504963268e+01
7.938462206508289398e+01
7.888224056554261665e+01
7.832710502151635978e+01
7.792343423558777715e+01
7.785239001113666291e+01
7.781027666113983798e+01
7.752120025917679413e+01
7.762806060423376664e+01
7.729657041408863449e+01
7.709146612980096336e+01
7.693473179724111333e+01
7.680313907984100297e+01
7.655152340416591983e+01
6.599135237904754092e+01
6.936444615221370213e+01
7.086257488195015242e+01
7.276801691805184191e+01
7.294774592006304204e+01
7.315426442060203271e+01
7.268380721167940806e+01
7.305035479480736171e+01
7.259834045432896232e+01
7.191921443639942879e+01
7.171592714517922218e+01
7.125570735968055658e+01
7.105509954381302862e+01
7.058252781196873116e+01
7.065031817767489031e+01
7.042172013802534991e+01
7.044538692845989658e+01
7.044070073940781640e+01
7.014808622188500919e+01
7.011137636648372506e+01
7.006818986740050548e+01
7.051158616374780763e+01
6.642156482859881805e+01
6.783594951857922695e+01
6.784794745710092911e+01
6.739705363608192101e+01
6.672361207248603421e+01
6.596524257698585814e+01
6.580072250802167844e+01
6.607302349461184576e+01
6.516282664531482283e+01
6.467889345200390494e+01
6.457444262156717230e+01
6.407766569119169731e+01
6.436302224057845933e+01
6.458562064180213724e+01
6.443590426214979061e+01
6.424769487720013217e+01
6.406655062681890911e+01
6.370070960990670272e+01
6.351354004461313707e+01
6.341097075364844216e+01
5.696447516706074765e+01
5.909198847238052821e+01
5.922471232163156429e+01
5.962653390003320197e+01
6.001769347184114878e+01
5.979729983875943589e+01
5.969825505233791318e+01
5.957514410335595301e+01
5.949307621278768465e+01
5.920539161256183291e+01
5.876020879171574762e+01
5.848177428343721118e+01
5.822255188409658189e+01
5.832022531283735844e+01
5.818804327057629422e+01
5.822048468629781581e+01
5.800478996485475847e+01
5.783225976063395990e+01
5.748466324988910259e+01
5.734718124438362707e+01
5.714191677893774113e+01
5.075748799711313097e+01
5.220387611905268699e+01
5.277194719822427516e+01
5.224144242381962755e+01
5.279441579430829989e+01
5.298412479031989619e+01
5.291858785093768347e+01
5.263213420982308577e+01
5.271335502762822500e+01
5.304321194108999293e+01
5.298326935109173519e+01
5.277441824558626138e+01
5.251043178359605434e+01
5.248444221045981095e+01
5.244619685564364886e+01
5.249257539674874806e+01
5.228006883977559482e+01
5.218507087292126556e+01
5.199805725368927511e+01
5.198187190434814653e+01
5.190653580760238128e+01
5.278916994186387512e+01
4.976201373739291967e+01
5.023926229365542184e+01
5.089390344374873365e+01
5.030508831763987132e+01
4.891841868692281992e+01
4.905634798391762530e+01
4.928886296946511436e+01
4.885507349194741522e+01
4.851470736509151749e+01
4.853815429461034370e+01
4.869629404133286954e+01
4.864120749830092905e+01
4.866638203974940069e+01
4.858519629382769978e+01
4.827568287566997185e+01
4.803411335121943893e+01
4.798120500527417676e+01
4.794434203157398144e+01
4.800529793645463883e+01
4.785790334846243610e+01
4.220471115001500095e+01
4.384318705521425130e+01
4.536703747968590505e+01
4.498911514668063205e+01
4.516944030116088982e+01
4.488696177787900865e+01
4.485277153790592308e+01
4.521313282614919871e+01
4.488483631366830906e+01
4.439702830904673192e+01
4.492402290809738474e+01
4.475283063814396911e+01
4.468802968713752222e+01
4.465572409083423366e+01
4.489797634746742716e+01
4.481956627467982202e+01
4.483432853421322051e+01
4.470564075312685759e+01
4.462267211677782797e+01
4.457462422732559304e+01
4.448217297637468448e+01
4.331028884105658960e+01
4.360083245045970557e+01
4.194726942461553421e+01
4.253259702660446351e+01
4.274666355313532762e+01
4.349548444891867405e+01
4.316831854009267744e+01
4.300040525001458747e+01
4.253707559980793462e+01
4.280359556294499868e+01
4.281176505452076242e+01
4.296268489761422416e+01
4.295760970436758441e+01
4.265099928202328528e+01
4.253190612197327169e+01
4.243148470353858670e+01
4.228478762653417533e+01
4.216914529222168539e+01
4.221155454883467684e+01
4.214955678129291528e+01
4.215086946503109289e+01
3.833964523950484704e+01
3.900547686822802262e+01
3.937550634411547890e+01
3.979063912622034138e+01
4.021642529016603618e+01
4.006448280223435887e+01
4.040746445309687118e+01
4.006146160023651248e+01
4.012829956189529668e+01
4.049896260889186550e+01
4.078465192009025486e+01
4.077562729684331089e+01
4.064746736909796709e+01
4.089065607659577495e+01
4.064591817253860739e+01
4.059265557289798920e+01
4.089550756545987298e+01
4.082234555361437600e+01
4.077175626121339747e+01
4.064829585397502854e+01
4.045228621395506963e+01
3.742788155225421320e+01
3.829335626058558262e+01
3.888578454867458589e+01
3.836049391825272892e+01
3.868926640934414252e+01
3.795046041803499293e+01
3.785298180014710567e+01
3.802929219845970010e+01
3.844280943549192386e+01
3.871836248419246118e+01
3.870667563031935998e+01
3.887444398404504398e+01
3.900703324734114830e+01
3.910406747526051419e+01
3.939589600941538805e+01
3.933612610859956504e+01
3.948443127688100418e+01
3.937903550860316670e+01
3.939219574813848368e+01
3.923886176537192938e+01
3.911727797245704608e+01
3.532351984783819177e+01
3.880142732487092871e+01
3.909635553103724703e+01
3.844219184755434071e+01
3.820479494904607520e+01
3.862515222326619124e+01
3.839722121082373718e+01
3.817035920734654297e+01
3.795358015070775792e+01
3.767052401538148132e+01
3.793931655059144248e+01
3.805741123812150306e+01
3.802256180712051048e+01
3.792701801549149820e+01
3.812999157169681297e+01
3.834015202734510552e+01
3.822626907797985041e+01
3.817776973674560281e+01
3.798244756177291492e+01
3.805331280846211683e+01
3.822763438771801248e+01
4.268935113771214418e+01
3.796037642861748651e+01
3.852116023672259360e+01
3.840379398288524726e+01
3.944500076855008786e+01
3.989018981115525264e+01
3.934406010281711730e+01
3.872311054421783894e+01
3.868489829200897390e+01
3.840655836981127891e+01
3.790038546874952630e+01
3.786547598608395049e+01
3.785617391690934852e+01
3.787878448986458579e+01
3.756173089017509170e+01
3.745665229846710531e+01
3.734590804606558123e+01
3.732847681120050964e+01
3.728187280258737957e+01
3.742676578289216138e+01
3.735134989393665705e+01
2.981001661431248806e+01
3.495299106884844775e+01
3.613706892687156369e+01
3.729385996018208971e+01
3.685361879646425365e+01
3.627846397692557190e+01
3.636903442121028007e+01
3.637693312998821682e+01
3.627893902888600763e+01
3.614486398462916128e+01
3.632386451711804654e+01
3.637430490379589543e+01
3.664275134889712859e+01
3.662108827398387234e+01
3.687582504132866745e+01
3.673336496667821649e+01
3.680317919787516701e+01
3.695058270345163720e+01
3.701367761133972323e+01
3.708567167241566409e+01
3.697984127857429826e+01
3.586810819282195695e+01
3.499296681934512776e+01
3.438395290140843485e+01
3.486113661621583049e+01
3.503854123908406137e+01
3.607042125611266670e+01
3.636705313289919417e+01
3.632140892442131985e+01
3.658054846334879784e+01
3.639692729353288314e+01
3.640370607989797946e+01
3.628882182575833326e+01
3.632303203169784211e+01
3.607619549565912109e+01
3.615475385039514578e+01
3.610561323992124017e+01
3.615091374854673489e+01
3.628951465653261721e+01
3.638749626879516086e+01
3.636791253760388543e+01
3.632468212989792278e+01
3.425611121892935529e+01
3.350819592007809433e+01
3.486624423435913656e+01
3.477519845526040854e+01
3.513419443822165533e+01
3.491482951747325814e+01
3.487163863270055941e+01
3.551708813079164884e+01
3.549554405173552851e+01
3.549351738686219448e+01
3.561984609143951275e+01
3.581377973391695235e+01
3.591180163024619532e+01
3.601590161237453458e+01
3.574588058630036613e+01
3.582717828968274176e+01
3.586867188556861663e+01
3.601596462191588444e+01
3.595928740846518679e+01
3.596062347244849633e+01
3.590194026779425229e+01
3.680485377212229992e+01
3.656569240049969949e+01
3.603061225020066161e+01
3.613092863518018305e+01
3.717994099065207081e+01
3.728192442556235875e+01
3.715674668766882860e+01
3.718807673554243820e+01
3.693159951082445502e+01
3.714988030959435861e+01
3.696014102598076789e+01
3.669252131336523348e+01
3.676796231502190437e+01
3.658026127008219675e+01
3.653302821018809254e+01
3.643390784804501692e+01
3.640057284445130392e+01
3.630905026132849400e+01
3.625478902480432453e+01
3.595698458923141061e+01
3.574580608979031382e+01
3.681609970495436812e+01
3.480828922284157301e+01
3.377872993280763581e+01
3.430758977430835444e+01
3.545370925097502379e+01
3.581686237657412875e+01
3.561583399229645153e+01
3.575984143304971496e+01
3.590862779649899750e+01
3.597496170930438808e+01
3.586357480332276282e+01
3.576633743535585808e+01
3.577930396463563056e+01
3.551011568969593668e+01
3.556154340720083695e+01
3.558023557613135779e+01
3.542306502827331371e+01
3.538812952170704307e+01
3.545601152769521747e+01
3.563453106391396119e+01
3.551783034124547811e+01
3.675745983517489890e+01
3.655601418753121834e+01
3.476931763946274145e+01
3.499819944166419816e+01
3.585376822014992371e+01
3.574615051630408402e+01
3.620924851990711346e+01
3.588738329790451331e+01
3.574569053763371329e+01
3.564641217974742204e+01
3.575615919878513438e+01
3.559227545636470325e+01
3.551793752054376796e+01
3.559793258713597197e+01
3.544421946523973332e+01
3.532932249967110039e+01
3.534004072903039884e+01
3.536994837406244585e+01
3.538512046033792302e+01
3.533195568808461218e+01
3.523162520962245026e+01
3.180735056417919182e+01
3.605557663550392533e+01
3.458937125282142944e+01
3.620977576734351544e+01
3.614201626978951509e+01
3.630859585678324208e+01
3.616567364916810590e+01
3.560940320778085777e+01
3.554664949974215205e+01
3.580284141370660933e+01
3.570469542909545169e+01
3.582369871427558650e+01
3.575536976028217140e+01
3.554628724099141124e+01
3.566018694536465716e+01
3.551742273052401089e+01
3.550254115605549998e+01
3.560325689750684575e+01
3.553724291367261401e+01
3.527452337693255657e+01
3.515836674232637904e+01
3.545013239572350017e+01
3.596981705992327250e+01
3.546817185351036272e+01
3.501406164744649629e+01
3.475359136118685655e+01
3.501364087623569787e+01
3.524582866511458690e+01
3.488613943098020798e+01
3.488664947136458494e+01
3.513886097922135576e+01
3.526312927507114381e+01
3.549475860138988281e+01
3.526372788872274811e+01
3.562202135031134986e+01
3.564126866210260403e+01
3.573737860009242695e+01
3.544597643159333700e+01
3.522874557595896761e+01
3.528511152492983172e+01
3.538245852614485898e+01
3.519023284971107302e+01
4.325958998340328776e+01
3.780912406096015843e+01
3.548799460320201149e+01
3.482423734421874428e+01
3.421236471247272704e+01
3.451298572653931274e+01
3.436118066657439130e+01
3.425956700450563375e+01
3.450828623046627541e+01
3.462694730412118815e+01
3.439264939122952569e+01
3.465541849697038401e+01
3.464611898168769244e+01
3.465777443832219973e+01
3.490159897845230574e+01
3.489016871549989673e+01
3.482940908536741631e+01
3.486986038195870208e+01
3.499015434468771701e+01
3.485372953969208965e+01
3.486504839929123278e+01
3.681077886079894768e+01
3.511124665581413495e+01
3.559743203968525904e+01
3.578154750432866393e+01
3.583596350333885994e+01
3.618636973571886273e+01
3.567514911738431493e+01
3.527171253510432791e+01
3.565349898559713182e+01
3.534706200724874492e+01
3.510893166435577228e+01
3.492881376884047739e+01
3.484254079385102898e+01
3.497695645106553997e+01
3.478399092037798113e+01
3.481803776910670223e+01
3.486133154254914501e+01
3.471457991327556414e+01
3.470886845068753246e+01
3.467147597284935756e+01
3.476557145054588460e+01
3.727075898533520615e+01
3.719562886092590048e+01
3.550917596235171914e+01
3.435375634216795504e+01
3.433181857473991982e+01
3.391238534424834228e+01
3.384628929501089800e+01
3.361758128406565049e+01
3.369681254687391458e+01
3.368976535067172051e+01
3.370599888798346910e+01
3.415151388083638295e+01
3.431292675844258611e+01
3.442234720220188393e+01
3.455950138419330386e+01
3.456382350293790751e+01
3.479458024262324756e+01
3.472426905896899996e+01
3.476055398821111453e+01
3.465804291997363151e+01
3.474930857416443786e+01
3.924512212548876988e+01
3.720368055028595222e+01
3.611227169306205553e+01
3.542537104125220537e+01
3.451816939705965126e+01
3.523227464489785632e+01
3.464266192547687950e+01
3.422767147243606445e+01
3.386519091509131840e+01
3.408345532970754732e+01
3.434921568548609372e+01
3.439419003218062443e+01
3.459606868368634025e+01
3.458415931198080528e+01
3.473158672588846940e+01
3.474987312852007193e+01
3.457779178571055922e+01
3.464589578412211068e+01
3.467603264229735061e+01
3.459274449566948562e+01
3.455873510551304406e+01
