6.880162988485727737e+02
6.751543682264350537e+02
6.549469319751161720e+02
6.204843792443059556e+02
5.698864970249602493e+02
5.298625799402623215e+02
3.460923872609220098e+02
3.424029836876748050e+02
3.373944559023029797e+02
3.353409017557938228e+02
3.337394268618465958e+02
3.319958877289776638e+02
3.397494413456578286e+02
3.201298288955269413e+02
3.219252115085797641e+02
3.179937101831496307e+02
3.145817498022659606e+02
3.096132653340445131e+02
2.716447021003675104e+02
2.812867590165383263e+02
2.800784304593178149e+02
2.739698786650311604e+02
2.687266570770917724e+02
2.597370442951758491e+02
2.026924652691622555e+02
2.057401373852768245e+02
1.918126318656613876e+02
1.817295534846525698e+02
1.737105168080252042e+02
1.652023369523558358e+02
1.219515399375180777e+02
1.120931922909490197e+02
1.056810188354714057e+02
1.023097330326634875e+02
9.824185299876806710e+01
9.471986603667254201e+01
8.381335636341903239e+01
7.442233431000988730e+01
7.007111781500610448e+01
6.798700447710697858e+01
6.747546903873650592e+01
6.694996221587162211e+01
5.843493918131385101e+01
5.917562328356312662e+01
5.935396867567112622e+01
5.800579448414139705e+01
5.716959201520612766e+01
5.620102689244795613e+01
5.320628047010474404e+01
4.905552243585417216e+01
4.960809450390519970e+01
4.881591373887285812e+01
4.839541263075678046e+01
4.888019993562097909e+01
3.670483467666318234e+01
4.082883081443671358e+01
4.185913693375900380e+01
4.358170087433900619e+01
4.456656609261507640e+01
4.466735865775242331e+01
4.261644857529900321e+01
4.391855574953152086e+01
4.309530558458492777e+01
4.248890210659956779e+01
4.244229554868442023e+01
4.043641371268623885e+01
3.090294484903928307e+01
3.747915112604384547e+01
3.848265611887300963e+01
3.706754677077118743e+01
3.693503327221106503e+01
3.700767723813068955e+01
3.827830634173880497e+01
3.812483376994341455e+01
3.694211856300340457e+01
3.541504806498873847e+01
3.517825805341014700e+01
3.568740074055316569e+01
3.664206543772360902e+01
3.468538755891616177e+01
