6.916085329373736386e+02
6.892795589877763405e+02
6.870256579189817785e+02
6.847014014135886555e+02
6.821279327187187391e+02
6.796227712964251850e+02
6.766383188625804905e+02
6.735715865676643261e+02
6.702990324033029310e+02
6.664162221633016543e+02
6.622712833312549492e+02
6.577097251525317461e+02
6.525407211409550428e+02
6.468270260485575136e+02
6.400599593349344332e+02
6.330122720936012684e+02
6.247573986754595126e+02
6.159795197355986147e+02
6.063199782323091540e+02
5.953709840317422959e+02
5.849566072450842285e+02
3.579476572211002008e+02
3.422454870054552885e+02
3.383194082604800883e+02
3.356784905642985564e+02
3.428200362698891581e+02
3.485414255389541154e+02
3.513131909334171041e+02
3.515285940342320146e+02
3.469438661885874922e+02
3.458296938343779061e+02
3.456915961981417240e+02
3.448284684800599962e+02
3.459405611149604738e+02
3.446431742735290982e+02
3.438224762295927803e+02
3.427595294850891037e+02
3.430991860025512210e+02
3.431693415947427752e+02
3.415783579085781412e+02
3.422212393209993024e+02
3.416676882325622842e+02
3.612529229895631033e+02
3.459788247065888527e+02
3.410307746156453845e+02
3.303288161972214425e+02
3.261194780400725790e+02
3.290316948158209129e+02
3.326192648773259180e+02
3.333764633608328154e+02
3.314277656268848204e+02
3.313441937053373181e+02
3.313997607278375881e+02
3.289177377861271339e+02
3.293464884968919932e+02
3.293385718658335577e+02
3.291775388277854972e+02
3.299661661896843725e+02
3.299303723601626643e+02
3.290990645868864704e+02
3.274847454343026811e+02
3.262434230686569663e+02
3.269307650073199056e+02
3.327075000584975442e+02
3.290802234300747386e+02
3.059519063393206579e+02
3.109365085520792036e+02
3.102498246496124921e+02
3.087289621377165076e+02
3.111197103784330693e+02
3.100163157209480005e+02
3.113903508765635024e+02
3.112109509575605557e+02
3.128568355286341216e+02
3.142973090556156421e+02
3.141008044727851711e+02
3.124470807491519508e+02
3.121165926030674314e+02
3.106492352970396382e+02
3.087478873165993036e+02
3.083203336884153600e+02
3.087855687176617039e+02
3.083466232590843674e+02
3.073718565875129798e+02
2.670438036396174084e+02
2.846968902283777538e+02
2.936040939098446643e+02
2.851827596778683755e+02
2.855262220438307850e+02
2.880341769979091282e+02
2.850866077149573243e+02
2.852525340913960008e+02
2.859810338690562048e+02
2.854070773027769405e+02
2.830538431170860463e+02
2.820291629497703525e+02
2.800169619446138540e+02
2.785900894176365910e+02
2.757009529869545759e+02
2.757454174474664228e+02
2.744859478541763451e+02
2.729340929150781676e+02
2.722599021613105492e+02
2.713653989766680752e+02
2.701296691176091258e+02
2.569993437794097986e+02
2.463512109260111913e+02
2.394605088226991256e+02
2.386728964045174735e+02
2.339415132161251449e+02
2.309733934609114954e+02
2.293943263361536822e+02
2.271591701468967699e+02
2.257798949485231503e+02
2.238987337709049257e+02
2.215989688746061290e+02
2.190810384662948138e+02
2.174850209460943802e+02
2.160106394132012610e+02
2.133138040335082053e+02
2.109432474296786779e+02
2.087816760506117078e+02
2.068704836081132612e+02
2.046400425725939840e+02
2.031607185420800761e+02
2.008630008528418500e+02
1.402197591064805238e+02
1.506159984960132761e+02
1.547067797528549136e+02
1.545684841310774118e+02
1.539659508141721744e+02
1.519723784382471479e+02
1.501879714730341675e+02
1.478178714990336857e+02
1.474755003100960664e+02
1.461891686580869703e+02
1.451918619456282045e+02
1.440552915034168393e+02
1.428432198910359148e+02
1.410911587482500806e+02
1.398416368186995840e+02
1.382067576902636290e+02
1.364672551274466628e+02
1.349162067504517211e+02
1.333553633969884231e+02
1.323592393921670123e+02
1.310304311380207878e+02
1.083024732363728901e+02
1.011247828001134366e+02
1.015957621466218086e+02
9.872307923977163568e+01
1.016121778919385434e+02
1.010914704297202320e+02
9.977314474058104565e+01
9.874934141616120087e+01
9.808654316385523941e+01
9.692510560482514848e+01
9.515419472615295149e+01
9.332136151731528173e+01
9.190933028503880564e+01
9.191980984422102097e+01
9.150082390294714685e+01
8.999161719101336132e+01
8.877818058623519448e+01
8.811574726482393771e+01
8.783462606649210613e+01
8.741765135012298060e+01
8.659834442264470056e+01
7.395161400279152986e+01
6.960935796966211342e+01
7.188708377869353683e+01
7.531436328486493892e+01
7.315348669963701411e+01
7.360771338840802969e+01
7.206879388135280351e+01
7.076185642745799953e+01
6.987828880664991971e+01
6.974891900665356559e+01
6.955179182694513429e+01
6.970751550277853426e+01
6.885714042165785997e+01
6.839253397118767452e+01
6.841575534385393098e+01
6.791474681625007292e+01
6.755052752950750516e+01
6.762150490220979293e+01
6.730670593793794865e+01
6.683024326430859219e+01
6.639368326891352012e+01
6.924060739568764689e+01
6.606144126881085299e+01
6.090710733931769738e+01
5.927759908939771094e+01
5.816773420023611152e+01
5.883744040591385982e+01
5.806448041552634010e+01
5.801211702972727124e+01
5.761865566073993250e+01
5.694606921614725081e+01
5.613740986499372099e+01
5.620015252880080681e+01
5.629807011564781050e+01
5.582257604098573012e+01
5.621698890325382791e+01
5.636945410496568343e+01
5.646287423718523257e+01
5.612062194735369047e+01
5.600456280866927017e+01
5.620080860566031333e+01
5.671365724387735696e+01
4.719711415062992899e+01
4.856699124069436380e+01
5.024115857848457267e+01
5.201377004790757752e+01
5.234983696114431950e+01
5.425601403510744802e+01
5.304107309250630919e+01
5.333487846361059326e+01
5.322806834582494417e+01
5.319219298737127133e+01
5.336031284959526744e+01
5.326797700334185492e+01
5.279226024246472093e+01
5.222500029465464877e+01
5.212874478430060066e+01
5.114598166799076751e+01
5.068490598516207513e+01
5.052606788360809276e+01
5.070807597268385081e+01
5.057206546273076953e+01
5.021866815975865705e+01
4.839384395447342513e+01
4.836087892998509830e+01
4.148660549980066037e+01
4.106565234891283467e+01
4.223129979015129720e+01
4.292929988487612292e+01
4.524857290064124271e+01
4.486498939348856396e+01
4.494427878127264364e+01
4.710375973716986664e+01
4.800469011560553412e+01
4.726132774714896811e+01
4.683754147340338392e+01
4.682029132364959878e+01
4.663253303300898978e+01
4.666451976438065685e+01
4.704470086573675758e+01
4.695669629853624372e+01
4.750773177641264056e+01
4.680359081412386502e+01
4.724706351015942118e+01
5.216567198383122417e+01
4.322187935350103771e+01
4.460935520851050029e+01
4.458166060964425270e+01
4.392336000917725869e+01
4.449461270417510406e+01
4.474017711590590807e+01
4.485702749483807139e+01
4.477649990750381193e+01
4.465000400733283215e+01
4.494420272055536714e+01
4.477474148914890151e+01
4.497721725766160716e+01
4.485747969378823541e+01
4.478143724646647428e+01
4.441587109890281226e+01
4.413688021863536903e+01
4.446786412061793925e+01
4.499124198729180080e+01
4.472741930087232731e+01
4.432662644064784274e+01
