3.423795033526667453e+02
3.316887111215845039e+02
3.157066340624905934e+02
2.911483909012980007e+02
1.794084546442676356e+02
1.755272820386097976e+02
1.743130478778968779e+02
1.729596307654952057e+02
1.698087356291604806e+02
1.671745926161234479e+02
1.667754600069676201e+02
1.643693251902895724e+02
1.617091371369101012e+02
1.567892812569506020e+02
1.522204836504181173e+02
1.498802672118993655e+02
1.443721813277317665e+02
1.336700715183355612e+02
1.264037680822980434e+02
1.216131832537858486e+02
9.227227515622702469e+01
8.862758765848839460e+01
8.131755640467423518e+01
7.774369484139934627e+01
5.279888585188441397e+01
5.088854881011731379e+01
4.957276899669082582e+01
4.830785238924916314e+01
3.826150924511556894e+01
3.796650473768674772e+01
3.552204163023438355e+01
3.531548277067930286e+01
3.029196104888478658e+01
3.034609760278251045e+01
3.003638204026615455e+01
2.868930554071080152e+01
3.093332679615510372e+01
3.005280319673864398e+01
2.825182354165841758e+01
2.694701946656634561e+01
2.483033245083640139e+01
2.557885576576283881e+01
2.384492053270654210e+01
2.361171113957972878e+01
2.384504348135655860e+01
2.193915158975053359e+01
2.160378504002867217e+01
2.207223261969574679e+01
2.344491230357615308e+01
2.127601390311943064e+01
2.161040482093120119e+01
2.163540037617921286e+01
2.309947949600118733e+01
2.129630024353523154e+01
2.162938752250147445e+01
2.124810399975599751e+01
1.879430858060420917e+01
1.928351560957573341e+01
1.877301141769094173e+01
1.946058671519060823e+01
1.757468822170212519e+01
1.625092735905214525e+01
1.669144275622231532e+01
1.709814796034080331e+01
1.789266260665554142e+01
1.676876941283336464e+01
1.728937969694755594e+01
1.671537770289821268e+01
1.805410959507764090e+01
1.551319548737163778e+01
1.684999147167838984e+01
1.723927728906292245e+01
1.599000316386586285e+01
1.491910341134722273e+01
1.484708322966563188e+01
1.534705582591634432e+01
1.774084041808208312e+01
1.452368530322943307e+01
1.485806554185649553e+01
1.474504869978397181e+01
