6.880332686460774312e+02
6.754949767894561319e+02
6.552770699597564317e+02
6.202074995271444777e+02
3.503431503880943865e+02
3.437842278158839804e+02
3.403006590564921225e+02
3.409099546709919082e+02
3.442697943721203160e+02
3.361090985855334452e+02
3.292592728073392436e+02
3.271147278520819555e+02
3.214030781590749939e+02
3.172192757090368218e+02
3.138725292609423150e+02
3.109861784879821585e+02
2.685966604359987855e+02
2.792355216483213667e+02
2.782216026080623124e+02
2.719240721043469762e+02
2.311719861995462111e+02
2.212256049576155874e+02
2.114179499599267444e+02
2.036119262192923713e+02
1.582087478916438954e+02
1.492028651713725935e+02
1.421502652855975555e+02
1.346282826303422837e+02
1.040807382156153977e+02
1.018418115608149179e+02
9.495959290112841700e+01
8.940709181384418969e+01
8.185838326017696431e+01
7.603342522658365965e+01
7.483510123080637300e+01
7.256218621431749227e+01
5.947236967864373014e+01
6.372549827117405385e+01
6.009605779673038484e+01
6.027643452125409596e+01
5.886861059433292809e+01
5.175329855095878173e+01
5.105761497894717138e+01
5.198067806588410633e+01
4.338518443271901504e+01
5.126800796345604994e+01
5.120038159966276936e+01
5.130950860749416620e+01
4.558740911121299888e+01
4.518737602126122965e+01
4.579069257939340076e+01
4.547564339588220861e+01
4.352762729373348094e+01
4.307241990385261943e+01
4.187973418186092545e+01
4.130479233007984874e+01
3.904854715202689164e+01
4.159581025005446975e+01
3.963117703231106503e+01
4.014695583233721976e+01
3.653155311227904178e+01
3.686303685193326629e+01
3.674659666359963239e+01
3.753056286890114279e+01
3.886334857237784490e+01
3.725541306524626606e+01
3.599829412504538340e+01
3.634003160518463460e+01
3.680391954129491694e+01
3.799873095649116550e+01
3.468367410858895283e+01
3.473679953277606813e+01
3.654718209821551511e+01
3.323303436968895141e+01
3.278798525499250616e+01
3.361569047521018661e+01
3.177333872565990092e+01
3.247760389939779913e+01
3.260868447413425741e+01
3.160398384951181683e+01
