9.968301554250614345e+02
1.496558633620324508e+04
9.272213049820878950e+03
6.887993846373207816e+03
5.568286740106780599e+03
4.729181079930443957e+03
4.147305399738209417e+03
3.719593747901602455e+03
3.389575324117012769e+03
3.123124957311744765e+03
2.897249924490540707e+03
2.703950057546029711e+03
2.543173878686287026e+03
2.402291308984241368e+03
2.282685466228997029e+03
2.179611694698190149e+03
2.086674975769499724e+03
2.005135429624365088e+03
1.931320589404430848e+03
1.863309943253881556e+03
1.803328486504263992e+03
6.127258992876689945e+02
6.204553595416193730e+02
6.203561124781934950e+02
6.150379222716203458e+02
6.156166942951364263e+02
6.147441068821121917e+02
6.132237361215813962e+02
6.086731013553477396e+02
6.065392998522563630e+02
6.058670899371129508e+02
6.038309891273268022e+02
6.014913372518981305e+02
6.004297734534385427e+02
5.969869692319977048e+02
5.932776550716796464e+02
5.875144947128253534e+02
5.819756417181897632e+02
5.767770214114015062e+02
5.721062114741132518e+02
5.693129321484575485e+02
5.636183166211280877e+02
3.854853692682117412e+02
4.133566117349642468e+02
4.109674177297075630e+02
3.979596262539503186e+02
4.004618161620966816e+02
4.020469700450732944e+02
4.007278335542857235e+02
3.947671143157219262e+02
3.915155524883725775e+02
3.879850657032600338e+02
3.835042257420849978e+02
3.774168375405262736e+02
3.708223081823616667e+02
3.641216018411606115e+02
3.602428450873404131e+02
3.551465088063879421e+02
3.500946036258492313e+02
3.458978736983603426e+02
3.411814512389256038e+02
3.360791443506280416e+02
3.314554663344480332e+02
2.003269602288721103e+02
2.303762812126294364e+02
2.263254758107143516e+02
2.298394951081432680e+02
2.383871949859348831e+02
2.549411637671310586e+02
2.645855479085528259e+02
2.764267360869438903e+02
2.712372440282522916e+02
2.736183938695630786e+02
2.742551484363225427e+02
2.760179626714671599e+02
2.730226855071888963e+02
2.740531645659838205e+02
2.756330997505774576e+02
2.789523184987957052e+02
2.743361556136179615e+02
2.776239849687873402e+02
2.762905725834871191e+02
2.763557572276160386e+02
2.734636685659461932e+02
2.555436937199123122e+02
2.484047632393009906e+02
2.432437345907463282e+02
2.470490185828907386e+02
2.441307746230826865e+02
2.370555614372197510e+02
2.333939018304592707e+02
2.394631761425146692e+02
2.387312669432191967e+02
2.401519270792327063e+02
2.410963082457195128e+02
2.383525372123599482e+02
2.380508195569632335e+02
2.352557863794735340e+02
2.328895867511457709e+02
2.302671876927687435e+02
2.281447950243086211e+02
2.258866438481581156e+02
2.232442391216158910e+02
2.191069155184314354e+02
2.173869963387726045e+02
2.280797196337139496e+02
1.912034364848650227e+02
1.731214271390155091e+02
1.664330910423767023e+02
1.859035323921435179e+02
1.846685471987652249e+02
1.921811986097712293e+02
1.910168916387328295e+02
1.898818273575289197e+02
1.849984759186856138e+02
1.806611747273904882e+02
1.778469442624395356e+02
1.750859153743139984e+02
1.736303078942487161e+02
1.722957970787854549e+02
1.707354790434654888e+02
1.709618134960351767e+02
1.716934074259026204e+02
1.704449652915385798e+02
1.676866295296200065e+02
1.648109462893377497e+02
1.115815673808355086e+02
1.104902033515902957e+02
1.206432432311114837e+02
1.216891593605806747e+02
1.218820812403389198e+02
1.193047001039865194e+02
1.283655730660432255e+02
1.316592753210540536e+02
1.328402307235986655e+02
1.351169426190041634e+02
1.354597735843598514e+02
1.354551583976457323e+02
1.340725317954359639e+02
1.331487252423404470e+02
1.334659883294000338e+02
1.323080060198292358e+02
1.334736999587223067e+02
1.343741045010770847e+02
1.333184298813719408e+02
1.341759576196591013e+02
1.324025603645021363e+02
1.458755337313800169e+02
1.386287806653848804e+02
1.326361925420072794e+02
1.227104986257017316e+02
1.193227695495760514e+02
1.184616768082161258e+02
1.222619767510574320e+02
1.237189809519764339e+02
1.232719653874219716e+02
1.208450884664721627e+02
1.216249857283347922e+02
1.222931983611173052e+02
1.195487830638926283e+02
1.197491318355101839e+02
1.189181443119484811e+02
1.177244276479692502e+02
1.201156929861720641e+02
1.192598725057340090e+02
1.197139168856949141e+02
1.189695179194103787e+02
1.178982740375242457e+02
1.085205214150358870e+02
1.134069951175336541e+02
1.108493403340039549e+02
1.102661878547266952e+02
1.103140425108865230e+02
1.105341082575723135e+02
1.132108957602423800e+02
1.124351619464934799e+02
1.097259516837379465e+02
1.100993876967919647e+02
1.099470955310169273e+02
1.101500101912964027e+02
1.104445458042288379e+02
1.097324112347199048e+02
1.101313913055168854e+02
1.091782712481739281e+02
1.091798088335325474e+02
1.093435629126714304e+02
1.095461875532627971e+02
1.101394774180457290e+02
1.089939813701449509e+02
7.999363867110209014e+01
8.725749354938258762e+01
1.129399427813243619e+02
1.064656961529422006e+02
1.061403378825812496e+02
1.034859896669803589e+02
1.014068846584616495e+02
1.031661131863815797e+02
1.029559698558163063e+02
1.037270932118513116e+02
1.026175414089550770e+02
1.057062909473042254e+02
1.101646514025130443e+02
1.095506954709231451e+02
1.079130535840517950e+02
1.077364980781433133e+02
1.064415823227237894e+02
1.074976353813483456e+02
1.068200688910840341e+02
1.063622334770281412e+02
1.058781233369515462e+02
