7.284194315067107937e+02
7.235261880390551141e+02
7.212220880573362365e+02
7.172815572387022485e+02
7.149431454143656310e+02
7.122915618233924988e+02
7.103428346715857060e+02
7.076481982526232741e+02
7.043961830701833833e+02
7.011876844797453714e+02
6.979317303339759064e+02
6.939186473499214571e+02
6.895908140995559279e+02
6.845301044592108610e+02
6.794598661443388892e+02
6.742247894974130986e+02
6.683362751221043254e+02
6.631499444418518578e+02
6.568222927084793810e+02
6.528869249061606297e+02
6.485150803537236470e+02
5.464479545787453389e+02
5.652185827270127447e+02
5.592398631509859115e+02
5.498861192822866997e+02
5.530293951039645890e+02
5.499227554537779952e+02
5.555442970021172187e+02
5.574358999147808618e+02
5.589693596320848883e+02
5.588318632452121619e+02
5.571625479755742845e+02
5.568497581660396918e+02
5.551417202219231513e+02
5.563690027241102598e+02
5.553945300827497249e+02
5.541328527442965424e+02
5.560283153766928308e+02
5.560455383355204049e+02
5.564439285251809224e+02
5.549948497986022176e+02
5.545355587671097055e+02
5.435630362648926166e+02
5.474365669036684494e+02
5.373793907072007414e+02
5.375808967219069245e+02
5.398976153101755244e+02
5.371410391219851590e+02
5.385508959188567815e+02
5.332648209124146206e+02
5.306467477800609913e+02
5.271751767708327634e+02
5.279753464476031013e+02
5.295758048205383375e+02
5.298301316796557785e+02
5.291760620233458212e+02
5.292769391289044734e+02
5.296285266088332264e+02
5.264741764545307205e+02
5.246637232417078849e+02
5.233521267728568773e+02
5.226421361994714516e+02
5.211905995502403357e+02
5.065034463620644942e+02
4.944255624704471188e+02
4.890773265702704862e+02
4.835074614143601934e+02
4.856658339610650046e+02
4.834119275475384256e+02
4.799075033639689991e+02
4.773295623856544125e+02
4.712641123662077121e+02
4.672989501678677016e+02
4.616235567158491904e+02
4.580316606084882665e+02
4.553523909507321719e+02
4.506893648999037509e+02
4.468291847129466987e+02
4.426160096270154440e+02
4.384218556069371857e+02
4.349449515051880439e+02
4.303533881141933080e+02
4.264289971295912096e+02
4.229070827316648433e+02
3.343902825317172756e+02
3.286430938731066362e+02
3.275800106162162706e+02
3.182803787111303109e+02
3.105179426011460464e+02
3.027623725496646898e+02
2.975628797509058359e+02
2.942898563452142753e+02
2.921221381348385080e+02
2.880174560712661105e+02
2.865518186893565939e+02
2.816764948328996638e+02
2.773928821891504413e+02
2.741550722642810456e+02
2.719572654841723534e+02
2.693817440106430467e+02
2.676722867455112578e+02
2.671177182282470426e+02
2.646754523415889935e+02
2.611867556692081394e+02
2.594021137725783888e+02
1.921500266208723247e+02
2.324497495371702485e+02
2.264101947307751459e+02
2.211386025461390261e+02
2.244546867006942250e+02
2.170177122033504986e+02
2.104065867574279309e+02
2.089296862571489442e+02
2.067135427386479876e+02
2.059566464489709006e+02
2.053956152315509769e+02
2.019269543806601916e+02
2.000654118476935821e+02
1.971078213285012737e+02
1.958654478584434742e+02
1.931608203562755079e+02
1.919742758426800719e+02
1.895911151979364035e+02
1.910779798855629394e+02
1.897751500420910986e+02
1.882207220823960938e+02
1.597649261697601446e+02
1.693977561826718272e+02
1.718023170732053018e+02
1.690363267216620784e+02
1.689549250608948796e+02
1.706361470058231475e+02
1.670108010435012602e+02
1.676490083125686965e+02
1.690621085395613648e+02
1.668721872701700590e+02
1.663980888675902179e+02
1.722732913423309071e+02
1.717853408170368255e+02
1.724531719873525049e+02
1.705489542741356388e+02
1.706961421158868006e+02
1.702813869056539318e+02
1.695727328921612411e+02
1.698030842907044757e+02
1.686077610019317774e+02
1.671957459871500475e+02
2.024415970767267936e+02
1.617546090020250347e+02
1.479406322110434360e+02
1.483732486537506645e+02
1.470769920025059605e+02
1.479638525255820980e+02
1.502170817225097039e+02
1.459565432797672315e+02
1.447248063819465358e+02
1.442890123815062964e+02
1.446689212284497899e+02
1.441873746990899292e+02
1.442672312974191300e+02
1.459067010742294030e+02
1.450129777745723061e+02
1.452773509697099712e+02
1.440227398064028250e+02
1.471752422186797560e+02
1.488137081781816846e+02
1.489013588474213634e+02
1.483053319918055024e+02
1.582019509476043027e+02
1.357135929380287678e+02
1.357036331805545046e+02
1.316131381236908453e+02
1.369623786323869297e+02
1.361319510116574634e+02
1.369276296269910063e+02
1.368825068241122835e+02
1.356714037259778820e+02
1.363098425431882390e+02
1.362437754385196911e+02
1.367613032842980090e+02
1.381892042496684496e+02
1.399874866795996695e+02
1.389944405210246146e+02
1.381385483535789263e+02
1.380471385574740850e+02
1.376476048865304733e+02
1.366288271739344395e+02
1.360261972739315013e+02
1.353587413948530980e+02
1.037898292937659335e+02
1.070864440729377520e+02
1.201683565285797926e+02
1.220965984517769130e+02
1.182980294064272044e+02
1.206039686180192945e+02
1.180862705844723592e+02
1.179313223214250854e+02
1.185832625716951867e+02
1.205935520786036506e+02
1.194294962942792040e+02
1.195310959432150639e+02
1.192583577984184728e+02
1.204200406872947440e+02
1.199165962517163990e+02
1.190810628519551813e+02
1.199829035507734432e+02
1.212891047099153354e+02
1.237201732615839376e+02
1.229489286441869069e+02
1.224540476519710808e+02
1.277899236642325036e+02
1.411892319651580294e+02
1.251770245474510403e+02
1.207197913565255050e+02
1.200276744770895618e+02
1.183492146020690967e+02
1.150553440089793895e+02
1.143228508028575163e+02
1.119164580084469947e+02
1.107509701942060047e+02
1.101454119577508237e+02
1.120415914966459781e+02
1.139963160081550342e+02
1.144213342499108137e+02
1.137098043519742134e+02
1.131807453643694998e+02
1.144937346553277990e+02
1.174314207974430957e+02
1.185776425244512637e+02
1.198374970942384152e+02
1.189550094383570240e+02
1.487561042598178460e+02
1.169593303041917238e+02
1.129544648159845792e+02
1.147973403007130031e+02
1.142607448744888643e+02
1.150876111180970724e+02
1.111928217225583921e+02
1.108590437454745654e+02
1.086264674843053939e+02
1.085268079641436003e+02
1.086265373952200548e+02
1.072500418782751694e+02
1.074220102686413441e+02
1.063224499005548154e+02
1.069855190112913874e+02
1.057641320291914440e+02
1.049744905488724953e+02
1.042666342222657789e+02
1.033550951295084985e+02
1.024923656986288734e+02
1.022445874760610991e+02
8.556066612594614185e+01
9.942325505633787941e+01
9.666631850333494924e+01
9.343807374108631336e+01
9.887121114053967119e+01
1.008507413090093650e+02
1.038542591843065281e+02
1.044767326476602136e+02
1.030820996672730985e+02
1.016150835269767754e+02
1.024882177030074217e+02
1.007913662750051031e+02
9.941795323138964591e+01
9.863833183407986382e+01
9.814431313838339577e+01
1.003557178020152776e+02
1.002305374882801061e+02
9.940973816325687551e+01
9.847049843357632426e+01
1.006073332503630837e+02
1.008248754500046971e+02
