7.174565830568844831e+02
2.017283455386541391e+04
1.235007130649847568e+04
9.017198250255636594e+03
7.168813452499979576e+03
5.993761542574190571e+03
5.179939330855160733e+03
4.582754347195913397e+03
4.124887301865326663e+03
3.761681492920457458e+03
3.463894111120052457e+03
3.213492644944580206e+03
3.007826731291767828e+03
2.828046425658405497e+03
2.672929598032585091e+03
2.538161426099551136e+03
2.419819889559195872e+03
2.314182011642017642e+03
2.219796165387292604e+03
2.136293554611015679e+03
2.059577406188857822e+03
5.739678339319780207e+02
5.807009868882174715e+02
5.670641059686024619e+02
5.625725697979469260e+02
5.600187973096063843e+02
5.614287698593653886e+02
5.587341524236462647e+02
5.551423170176124131e+02
5.502337420533075374e+02
5.473591590796484070e+02
5.477312761312581415e+02
5.466808207390898815e+02
5.432294794580648158e+02
5.396031075452214054e+02
5.352171047342817474e+02
5.326573090762950642e+02
5.266320361332545872e+02
5.225138026822237407e+02
5.167143905476098098e+02
5.104278964933933480e+02
5.025619325750791972e+02
3.371647305830280743e+02
3.326233671246991435e+02
3.355399224176142638e+02
3.552401740688154064e+02
3.626231148336363503e+02
3.552799569341742654e+02
3.477464001783960157e+02
3.408321415327388877e+02
3.346783464249004965e+02
3.269566475346740617e+02
3.197985320638584312e+02
3.138026284295020218e+02
3.301892721219716123e+02
3.546610536121420409e+02
3.786538591899580410e+02
4.001227710327066234e+02
4.183140968849386354e+02
4.333170383473847096e+02
4.435558608469611954e+02
4.502215817714534865e+02
4.556817145476865676e+02
5.619512826814852815e+02
5.666729099095515494e+02
5.609655478304242706e+02
5.613947589373429992e+02
5.522523995332689992e+02
5.362739095274325791e+02
5.278665501911534648e+02
5.200742078875141488e+02
5.127604101103048606e+02
5.040638703924662423e+02
4.938933510656646035e+02
4.940335435579078194e+02
4.947798101043148336e+02
4.957988451882820300e+02
4.926605374912356865e+02
4.883300580025275508e+02
4.831704776108422266e+02
4.759390910611225536e+02
4.694388608607901574e+02
4.626122344759527891e+02
4.589612356636842492e+02
3.626820748434101915e+02
3.522812927789750006e+02
3.721485992123061806e+02
3.663074295420059912e+02
3.561062612169207000e+02
3.506611706676667950e+02
3.554734578833443379e+02
3.556199783880620089e+02
3.559987821217273449e+02
3.563870968600037941e+02
3.548096794707117283e+02
3.487768400521581498e+02
3.458969078828740749e+02
3.450913944498244064e+02
3.421386093094603780e+02
3.424438392149399419e+02
3.406911030267411888e+02
3.401644068585259788e+02
3.376302291426137003e+02
3.337909330069065277e+02
3.315562646351932017e+02
2.892201219338995770e+02
2.741529083830446893e+02
2.969546350500447147e+02
3.025604143484754900e+02
2.970469841520866225e+02
2.950018986384662298e+02
2.929782533484820419e+02
2.853555836450898369e+02
2.797023212399465137e+02
2.765427604058101565e+02
2.747148042432419857e+02
2.704725896493637265e+02
2.683311222975980286e+02
2.629217207072732094e+02
2.591072274259071264e+02
2.575325692292947224e+02
2.601510958549618522e+02
2.656898641596436050e+02
2.654845178595837751e+02
2.678747959311793920e+02
2.650210943965485058e+02
2.040136861745846204e+02
2.173003350202702677e+02
2.048436313538029196e+02
1.962696135056968387e+02
1.908351777370210414e+02
1.882944061759448573e+02
1.857279461792678319e+02
1.799490765310844154e+02
1.764274803390501347e+02
1.721234835636659284e+02
1.688312319753837869e+02
1.635185207193709402e+02
1.635627454984465601e+02
1.629637752810427287e+02
1.629735726320182891e+02
1.616414155585893866e+02
1.636603869434686374e+02
1.644040889821457938e+02
1.662385622797514770e+02
1.653360770054717079e+02
1.646149615023673221e+02
1.333348208008387985e+02
1.290640386387887304e+02
1.245721690679474278e+02
1.421641109067750222e+02
1.364490257770102062e+02
1.383439295995096074e+02
1.394268384278043698e+02
1.382214457103262362e+02
1.410963273987946707e+02
1.414785664529917426e+02
1.411956042878073276e+02
1.392009036258071433e+02
1.386220146791659431e+02
1.368372300000498285e+02
1.340131837846400913e+02
1.328006556625565224e+02
1.304574022794556640e+02
1.273220081962906818e+02
1.270900923415362342e+02
1.274998822143518424e+02
1.275800272805535371e+02
1.167509821844263200e+02
1.079085156649087764e+02
1.066893362253965307e+02
1.101218960814959757e+02
1.032528585896315860e+02
1.036564560340693788e+02
1.000729416482358545e+02
9.840999529826366654e+01
9.598582784857306649e+01
1.074120860466033065e+02
1.155422546380978019e+02
1.246392054704009666e+02
1.247294397134016037e+02
1.252240250735845706e+02
1.261798981061526064e+02
1.249822701000012728e+02
1.258418873246886420e+02
1.264107557584638784e+02
1.260798618892481784e+02
1.249332597059163987e+02
1.229433247043089494e+02
8.766289551702641347e+01
8.366376018946699844e+01
9.161196619888663406e+01
9.107425254559544214e+01
9.421934300547219721e+01
9.069419371954288067e+01
8.816936472382820966e+01
9.254926603366817517e+01
9.063899289842859730e+01
8.934461191843696781e+01
8.817206794971716022e+01
8.888850963626236990e+01
8.839325925948190843e+01
8.672322346126479431e+01
8.540629950166601247e+01
8.614690502704920050e+01
8.588978630763726585e+01
8.674518469258039488e+01
8.468555106279268330e+01
8.464199895454163425e+01
8.411310592252179674e+01
