6.916162502818633584e+02
6.892298184797435852e+02
6.869255275753411070e+02
6.846194255678068430e+02
6.821580683024670861e+02
6.796081014066984380e+02
6.768855316932279038e+02
6.737597313682859976e+02
6.701910187064945603e+02
6.665440341370906481e+02
6.623586634878399764e+02
6.576509307801860587e+02
6.525356437887052152e+02
6.467694728218456248e+02
6.403750942450602679e+02
6.330969765970538674e+02
6.251223853218485829e+02
6.162110016138867650e+02
6.063168011374999651e+02
5.967737338776985325e+02
5.859430056073576907e+02
3.319614706103842536e+02
3.391773901610154098e+02
3.464709784587728336e+02
3.396020657054097569e+02
3.471945062860472717e+02
3.473982279317781945e+02
3.496796092623638970e+02
3.520750142000678693e+02
3.530103802122978891e+02
3.512520366069874171e+02
3.471370758418167384e+02
3.459069472664780278e+02
3.441177020192244527e+02
3.423685319978599750e+02
3.418223935738341197e+02
3.417173984851826845e+02
3.412650439438065177e+02
3.400863037399072937e+02
3.395478333717294390e+02
3.401725310302986713e+02
3.401255231376640040e+02
3.458329426512375449e+02
3.508215395138889221e+02
3.422447001457481406e+02
3.328537252281435030e+02
3.342792544125929339e+02
3.288002090152925803e+02
3.290634986290460233e+02
3.297682042722958045e+02
3.315684801469199101e+02
3.299438174467301224e+02
3.319558677130442561e+02
3.296606899412686857e+02
3.296705693220996523e+02
3.289480627271352091e+02
3.282832088167809275e+02
3.278137857349941555e+02
3.278709081956945965e+02
3.293506902868810471e+02
3.298712347519867194e+02
3.287212943109864796e+02
3.282286931514018420e+02
3.625398878892975745e+02
3.279383255656896381e+02
3.245257194055856189e+02
3.261332630307946374e+02
3.238277435169057412e+02
3.216267020974273692e+02
3.223041654928483126e+02
3.242733458203745727e+02
3.228711684981107624e+02
3.213706272948499532e+02
3.211402924755525419e+02
3.201174511027686549e+02
3.165748690191418291e+02
3.168696693678818974e+02
3.165387472697067324e+02
3.173828897052764546e+02
3.166092681363455767e+02
3.161139093022553084e+02
3.151498472878466828e+02
3.158471304030132387e+02
3.153919182694475012e+02
3.385289359233021287e+02
3.256962573510529637e+02
3.117238057825248347e+02
3.128115780464002569e+02
3.132307217644666935e+02
3.085295681563467838e+02
3.067875924888403460e+02
3.072429713245588232e+02
3.054224613050473636e+02
3.044277361910220634e+02
3.041981593462017486e+02
3.004214331323799456e+02
2.993715381026574960e+02
3.012740630899729695e+02
3.006883620366801324e+02
2.998202222166793263e+02
2.990159993485023620e+02
2.985140411569643106e+02
2.978840156348568939e+02
2.979766232591040307e+02
2.970755271964979443e+02
2.998212238424109159e+02
2.933595733550840805e+02
2.821229351306650415e+02
2.849442568770901403e+02
2.853808326272653062e+02
2.867435403057190797e+02
2.846945867750519028e+02
2.828045539471081611e+02
2.830746456867947813e+02
2.811495011195895586e+02
2.802543577722335613e+02
2.808499280551768038e+02
2.791460862387708062e+02
2.782283428176770599e+02
2.766610212479982920e+02
2.751395288830130426e+02
2.732666773034029006e+02
2.711687291884585989e+02
2.704180701645851741e+02
2.699411698185615478e+02
2.699796769958495020e+02
2.384502909012248324e+02
2.545732632617902311e+02
2.451713666424765279e+02
2.473445258698234284e+02
2.494322140153192322e+02
2.484202849965562336e+02
2.460975179367402177e+02
2.453860582356688553e+02
2.428758372575807130e+02
2.426941023046736063e+02
2.430682796152188700e+02
2.428072647184461630e+02
2.418845604907054394e+02
2.409022871560439967e+02
2.400407157152823743e+02
2.384344845955612300e+02
2.368979206725440179e+02
2.351725153354310009e+02
2.334307255874940665e+02
2.327681097168125746e+02
2.316499099247921265e+02
2.331015742744313854e+02
2.001159337872362869e+02
1.929645671958819833e+02
1.947381169616870125e+02
1.957383478064474787e+02
1.967580599021299008e+02
1.972357883630517108e+02
1.966380512776048590e+02
1.966505769523085121e+02
1.969156925815059083e+02
1.973208428751256918e+02
1.976112698298024952e+02
1.960451381271197704e+02
1.945229673869719420e+02
1.936940532155713015e+02
1.928566559725493335e+02
1.924745643234157910e+02
1.926798765972675085e+02
1.908481381662723493e+02
1.908011700122139018e+02
1.896955816003416828e+02
1.741708652968021624e+02
1.708791130318891760e+02
1.663886757042643012e+02
1.668512390751668306e+02
1.650002194246493730e+02
1.655259723390337570e+02
1.633894112420400120e+02
1.619515543125887689e+02
1.635779590442583356e+02
1.619987782019410929e+02
1.610192031908902948e+02
1.597846668851763638e+02
1.595119202621192471e+02
1.595464536253338395e+02
1.594115033020866576e+02
1.593349831144511768e+02
1.584130854175625132e+02
1.579338239871875373e+02
1.569632530529909218e+02
1.563932242294106345e+02
1.552315766517544375e+02
1.474361292717183005e+02
1.353023723845455208e+02
1.388870698324816715e+02
1.425534883969398834e+02
1.459454536184146605e+02
1.412024098532796756e+02
1.418313889772726100e+02
1.394780738577049135e+02
1.395166575908376103e+02
1.379380086575718565e+02
1.382135890037618253e+02
1.368424485191983990e+02
1.355645213953370671e+02
1.350229054642038591e+02
1.340213704466640934e+02
1.332369828288512963e+02
1.320986227902834855e+02
1.314486566837636872e+02
1.300588044068488500e+02
1.290615964584779931e+02
1.283065309297140573e+02
1.078579545667074910e+02
1.162367884948096020e+02
1.131911555887040919e+02
1.106425655001922905e+02
1.126268177698879214e+02
1.133599492562822775e+02
1.145892359555516720e+02
1.144617153856914911e+02
1.138419475686363427e+02
1.145978919909515383e+02
1.136198829007640114e+02
1.129090090090361542e+02
1.129778265911663908e+02
1.134224122273393931e+02
1.119667374346712876e+02
1.116525909583209000e+02
1.110609689346086668e+02
1.101484449401335013e+02
1.101553943206954784e+02
1.095705351073604845e+02
1.089233126926441031e+02
9.751223606013867595e+01
1.080103932834427951e+02
1.038432819137075285e+02
1.032281811864039014e+02
1.021093237773454803e+02
9.866755494094438461e+01
1.002976175208147964e+02
1.013710668825628147e+02
1.004095585709654586e+02
9.971757827704247745e+01
9.930234167578302618e+01
9.781081948746779631e+01
9.796392010112371906e+01
9.878838534215013567e+01
9.792555853316036973e+01
9.805514741805610868e+01
9.764643435873793464e+01
9.769547041669999032e+01
9.790609613413499801e+01
9.725519987172397407e+01
9.691617158962220913e+01
1.070026571908055644e+02
9.482239933269886478e+01
9.847598342762758250e+01
9.550263010969293020e+01
9.535126817967127977e+01
9.279404613675195890e+01
9.048535970120997263e+01
9.244190113459083591e+01
9.167861352025333588e+01
9.035711291750097018e+01
9.150898099457661772e+01
9.107480300638745518e+01
9.098530123144060155e+01
9.161508369982708189e+01
9.146029288829610948e+01
9.079398013586425975e+01
9.042957081392606256e+01
8.987015856346287990e+01
8.974996362621948265e+01
8.935424076188007803e+01
8.855901185847920942e+01
8.955239746101133846e+01
8.177903491695990112e+01
7.993878870740580567e+01
8.246293390846803106e+01
8.314712751575518723e+01
8.174600598915699834e+01
8.387186968353458383e+01
8.346579618213650065e+01
8.342129403920796449e+01
8.266793948475449838e+01
8.231136204145157365e+01
8.180808764133428213e+01
8.259563059262183060e+01
8.288321584995657076e+01
8.325892118342089532e+01
8.352029734290391616e+01
8.343668481097387257e+01
8.273834180658447224e+01
8.232343128462710524e+01
8.199621688896039018e+01
8.165176404749188066e+01
6.011897986584409637e+01
6.192094107729538877e+01
6.794928618741502646e+01
7.007828102759734179e+01
7.426723018147703215e+01
7.562454928761350459e+01
7.683260160574319286e+01
7.789323271902675572e+01
7.738949735990843237e+01
7.718171011734378339e+01
7.672031002002498212e+01
7.761553471248996061e+01
7.680613390377678229e+01
7.698688510291371756e+01
7.606466397232128429e+01
7.556489382155464796e+01
7.580880485153706161e+01
7.540868381414804844e+01
7.554589275549110994e+01
7.569248626286466219e+01
7.606134487632299113e+01
6.013795824513963595e+01
6.773979846697322671e+01
6.957630130790774103e+01
6.979360805059926065e+01
6.920521761730881849e+01
6.956926900984313988e+01
7.137006748096088415e+01
7.315712245954669868e+01
7.110199231808918796e+01
7.152132452575111188e+01
7.244076608524713379e+01
7.283282965960799515e+01
7.294121649559494358e+01
7.316927199674620397e+01
7.354512977266557527e+01
7.340035035261020369e+01
7.319167390065086920e+01
7.317064282818883214e+01
7.328737602747587232e+01
7.313458350623045590e+01
7.318531167118068481e+01
6.228847200111047755e+01
6.276299581711126052e+01
6.333772425423941854e+01
6.429628223093402539e+01
6.572908055865546828e+01
6.856123121101865081e+01
6.833706960165281430e+01
6.986790652113762690e+01
6.986293080219675744e+01
6.988921785291161370e+01
6.938120054875820131e+01
6.910435871040179734e+01
6.977463348219561112e+01
7.079360698826921805e+01
7.018075814066244789e+01
7.005557374332840936e+01
6.982765879047892099e+01
7.033715513667543462e+01
7.028039439168686897e+01
6.994908148669732384e+01
6.987532456153294902e+01
8.751599907892328645e+01
6.637809879513214639e+01
6.647811218016298085e+01
6.932264548286748607e+01
6.970001277259669337e+01
6.877635222519681690e+01
6.703321762320656774e+01
6.857319614123979079e+01
6.807276597477202529e+01
6.684162851130120941e+01
6.664208108467937564e+01
6.640129215063501533e+01
6.578977450960275064e+01
6.683179636612683794e+01
6.624342456487570985e+01
6.623536697310726140e+01
6.542946835356141833e+01
6.544123792570643161e+01
6.541675929778864429e+01
6.572216364998377003e+01
6.668055040575509906e+01
6.602084107204709085e+01
6.442923181821284118e+01
6.653959255728359778e+01
6.375189585515548174e+01
6.489548579134461193e+01
6.631421294673178579e+01
6.747712594726984037e+01
6.626870344767078791e+01
6.736641693776098805e+01
6.668570339059829166e+01
6.641022589708396140e+01
6.670095038420232925e+01
6.583471601340511370e+01
6.597749253467698338e+01
6.530871787479296131e+01
6.609750912936711131e+01
6.532541581784342100e+01
6.542962433736268224e+01
6.615760299261535238e+01
6.595408473582568831e+01
6.603739852114821929e+01
5.708600543574817010e+01
6.143418704177578604e+01
6.195556205964729912e+01
6.260290289828576960e+01
6.427951123608953310e+01
6.246444205654513127e+01
6.208784441028997492e+01
6.167673423163957125e+01
6.131983422057761146e+01
6.132644849930989039e+01
6.183169013585330021e+01
6.198868545754568515e+01
6.203209683025447418e+01
6.266531547638979305e+01
6.222804787579617880e+01
6.247801405525303409e+01
6.251813090998013678e+01
6.293488078335251856e+01
6.335402140954485617e+01
6.358213528772760270e+01
6.374606156509806709e+01
5.844135684114543494e+01
5.607128398774271005e+01
5.721761138835348959e+01
6.112410662206136180e+01
6.024047534129731218e+01
5.939772357162900818e+01
6.159893738180266354e+01
6.241006065233787581e+01
6.195948384109478013e+01
6.144851122863239112e+01
6.119905324975182737e+01
6.078496250282372415e+01
6.126364839004532570e+01
6.089911885259745361e+01
6.096375806208325088e+01
6.125123329602510580e+01
6.116136108536031912e+01
6.149411380665866744e+01
6.169676010237714792e+01
6.168019921388913218e+01
6.198853887464809986e+01
5.332809631024217367e+01
6.176054828776602790e+01
6.062780280895444918e+01
6.331470977752621110e+01
6.145736569454076204e+01
5.985514048225842032e+01
5.994813966630896829e+01
5.921398695528996114e+01
5.921344492702453266e+01
6.035585165367739791e+01
6.140323620437200702e+01
6.209664102568418542e+01
6.181852818437085517e+01
6.162785239196146847e+01
6.215116103367538614e+01
6.232615678184604491e+01
6.202074488676440467e+01
6.162227382161944433e+01
6.139922469736926303e+01
6.047539166379408471e+01
6.065312749794082237e+01
6.317035233529449556e+01
6.259853147677749519e+01
6.068425319358964032e+01
5.883587963282115396e+01
5.939927679613040112e+01
6.113418177080944815e+01
6.082408290762573699e+01
6.165561707519500345e+01
6.079121179230105554e+01
5.931237287385602741e+01
5.922553167748817060e+01
6.033229299653002897e+01
5.959356217362540775e+01
5.929497449753997529e+01
5.934785269944795516e+01
5.924346490823801759e+01
5.953078295044320356e+01
5.952875469414187393e+01
5.969812727175169442e+01
6.016874892104814876e+01
6.030496273663198536e+01
7.037141439276086885e+01
7.021890371981906753e+01
6.177961361500178583e+01
6.544042733413269275e+01
6.407606583203462947e+01
6.304085800209244894e+01
6.361140395165320882e+01
6.242118615451166619e+01
6.157557808438848923e+01
6.028358324147946945e+01
5.964877828282210004e+01
6.007198253486884454e+01
6.083050338246211197e+01
6.085423784276235892e+01
6.052364420747501583e+01
6.038048298048016704e+01
6.053569113418664216e+01
5.995486939954800221e+01
5.949933815467170461e+01
5.961490059840105715e+01
5.945341614750851278e+01
5.961553134796015740e+01
5.885552947471415308e+01
6.231467276116744358e+01
5.917448650715561342e+01
5.857078428166317963e+01
5.831568251761208899e+01
5.817958485601559460e+01
5.756308289679097356e+01
5.877518954985860944e+01
5.844387427688381109e+01
5.802259277094321988e+01
5.737610574684678966e+01
5.791992553434656088e+01
5.772216455457015627e+01
5.850492523829252889e+01
5.793419177145184307e+01
5.855501483376465188e+01
5.889481670623178644e+01
5.925722076348990441e+01
5.892959458595260003e+01
5.872410140631664888e+01
5.498098819511798041e+01
5.789589865017494930e+01
5.839423102158102807e+01
5.540597580668130462e+01
5.763282285850704767e+01
5.719905460372348216e+01
5.790456104671125814e+01
5.711310002604594160e+01
5.680626291289985375e+01
5.604232052387539653e+01
5.616977392345793163e+01
5.627215676092923502e+01
5.669217180813145518e+01
5.657758781624210798e+01
5.664594377262832836e+01
5.669467660881535664e+01
5.617821514423637552e+01
5.714093928026597524e+01
5.688851504687744409e+01
5.688984044814833396e+01
5.775804786177232586e+01
4.653089688152014958e+01
5.589456281731560949e+01
5.779753394462633054e+01
5.666933668059712659e+01
5.742637240891524897e+01
5.684791915177046207e+01
5.848478302382014959e+01
5.645419254379972074e+01
5.647572879981787963e+01
5.636100832833935215e+01
5.759500829599259930e+01
5.833181517860427334e+01
5.778031063189745709e+01
5.698927991822048256e+01
5.736264669016145490e+01
5.715811990751300442e+01
5.737187152311391003e+01
5.695337993776038843e+01
5.700876735721215027e+01
5.699344175379950173e+01
5.660346882105851307e+01
6.678715482790238411e+01
6.041644207987587123e+01
5.616657340745724269e+01
5.523709731965156067e+01
5.585110758946027687e+01
5.475958799089372775e+01
5.461598691996858435e+01
5.672780395223366412e+01
5.645388463262268175e+01
5.624209917028969841e+01
5.622202521343253068e+01
5.599731787015056028e+01
5.637636536830887479e+01
5.627909177722091982e+01
5.552658754134112229e+01
5.675107597564866779e+01
5.664136593951401011e+01
5.750565347815859951e+01
5.762255394446169987e+01
5.762944093431933368e+01
5.669549401291765633e+01
