9.969165226672206472e+02
9.921158733682545972e+02
9.877141293832147539e+02
9.830757533980340668e+02
9.784722147813555466e+02
9.733903007592931544e+02
9.681734051520614912e+02
9.619555245046495884e+02
9.556680644032226155e+02
9.488540816414749770e+02
9.413990015316605877e+02
9.329986300939671082e+02
9.237297675655190687e+02
9.137671874075300593e+02
9.020123846047825964e+02
8.904248608754801353e+02
8.780649221142188026e+02
8.646069597334820855e+02
8.525856415790087794e+02
8.401051702256994531e+02
8.298104498107603604e+02
6.293909496485957789e+02
6.332337476446754181e+02
6.509340330026899437e+02
6.557681894775454339e+02
6.529798887343598608e+02
6.378209265057564608e+02
6.345761609370763381e+02
6.343754273368052736e+02
6.321187165191980739e+02
6.315494358976893636e+02
6.291070370746291474e+02
6.261947928019387746e+02
6.247524453436606109e+02
6.235538997885969366e+02
6.221811679206384724e+02
6.230614243349173194e+02
6.222805567679463365e+02
6.227413009615877399e+02
6.200452351722532285e+02
6.176038599372049021e+02
6.168214172598003415e+02
5.496342611203747310e+02
5.907317709528277874e+02
5.930729687240550447e+02
5.932648380787406950e+02
5.967099631209194968e+02
5.928343165642256736e+02
5.895417480116348088e+02
5.907502707969381390e+02
5.918184445652781278e+02
5.943311137803754036e+02
5.908899524398375434e+02
5.925675056807272085e+02
5.924686805393344002e+02
5.921650833706995627e+02
5.918679211896579773e+02
5.915780299089454957e+02
5.891419417442015174e+02
5.882611365919481159e+02
5.883435911552670632e+02
5.864037828961464811e+02
5.857336469164104074e+02
5.604341815422044419e+02
5.669163630148671018e+02
5.704542237366923700e+02
5.686586965111484915e+02
5.664106131879624400e+02
5.666745114164131110e+02
5.665570177260074161e+02
5.638483554890856340e+02
5.636215650213181334e+02
5.600551370465196896e+02
5.578353896503277838e+02
5.529487415067154643e+02
5.500785224256718493e+02
5.491386056678545629e+02
5.468563428817130898e+02
5.445984697385657682e+02
5.429662679195225792e+02
5.410651522522787218e+02
5.388654743165908485e+02
5.378344534144080171e+02
5.356502947927101559e+02
5.089875578581986701e+02
4.899139728221373957e+02
4.840631622946875154e+02
4.794552218822158807e+02
4.791909813370817233e+02
4.743747776312046653e+02
4.678041023299043104e+02
4.657352595183051562e+02
4.649019525505219121e+02
4.634672641936904256e+02
4.608732597644290081e+02
4.577234637794472860e+02
4.543486218757479378e+02
4.514468292802864084e+02
4.491743255461034892e+02
4.471008358951138462e+02
4.456473939405927922e+02
4.424425991193953109e+02
4.376535226595190693e+02
4.347831654624185376e+02
4.306360587848286059e+02
3.474899761791640458e+02
3.469601516892760742e+02
3.459591838913711968e+02
3.502281676298045454e+02
3.512523740173896840e+02
3.478621846865689236e+02
3.424594785827245573e+02
3.379123118138680866e+02
3.364703526182971132e+02
3.338310538642027154e+02
3.294265125595784980e+02
3.257386310781202496e+02
3.230608642468603193e+02
3.216363393324481308e+02
3.187462783398021884e+02
3.150330295147227844e+02
3.110215425460884262e+02
3.090275688925926829e+02
3.076850568351425181e+02
3.065239997368354921e+02
3.052237076560933815e+02
2.468277865191169553e+02
2.673049021339089677e+02
2.748693807520750170e+02
2.620413277415460129e+02
2.549714107551465077e+02
2.559043281445763967e+02
2.522481373121143235e+02
2.460350808988049494e+02
2.439806170420402793e+02
2.418450184119188009e+02
2.431231301992632154e+02
2.425083299160988020e+02
2.419711974738080471e+02
2.409731949686396320e+02
2.401251889599653566e+02
2.393468718135480628e+02
2.390542656089286027e+02
2.387143360166961656e+02
2.368788220858248792e+02
2.367688305301397236e+02
2.343757010953359554e+02
1.933782904637329807e+02
2.109446835864707168e+02
2.123239804703590039e+02
2.083325064814575569e+02
2.114650342955166025e+02
2.206732160943945189e+02
2.231315462002702361e+02
2.229669550306451811e+02
2.247850729125452744e+02
2.215259918419522194e+02
2.171195549250639374e+02
2.141798644018469133e+02
2.186136057311412344e+02
2.154553377072300293e+02
2.166295933635414599e+02
2.151337267224911329e+02
2.135656535718165969e+02
2.115999852282313611e+02
2.110866104508687897e+02
2.099687513624353414e+02
2.091177635751672312e+02
1.939904271233309885e+02
1.887972475812411233e+02
1.977849577647419608e+02
1.892548294445026329e+02
1.927564642730422406e+02
1.918189351564184051e+02
1.899481559205135852e+02
1.943988497788660936e+02
1.937261563965543871e+02
1.931860310005340011e+02
1.913083173255073461e+02
1.899887678379246267e+02
1.886111166752088479e+02
1.875058288941766307e+02
1.876632611692654962e+02
1.863970299976417095e+02
1.856369349467589984e+02
1.849971552562447243e+02
1.863595734944909736e+02
1.864101360531122396e+02
1.854401628278838245e+02
1.504031916765840435e+02
1.745230863314163514e+02
1.669880162852209935e+02
1.667547214261478814e+02
1.676284505789454329e+02
1.676293593048154378e+02
1.680403721519625151e+02
1.680514124242156413e+02
1.684087904553289263e+02
1.686778721941997787e+02
1.687538380462982275e+02
1.691009243292497501e+02
1.671495792299396896e+02
1.678619362606189043e+02
1.682509714646854206e+02
1.722452842704716147e+02
1.716385616901402216e+02
1.704214948146263566e+02
1.700923581038801444e+02
1.702786955978610308e+02
1.718802203741565506e+02
1.624804051450052498e+02
1.620876881303120456e+02
1.662401970774618576e+02
1.598242086237037825e+02
1.634888774045872424e+02
1.628734567916665412e+02
1.663023666170066406e+02
1.685105495725451306e+02
1.674907962544423015e+02
1.645349207862450953e+02
1.626030850187409555e+02
1.611228098288786725e+02
1.623446529051334437e+02
1.637493956494696761e+02
1.661697701622652232e+02
1.663682936528747973e+02
1.665989171122706125e+02
1.657047904893944406e+02
1.658814896298003418e+02
1.660019559290568338e+02
1.665871900390067708e+02
1.432739673009243404e+02
1.632208422640996730e+02
1.607647634416836411e+02
1.604494144322702596e+02
1.562998408330144287e+02
1.615278999769210202e+02
1.558476087542054245e+02
1.549404037015177948e+02
1.547541808380583461e+02
1.547727953375441530e+02
1.573413104713512496e+02
1.564965782862917649e+02
1.556710118491008359e+02
1.557336387358895990e+02
1.548495682420117419e+02
1.594755085887095731e+02
1.585019488045880962e+02
1.597847549954125554e+02
1.603643294309900114e+02
1.592490234886674614e+02
1.578260265423274404e+02
1.699261687594073180e+02
1.717894162477429632e+02
1.648695797886913113e+02
1.664692795263507890e+02
1.662503656196586519e+02
1.609231095436226724e+02
1.592394853843757971e+02
1.572936331878881333e+02
1.538001850253865541e+02
1.553930233345107581e+02
1.542193986912645585e+02
1.520272478042820410e+02
1.506220246107953926e+02
1.493612427435324150e+02
1.496673540029524361e+02
1.491308923259412325e+02
1.511799096815792325e+02
1.508145235671539979e+02
1.522648888937568756e+02
1.510420464378476595e+02
1.503671460827478086e+02
1.375096548660403357e+02
1.272182016685265324e+02
1.344039197702601030e+02
1.383670601743162649e+02
1.394597608494597978e+02
1.377376301998641566e+02
1.404889113343778604e+02
1.368371763531188208e+02
1.347854660451340578e+02
1.362618162203916654e+02
1.360011223482687797e+02
1.349693749818121375e+02
1.339407732364962840e+02
1.358831048188610282e+02
1.360368439344302942e+02
1.363125793015137788e+02
1.365779583147947847e+02
1.367238814855915336e+02
1.374913903070141998e+02
1.400734187506590729e+02
1.392831047813200200e+02
