6.915661758871917755e+02
6.892119621863821521e+02
6.869585382741762487e+02
6.846295222443324064e+02
6.822020152980032890e+02
6.796241518534898205e+02
6.766868514470810396e+02
6.737774749011492759e+02
6.703443441778941860e+02
6.664813848115276187e+02
6.626011417923587032e+02
6.580358046045290621e+02
6.529151889384869492e+02
6.471760562005786142e+02
6.403744256483812478e+02
6.332446805320008707e+02
6.248263721547889418e+02
6.157637596953677530e+02
6.064724665617090977e+02
5.962768044766704634e+02
5.859048090278454310e+02
3.492564553578559412e+02
3.459197462128279881e+02
3.488910746313609934e+02
3.442270055674231344e+02
3.435913848706230738e+02
3.412652702062533194e+02
3.394342787583128711e+02
3.399097739359365278e+02
3.405918471817202544e+02
3.395253415198142761e+02
3.410132339468366354e+02
3.403877187943432432e+02
3.396461477430971740e+02
3.385851870521292426e+02
3.380492451625362946e+02
3.377854547565725056e+02
3.385535608469938325e+02
3.386731545051840158e+02
3.387913591926963477e+02
3.391147261418494168e+02
3.389653192994364304e+02
3.563930653551126397e+02
3.278199573960986299e+02
3.332496232931256372e+02
3.307777948798467378e+02
3.283543313800851706e+02
3.307284434615552868e+02
3.294843867665396147e+02
3.276418832573864393e+02
3.306453575275815524e+02
3.293352512004214532e+02
3.308903314876210970e+02
3.308466355899140581e+02
3.304966479254316596e+02
3.280081839170896956e+02
3.284590512348408993e+02
3.284898327898520165e+02
3.283889529281930777e+02
3.295727117353650328e+02
3.282505835321367158e+02
3.294560299776380248e+02
3.297415383474072996e+02
3.038188774466220821e+02
3.312426913941364433e+02
3.259737924609536321e+02
3.276632250714987435e+02
3.250595231508797838e+02
3.220332174098829228e+02
3.224028757419808358e+02
3.206726628801597485e+02
3.203994413287831549e+02
3.195081352395677072e+02
3.185725234252314522e+02
3.208230387068882692e+02
3.197277132739158674e+02
3.207264155071277969e+02
3.208078315828367408e+02
3.197515663545652842e+02
3.203996435628950508e+02
3.193282197816464532e+02
3.190740066042356489e+02
3.197151212309924517e+02
3.204346757459670698e+02
3.201941769446355011e+02
2.991716172493481167e+02
3.096166247788854093e+02
3.147073165869830405e+02
3.164464503850429082e+02
3.157079195403160838e+02
3.160022698748587118e+02
3.126019969663915390e+02
3.147193338849922384e+02
3.158593290490936738e+02
3.149888134783884652e+02
3.150804876788868114e+02
3.138997139888496122e+02
3.152928928094977437e+02
3.143162403546688211e+02
3.134097737526792002e+02
3.142363614238926743e+02
3.141716712220782597e+02
3.134032384838023404e+02
3.132347427680578562e+02
3.120213867131697612e+02
3.071783072945602271e+02
3.048431760880045545e+02
3.107032671262493864e+02
3.064485870287870739e+02
3.043700628490180975e+02
3.059683014132290282e+02
3.048010639825976114e+02
3.083444098865118121e+02
3.108549642857586264e+02
3.088983727747381067e+02
3.078579461075432278e+02
3.055798706973739058e+02
3.038479530631809098e+02
3.039739641886714026e+02
3.023742842632925658e+02
3.023423468384360717e+02
3.034324357297793426e+02
3.028898608098559180e+02
3.026573925889553038e+02
3.021947604924556003e+02
3.009333071787762037e+02
3.082316708605844724e+02
3.073622873477631288e+02
3.046151610384279138e+02
2.938440609668303409e+02
2.946846058094435534e+02
2.996519240306147367e+02
2.978342087390394681e+02
2.945594622000185154e+02
2.955456831006735570e+02
2.938063453632580604e+02
2.935157433671859621e+02
2.937687986203924879e+02
2.936500169839517866e+02
2.935987366907266392e+02
2.934177570726143927e+02
2.924060354437657452e+02
2.917684211688966798e+02
2.907036722924026435e+02
2.899659236787485384e+02
2.898123217612228473e+02
2.891728989304622814e+02
2.589680759569194493e+02
2.848493968141452797e+02
2.854703568898157187e+02
2.846080910024140280e+02
2.844126269423906024e+02
2.796401497211048195e+02
2.831519132011769102e+02
2.820406207580139153e+02
2.806821361575848073e+02
2.807305363491524872e+02
2.808931112385276379e+02
2.803948729034308940e+02
2.802767946495791875e+02
2.808011528637256333e+02
2.807506260612869937e+02
2.803335432966702570e+02
2.804627531567129495e+02
2.792009760857583274e+02
2.786778589576401259e+02
2.786343872575715750e+02
2.786390197762383991e+02
2.272548148957638432e+02
2.544526602167149179e+02
2.589134505489437856e+02
2.606518301505265640e+02
2.659711461110569530e+02
2.670014917516462560e+02
2.661106180432064434e+02
2.653684332880396823e+02
2.674451416906121608e+02
2.672783626778083885e+02
2.682997906973299109e+02
2.677530783750013370e+02
2.674349935175261521e+02
2.676733524555844497e+02
2.679116239864600857e+02
2.679805978326063496e+02
2.673820909970463617e+02
2.678766396827901985e+02
2.679013812261246699e+02
2.686146783042504467e+02
2.680816541646361770e+02
2.591333256231529276e+02
2.613587391615242836e+02
2.682496909978945610e+02
2.642415814811926680e+02
2.657823541457120200e+02
2.621075226089142234e+02
2.626661710819503242e+02
2.628226340506983547e+02
2.629290914745485566e+02
2.632377578382319712e+02
2.609112635564482048e+02
2.602119067835350847e+02
2.601819272534536935e+02
2.601037819348198923e+02
2.602471339343543377e+02
2.584883954509592172e+02
2.593365337090288563e+02
2.591450695442685515e+02
2.583335283236842201e+02
2.593094938836048300e+02
2.578883029025643054e+02
2.659787367147504256e+02
2.502771288627524200e+02
2.506228309592277697e+02
2.504097047907859519e+02
2.573380124010168402e+02
2.565831579876154933e+02
2.530301042325587559e+02
2.534330563413488164e+02
2.546454947913871365e+02
2.547025376617024222e+02
2.529840738355858889e+02
2.526623284168283590e+02
2.525889059491606758e+02
2.523918352754670025e+02
2.523991114397835815e+02
2.521155996361539451e+02
2.508788957933615791e+02
2.500361795209333877e+02
2.497436344869486788e+02
2.500108981634077168e+02
2.503275346433604795e+02
2.480063028963706984e+02
2.518198667157202806e+02
2.468617323612050711e+02
2.448749637665016508e+02
2.456266202076189131e+02
2.457026140912994663e+02
2.431504161215717659e+02
2.460399333049621760e+02
2.447599813295173874e+02
2.470075342558695013e+02
2.481440273902179285e+02
2.469986635980123140e+02
2.464887598437273937e+02
2.460037784712973803e+02
2.465926451634105661e+02
2.461465192158339619e+02
2.448096127675176490e+02
2.446988225478116021e+02
2.441379333082735457e+02
2.439346403692023557e+02
2.440883188322602280e+02
2.682579973663998771e+02
2.543823448649918078e+02
2.495554493793139272e+02
2.443164963561100080e+02
2.447228690215671634e+02
2.412544238058473809e+02
2.429549324988145429e+02
2.444668222021165604e+02
2.420274341905509630e+02
2.426483688263778333e+02
2.418651844560477002e+02
2.410919152155457823e+02
2.414845229587167523e+02
2.412746926756495611e+02
2.402881461834841446e+02
2.409320729739756075e+02
2.402768047680708321e+02
2.396855818965435674e+02
2.398358724345735595e+02
2.398149533688348072e+02
2.384109326865911953e+02
