2.519953650299310937e+02
2.424645277850181628e+02
2.387848832704977156e+02
2.321525278026304306e+02
2.332145239659500646e+02
2.279576783265290771e+02
2.265017318113316662e+02
2.236746487807048140e+02
2.214758249612630721e+02
2.212497430619499994e+02
2.179504466116873687e+02
2.135736275092101835e+02
2.079475911389764633e+02
2.042264693156564306e+02
2.017002909008010931e+02
1.981185700175936404e+02
1.937693563067885520e+02
1.910672061186010922e+02
1.866713097047278325e+02
1.826754205208216320e+02
1.781589660921129621e+02
8.075439764646129959e+01
7.974406971572649638e+01
7.865828964369173093e+01
7.434299602068344370e+01
7.211103141141320805e+01
6.835915331180370913e+01
6.508607367359303453e+01
6.433743377807849129e+01
6.255909739515902857e+01
6.078793019644435702e+01
5.801348793271274928e+01
5.710015941193753264e+01
5.638282601135709626e+01
5.474404856719557699e+01
5.314348980220142948e+01
5.121869868273692816e+01
5.011248113280841210e+01
4.872826418277828253e+01
4.796152859720705663e+01
4.681733426093516925e+01
4.568504698881955761e+01
2.274180046382006992e+01
2.022024345820327440e+01
2.055614705486921423e+01
1.983210651796708035e+01
2.012184667783776248e+01
1.959004754687933669e+01
1.834340246376705608e+01
1.841791955017787430e+01
1.858709423623662005e+01
1.919491529985830169e+01
1.873528047825666221e+01
1.820118753446481463e+01
1.827182020341709290e+01
1.820410675050103677e+01
1.745758883962907149e+01
1.714421659414416155e+01
1.727055496735527385e+01
1.767205531453365808e+01
1.729227044382918876e+01
1.758354522681538512e+01
1.769012001239086018e+01
1.646522075368906357e+01
1.454887021629205712e+01
1.237352605573381936e+01
1.280121755456948840e+01
1.259505221246423190e+01
1.296985001108725832e+01
1.283185914579127029e+01
1.320451124003652410e+01
1.375231505603220938e+01
1.601647820287579904e+01
1.705667728446475095e+01
1.741678079984892946e+01
1.799749749894560935e+01
1.788378212465383754e+01
1.746743888522735588e+01
1.689131465948073441e+01
1.728554274649967226e+01
1.688667610978250266e+01
1.636775707357783816e+01
1.600046280060647419e+01
1.576286449452921268e+01
6.420634588522703190e+00
9.776701772079837482e+00
8.764090667608053664e+00
9.200205570735938920e+00
9.694318710883406354e+00
9.107282169288376750e+00
9.223446463271379514e+00
9.693246616857933873e+00
1.042907073869637991e+01
9.881329116022603998e+00
1.032873090441740160e+01
1.042730222961891862e+01
1.013946896794365138e+01
1.082485742950620100e+01
1.059060445702456654e+01
1.054191920966954044e+01
1.055615778340036037e+01
1.039488106873798934e+01
1.018952860914961533e+01
1.045206233799555839e+01
1.040028818563522250e+01
2.033148267552403610e+01
1.529596273186291278e+01
1.118363667411410134e+01
9.823112782327957149e+00
8.614051477041268612e+00
8.268598525149505107e+00
7.495014376744232543e+00
7.131208961014015912e+00
7.348489749112059322e+00
7.192731065518375821e+00
7.391672343021101987e+00
7.888490612625353116e+00
7.653161860956888773e+00
8.205201356221582643e+00
8.734173436192694595e+00
8.942957225798247478e+00
9.410155823253681717e+00
9.780173725590836753e+00
1.040014727724859256e+01
1.018065744060669431e+01
1.035197253680085439e+01
5.517464042462045803e+00
8.144883979408987784e+00
8.266101529605009546e+00
8.040969508139392374e+00
7.482357665780165590e+00
8.288341970301845052e+00
7.552173295229501093e+00
7.226889767733006842e+00
7.143483491401920737e+00
6.784057615264275753e+00
6.786852771474398693e+00
6.805787872020266249e+00
6.797429096946665084e+00
6.608440338800378733e+00
6.521288819793078062e+00
6.300299466652828251e+00
6.421109691097863781e+00
6.306355699581201790e+00
6.241455236203309553e+00
6.174807274823286285e+00
6.073799781728970615e+00
3.727718889040271488e+00
6.235888209266716942e+00
5.151750728123776213e+00
5.110835202488297924e+00
4.866546935407893848e+00
5.235860551085384174e+00
5.070359120578596723e+00
4.956068634384527272e+00
4.650399918642887265e+00
4.599493243278421239e+00
4.466027852286983624e+00
4.245154359904148578e+00
4.254780056159168211e+00
4.244296299326756561e+00
4.375640146041391176e+00
4.423411535240418857e+00
4.572346618458416501e+00
4.606237734103101999e+00
4.845502588845137737e+00
4.862568019571881450e+00
4.803215157380412492e+00
3.814011803434515624e+00
6.490919312227137361e+00
5.714623184775654785e+00
4.975766448718503376e+00
4.304784112908505378e+00
4.731955650683316250e+00
4.950958961574367656e+00
4.949700447150392257e+00
4.732459688113633156e+00
5.031409593080594433e+00
4.930273897748000067e+00
4.738235597733994275e+00
4.658667194280544877e+00
4.738745576644612711e+00
4.693973486744416945e+00
4.628207705434307151e+00
4.760827004692705700e+00
4.749403177424306399e+00
4.724221799586166171e+00
4.662172865930122256e+00
4.635679510345876331e+00
2.640362893704397695e+00
4.796899954979426894e+00
4.604145976402424623e+00
4.464036855774464740e+00
5.826234681269086835e+00
5.368306947617966784e+00
5.485089515200034072e+00
5.326875110652364853e+00
5.384182632105628308e+00
5.184089214952344093e+00
5.466113209493773439e+00
5.218975531786353095e+00
4.975927107183339082e+00
5.078545718569265510e+00
4.915063240315165949e+00
4.864663222911707940e+00
4.847013629180004557e+00
4.826438663792099959e+00
4.832278555870646031e+00
4.780555874527284033e+00
4.672482860771832058e+00
