7.193010522431393383e+02
7.210021055555642988e+02
7.200030631438951332e+02
7.174844818681953029e+02
7.158195293711902423e+02
7.136577035719851665e+02
7.105785430902127473e+02
7.077829674250004928e+02
7.040226333308401081e+02
7.005597677039653490e+02
6.966395040064845716e+02
6.927474925511679658e+02
6.883971550376829782e+02
6.834077250687681726e+02
6.780402317631300093e+02
6.737817111842506392e+02
6.691902797069134294e+02
6.642862373752349185e+02
6.582591075781676864e+02
6.544996588402085536e+02
6.494644971640336735e+02
5.664855986550527405e+02
5.663122133814714516e+02
5.680627182214275308e+02
5.642670145662585810e+02
5.602007568160094024e+02
5.561811601771673850e+02
5.592858591607879362e+02
5.601705931989093870e+02
5.569014550945073552e+02
5.575314132282051105e+02
5.568547244689273157e+02
5.541908719191663977e+02
5.554636307260391277e+02
5.551415646098479328e+02
5.554598726860795068e+02
5.553862154027481211e+02
5.564192331577081632e+02
5.563174292031137611e+02
5.559203195598605589e+02
5.549702307524397611e+02
5.547894105248827827e+02
5.203772464658012495e+02
5.382590171012939209e+02
5.395222000660762660e+02
5.388390227939572696e+02
5.363458317734416596e+02
5.356426196991295683e+02
5.342633521466513002e+02
5.319315736401326831e+02
5.319782653648957194e+02
5.291055665627874305e+02
5.298772723129354745e+02
5.287822845449859415e+02
5.286008809854677111e+02
5.287217222950586120e+02
5.284141007898106182e+02
5.269329251774505565e+02
5.275069255674334272e+02
5.260178617169883637e+02
5.253304745631969581e+02
5.235561467064400176e+02
5.227042052162595382e+02
4.720047734285756746e+02
4.751701400627841281e+02
4.825589160894044767e+02
4.800827266983707773e+02
4.780878579213366493e+02
4.742984303980817913e+02
4.741703921261653250e+02
4.728719128652774657e+02
4.692494128609831137e+02
4.703427155106854798e+02
4.687233052738424135e+02
4.657740816654706464e+02
4.629971052580269202e+02
4.599762280389674629e+02
4.573405484614876855e+02
4.533680251698659731e+02
4.512964508714985072e+02
4.493090412930405364e+02
4.459624130634672952e+02
4.438627177454714570e+02
4.407721423701210597e+02
3.432881903276115736e+02
3.481574230858481656e+02
3.463521379222875680e+02
3.395696610527322719e+02
3.401623852242641419e+02
3.392896375744609259e+02
3.379187927849914672e+02
3.342887989292352700e+02
3.298797125927549700e+02
3.289519634959651739e+02
3.248828118730557435e+02
3.211351668063737179e+02
3.163504553497874099e+02
3.149009942312113139e+02
3.122555756680849868e+02
3.099534870993629170e+02
3.067389285066323055e+02
3.036525560696235289e+02
3.010561024717801502e+02
2.976762497116620807e+02
2.947033524092188941e+02
2.719693776122309146e+02
2.375308271396199586e+02
2.367538643087306127e+02
2.265598841233795895e+02
2.303035759583601418e+02
2.277671065006053652e+02
2.244168372579989352e+02
2.186173702384831756e+02
2.263565760003569665e+02
2.265700955962095122e+02
2.265117613975346273e+02
2.243963828880118285e+02
2.216061012192399176e+02
2.203619803427109503e+02
2.193342300676539480e+02
2.165972029042893894e+02
2.161458964590318033e+02
2.156340450627079690e+02
2.147158113504568746e+02
2.128230579525485382e+02
2.109125024664743648e+02
1.955202791790905508e+02
2.081071757960794741e+02
2.021873184537618897e+02
1.974901463034968288e+02
1.953015737456391889e+02
2.004993043130782269e+02
1.973540712211595292e+02
1.958827789228629968e+02
1.946332323459866416e+02
1.916944550523961368e+02
1.897888728436058159e+02
1.917634941594244253e+02
1.937025164836341276e+02
1.925232718694400091e+02
1.915098325799343968e+02
1.914962550104609704e+02
1.898543333034419049e+02
1.874077944716822230e+02
1.856289140948550482e+02
1.847458787296166918e+02
1.840958193942441881e+02
1.876148037700305622e+02
1.736870720385095410e+02
1.715202253801881795e+02
1.651266816951470560e+02
1.601565473996417950e+02
1.658443402319548454e+02
1.670140282309617987e+02
1.721235845634824670e+02
1.746400196015964923e+02
1.752054704585150375e+02
1.771875272581464458e+02
1.741440674767806911e+02
1.762002167741621577e+02
1.764785745131750900e+02
1.746293756076023556e+02
1.735600690497800827e+02
1.725800021684323156e+02
1.713321303143254966e+02
1.706495125528100232e+02
1.709354631485073241e+02
1.696873106996508795e+02
1.673277112389832268e+02
1.528969912567309279e+02
1.485074962503633458e+02
1.492249669942884793e+02
1.439658059798327372e+02
1.418004187447719460e+02
1.428244081656362994e+02
1.416450766982841287e+02
1.436745786602459418e+02
1.441313477133500385e+02
1.436306075909283777e+02
1.434282256929111838e+02
1.452436640284375926e+02
1.453085985058783649e+02
1.444903774447486455e+02
1.477689511517780829e+02
1.484409636293932806e+02
1.472903799360209689e+02
1.485057517023164451e+02
1.503802524892255690e+02
1.501949963455578825e+02
1.233165762868431301e+02
1.461066579774762602e+02
1.342072689851119094e+02
1.403185662925361896e+02
1.419288761712058147e+02
1.400737035926589726e+02
1.391057387192825558e+02
1.410351705264384634e+02
1.405726223118063842e+02
1.420069377381799995e+02
1.416875838894817150e+02
1.408951196806255552e+02
1.414616369584567508e+02
1.428311180081006739e+02
1.423322715560401832e+02
1.416676577381672644e+02
1.434034576668617262e+02
1.427325250219715826e+02
1.435116369224916468e+02
1.421364020990775714e+02
1.414102285400364849e+02
1.689325631999751067e+02
1.344613750514429569e+02
1.406440562847568856e+02
1.496530995321152773e+02
1.511200540614278509e+02
1.484449777763236682e+02
1.461497535353746855e+02
1.433661335870162361e+02
1.420357621001406869e+02
1.480504053746351474e+02
1.456625036369787836e+02
1.462081078042654667e+02
1.464085020031790236e+02
1.455887292383609406e+02
1.436179218012680394e+02
1.412477704480197360e+02
1.418877383385458870e+02
1.426240612972808890e+02
1.420062892662186016e+02
1.419739071428977297e+02
1.405328067979050388e+02
1.251903738102950285e+02
1.408979451647401220e+02
1.333369841600269297e+02
1.285149371734252668e+02
1.339462062423071131e+02
1.336001803805027919e+02
1.311357945200523432e+02
1.318573727690862540e+02
1.317028760247908394e+02
1.310725692735551888e+02
1.310073594541391628e+02
1.320923713347903856e+02
1.309596316908931044e+02
1.321562694597072607e+02
1.318750571561168385e+02
1.307695308618151273e+02
1.300168727168041869e+02
1.284989074777090821e+02
1.280700144722957816e+02
1.266940258776557187e+02
1.260142939353322618e+02
1.167905044958409064e+02
1.244693578116471002e+02
1.231271355641418381e+02
1.184056524767245691e+02
1.223745515824413275e+02
1.185907112265520880e+02
1.207829028921051133e+02
1.204770079888624394e+02
1.201155958510422437e+02
1.191925180655217105e+02
1.193178995904972197e+02
1.194250352330969349e+02
1.178625098707532572e+02
1.174493554255497116e+02
1.156722828941494612e+02
1.153649161433785224e+02
1.148863844601015813e+02
1.183757075922432023e+02
1.186492831878399272e+02
1.186457913667167219e+02
1.186310897752886575e+02
1.027882076666347047e+02
1.212358011088485767e+02
1.119358100707237185e+02
1.035383621631793005e+02
1.065316944250199072e+02
1.043316869308583250e+02
1.053133556635041117e+02
1.052881216618183799e+02
1.060631739171670063e+02
1.070268992405251964e+02
1.052351458436328357e+02
1.067841699522319914e+02
1.055049405345332758e+02
1.052166837084714928e+02
1.076551852233495623e+02
1.108741361183339365e+02
1.110455267863063398e+02
1.121437150326107144e+02
1.124620586270581981e+02
1.136855425063610170e+02
1.142621215781057060e+02
