9.968512944575045367e+02
9.921382527282936508e+02
9.875366356484349808e+02
9.826136427001437141e+02
9.778939801347981984e+02
9.728111837264839323e+02
9.674425785288816542e+02
9.620221541809373775e+02
9.554183551951715572e+02
9.486819647093526555e+02
9.417197922633629332e+02
9.328195502484978761e+02
9.236321689127519221e+02
9.136855985651054652e+02
9.027369214928852443e+02
8.908365084911932854e+02
8.784521603405995620e+02
8.656689196404847735e+02
8.543886300364679300e+02
8.428595531943825563e+02
8.318530528525492400e+02
6.487059061291831767e+02
6.696351718062184091e+02
6.467887700444265420e+02
6.414025487292445860e+02
6.270954312663778865e+02
6.254750537664126568e+02
6.264730479500564115e+02
6.212585974435079379e+02
6.208451756741167173e+02
6.230811413187993821e+02
6.233516683226862369e+02
6.226593862978112384e+02
6.217090613802694179e+02
6.194767567349600768e+02
6.185034659611848156e+02
6.187281090465327225e+02
6.176037650132295767e+02
6.156714654043483961e+02
6.143377312600632649e+02
6.132919336150789604e+02
6.136006770406091846e+02
5.723730620944052134e+02
6.005181582172759818e+02
5.992232136044153776e+02
6.023934652532184373e+02
5.996127284882284130e+02
5.965803378942795234e+02
5.954183789862377125e+02
6.003878745982889313e+02
5.994847047852282458e+02
5.977827026654020983e+02
5.964328212899569053e+02
5.913113421867112720e+02
5.913856127543458570e+02
5.901856181633904725e+02
5.875416153991707233e+02
5.876849654947554882e+02
5.872101301733729315e+02
5.866649111442654885e+02
5.868496015135474408e+02
5.871721607193099999e+02
5.865125092170934522e+02
5.757234846038584237e+02
5.857644966690219235e+02
5.828607929591158836e+02
5.778976339196414074e+02
5.734058973933935022e+02
5.747418567154827542e+02
5.752682435022037453e+02
5.706151747937793743e+02
5.669501417548124209e+02
5.659736632989566942e+02
5.633078812184860453e+02
5.626685970948823297e+02
5.590973410425756356e+02
5.595059141139809071e+02
5.576376811578703609e+02
5.558448823806579639e+02
5.530230598289720092e+02
5.504420884821608979e+02
5.475957541676955316e+02
5.458779945493731702e+02
5.460980134406150910e+02
5.390031111053526729e+02
5.310462525681560919e+02
5.249038068121163860e+02
5.135132846240477420e+02
5.070312719261355596e+02
5.037893289400013259e+02
5.030406096561503659e+02
5.005136462123393244e+02
4.970350722795387242e+02
4.951094374439408625e+02
4.918775218830905374e+02
4.897514937520593890e+02
4.897937793504699471e+02
4.895470334447419987e+02
4.863022124529395569e+02
4.833184579766497677e+02
4.812558750571062660e+02
4.794258450087815504e+02
4.778348312695985101e+02
4.740461121771780881e+02
4.722840061003822711e+02
4.228376938417517295e+02
4.137990395470739600e+02
4.195451339693090063e+02
4.082852950977425621e+02
4.136833929044217371e+02
4.101766687076722633e+02
4.086699043639820275e+02
4.060037511210799153e+02
4.036518400841938501e+02
4.033834056554496215e+02
3.985364215140929787e+02
3.971006082130858204e+02
3.925533046191384869e+02
3.893413540444907426e+02
3.882167851920644353e+02
3.866072959090638506e+02
3.831187530452565966e+02
3.800689829804379656e+02
3.779788559653678703e+02
3.760212815829417536e+02
3.715893078327197827e+02
3.335308887511454259e+02
3.186725374194661526e+02
3.110799133235574345e+02
3.126222250810025116e+02
3.073516525723291579e+02
3.038190448824437340e+02
3.021189334750541775e+02
3.035120035926676678e+02
3.016557273351175468e+02
2.995307953791247542e+02
3.010298905008571637e+02
2.970676610041981007e+02
2.944347447399360931e+02
2.942975547674869858e+02
2.919825183931796460e+02
2.900162978783860126e+02
2.891215850579405924e+02
2.878259459408411658e+02
2.884617142007629695e+02
2.868804127693415467e+02
2.856574622822308243e+02
2.385102804954162252e+02
2.331379271487296307e+02
2.359379383234739294e+02
2.406938788352295262e+02
2.423545248217965593e+02
2.407612680259101410e+02
2.381313750465807004e+02
2.385947927209854527e+02
2.418340812452559021e+02
2.439725157356067200e+02
2.447533515009444613e+02
2.469451660849984478e+02
2.471903320154664243e+02
2.471595019658978458e+02
2.455647803302472028e+02
2.443925571110987391e+02
2.445277355715225838e+02
2.430233635519113307e+02
2.411807643951903515e+02
2.409661688024505679e+02
2.408235415812637257e+02
1.987830397705803307e+02
2.247016635585614779e+02
2.285247416909801359e+02
2.289010537866975312e+02
2.261696942311198200e+02
2.264644901106954080e+02
2.316899923918682305e+02
2.290570477922879036e+02
2.280792880559070284e+02
2.260806580208068510e+02
2.219513799458820529e+02
2.181581474418357800e+02
2.180638264825520309e+02
2.162601665845944581e+02
2.157028129387938975e+02
2.155140902661972291e+02
2.161170727418357274e+02
2.152640018183213613e+02
2.149275618437741571e+02
2.171347327981578701e+02
2.167024349646661108e+02
1.898696840859677195e+02
1.958237321696641970e+02
1.947092392140459651e+02
1.940779988689932622e+02
1.966605318045995716e+02
1.985203884022791385e+02
1.974274337342094441e+02
1.973418493663690185e+02
1.950494814291276668e+02
1.952375068152198594e+02
1.999501903072636537e+02
1.987797020154418703e+02
1.973683516522878278e+02
1.976020462328631595e+02
1.968198449216706649e+02
1.962056583992105345e+02
2.003010058430329536e+02
2.020205036607466411e+02
2.010325282350111991e+02
2.007877092051766112e+02
1.995654031438527340e+02
1.691694050671422644e+02
1.732960144512650515e+02
1.902003884021461602e+02
1.966424832096272723e+02
1.995975416807169154e+02
2.020687078779721162e+02
2.034548658711140945e+02
2.019759681120228834e+02
1.978211315784992905e+02
2.054649593651128896e+02
2.048410983710873552e+02
2.035135327905829854e+02
2.034924970164736635e+02
2.020599390236696706e+02
2.015291230098860353e+02
2.009246296990058340e+02
2.003017870860176117e+02
1.972438569380929891e+02
1.951917262444364098e+02
1.951303294679750309e+02
1.941007336066979008e+02
1.868508872024470975e+02
1.781865824538833181e+02
1.733995113227071840e+02
1.796681278389935130e+02
1.804311868630051094e+02
1.807799760944743639e+02
1.792295138786755331e+02
1.819391903041409080e+02
1.841294177518840058e+02
1.824574428795296512e+02
1.832201362905141764e+02
1.867526029213065897e+02
1.860112017954122337e+02
1.865436127412288556e+02
1.855861767845044312e+02
1.850958987178102575e+02
1.868592514165357841e+02
1.864443682669758005e+02
1.848420978046525249e+02
1.843370268180229914e+02
1.836724413923953421e+02
1.906880915521376210e+02
1.845958204348980587e+02
1.798458743771502100e+02
1.742912105945160874e+02
1.695278636226924789e+02
1.690804024538598753e+02
1.771804821452955423e+02
1.756230617851278453e+02
1.747203412989239553e+02
1.749986282271897551e+02
1.739946007672738801e+02
1.737567619709363100e+02
1.746124618669117865e+02
1.736727207839685150e+02
1.723036072312702913e+02
1.723645568233174004e+02
1.724610432072316257e+02
1.734704893984536795e+02
1.763715926890795060e+02
1.770243064765018062e+02
1.774085596209853009e+02
1.943798868583915578e+02
1.821984793721210565e+02
1.718896826583440713e+02
1.841778832637704966e+02
1.823851593029174865e+02
1.862571862537915592e+02
1.832660105495597236e+02
1.822399482690924231e+02
1.818898097753027230e+02
1.786290550672798929e+02
1.781395588524400750e+02
1.776556111700105873e+02
1.763943287387435817e+02
1.769303483654811373e+02
1.758029719955693793e+02
1.744082173693936966e+02
1.740258597008097183e+02
1.733840933636316208e+02
1.737740247695015796e+02
1.720487000217727029e+02
1.721758093877649287e+02
