7.230742507025895520e+02
1.666298249296747963e+04
1.024068385339674387e+04
7.512857876503608168e+03
5.999427416936877307e+03
5.037368859569424785e+03
4.370327317698726802e+03
3.880577658866939601e+03
3.504316456282475428e+03
3.205019337821104727e+03
2.957306060143741433e+03
2.752998235374966498e+03
2.576358484958593181e+03
2.428082307207825579e+03
2.299524070992873931e+03
2.189142562686556630e+03
2.091030400411113533e+03
2.001109623798817438e+03
1.923578290070081948e+03
1.853556931868588208e+03
1.790544332674905263e+03
5.547633590745833772e+02
5.610910818022985040e+02
5.669478758047526981e+02
5.681178469096286108e+02
5.668869938336629275e+02
5.598663192957791352e+02
5.603038982558967973e+02
5.570312524093329785e+02
5.540062029239170442e+02
5.502347977627456430e+02
5.496008925522965001e+02
5.486830199598043691e+02
5.457570132329158241e+02
5.405271692864843089e+02
5.355651464964772686e+02
5.291348571690738254e+02
5.254603226690254587e+02
5.192215199070625431e+02
5.131631256006930926e+02
5.072335094989055619e+02
4.999277032031108661e+02
3.540438236605791644e+02
3.468833569221128528e+02
3.384792024001114896e+02
3.326080503934036301e+02
3.546830606716128500e+02
3.765674147602964581e+02
3.879520324579293060e+02
3.794751618893693035e+02
4.000713328198002614e+02
4.054915993595077452e+02
4.189137634344340313e+02
4.325618190821449502e+02
4.422695305640007746e+02
4.474129289215507015e+02
4.456542500215907694e+02
4.420067813912531278e+02
4.365134110641348002e+02
4.334546851425674276e+02
4.317169481710038212e+02
4.274134537375735476e+02
4.251961604822270715e+02
3.784675792274372270e+02
3.600268020704439778e+02
3.464734140340634099e+02
3.344299412710186630e+02
3.360034970957335076e+02
3.252823369509256395e+02
3.209952630377972582e+02
3.242949194026494979e+02
3.212215166032472098e+02
3.143352148039390954e+02
3.077982483242992089e+02
3.028880322569161194e+02
2.971374566077133181e+02
2.921795365852438522e+02
2.858255876065476855e+02
2.807376458049581061e+02
2.765244567929260597e+02
2.723804284651069452e+02
2.696515995027837675e+02
2.670186351295696454e+02
2.643035264552647163e+02
2.327164314301323316e+02
2.051841818568302074e+02
1.937886200093361424e+02
1.860118546750807980e+02
1.882526042341725940e+02
1.887745875606173627e+02
2.021258290466686276e+02
1.991442918874685972e+02
1.989356479413625607e+02
1.985443352105057215e+02
1.991982754312361976e+02
1.957050501429901885e+02
1.950535998692027988e+02
1.932365550758812844e+02
1.906556779882918988e+02
1.890824119016490954e+02
1.878059083773624138e+02
1.850091387335646687e+02
1.837962945119847120e+02
1.864686397063862557e+02
1.852495017631696044e+02
3.285435926596278478e+02
2.134545388713876548e+02
2.181187144008162306e+02
2.098118893031378605e+02
1.972345820743657612e+02
2.021273954447398182e+02
1.950750185667576204e+02
1.925498303791414401e+02
1.906977086521799833e+02
1.870109171104300287e+02
1.809315963833097101e+02
1.744605961878654909e+02
1.696574174956167838e+02
1.665003522000079386e+02
1.662854194725853745e+02
1.619867278105822948e+02
1.624491818681423752e+02
1.596742543531464662e+02
1.572311319448995732e+02
1.541327247956432984e+02
1.511010675055519812e+02
8.869591972448966999e+01
1.101005750251798929e+02
9.646000452555480820e+01
9.710128909273193187e+01
1.000718755009696679e+02
9.542289148949947730e+01
9.752643184711781998e+01
9.767190630304358478e+01
9.823028601584275066e+01
9.847987742222302643e+01
9.704830563133337762e+01
9.833452438906186899e+01
9.832810131812448162e+01
9.916596713686764986e+01
9.760175385664366843e+01
9.623171420190995207e+01
9.481364409960933415e+01
9.326651335273632526e+01
9.351994180591759687e+01
9.284279648886126779e+01
9.224730916910732503e+01
1.066938989466384413e+02
8.953700651255824994e+01
9.397713261665332141e+01
8.345087090944990393e+01
8.315910446268935630e+01
8.206263861262398507e+01
7.868048737552092575e+01
9.282225036019067943e+01
1.023810686537605505e+02
9.974785554717398384e+01
1.045963958309774853e+02
1.038455662102001185e+02
1.040452679483032767e+02
1.037830994138756182e+02
1.037376238968866176e+02
1.039269755435578872e+02
1.035500599583442352e+02
1.018559777891469480e+02
1.019831741616725935e+02
1.003621687915349980e+02
1.005485221197811825e+02
5.126825145651301341e+01
6.375154675653709546e+01
6.388503853460886717e+01
6.327454775809594878e+01
6.425783632494197661e+01
6.325097292941158855e+01
6.293386274792047885e+01
6.375162027604545756e+01
6.664621050283017212e+01
6.488913025593411987e+01
6.343979983116120991e+01
6.467408119259548016e+01
6.454589805407930214e+01
6.466247299269913640e+01
6.371839507396411051e+01
6.263886961757023641e+01
6.449271667008419229e+01
6.603806157267085553e+01
6.606355937556149627e+01
6.968204969626313527e+01
7.048795383091039923e+01
1.022526925456259477e+02
9.003655918894745014e+01
8.651440784974754195e+01
8.776665734553985487e+01
8.334009808133404817e+01
8.052849085280762154e+01
8.140191486677149157e+01
8.029222086083969145e+01
7.886114900135163452e+01
7.597146042079332062e+01
7.532320302661256051e+01
7.280959351898580678e+01
7.344315955718687405e+01
7.319270641371898023e+01
7.199875893369295454e+01
7.029130929447298115e+01
6.933779667229742927e+01
6.839738365290003230e+01
6.713476580485614420e+01
6.617768451154147158e+01
6.578380486710445041e+01
