6.916482159485117336e+02
5.967169888751644748e+02
4.997525550468439519e+02
4.641168635328648406e+02
4.355723484522953868e+02
4.198924617847052900e+02
4.056217896215986798e+02
3.946497655616213933e+02
3.871284997655416191e+02
3.787391180988554993e+02
3.722293739463974021e+02
3.660898154709661299e+02
3.578057176693014299e+02
3.468279092528214278e+02
3.386656186182957526e+02
3.297304803874760069e+02
3.213846600006671110e+02
3.133070318296332744e+02
3.047347204013212831e+02
2.967819610235506502e+02
2.895856604920649033e+02
1.215912641278309536e+02
1.242236885280201335e+02
1.225423794688356764e+02
1.279365973965552854e+02
1.333451471577021721e+02
1.307150783846998934e+02
1.286927753549457236e+02
1.264045401669578581e+02
1.217974713087716196e+02
1.177408527760705113e+02
1.142899769383938917e+02
1.121363748452196916e+02
1.083027366850775053e+02
1.057285527644870058e+02
1.038286600357661911e+02
1.008887968278127119e+02
9.839568371045085371e+01
9.587503153382345999e+01
9.350438963730219655e+01
9.144736721142278668e+01
8.877034633501375538e+01
3.255154269450300575e+01
4.158017428424346207e+01
3.707453184138444158e+01
3.466192799918634648e+01
3.213382925871676576e+01
3.084571102956494570e+01
2.966777021425237137e+01
2.886787279246458482e+01
2.863735609816475147e+01
2.891664498504686165e+01
3.074591538556136783e+01
3.203037300128766418e+01
3.198234023073237964e+01
3.287135741117860732e+01
3.272537127450566885e+01
3.254016343862988236e+01
3.169882953337551967e+01
3.134743439075020888e+01
3.083776174918565971e+01
3.033432669960734884e+01
3.032927040671622976e+01
1.559217670133142519e+01
2.071035678675144709e+01
2.140905471532548532e+01
2.176930205712742605e+01
2.126080630264722870e+01
2.147788731188547473e+01
2.013941195797957917e+01
1.955009078567976744e+01
1.961321280330043848e+01
1.896725506924568094e+01
1.812429165595596814e+01
1.757309724613284274e+01
1.751146497548802117e+01
1.767471833605051401e+01
1.778140015100449745e+01
1.737323815389657256e+01
1.719164581185731677e+01
1.740215115487788111e+01
1.768235534479775950e+01
1.771165397090529225e+01
1.759030759038135727e+01
3.286278041316430176e+01
2.149920008496372503e+01
2.077388905909485928e+01
1.732224778646958185e+01
1.765425634398741295e+01
1.518898527712570257e+01
1.431668597003035792e+01
1.364816380782447069e+01
1.506898988499813186e+01
1.508170690194778452e+01
1.500615913180100236e+01
1.453861486163723704e+01
1.438442354454324423e+01
1.450576279119201928e+01
1.409116694244698564e+01
1.442354969254053287e+01
1.420909525919632443e+01
1.376980925647950293e+01
1.371222167340889797e+01
1.362423564516920038e+01
1.352620015127944875e+01
7.228308776158200999e+00
1.197283116206099329e+01
1.183300644402288171e+01
1.176007266481025937e+01
1.281788075845135744e+01
1.266300096655846019e+01
1.396977746555077537e+01
1.311265590099476697e+01
1.254567111889415898e+01
1.201358923762385444e+01
1.192130543146227772e+01
1.210855487517912010e+01
1.222021651116873109e+01
1.190207857875416408e+01
1.204472664296895879e+01
1.182954294170692400e+01
1.199953442419862526e+01
1.187488089846003092e+01
1.155367859769398997e+01
1.170918710814531849e+01
1.174063761742116263e+01
1.280959477989945583e+01
9.806305023022305889e+00
9.170956917551366772e+00
8.561896567742662612e+00
9.544782988711013161e+00
8.906416931694845829e+00
8.614096144319145054e+00
8.870300357517576728e+00
8.584764168138546481e+00
8.596943227012291189e+00
8.348600297179503471e+00
8.118018692872887243e+00
7.584777948341479892e+00
7.735496512887841014e+00
7.641575787817881604e+00
7.833745488758722786e+00
8.037086212497271731e+00
8.222197164795787216e+00
7.963029750246411353e+00
7.879638071911031716e+00
7.648875949284080100e+00
9.495146650187049175e+00
8.392911382198208869e+00
8.872072078724718480e+00
8.580155583117942797e+00
8.650958454986207968e+00
8.064437747694743308e+00
8.203634329066902708e+00
8.087747802937617081e+00
7.827657604121840862e+00
7.470486675786502495e+00
7.548975783935344630e+00
7.480002250614746551e+00
7.548934777500314830e+00
7.412931536840055458e+00
7.574974261081155902e+00
7.362377165967274983e+00
7.481690439851576890e+00
7.488916506209502444e+00
7.371617381733708285e+00
7.399892255688110154e+00
7.268647845033791910e+00
2.905212984596891701e+00
6.286794037598624207e+00
5.607717628312459901e+00
5.865386290543838754e+00
5.223407640247207162e+00
4.940140466401334862e+00
4.814605071910415646e+00
5.873390840130283230e+00
6.170182183482862293e+00
7.397221099949423895e+00
7.846808802394011018e+00
7.928169712798444735e+00
8.226221456730639758e+00
7.882296769164564232e+00
7.782576224600136428e+00
7.999737374266930878e+00
7.982599313331533608e+00
8.025762994458558452e+00
8.101260300782943347e+00
8.247549175644399710e+00
8.200247810239515545e+00
5.692730873220440913e+00
6.683388158465201734e+00
6.803362076712789808e+00
5.730903339794516604e+00
5.774301575494136252e+00
5.671063411550285593e+00
5.832895732592251470e+00
6.063150179793226791e+00
6.117837658279186464e+00
6.067012601158881857e+00
5.973774659223105132e+00
5.932830899203113795e+00
6.131410867046827917e+00
6.115860529092564057e+00
6.030252852690741960e+00
5.851592124479749302e+00
5.994292980034113150e+00
5.826167054783692123e+00
5.769056399515553935e+00
5.544849605541810611e+00
5.729704610558828293e+00
