6.914952058846610043e+02
6.892228313767327563e+02
6.868945674403440762e+02
6.844689752024887639e+02
6.821951541012838334e+02
6.797593916274053072e+02
6.768867514018403426e+02
6.738034157153603019e+02
6.705567915305063025e+02
6.665418775475774282e+02
6.626019184253885896e+02
6.579646442605103402e+02
6.528637441536972119e+02
6.469344479435218318e+02
6.407312410661372724e+02
6.331131813761014655e+02
6.250670019708028349e+02
6.168604694539735647e+02
6.068381806835536736e+02
5.959884049691435166e+02
5.863322482868071575e+02
3.401663122741352367e+02
3.417071535996850002e+02
3.387034498693412274e+02
3.395674094447123821e+02
3.407761707933034927e+02
3.419978307328926235e+02
3.455555086376710960e+02
3.474339147978301412e+02
3.480285588761884696e+02
3.475314603618811589e+02
3.459983198089228154e+02
3.422274724701567834e+02
3.406489598677695767e+02
3.409902166702967179e+02
3.422417729814827112e+02
3.427836461939795640e+02
3.411509001622902133e+02
3.410907835155669545e+02
3.400148589564176973e+02
3.406910249707630101e+02
3.401276396213900171e+02
3.041717890363837569e+02
3.106512042669527318e+02
3.237287589861338688e+02
3.296431924459377569e+02
3.292259669245925693e+02
3.296957565997638540e+02
3.340282452524726295e+02
3.329195440778660782e+02
3.307324109286990392e+02
3.293189894560339326e+02
3.283200736283449146e+02
3.296387928972440591e+02
3.308369946388550602e+02
3.299856535369272592e+02
3.291964680565462800e+02
3.282842858866221150e+02
3.289188413252160217e+02
3.286392502992870277e+02
3.288607739723603345e+02
3.285250690070649853e+02
3.271674594592716403e+02
3.244175020401652318e+02
3.252326086342167173e+02
3.340253269079553888e+02
3.206141165690747812e+02
3.198513613943135852e+02
3.135697815892696099e+02
3.152980136588229811e+02
3.189583203015658910e+02
3.186308031982870261e+02
3.192609685158910793e+02
3.177934569590410092e+02
3.166315807016890176e+02
3.146885727049935326e+02
3.129714317812129707e+02
3.101350989610033935e+02
3.092596910682211728e+02
3.091351983808460773e+02
3.092064119660727783e+02
3.099860657492552605e+02
3.104213922770533145e+02
3.084382557003669376e+02
2.965369872319646447e+02
2.859735748756863813e+02
2.886602222979851149e+02
2.857846958257352981e+02
2.836052307463269244e+02
2.911139417695813449e+02
2.871455844221325719e+02
2.885664779024525046e+02
2.880220827686425764e+02
2.866178045883775098e+02
2.851474455393110929e+02
2.826139451961037707e+02
2.829207209771124099e+02
2.841314391817875276e+02
2.827549270985097678e+02
2.807056926595128061e+02
2.801463625282711973e+02
2.786788909511291195e+02
2.779134659302689556e+02
2.770173856123254836e+02
2.757114954266991731e+02
2.396034712706230607e+02
2.427132361205653979e+02
2.446494518754665819e+02
2.480973079800374990e+02
2.433159143119613645e+02
2.406490162295843049e+02
2.381623635645017316e+02
2.376701979981584998e+02
2.367820766953344673e+02
2.331404738986009306e+02
2.306611353810985179e+02
2.296389936561099319e+02
2.271009938936838068e+02
2.262966641902257265e+02
2.249644073635217580e+02
2.227675537487864403e+02
2.207577922868548228e+02
2.193806203948261384e+02
2.178361239481136238e+02
2.157563335272089091e+02
2.137948484135997376e+02
1.809747789921415233e+02
1.788704426048691403e+02
1.684655032132612575e+02
1.645620085471216214e+02
1.626700701488726111e+02
1.616357277535812216e+02
1.618799600085454244e+02
1.604823445424635509e+02
1.602364796975271588e+02
1.585165189522913636e+02
1.573999313474607789e+02
1.567470499668213790e+02
1.547049276995179525e+02
1.530531638132128478e+02
1.512373067772042532e+02
1.499631806360407325e+02
1.481332320650448082e+02
1.467801550966350987e+02
1.456558430008257119e+02
1.450770280596353814e+02
1.440718423115141889e+02
1.186845479794202163e+02
1.133389279726045800e+02
1.073964498999521595e+02
1.090175256428996278e+02
1.098292286460153662e+02
1.078525163320111631e+02
1.078630509708068956e+02
1.081667924925671542e+02
1.075373258873524662e+02
1.062880503261701648e+02
1.061786988702229309e+02
1.053940910382337677e+02
1.043254970420192791e+02
1.038355594216391466e+02
1.027250963960283627e+02
1.026694408231827680e+02
1.019022953036298844e+02
1.021106695840590959e+02
1.016832486469018164e+02
1.007598904483978544e+02
1.008138323732603538e+02
8.610315086351987190e+01
9.373817108014500832e+01
9.194501909803418016e+01
8.791581442982646877e+01
8.941884262423602081e+01
9.144036836291749637e+01
8.897984544079638169e+01
8.738245792328916650e+01
8.445878500753316587e+01
8.600462906940050800e+01
8.585141491203371800e+01
8.637853813477003939e+01
8.555332918497779815e+01
8.550554388482760260e+01
8.433689483731940584e+01
8.314871332765474676e+01
8.192402184511379915e+01
8.115364436126451153e+01
8.161147126803814444e+01
8.104168450683860669e+01
8.054170850595454567e+01
6.954021782731184942e+01
7.412446051702899297e+01
7.213703347921754983e+01
7.107681283745908729e+01
6.989077420787430128e+01
7.340304799974819616e+01
7.272904228439847429e+01
7.273390400916726151e+01
7.202913033228662698e+01
7.240299594976686137e+01
7.122475579038302840e+01
7.136378398054624483e+01
7.073432627975520859e+01
6.936043263180050644e+01
6.923749513165020630e+01
6.947329852371407810e+01
6.908171454810451451e+01
6.880232964478577173e+01
6.837151664309490684e+01
6.828032895355815413e+01
6.812233853392453398e+01
6.658784599424906503e+01
6.724855137462731136e+01
6.185353000297551063e+01
6.079109423403081536e+01
6.308138474653464556e+01
6.073010871782371112e+01
6.020225495127034776e+01
5.891212194745141062e+01
5.763826322280085179e+01
5.701903234901521955e+01
5.732638240852575962e+01
5.845580452653740622e+01
5.746387349691742941e+01
5.783795264093164690e+01
5.868534668555152933e+01
5.814140043455188334e+01
5.777219433082791511e+01
5.806268034914136678e+01
5.766219591578784787e+01
5.815194780171155031e+01
5.775486605792785610e+01
4.600015580769243684e+01
5.148848865774652239e+01
5.162594980051164839e+01
5.039684168542370202e+01
4.914224844579990759e+01
4.881308710621341618e+01
5.195343746612440583e+01
5.133322849532316212e+01
5.255267485129691352e+01
5.177008747204947525e+01
5.258770153201035669e+01
5.261507880556086292e+01
5.242982523251775717e+01
5.225106676734275624e+01
5.224838618003065704e+01
5.293405624359331796e+01
5.241650513704773573e+01
5.284042815431469364e+01
5.279941800107575034e+01
5.254161758882143118e+01
5.240242279201316933e+01
5.368022116705837732e+01
5.000206542971492496e+01
5.217690589927538980e+01
5.441267421385136061e+01
5.443693516159846979e+01
5.277071647624570971e+01
5.298726137101834865e+01
5.079860421916581714e+01
5.214104429863564150e+01
5.096241464635546237e+01
5.116079807365002807e+01
5.025742549960565242e+01
5.083197352781051848e+01
5.048264145173152428e+01
5.031698387090938240e+01
4.981238657152319149e+01
5.018798121262970113e+01
4.960121220844660428e+01
4.977368944590814692e+01
4.965008821736109468e+01
4.958151953396509271e+01
