7.239529495783768880e+02
7.232085118524350946e+02
7.203915572130853207e+02
7.169180401594884415e+02
7.144965213598368337e+02
7.119258826490145111e+02
7.090206096283211537e+02
7.058391634158995203e+02
7.031954410447809778e+02
6.999268053442157225e+02
6.973393294783597867e+02
6.926553401445212330e+02
6.893771444452106607e+02
6.846576349765065288e+02
6.792120194453806334e+02
6.734757870704178231e+02
6.680329644782835885e+02
6.630166271296948253e+02
6.575694911430721277e+02
6.527915041584259370e+02
6.494401368995146413e+02
5.860067430437966323e+02
5.996763910454197912e+02
5.913970824348637052e+02
5.752562544198029855e+02
5.763263113056558495e+02
5.751272808242146084e+02
5.715468237568118184e+02
5.723186331779851344e+02
5.711910500872463672e+02
5.696351362011872652e+02
5.684602107018023389e+02
5.683178830866658018e+02
5.677838325148039758e+02
5.661175742412772252e+02
5.644298127850886431e+02
5.631194158568487182e+02
5.621678831663617757e+02
5.607813069218434521e+02
5.609060019228281817e+02
5.600278791275176218e+02
5.574939343708622346e+02
5.529584399814419839e+02
5.604135752926753185e+02
5.546810982152062479e+02
5.537795567669832053e+02
5.507164018318701437e+02
5.504175195352034962e+02
5.502564981946114813e+02
5.518259389767288212e+02
5.485090071831614296e+02
5.476832529593701793e+02
5.458339567851039646e+02
5.467527898948058009e+02
5.476464673913078514e+02
5.467702134319025618e+02
5.445950063502042440e+02
5.427287371983169351e+02
5.411872847828767590e+02
5.402440254194606268e+02
5.379621204666058247e+02
5.370866367645988930e+02
5.371613443659089171e+02
5.050539491701233601e+02
5.202423265037961073e+02
5.214657042826700035e+02
5.250821388446292985e+02
5.244578335100277400e+02
5.184436095693770312e+02
5.163224497025333903e+02
5.164569316360383482e+02
5.151372066530793745e+02
5.159045120014959593e+02
5.118754105258731215e+02
5.088525539501413846e+02
5.102761979993077261e+02
5.103220227048557263e+02
5.099035664874211307e+02
5.095013831671494131e+02
5.094016057094665371e+02
5.081937688379159113e+02
5.066725731098274537e+02
5.065412976464150461e+02
5.057965324120620494e+02
5.066328575217002594e+02
4.800357945353615605e+02
4.925079067744962913e+02
4.888559751704315204e+02
4.865409200848858404e+02
4.856180392678226099e+02
4.871923715794827103e+02
4.816544345822948117e+02
4.818753213486079403e+02
4.809552103544652937e+02
4.810046188263560794e+02
4.780581390150638867e+02
4.761166882784550580e+02
4.749207956735410789e+02
4.720036490689913649e+02
4.712673349699856544e+02
4.691493935820752768e+02
4.665984431947506437e+02
4.648629519003970927e+02
4.628761153075549828e+02
4.605372858988751545e+02
4.330948595743698206e+02
4.344582188254667017e+02
4.305581782523549350e+02
4.253955401491509747e+02
4.233393761573449865e+02
4.199741993521196264e+02
4.214548482979419077e+02
4.205580531510233868e+02
4.188671378885226773e+02
4.175474718714700657e+02
4.158186084970857337e+02
4.142245898534289381e+02
4.121306718267057363e+02
4.107280774438536923e+02
4.102042467696544463e+02
4.088991577838336866e+02
4.071883068596092698e+02
4.048285804720919145e+02
4.037210772309933304e+02
4.035882970818016133e+02
4.015609015425807229e+02
3.828742563217621182e+02
3.709161523992094658e+02
3.646725838305905540e+02
3.648928911480947477e+02
3.624317770814498658e+02
3.640402643641363625e+02
3.601494553646946883e+02
3.584949652104529036e+02
3.544876938357472795e+02
3.543370061111630207e+02
3.543681477095111063e+02
3.531319054794734598e+02
3.525724425584177197e+02
3.511228305090899653e+02
3.504350649931972157e+02
3.484711039721714769e+02
3.475631451903166749e+02
3.464096829559842945e+02
3.448547348122519907e+02
3.431764319147890205e+02
3.417825849308264310e+02
3.146643297074135717e+02
3.208419081736116709e+02
3.193267826715750743e+02
3.145125224266305963e+02
3.094333897761379149e+02
3.082296003696693560e+02
3.082055628720351592e+02
3.071812690743192888e+02
3.049898908504063115e+02
3.037614480261705125e+02
3.029999850397277896e+02
3.031754069651450436e+02
3.046450299202109022e+02
3.035219480503992031e+02
3.020247447631043087e+02
3.005101747624165682e+02
2.985359915273642173e+02
2.972071528277461425e+02
2.965339934951866780e+02
2.953032256512046843e+02
2.951627949252360850e+02
2.506951454521974370e+02
2.589915003992580864e+02
2.673363228843572301e+02
2.674178255797144743e+02
2.661885725036769372e+02
2.680017557570516828e+02
2.674700024413440360e+02
2.668345298289879111e+02
2.684270493759727856e+02
2.684039062855111979e+02
2.679569441046220959e+02
2.689199633897246713e+02
2.679137102641586807e+02
2.688746982669655949e+02
2.691946899147405929e+02
2.676389261251477478e+02
2.676938482306854894e+02
2.680315317389649863e+02
2.677869204820386244e+02
2.667840948241646970e+02
2.664927215446990658e+02
2.550854197597730035e+02
2.591472366865559138e+02
2.538169119231585853e+02
2.584021293736724942e+02
2.546216477367684945e+02
2.520935977867770248e+02
2.510232788079686941e+02
2.539354237863377648e+02
2.531387289089954891e+02
2.530875387173884121e+02
2.512673368518558163e+02
2.520798508789673065e+02
2.520878193722436151e+02
2.506994493665105779e+02
2.504502454068906161e+02
2.489592084771292377e+02
2.482508696809819355e+02
2.479482904326771120e+02
2.475762931392632709e+02
2.485033780885245562e+02
2.469623042657967744e+02
2.449148208719574882e+02
2.352138331211865534e+02
2.361907925924176368e+02
2.395250638056042476e+02
2.404869948259973285e+02
2.350111224165646320e+02
2.355726137781651914e+02
2.354477984288928667e+02
2.373544570643931308e+02
2.362108025721042850e+02
2.393436032975738215e+02
2.376761546386878479e+02
2.373666692919607328e+02
2.369974545215417834e+02
2.369899559358390775e+02
2.366848912671593723e+02
2.358206589111952383e+02
2.351552379914151345e+02
2.350074161617157245e+02
2.333266077465690103e+02
2.331277919241586574e+02
2.300084403672684630e+02
2.392155538015573200e+02
2.299017755868193831e+02
2.262604834655843717e+02
2.304923502084786548e+02
2.312530106576270157e+02
2.297188440368456099e+02
2.295304966215715012e+02
2.299725343109079176e+02
2.289684811374828826e+02
2.289873093963761619e+02
2.289354969244893425e+02
2.269799452821951320e+02
2.267560230920837796e+02
2.277266906291187638e+02
2.273858390602096051e+02
2.283870236860434488e+02
2.282350285905827718e+02
2.269207146032326818e+02
2.257945658411227043e+02
2.253280355498549170e+02
2.405425074630100539e+02
2.094600358760371250e+02
2.172487819615317619e+02
2.239279312711205705e+02
2.304532239242748233e+02
2.267543872210968914e+02
2.206463907434915370e+02
2.196622570191615011e+02
2.219318529139365523e+02
2.228173031916946627e+02
2.208876810215063529e+02
2.196014863442124749e+02
2.195755957749731522e+02
2.204387434886303083e+02
2.207364089805005278e+02
2.208901406613565257e+02
2.203501347815055738e+02
2.209360486044646450e+02
2.209245650613004557e+02
2.210872180557731781e+02
2.201256875240117665e+02
