7.176207420256480418e+02
7.081174881695341128e+02
6.916194184370508538e+02
6.653840193431752823e+02
5.603784803215582997e+02
5.625958688748338545e+02
5.566968609411256921e+02
5.545424118963503588e+02
5.408609589919841483e+02
5.348767523995494457e+02
5.323550766062354569e+02
5.252296632098639293e+02
5.072607015576281810e+02
4.783018590985167293e+02
4.567284208284887086e+02
4.368939239903127714e+02
3.059559212133934238e+02
3.046435665142142284e+02
2.925136309335414921e+02
2.776916826594429608e+02
2.285937686354675691e+02
2.273429344813206683e+02
2.226412806582548285e+02
2.152944372899600580e+02
2.114379313552468602e+02
1.840898358249092155e+02
1.782030733628697874e+02
1.790219898949637525e+02
1.687781812030105755e+02
1.608360257554365376e+02
1.740239847197971415e+02
1.708025027181425060e+02
1.592220320750814437e+02
1.524734707314213722e+02
1.555314159261881173e+02
1.491884059055832381e+02
1.560419052562078548e+02
1.450691927802755572e+02
1.421775980535302608e+02
1.398758840701792394e+02
1.431270900747925339e+02
1.281673373076128826e+02
1.254328517782962535e+02
1.255257170016064094e+02
1.641442278698200141e+02
1.344366128333127222e+02
1.302504044314818827e+02
1.255882052786720635e+02
1.110355861330827594e+02
1.161515236681957930e+02
1.187154132669659674e+02
1.174693023134769447e+02
9.824705684482321999e+01
9.740722832517739960e+01
1.086307112863446491e+02
1.077821952733228841e+02
1.035545252028731653e+02
1.029029946301983927e+02
1.038663965742288724e+02
1.007727242983133920e+02
1.010007459781357824e+02
9.672241447847595452e+01
9.930901827163665985e+01
9.592082291834803698e+01
9.651464697232535173e+01
1.035173743502509041e+02
9.914372688517789811e+01
9.559059953673593668e+01
9.768612649525842073e+01
9.067191808144721676e+01
9.489456913471012456e+01
8.896074866277064075e+01
1.005823234078329449e+02
9.004949873309733732e+01
8.630053934120381598e+01
8.451535042810415632e+01
7.088787456501469819e+01
7.835676641021535715e+01
7.727542857649230257e+01
7.907619040690794066e+01
