9.969179299507914038e+02
9.921912319681913459e+02
9.879711044809242821e+02
9.832323847700881743e+02
9.783288898781140688e+02
9.731175458439931845e+02
9.678600818427878494e+02
9.619631742126175595e+02
9.555872401730329102e+02
9.485237057744376443e+02
9.404989466714846458e+02
9.324307966204002014e+02
9.230185583083958818e+02
9.129619649420673113e+02
9.017826668094879778e+02
8.901507285135436405e+02
8.777661755246361963e+02
8.647332663471134993e+02
8.506312344593470698e+02
8.399971646185250620e+02
8.290972709024721325e+02
6.394759077519507855e+02
6.429677910574699808e+02
6.340355947132455867e+02
6.264031446837745989e+02
6.256335784005850655e+02
6.235790704379413683e+02
6.209831152856754670e+02
6.253740222614302411e+02
6.276639677545031191e+02
6.275361184400452430e+02
6.246807488295620487e+02
6.237449082509021991e+02
6.214909278952005707e+02
6.200625875062585237e+02
6.190195228736490662e+02
6.175148437456673491e+02
6.175944244491890913e+02
6.170478008371986789e+02
6.154190671769625851e+02
6.137141276467864373e+02
6.130881449197497659e+02
5.531742597242134707e+02
5.623440587692115287e+02
5.747083782208721914e+02
5.864296980376486772e+02
5.898625932679935886e+02
5.910636816566609468e+02
5.932614851762995158e+02
5.919607842265245381e+02
5.905935100639486564e+02
5.881727453425201020e+02
5.864142913042921919e+02
5.862883328139272407e+02
5.868738752222715220e+02
5.872974076979126039e+02
5.857858212471244315e+02
5.855490440934465823e+02
5.858537992824938101e+02
5.853486871234957789e+02
5.850291753008988280e+02
5.842116684713762425e+02
5.846637995834699950e+02
5.814206090149384636e+02
5.727234622045996275e+02
5.630135484204154181e+02
5.592673296852237854e+02
5.546966866874072366e+02
5.570305420146629558e+02
5.551665882907379910e+02
5.524608558532167990e+02
5.523932284234107328e+02
5.492382331343367241e+02
5.458168598266978506e+02
5.445188474558242433e+02
5.425806049868766650e+02
5.409565433587575853e+02
5.390098796959772471e+02
5.374511276424320840e+02
5.341799915958216616e+02
5.326316592029636467e+02
5.311468623021625035e+02
5.304396706405699433e+02
5.280958780486241722e+02
4.823936833545224090e+02
4.617462094111620559e+02
4.695810829303377432e+02
4.690512964992283855e+02
4.658026730161885212e+02
4.654112599153911560e+02
4.620028172065632361e+02
4.575748043733293571e+02
4.517638755904598042e+02
4.452208416209391544e+02
4.454713350350010614e+02
4.422627772003542077e+02
4.403321536614645311e+02
4.377733614122429344e+02
4.345578663599096103e+02
4.315511001457641100e+02
4.303214353774189362e+02
4.263567904068782468e+02
4.233018786648843275e+02
4.212044709995931271e+02
4.172505441839351761e+02
3.257834721835312166e+02
3.382437511549835563e+02
3.285525639242745228e+02
3.243823303040617247e+02
3.310886483189079854e+02
3.272152410743830728e+02
3.310435941184916828e+02
3.287529403569231476e+02
3.273767217389293478e+02
3.221493390470441227e+02
3.180988856449613422e+02
3.189845467521453202e+02
3.166984985945355788e+02
3.133320104832586708e+02
3.081718177654447004e+02
3.077172222232676972e+02
3.034032518136717158e+02
3.014740547124206387e+02
2.981095074737945083e+02
2.963198002669462880e+02
2.957969696654410541e+02
2.737453676499652602e+02
2.398313889549980331e+02
2.339927015130504060e+02
2.502930095276344105e+02
2.453917550376195891e+02
2.410068987836742451e+02
2.433359573340135853e+02
2.399645379813061652e+02
2.354675851103083346e+02
2.338098468360502977e+02
2.325306287666712137e+02
2.338278044504751279e+02
2.347776959426407473e+02
2.335877033430866447e+02
2.336115579901968431e+02
2.324266891017174146e+02
2.343542650153784450e+02
2.348300228633189590e+02
2.337307597399615702e+02
2.325557611671434870e+02
2.315297325740903034e+02
1.875574488520186947e+02
2.058462949866131737e+02
2.106961263378505009e+02
2.078998407098613370e+02
2.070535048741903950e+02
2.109790512186369824e+02
2.056519683048353215e+02
2.114683842207819282e+02
2.091683339875062302e+02
2.086205276178147301e+02
2.076169159941943292e+02
2.077626647572006107e+02
2.152799334856880478e+02
2.157908549886755907e+02
2.151238730099201462e+02
2.152611412421858574e+02
2.135941746999120880e+02
2.128352366692802207e+02
2.134507157844740846e+02
2.126655020376187508e+02
2.102423303465596973e+02
1.723573464547105232e+02
1.839608738234769305e+02
1.819561633903437610e+02
1.869404548117263403e+02
1.828547027760390051e+02
1.874798827688691745e+02
1.849464216238527854e+02
1.851881640745448863e+02
1.835419807880487895e+02
1.863995656221849799e+02
1.885485315012551268e+02
1.870649646504853081e+02
1.856363794580641695e+02
1.862954887572567202e+02
1.866627487864583657e+02
1.858723549061139124e+02
1.861602031729549083e+02
1.857810059755987027e+02
1.870509340947697012e+02
1.874516994249660513e+02
1.861327137356324215e+02
1.596023161945631159e+02
1.651784383318068876e+02
1.826645737064411890e+02
1.769687087147954685e+02
1.764835587827347183e+02
1.749938542973041251e+02
1.739225055924769379e+02
1.694532527715739150e+02
1.717636367331366216e+02
1.702139438678707677e+02
1.734230457618021717e+02
1.750412749809631805e+02
1.749076001897995809e+02
1.746402256440441647e+02
1.759697601096796404e+02
1.768100596154188224e+02
1.767470073789167770e+02
1.769341045705384090e+02
1.758866954895121353e+02
1.737808993743791746e+02
1.732112558482178031e+02
1.548475356210677205e+02
1.569435304199510597e+02
1.587419190423831594e+02
1.559862620038056207e+02
1.536076952516797292e+02
1.652734881266910065e+02
1.678834110809981155e+02
1.673800129782922284e+02
1.671532081194008867e+02
1.661966648452176116e+02
1.671571934635923071e+02
1.720134258335170898e+02
1.708288247393994652e+02
1.701422363491327019e+02
1.689870923225528259e+02
1.669796741789820942e+02
1.653510114932169870e+02
1.636461639594608641e+02
1.670184642117656892e+02
1.663124333206098413e+02
1.664418668761699678e+02
1.843267113832113466e+02
1.640978349791667483e+02
1.837468801564181717e+02
1.716628297235412219e+02
1.630606142822990705e+02
1.586826605729448545e+02
1.624498693482318004e+02
1.600038462043287666e+02
1.597441324363447848e+02
1.592922976072339054e+02
1.599951305714463388e+02
1.604317116576907267e+02
1.584860566471631955e+02
1.567381755059036834e+02
1.557683315988327877e+02
1.540798916519539716e+02
1.539465095489909459e+02
1.538579432709475157e+02
1.539413382134969197e+02
1.540877212228344320e+02
1.528888222828668120e+02
1.326951183328700949e+02
1.563922812505398383e+02
1.406433098312497521e+02
1.421996257104648578e+02
1.408310492869925383e+02
1.409277085250928678e+02
1.377112508583481372e+02
1.440234418843555773e+02
1.441401686250267176e+02
1.449786049570821547e+02
1.446386846329291984e+02
1.459734399927970685e+02
1.434039571200147805e+02
1.440743433906320945e+02
1.440557244331446896e+02
1.433657047325092435e+02
1.428613718772500931e+02
1.425262368971252442e+02
1.416422368522353281e+02
1.413010902573229259e+02
1.408279058299785049e+02
1.311485979693454453e+02
1.292498551541689551e+02
1.291054618916635945e+02
1.310875576366260589e+02
1.295283154997008239e+02
1.302350914161242770e+02
1.324360050458908802e+02
1.340868592649392497e+02
1.334592882788506927e+02
1.321321670095755394e+02
1.318714656436731048e+02
1.322011445062967425e+02
1.328314511929356740e+02
1.344135367070576592e+02
1.337423320345843649e+02
1.330191249286969253e+02
1.350502475623310090e+02
1.372021078060778905e+02
1.368612674428936486e+02
1.392761254578699095e+02
1.402170316276255733e+02
