9.969236736329055475e+02
1.902796468326766626e+04
1.170783784017696235e+04
8.627561093658076061e+03
6.922065606278122686e+03
5.837684472341186847e+03
5.085821624744286055e+03
4.533850355695020880e+03
4.109249887251207838e+03
3.769671231245029958e+03
3.487145116753297316e+03
3.243908702875425661e+03
3.041860256846146058e+03
2.864476610355683988e+03
2.710717061465100869e+03
2.579226790316136885e+03
2.462268343952598570e+03
2.357250084224284819e+03
2.263354589249738183e+03
2.181068166104054399e+03
2.106995802978904067e+03
6.308937099381575990e+02
6.107928174952295421e+02
6.068180052805959122e+02
6.127687662164730682e+02
6.218117253389672214e+02
6.252792504652441039e+02
6.253157825859314016e+02
6.279639825274335863e+02
6.286272963053797866e+02
6.264478592735133589e+02
6.246083671476203563e+02
6.237742931168627365e+02
6.220541462394353402e+02
6.190434426812895481e+02
6.178313526517605396e+02
6.184983485389462885e+02
6.177458486534302438e+02
6.145325105837607680e+02
6.122708205068048528e+02
6.093880491700742823e+02
6.049995818862211081e+02
5.015336250625271077e+02
5.226631382628547726e+02
5.168696164489809917e+02
5.157876981715168085e+02
5.054794023835731309e+02
4.999354710813662450e+02
4.951110540238726117e+02
4.907026447472156860e+02
4.818587543060405665e+02
4.742440847356393760e+02
4.647604035285962141e+02
4.577899804195926095e+02
4.533737724437074235e+02
4.467232008026637686e+02
4.388035658622943060e+02
4.310219417974192311e+02
4.239351139638659447e+02
4.173154606380443283e+02
4.127317675817560598e+02
4.092550161112260980e+02
4.072630616837264483e+02
3.461785357705121555e+02
3.151249514000497811e+02
3.048063576160571415e+02
3.207245897596397981e+02
3.104796236361320325e+02
3.052363729388344495e+02
3.322255483737629334e+02
3.496345345185580413e+02
3.875914287866711447e+02
4.228811819218374239e+02
4.475102350401526223e+02
4.587506313579775679e+02
4.583568220749895090e+02
4.543722340180085553e+02
4.503998595090269532e+02
4.490713191262856299e+02
4.435835860630350567e+02
4.382395695376571894e+02
4.339325343639898165e+02
4.290644514270058494e+02
4.243098339222331674e+02
2.876888760955479256e+02
2.973465203505041359e+02
2.960972135185041338e+02
3.160996294463821528e+02
3.086554804537083783e+02
3.041589213114718859e+02
3.041028281623388807e+02
3.015482084280782829e+02
2.963464792341084717e+02
2.942754433439632749e+02
2.962289741354000512e+02
2.909200069947850693e+02
2.881387454114598654e+02
2.858826601805374708e+02
2.849969566879482272e+02
2.795024390584657681e+02
2.748922089522229157e+02
2.724704797986001381e+02
2.728374137614701453e+02
2.717105042773072796e+02
2.714629429033691395e+02
2.573915720590997580e+02
2.536927036762265857e+02
2.490574225986910051e+02
2.319670892690850224e+02
2.271324148267599696e+02
2.230012935863356063e+02
2.206497719771100208e+02
2.194727961116653034e+02
2.173456481961332543e+02
2.142031166456754079e+02
2.139276214869182127e+02
2.132698753300689418e+02
2.140089064399847132e+02
2.142009911376358389e+02
2.134556490375030080e+02
2.101387311185241060e+02
2.089305968248893635e+02
2.093140776544277060e+02
2.077141434738808812e+02
2.092439940104931395e+02
2.077462190693208868e+02
1.843619040507513773e+02
2.044662889965694319e+02
1.999857986331057873e+02
1.908210630891296375e+02
1.868504390105339894e+02
1.831429291207786889e+02
1.791963600217737280e+02
1.754480948726088343e+02
1.743900670570168074e+02
1.709869770110111631e+02
1.710587955262855360e+02
1.733903094766797324e+02
1.727032301080916739e+02
1.727665492663090845e+02
1.718146039905288944e+02
1.701815199328319466e+02
1.688237462558821846e+02
1.698448452613094446e+02
1.710678765028099519e+02
1.701649291592374880e+02
1.688485041681529140e+02
1.422546486841160345e+02
1.455569090560977088e+02
1.485090154139311380e+02
1.479324454763749088e+02
1.607102970466011982e+02
1.549606316318738095e+02
1.516239163473245526e+02
1.492968168682443491e+02
1.468108338672464868e+02
1.433801361893923740e+02
1.416495176989864433e+02
1.411253542596821831e+02
1.416367409886028383e+02
1.425314178832879861e+02
1.417049642851097815e+02
1.408040701307064353e+02
1.410495828898275477e+02
1.402704913206483184e+02
1.399051219319152040e+02
1.395972692280694218e+02
1.396543840852337155e+02
1.000110220789881623e+02
1.079591441582235092e+02
1.176774184640503051e+02
1.271615162079285710e+02
1.282859525018480440e+02
1.250636467642684693e+02
1.258645124560721769e+02
1.253981844640613730e+02
1.260224854297748323e+02
1.272603523121375133e+02
1.281150776791765509e+02
1.268009044221287525e+02
1.267664282674877114e+02
1.253222192879189976e+02
1.244217993608868227e+02
1.239526875477605472e+02
1.231473814926189618e+02
1.241955169431012109e+02
1.257717238244871965e+02
1.251133005080823466e+02
1.243187635631936985e+02
6.526835980628657126e+02
3.746430065709020596e+02
3.738997481946415178e+02
3.411574341808337749e+02
2.968640281429131846e+02
2.808216864190684987e+02
2.727102713987638367e+02
2.576054959033355658e+02
2.477231669591187426e+02
2.398286945203552136e+02
2.337595814905142788e+02
2.279125427981343819e+02
2.222819788890802783e+02
2.162769773542733844e+02
2.119047085262930921e+02
2.063230644053379024e+02
2.092593576706940723e+02
2.052269560274041567e+02
2.026085935192214436e+02
2.008719162783509375e+02
1.976337955629916507e+02
