6.915828951407809200e+02
6.891611664093886702e+02
6.869078547186963988e+02
6.845934762706575611e+02
6.821231619434732920e+02
6.795096943375508545e+02
6.767520979353029134e+02
6.738935544595996134e+02
6.704625018682604605e+02
6.668570681913164435e+02
6.627584775249836184e+02
6.581271514168270187e+02
6.528673697541267984e+02
6.469480474252644626e+02
6.401222482938114808e+02
6.327534629691547252e+02
6.248583985125575282e+02
6.164855436514880012e+02
6.065196853682330129e+02
5.961931204388938568e+02
5.856916246311978966e+02
3.787119393642029763e+02
3.519175833276242997e+02
3.422810773768737249e+02
3.393305311065360570e+02
3.490473583030025111e+02
3.483382918323143258e+02
3.467798803374338377e+02
3.446249213212586255e+02
3.479933318628049506e+02
3.465659480139605080e+02
3.456533396375430129e+02
3.450453581254180335e+02
3.438843204414503134e+02
3.450231213448215044e+02
3.461504764499227349e+02
3.449399443639899232e+02
3.437781275263602083e+02
3.443909903347429804e+02
3.434057314152728964e+02
3.418483187529856764e+02
3.402439770164408515e+02
3.533936464860777846e+02
3.483627597489403342e+02
3.404044900125601885e+02
3.340043700859160936e+02
3.353118047158354216e+02
3.341656706709737250e+02
3.329438558845906755e+02
3.319112380725844673e+02
3.345035746232902625e+02
3.313433896273793380e+02
3.302589988364545661e+02
3.302264146063063208e+02
3.285037400131872687e+02
3.301149031043745481e+02
3.294680461834589664e+02
3.298718041625973001e+02
3.305560448792595594e+02
3.303841823359940690e+02
3.299234095444554669e+02
3.310146452993357116e+02
3.300875687843056880e+02
3.369245712166231215e+02
3.221814440926976886e+02
3.278385005201354261e+02
3.258985820616625233e+02
3.260116737969595420e+02
3.242311677218677346e+02
3.226290092143646007e+02
3.257976409463510095e+02
3.256902456052221169e+02
3.256109766639213490e+02
3.252805603280970672e+02
3.234854418069174926e+02
3.231605526138225741e+02
3.227028656592576112e+02
3.242420473122141402e+02
3.235798957685840946e+02
3.227225248266401536e+02
3.226032240688793422e+02
3.226359149236505459e+02
3.228453296451212395e+02
3.211499627163736932e+02
3.144151330906236126e+02
3.225067478208628700e+02
3.290748809575881069e+02
3.248332958081142010e+02
3.262164483377745228e+02
3.183711479979019146e+02
3.196041981532654859e+02
3.176824091036369282e+02
3.159260619106760828e+02
3.155253967484108557e+02
3.133746074724104460e+02
3.107346592564431944e+02
3.105197051162179491e+02
3.093153534088814922e+02
3.094881577509658541e+02
3.111315489784296915e+02
3.111864359362328400e+02
3.115020424190394124e+02
3.108114099266112476e+02
3.106177406263265652e+02
3.101275430268104856e+02
2.931839336142222123e+02
3.092971797575544883e+02
2.976047812912110544e+02
3.005799160730335871e+02
3.000771848749907917e+02
3.008355211844878454e+02
3.030291022904472129e+02
3.013723324604570166e+02
2.977860855054822764e+02
2.994812537545257669e+02
3.008624305126556919e+02
2.997647745658342728e+02
2.989261104477450317e+02
2.998852014226643519e+02
3.009011983969607513e+02
3.024444692708251523e+02
3.031178828099293128e+02
3.021241985237688823e+02
3.005845596881911206e+02
2.991672576542189290e+02
2.992176298631267173e+02
2.618578664338624549e+02
2.735259514891066033e+02
2.823998470423598519e+02
2.867212525004408121e+02
2.885329780757544995e+02
2.905192083687322793e+02
2.931991794805778682e+02
2.928925458794873862e+02
2.916522185604497395e+02
2.914985883592184450e+02
2.919257315465554257e+02
2.912492581498288473e+02
2.917122868618528742e+02
2.918786272836749163e+02
2.917858344103188415e+02
2.917998167201074011e+02
2.908463001438229867e+02
2.895580663016994549e+02
2.893771290732188959e+02
2.882938891076350387e+02
2.880590310899268616e+02
3.004818694291587349e+02
2.991009743475686378e+02
2.908989379047763464e+02
2.879646631025422039e+02
2.841876683991813479e+02
2.865291844817766105e+02
2.821942870456471155e+02
2.826544305469906817e+02
2.830053702327255678e+02
2.847857778059101292e+02
2.834407536160171617e+02
2.830202653639234995e+02
2.811549060767958963e+02
2.825157411535858500e+02
2.817357247178050557e+02
2.816167033074986534e+02
2.808934057004792635e+02
2.799789612654168423e+02
2.790478337528272732e+02
2.782127727475110532e+02
2.775673583117944077e+02
3.013297532975843183e+02
2.928812884128417977e+02
2.750408276392179800e+02
2.773573474174843909e+02
2.755784031412082982e+02
2.799289455288483168e+02
2.766629230119794443e+02
2.731785642185558913e+02
2.704703443484702348e+02
2.719987302567691927e+02
2.730169219321177252e+02
2.712435979051226127e+02
2.712295276786563818e+02
2.699898024251166362e+02
2.706791899302000388e+02
2.688915962510727695e+02
2.698505371424122359e+02
2.698403481798347343e+02
2.699266894655185069e+02
2.683726818004810184e+02
2.676983691238201004e+02
2.789048227440978849e+02
2.550721397704165838e+02
2.603920876592652007e+02
2.628806705101329726e+02
2.607853464866403783e+02
2.594339645725028731e+02
2.624095024287345836e+02
2.596420053914768573e+02
2.586007505798948500e+02
2.564582443807610730e+02
2.567498729177872860e+02
2.563889963899727604e+02
2.581011475286088626e+02
2.582102335798491595e+02
2.588518632841964404e+02
2.602018055347529639e+02
2.599974836294634315e+02
2.586391361043247912e+02
2.591020858993330762e+02
2.587795445358361803e+02
2.584350452461591772e+02
2.805511065236012769e+02
2.586216352102404699e+02
2.594792739401362951e+02
2.516237410258303271e+02
2.503796662302457605e+02
2.478415249934573694e+02
2.483592768053590021e+02
2.483830092998504142e+02
2.476609872987027643e+02
2.478171835552784898e+02
2.473982197155297058e+02
2.487996860356664115e+02
2.481247198384884314e+02
2.484136690915686074e+02
2.491260653573892512e+02
2.490747445170421202e+02
2.496197026602622202e+02
2.493628370665989280e+02
2.486827826852880889e+02
2.490048365840226552e+02
2.496127168388766506e+02
2.549414543149022165e+02
2.513275839105593832e+02
2.442117197798403936e+02
2.420505017772803456e+02
2.423371298742758029e+02
2.449607024621610378e+02
2.470559512421521333e+02
2.460171510610163921e+02
2.456054201478069103e+02
2.466163077712390930e+02
2.458044272661450407e+02
2.463629611623177880e+02
2.442132079875204340e+02
2.437930442570751097e+02
2.434101548775744277e+02
2.438151495481470192e+02
2.441121232026433745e+02
2.440179534498372220e+02
2.435812994223888950e+02
2.439310818048766123e+02
2.430314783601339172e+02
2.267600951947870271e+02
2.389532713273328284e+02
2.458003900375913418e+02
2.505162590308146093e+02
2.490664005914234735e+02
2.499477421822516021e+02
2.454643633261302114e+02
2.441578550388126416e+02
2.449758251912665230e+02
2.441332352772476213e+02
2.413625386524752230e+02
2.404930588094883603e+02
2.400860997373080181e+02
2.395374721035707353e+02
2.396679082357555899e+02
2.394232511823406355e+02
2.391947939517914961e+02
2.382049993992349926e+02
2.374521356932385459e+02
2.370589164015920005e+02
2.374789956508904538e+02
