6.915980855319378406e+02
5.931282193989397911e+02
4.984955575627564599e+02
4.551833268661001171e+02
4.314364770479064077e+02
4.113331024443679098e+02
3.983623115735677516e+02
3.929181297302181974e+02
3.812429691151505722e+02
3.744233743251342617e+02
3.676432020149636060e+02
3.623962231239920015e+02
3.568852353279570480e+02
3.504878216304370540e+02
3.436563092094109493e+02
3.373115375216711413e+02
3.312147844261675118e+02
3.238304182241629974e+02
3.162770089824578577e+02
3.082377891526357985e+02
3.007454474562372297e+02
1.914498292515383184e+02
1.648433879363251719e+02
1.680428725273360158e+02
1.574221128725027370e+02
1.499616484245772199e+02
1.516083465382520501e+02
1.489117194386589631e+02
1.462127868668600001e+02
1.407898697202813310e+02
1.359743650475813581e+02
1.298427432454687676e+02
1.270715041959919631e+02
1.249593071690591302e+02
1.216419358194074789e+02
1.194821576123363229e+02
1.173281868431214434e+02
1.141380788659870689e+02
1.108780066232424701e+02
1.087273235662464401e+02
1.061780538532713507e+02
1.035197565641128392e+02
6.689890059874208816e+01
5.041119047158173316e+01
4.637188177505510112e+01
4.234989672382813097e+01
4.359124806415907472e+01
4.225788686223244639e+01
3.976734378934622782e+01
3.878528940674699754e+01
3.769496311973946234e+01
3.534854387660541875e+01
3.435413850238463596e+01
3.518084417495926175e+01
3.635323932076542519e+01
3.737333146143177487e+01
3.800717076863016786e+01
3.760562507846465508e+01
3.724520133758430518e+01
3.618513832243584005e+01
3.566844226487312852e+01
3.574323430826230208e+01
3.524714993401904906e+01
3.053839930500387112e+01
2.580336113294633194e+01
2.808983823992179651e+01
2.814200033491623287e+01
2.685556842892663454e+01
2.498663655792180904e+01
2.731531461919372106e+01
2.777066575691257455e+01
2.657176553392588758e+01
2.591973465176348412e+01
2.521487937084567577e+01
2.507272384840013046e+01
2.502485467207150549e+01
2.443369659764650237e+01
2.361904911826241715e+01
2.378495361403644637e+01
2.325777793812050476e+01
2.305078825999055070e+01
2.293425357992219560e+01
2.247366995555799818e+01
2.209712487539204773e+01
3.095090835976569110e+01
1.953084190620108629e+01
1.839838504813345210e+01
1.916236070321033225e+01
1.873070029385247182e+01
1.830444572603540720e+01
1.670049305745280677e+01
1.628642055683218715e+01
1.583624928928140285e+01
1.570277547571970445e+01
1.561042495856833590e+01
1.556153517218893079e+01
1.519135496582297584e+01
1.559737435147971496e+01
1.526178452133309449e+01
1.504435157317476346e+01
1.480051336360887504e+01
1.455563705697682231e+01
1.477844275855614775e+01
1.483993775103470369e+01
1.485686791516398664e+01
5.522306965353234176e+00
1.094956284590912432e+01
1.104775087797832001e+01
1.195731235891101640e+01
1.222056552084343828e+01
1.186819844287365910e+01
1.103372460099095242e+01
1.156924883993867859e+01
1.163728607220882161e+01
1.152966255972639154e+01
1.134706619451564080e+01
1.156907350317418093e+01
1.126389868933428851e+01
1.101362908354191994e+01
1.098930664148100789e+01
1.105532644655349017e+01
1.110187022545488844e+01
1.111578375266687146e+01
1.107433420750599318e+01
1.100105277931254832e+01
1.093224972977943743e+01
7.292179566291554949e+00
1.396026278344510274e+01
1.083689452771978345e+01
1.065923497866572234e+01
1.039632117819904344e+01
9.569681428452904370e+00
9.430543222531365899e+00
8.838701410447310280e+00
9.097482736317658691e+00
8.788788098446618235e+00
8.539205918238755189e+00
9.266331458215642414e+00
9.225826653294539881e+00
9.131247509480381552e+00
8.985810442838117140e+00
8.781081576306450032e+00
9.092984193283921712e+00
9.231609568272643784e+00
9.090404560632039832e+00
9.011826601702457751e+00
8.818058480096102159e+00
6.463648564280767062e+00
8.862128494505665088e+00
7.701897184245212635e+00
6.400285660785643316e+00
6.136580783630215308e+00
7.355780033902481918e+00
8.225905487944284999e+00
7.877929305969726848e+00
8.797233110704445025e+00
8.908102445002045400e+00
8.833759985164698847e+00
8.741372043867841057e+00
8.896929160780231882e+00
8.924697528332998786e+00
8.996109342648274776e+00
8.789669816962943472e+00
8.564322415848657499e+00
8.625573938545494812e+00
8.429739935570577103e+00
8.354335030286490493e+00
8.088408467951024861e+00
1.624194893060575184e+00
6.340223829241391940e+00
7.820838775617745320e+00
7.793484993034582864e+00
7.535186672357839122e+00
7.309805626150200908e+00
7.717690244344549200e+00
8.518481488678942171e+00
8.769271152219911158e+00
8.850267884225512915e+00
8.591262797498684378e+00
8.446603966406767583e+00
8.473217614646983975e+00
8.510007162363899980e+00
8.616119317457993532e+00
8.765451963853541528e+00
8.770572509560176755e+00
8.940857640930142125e+00
8.723248147918010176e+00
8.809228533323308241e+00
8.610302184792958613e+00
9.362516834310643077e+00
1.077047614033302025e+01
9.600876083975323994e+00
8.181522939161157026e+00
7.974124115050849504e+00
8.134961524979486214e+00
7.701832099712488500e+00
8.405608293367897943e+00
8.012679575733750781e+00
7.613789278904652846e+00
7.382824089698760694e+00
7.256202384055840504e+00
7.312035129891113705e+00
7.493659863580659497e+00
7.483851365866201810e+00
7.352310350333671529e+00
7.290134988800044624e+00
7.120681069296436405e+00
7.160849902186591898e+00
7.127922098703256992e+00
6.945844122036427315e+00
