7.234570211599537970e+02
7.199863993291922952e+02
7.180201695168481137e+02
7.158264243192086269e+02
7.138811583305295017e+02
7.124765119338161412e+02
7.100364411463422130e+02
7.070068622077661757e+02
7.044675522069217095e+02
7.013825841476990490e+02
6.975638208984636321e+02
6.936299987327143981e+02
6.896868642637770108e+02
6.853322548967728380e+02
6.801230672175618110e+02
6.749949042841512892e+02
6.691592724808899675e+02
6.634179500268176071e+02
6.567697593755149228e+02
6.524874972553420776e+02
6.480775843752634273e+02
6.262849305001525408e+02
5.885614963372950115e+02
5.824465984000622711e+02
5.684512562087164724e+02
5.711560728880168654e+02
5.676296932461133338e+02
5.637471405322215787e+02
5.622002065569943170e+02
5.617220892133642565e+02
5.608699605861876307e+02
5.609490237587633601e+02
5.614552307673463929e+02
5.600320357685026238e+02
5.604935334194692587e+02
5.601449744490279272e+02
5.587496169658006693e+02
5.581456518490432472e+02
5.577338089074182790e+02
5.561298421746896565e+02
5.557785529963024374e+02
5.553381741670726797e+02
5.292714061198588524e+02
5.477304881467509858e+02
5.422272291556257642e+02
5.394080292132654222e+02
5.356522836709565354e+02
5.307751156393042038e+02
5.336789181653343803e+02
5.315298832290990276e+02
5.327404588752822292e+02
5.311014777915370360e+02
5.287084465128572219e+02
5.286554713554737646e+02
5.280440813324962619e+02
5.274771113341324735e+02
5.275018088387192847e+02
5.270360604577672348e+02
5.264382089247742442e+02
5.249763573051307048e+02
5.245469759755916357e+02
5.230583350023566709e+02
5.216157683982535218e+02
4.907650703265682068e+02
5.007052206545316153e+02
4.785013779772983753e+02
4.748743147224779477e+02
4.739466397703449161e+02
4.727675217541865891e+02
4.695749751804181642e+02
4.660544178152568406e+02
4.636093428187672316e+02
4.604069745671284295e+02
4.553738593047175982e+02
4.513407261670125195e+02
4.480146942416143929e+02
4.466122071863886163e+02
4.439048885667772311e+02
4.402184629527528159e+02
4.360895645012034265e+02
4.311149320408709400e+02
4.282843281031722427e+02
4.252302223850423388e+02
4.211461527834784420e+02
2.922823914647449328e+02
3.141430713538233590e+02
3.123543083259827995e+02
3.138075075895768578e+02
3.118628568574756628e+02
3.091027214918464097e+02
3.079573410699219380e+02
3.055280077016054179e+02
3.007351622615954057e+02
2.952573353076199396e+02
2.905117943236919018e+02
2.867430184604804708e+02
2.835247498274113127e+02
2.838357432360053281e+02
2.808369503414754149e+02
2.764207787386293376e+02
2.737338161148402378e+02
2.699977294626243065e+02
2.683880048857536167e+02
2.662669083187596470e+02
2.636315518405364742e+02
2.575718017244126941e+02
2.286373468270045350e+02
2.185704546971286106e+02
2.143638454360777530e+02
2.112033226631491800e+02
2.306143856008013984e+02
2.310397064459880028e+02
2.324838184535751395e+02
2.295362635183961402e+02
2.269711136843546058e+02
2.255949821192312754e+02
2.210959444433085537e+02
2.184291570390188610e+02
2.182714821619429415e+02
2.159535186487858027e+02
2.136025648770004182e+02
2.098292148556022312e+02
2.171222870127970737e+02
2.142762378475750893e+02
2.139034684323453064e+02
2.135937043093997545e+02
1.979608344914416023e+02
1.878927025139878140e+02
1.883457041697220973e+02
1.999795123060566482e+02
1.950580776016975335e+02
1.928918052701846477e+02
1.912444986212869367e+02
1.895936365142972022e+02
1.884601988442673814e+02
1.856048833290153652e+02
1.885485361191063021e+02
1.868647230484791351e+02
1.864512227863208125e+02
1.899701579879127848e+02
1.889413346446166884e+02
1.879341959623933178e+02
1.875203936851668516e+02
1.863533468372667414e+02
1.846824370024128825e+02
1.841609389938327581e+02
1.814634934627347889e+02
1.634006663326155149e+02
1.446446958885070728e+02
1.586114533056349671e+02
1.566641133271779722e+02
1.580781500966149622e+02
1.594605556299154614e+02
1.654491024744899903e+02
1.706765074625998295e+02
1.712768322288211493e+02
1.712752305426932082e+02
1.691369086852361647e+02
1.703203648112838948e+02
1.684109143569162939e+02
1.676112887653458472e+02
1.673179419887747486e+02
1.653482488318166190e+02
1.658859067958977391e+02
1.651273959270798173e+02
1.640857470094189239e+02
1.625557175464390127e+02
1.615281586644041738e+02
1.351949720635336689e+02
1.862274928822969855e+02
1.766298132664398395e+02
1.688460782898028469e+02
1.660410893950469813e+02
1.640958129048882768e+02
1.643401727388029485e+02
1.606231947796771919e+02
1.611005979809537791e+02
1.602518360598409402e+02
1.628266745197256853e+02
1.616269637113634872e+02
1.591385854927849834e+02
1.571122067229009645e+02
1.551411617508258018e+02
1.536066497601920844e+02
1.512515039612519558e+02
1.502274861718731245e+02
1.495828948439413182e+02
1.485014535036473831e+02
1.480255352714298738e+02
1.684095413255867584e+02
1.479254647820752098e+02
1.390430648300545329e+02
1.422593530599741030e+02
1.427285610787611745e+02
1.435955555004321980e+02
1.395675635541443285e+02
1.389158178474931731e+02
1.368245654250428629e+02
1.433767056800525665e+02
1.420230183219644573e+02
1.409581149866459384e+02
1.398870871446345063e+02
1.413754264907894367e+02
1.410832897550790221e+02
1.416830512605536967e+02
1.413786600655956818e+02
1.396865943732147457e+02
1.406576498170547893e+02
1.397240327794545749e+02
1.382820336024114170e+02
1.276185475038039954e+02
1.532612573747560134e+02
1.477441952230075515e+02
1.390696589253424520e+02
1.361097532856220766e+02
1.332982565238335440e+02
1.286300322450012459e+02
1.262040825255360659e+02
1.249532900421000932e+02
1.305928438466833938e+02
1.303197630482618763e+02
1.310677157312372572e+02
1.311755759163847870e+02
1.303791690989538097e+02
1.320272429160823151e+02
1.321028672618939197e+02
1.312454779740862989e+02
1.309136795584727793e+02
1.319459681463250433e+02
1.316324211159394508e+02
1.306491895222448250e+02
1.174713073277669366e+02
1.238132838626694507e+02
1.255858928308654328e+02
1.206000384565087558e+02
1.197915813926368287e+02
1.153605830397229397e+02
1.138967622975410876e+02
1.182919805865116842e+02
1.175247383349896637e+02
1.186961720036283907e+02
1.177918955342644551e+02
1.187340761168692325e+02
1.169524506953395218e+02
1.174572196428303101e+02
1.207277743780914392e+02
1.209460976610301799e+02
1.210564817193994713e+02
1.204223972047597755e+02
1.194918882377177169e+02
1.238385791246348759e+02
1.233676054049032444e+02
1.534529197431782563e+02
1.380830910006214083e+02
1.241728714592569105e+02
1.224894815950939631e+02
1.283110460398615942e+02
1.234338344379001029e+02
1.220518999108305707e+02
1.226810839750216218e+02
1.232129116987334498e+02
1.226133488061475845e+02
1.197154631486867515e+02
1.197803816021135646e+02
1.195031158566536789e+02
1.181626326061289944e+02
1.180044395516161160e+02
1.161759153401858384e+02
1.150795466767584827e+02
1.137806638740838139e+02
1.148658970038874543e+02
1.150344889971009223e+02
1.145516420752081075e+02
