9.967372327539684420e+02
9.923230933146350026e+02
9.876271128195445499e+02
9.832235539863271470e+02
9.784456957761829017e+02
9.733957419518469578e+02
9.678311114789669318e+02
9.617510950690630125e+02
9.556200925284107370e+02
9.486601867724008343e+02
9.410567820808619217e+02
9.324798993035666399e+02
9.232889477882094980e+02
9.126299208705494266e+02
9.026145930230012482e+02
8.911731190922248516e+02
8.790866372703547995e+02
8.661163778715662147e+02
8.538825416373101689e+02
8.405782752513988498e+02
8.301833668909930566e+02
5.930173051115627914e+02
6.329936619189999192e+02
6.268960767377043339e+02
6.200919034319273351e+02
6.249814012061001449e+02
6.178788278508283156e+02
6.172378150650732778e+02
6.151179218479047677e+02
6.161485586534367940e+02
6.166067690076409917e+02
6.182322022612537467e+02
6.195457538812901248e+02
6.180592478274219275e+02
6.153516577300804329e+02
6.154843055588804646e+02
6.151888605433562134e+02
6.159039737220679172e+02
6.151060335809273738e+02
6.159161199860310489e+02
6.158993173009993143e+02
6.155785296887069080e+02
6.245886341919510869e+02
5.891041280937799911e+02
5.921066948968596080e+02
5.836958276154169880e+02
5.863720361733658137e+02
5.887293674528461906e+02
5.921987993698548962e+02
5.930207779887397237e+02
5.915271186014484783e+02
5.920358972240259163e+02
5.956164441711428026e+02
5.973348700225998300e+02
5.967555249130575703e+02
5.958629831567930069e+02
5.944830414035915283e+02
5.922876384199839777e+02
5.917522526816270556e+02
5.927057316270658021e+02
5.945418686720688584e+02
5.948177595233315742e+02
5.941016122904333088e+02
5.707276509912288702e+02
5.750841228612168834e+02
5.879792977573474673e+02
5.827127224061671313e+02
5.806746421587363329e+02
5.826372564038937298e+02
5.722205245735170820e+02
5.719698454418040683e+02
5.697907516473885607e+02
5.701970518972142372e+02
5.685156460774686593e+02
5.682616648608604919e+02
5.688271672039053328e+02
5.692445243644540369e+02
5.682465750551334622e+02
5.676658354509631863e+02
5.682500314634476126e+02
5.688902764110175667e+02
5.696022596158792339e+02
5.690550027647749403e+02
5.680498059731721696e+02
5.239237880871612560e+02
5.429022016250456772e+02
5.383058240656558837e+02
5.403852400641505938e+02
5.390824954550791972e+02
5.362431542086131913e+02
5.374514133396119178e+02
5.378261836087710890e+02
5.369202988493836983e+02
5.378369505811522231e+02
5.387270924748314656e+02
5.369506762360925904e+02
5.354382444431332715e+02
5.361655463974543636e+02
5.356774740259184000e+02
5.373162807860401244e+02
5.346548201837598526e+02
5.345353123439633691e+02
5.339290184969147504e+02
5.341082261941870684e+02
5.332811209085523387e+02
5.056716364318269825e+02
4.974471404751878936e+02
4.968262895862608275e+02
5.032661569150694163e+02
5.091336486090029325e+02
5.054646979141695056e+02
5.017086156816994844e+02
5.012066878982160461e+02
5.036807962349337799e+02
5.025364409524905227e+02
5.016448579356278401e+02
5.005449687671816150e+02
5.019923977823390828e+02
5.015489983986930156e+02
5.017958960910286805e+02
4.995778671412729750e+02
4.965493484399082149e+02
4.967622972306195379e+02
4.983213048325628165e+02
4.962704317494905126e+02
4.945028730153779293e+02
4.995279712898910134e+02
4.683366790776391895e+02
4.635994920434198434e+02
4.585599036860695037e+02
4.603407219945798374e+02
4.555817024296030127e+02
4.579353270328710437e+02
4.574450589795685005e+02
4.611425265021961195e+02
4.594412728230319090e+02
4.596955516113268345e+02
4.596616325602634561e+02
4.599203099338822653e+02
4.590002742317248021e+02
4.577338355766825657e+02
4.570902997265616250e+02
4.558234364977032556e+02
4.555919611219955527e+02
4.534024971725365276e+02
4.532806905250780574e+02
4.514596872787661823e+02
3.944658447903201477e+02
4.052013077746985346e+02
4.182599253539618758e+02
4.187480235795779322e+02
4.148064263660563711e+02
4.171833530320055843e+02
4.162480775129824337e+02
4.189871125530353311e+02
4.186905395095756717e+02
4.195192074377218319e+02
4.194879814563179821e+02
4.179031294421711777e+02
4.157331889999741179e+02
4.162424064605886542e+02
4.161695654705225706e+02
4.139503513042556619e+02
4.140255687409940037e+02
4.124521468275435723e+02
4.113149823617088714e+02
4.113791278515532781e+02
4.116075991185755356e+02
3.959601750176831274e+02
3.983955074878699634e+02
3.951741426801646071e+02
3.958507635918669507e+02
3.920873288737018925e+02
3.903384238509153192e+02
3.896886811452123425e+02
3.904869405777756697e+02
3.928016415503274175e+02
3.899310210176627152e+02
3.908535817566856849e+02
3.896806101904090269e+02
3.901420233453879973e+02
3.902748048128893288e+02
3.876721944096908032e+02
3.859947507116729071e+02
3.845299766660178875e+02
3.824540036248044999e+02
3.824669822375754507e+02
3.811307444232641046e+02
3.785173518846638103e+02
4.199166870692614566e+02
3.719965914859711802e+02
3.766227283883156929e+02
3.716443514524542593e+02
3.680126432594763628e+02
3.668728002106192889e+02
3.671385649777890308e+02
3.658109052482751054e+02
3.617689516286784510e+02
3.613233660429016254e+02
3.586657095523615908e+02
3.567277896040753831e+02
3.573406049437412548e+02
3.579936000375619187e+02
3.578221517427671756e+02
3.553827063450870014e+02
3.547677685216647205e+02
3.540779751209650499e+02
3.518676833103199328e+02
3.516229976088168314e+02
3.512680940705338912e+02
3.509322662620298843e+02
3.400007165994351794e+02
3.366803594952554590e+02
3.406973236955099082e+02
3.345103298229278153e+02
3.332135633854881576e+02
3.360435260488811196e+02
3.360786654414200711e+02
3.356857194721753785e+02
3.390258082748915172e+02
3.371091780004741736e+02
3.348913491089027730e+02
3.329773600364672461e+02
3.321843860076741066e+02
3.314557514923416761e+02
3.302026779071790088e+02
3.302914731405222142e+02
3.315116990934614023e+02
3.305732632821335528e+02
3.315226011703513791e+02
3.318372981403808240e+02
3.174973813245883889e+02
3.232737880319217538e+02
3.086531686160668073e+02
3.120363683617575816e+02
3.168465192397411556e+02
3.165870290993591993e+02
3.179583186091695097e+02
3.182066344447296729e+02
3.194849649960015086e+02
3.206368522817075473e+02
3.180615751501691761e+02
3.189036174143799940e+02
3.190529916428309321e+02
3.179269513966482350e+02
3.175011503593105999e+02
3.183961375594947754e+02
3.164090392347083025e+02
3.171009063247406630e+02
3.158912902715767927e+02
3.167349995121807069e+02
3.169713104325541053e+02
3.259094283008768116e+02
3.099029341630824206e+02
3.088319659405779021e+02
3.052435435168906110e+02
3.041022526547453708e+02
3.032980139900022891e+02
3.049023448461172734e+02
3.067763481612125815e+02
3.086940971667906410e+02
3.063213248734383569e+02
3.070619064922352095e+02
3.076041131618850386e+02
3.079097013864768542e+02
3.076062186714441395e+02
3.079282343946582046e+02
3.090006170959974838e+02
3.076759285117659601e+02
3.062662043409583816e+02
3.067376529475628217e+02
3.060495762934033905e+02
3.054358358502566375e+02
