1.723318847023721219e+02
1.709690813707265420e+02
1.695776397232168335e+02
1.682169276468687826e+02
1.668853305000312162e+02
1.653987677519768340e+02
1.637672759827644313e+02
1.621073862125166158e+02
1.603541815535924684e+02
1.583078251895982191e+02
1.563264500732286422e+02
1.540532026705637918e+02
1.515156063978032535e+02
1.488549834415105693e+02
1.460393339219039603e+02
1.430333603163737735e+02
1.401874813783262539e+02
1.373152215775282059e+02
1.346881999775554561e+02
1.326462834504546890e+02
1.309991490302587067e+02
1.100999173000733578e+02
1.009789088992145452e+02
9.977067712448672410e+01
9.681283295314449333e+01
9.606049818676328300e+01
9.481283907152298696e+01
9.377388684241070393e+01
9.289551679375686888e+01
9.210778750227284206e+01
9.281131845436961214e+01
9.220314970213782146e+01
9.229177747742700433e+01
9.190220362862646653e+01
9.175139447687686811e+01
9.165054013349440254e+01
9.117372410639967484e+01
9.068090820259989471e+01
9.040678102393569304e+01
9.028292238174319095e+01
9.005225381090814096e+01
8.985948311519506149e+01
8.777213238211683688e+01
8.566746126872945410e+01
8.386150340933409097e+01
8.357594680396758235e+01
8.423890171119823833e+01
8.448225437541262295e+01
8.476827995132947535e+01
8.470347487984707868e+01
8.529301438913927313e+01
8.565410554499821671e+01
8.540806390573429496e+01
8.527435429545681700e+01
8.539290015784347077e+01
8.499338692570984222e+01
8.492574564717050123e+01
8.476560379714211990e+01
8.467888801788535602e+01
8.471905828391363968e+01
8.423601593994649761e+01
8.389143723523426388e+01
8.410632937891824668e+01
8.267356385960486875e+01
8.073783624704687156e+01
7.963955202308133607e+01
7.948230376104822881e+01
7.858798772028544022e+01
7.840940395688910769e+01
7.845477179502069021e+01
7.782819796041007976e+01
7.788582374550215093e+01
7.729820109827018371e+01
7.626408222362394440e+01
7.585573088512401796e+01
7.527298747949807023e+01
7.515271215676155236e+01
7.442180228271688236e+01
7.410351928923856235e+01
7.349710783615054766e+01
7.289883071192413411e+01
7.287151027115199042e+01
7.277031008920666011e+01
7.237419647799346478e+01
6.102119436399698316e+01
6.213457062749803583e+01
6.114916459629440482e+01
6.131562815659805921e+01
6.159460043074750502e+01
6.121562347267838788e+01
6.043596220532766949e+01
5.988868469480630807e+01
5.907478110222656653e+01
5.805344953598872593e+01
5.739060819228114241e+01
5.642844530606337372e+01
5.553744757836354040e+01
5.485800497374648188e+01
5.419795403111331922e+01
5.358136676685788302e+01
5.297071592119304739e+01
5.224500474678802675e+01
5.145885791041710888e+01
5.100771603239307694e+01
5.042819980957006720e+01
3.729986190406185642e+01
3.711971492916111970e+01
3.608730877450427244e+01
3.580110939760867694e+01
3.520093865182714410e+01
3.500755847666680154e+01
3.507857255684267983e+01
3.467457477277071831e+01
3.421585198820523743e+01
3.399690226559638262e+01
3.364839202525852357e+01
3.319583539243621573e+01
3.276983886126978263e+01
3.238400387339905961e+01
3.211577477261361935e+01
3.175019256105762011e+01
3.141186122757899213e+01
3.114329910157621484e+01
3.085437422989894785e+01
3.044673440965604883e+01
3.018324764458130360e+01
1.911241114352434778e+01
2.162087810435665958e+01
2.240585683799338312e+01
2.224024988475902731e+01
2.213586999980244840e+01
2.239542495186375959e+01
2.233691937989831189e+01
2.247880784607100324e+01
2.265185269630470444e+01
2.307005272336582991e+01
2.306544261787211170e+01
2.281578407610734871e+01
2.274533495175488795e+01
2.276917321479514200e+01
2.276938303198841140e+01
2.275211236170634521e+01
2.265240335885409095e+01
2.241526481106139101e+01
2.217904049888292306e+01
2.196868321042102323e+01
2.185011651513655551e+01
2.237601067910123120e+01
1.898104341479546164e+01
1.799658671937177346e+01
1.863371963909074225e+01
1.886867235564116640e+01
1.793223075454130822e+01
1.848037524933318920e+01
1.868388706605711036e+01
1.820056997300458690e+01
1.826471529578134678e+01
1.814929750942879139e+01
1.826546165111135522e+01
1.816796235547361604e+01
1.796122025698252500e+01
1.794403234026644967e+01
1.786041160755489443e+01
1.799181005119283583e+01
1.796452316858449549e+01
1.772306805927489393e+01
1.767900281781341576e+01
1.768935655757021408e+01
1.899720813157861699e+01
1.658248160131391913e+01
1.646600955850675518e+01
1.677185056877847202e+01
1.629835826401401278e+01
1.578727940948991915e+01
1.596037803394731291e+01
1.520966361551833934e+01
1.497418999332418110e+01
1.503869763266948567e+01
1.530591178817213560e+01
1.545563430705035834e+01
1.543438430815860940e+01
1.524702418096659606e+01
1.522667475629848433e+01
1.504234679621047022e+01
1.509004078668410465e+01
1.496269995901333161e+01
1.484884713821303492e+01
1.482887725082763630e+01
1.491379680412928543e+01
1.161979306541385348e+01
1.264381117300932189e+01
1.317901121883550708e+01
1.315076324935748886e+01
1.341138087901768650e+01
1.333410781560610125e+01
1.360280220446810873e+01
1.373405751888513215e+01
1.346933592875027408e+01
1.344406219743861364e+01
1.335604000699856897e+01
1.335182036321291044e+01
1.324447337513140610e+01
1.340383404395345579e+01
1.328206331057639211e+01
1.316916203405365593e+01
1.329180343558840249e+01
1.303841561038623809e+01
1.312899890918272838e+01
1.294331266391616886e+01
1.297642504951104492e+01
1.746428997295732444e+01
1.448416165220560003e+01
1.296091159696989692e+01
1.377825008839185017e+01
1.334908508254501847e+01
1.306886084600909470e+01
1.305394725351244034e+01
1.256753429196712268e+01
1.248261722709118438e+01
1.241118114231590042e+01
1.225740080493695316e+01
1.203017646469598212e+01
1.203363427247541040e+01
1.184853146738455720e+01
1.177909787817008969e+01
1.176763449420384688e+01
1.172147925313343819e+01
1.179640240189568701e+01
1.186740676727769461e+01
1.192898824067980357e+01
1.184323678487135467e+01
1.548359346030475159e+01
1.340453299549223765e+01
1.183013322645678755e+01
1.188384443669441914e+01
1.185160765251806581e+01
1.154189562184350493e+01
1.169163115360878891e+01
1.168203158749131454e+01
1.173530661628139171e+01
1.173387079449732617e+01
1.155331512180853970e+01
1.162854197151594526e+01
1.163167833631385051e+01
1.150890396692902762e+01
1.143827958469961814e+01
1.139673813871502261e+01
1.122887544086164269e+01
1.117441304732181706e+01
1.116623345681634483e+01
1.124291108000535999e+01
1.115677586222466289e+01
1.111872781194784565e+01
1.020937507157778512e+01
9.704353480744813965e+00
1.077902528534456295e+01
1.063763792225422478e+01
1.059813717337272010e+01
1.093189873644342391e+01
1.082292861352457081e+01
1.063142827766283638e+01
1.050592537582368990e+01
1.035068440146022795e+01
1.041218652118469201e+01
1.028547656929452714e+01
1.024006782967225426e+01
1.022496302823595116e+01
1.008450829684443129e+01
1.015654890264723775e+01
1.019767353064696813e+01
1.021050245803460577e+01
1.013008296789021578e+01
1.013214040421259732e+01
