9.969222059123676445e+02
9.922896476528717358e+02
9.876030962491644232e+02
9.829887497492501325e+02
9.779419611518277407e+02
9.728613226936436149e+02
9.675201516912794659e+02
9.615926514252374773e+02
9.554415052936248003e+02
9.487387390130907079e+02
9.411098625709221324e+02
9.322478154500358869e+02
9.229775080604182449e+02
9.130121102706709735e+02
9.019201280039133053e+02
8.909580765510397669e+02
8.790386933970644350e+02
8.657586138126080186e+02
8.534698799736415822e+02
8.410883867779258480e+02
8.302275426959353126e+02
6.712218155870568808e+02
6.522553983856554396e+02
6.398013978582343952e+02
6.361084662493344695e+02
6.252177527704691329e+02
6.237955193432468377e+02
6.232945810731052916e+02
6.192495912874479700e+02
6.185301240592298200e+02
6.170449638402290020e+02
6.148236733045015399e+02
6.163421860317167784e+02
6.150539250615529454e+02
6.134803811732483609e+02
6.128225921823330964e+02
6.109192905432320231e+02
6.103894122931702668e+02
6.106982701727306448e+02
6.118927601393992290e+02
6.128926569216599773e+02
6.131824096125205870e+02
6.029406674933128443e+02
5.889011604547476963e+02
5.919531949937137369e+02
5.969884408736138539e+02
5.972348182814938582e+02
5.939698966494529486e+02
5.931786645456752467e+02
5.929875968487071987e+02
5.934484672744561067e+02
5.940328467610374901e+02
5.922807581006505870e+02
5.896946912815648147e+02
5.872706629784929646e+02
5.885116030592907919e+02
5.889651410787040504e+02
5.898400391628551915e+02
5.867434440350089062e+02
5.855921374861781032e+02
5.853210818422021475e+02
5.857601521086036200e+02
5.849440331736240068e+02
5.426199745336093656e+02
5.346852725710199365e+02
5.435751904520690232e+02
5.511464148530628790e+02
5.564875713259635859e+02
5.568831710262007846e+02
5.560309225976021708e+02
5.567132363122459537e+02
5.522752928068123310e+02
5.520651531113977626e+02
5.484301398803089569e+02
5.465876644550685342e+02
5.435554605279178304e+02
5.413843036171530230e+02
5.392849576374211438e+02
5.388098541706223159e+02
5.368177181442845267e+02
5.356677380951219902e+02
5.358427673364265047e+02
5.339036347001235754e+02
5.319026201399007050e+02
5.107554326170893546e+02
4.880547734597236627e+02
4.857691884348997746e+02
4.837534215002173141e+02
4.773033388570091802e+02
4.741549498014421147e+02
4.735950688383317697e+02
4.686512089273731476e+02
4.633907855211193123e+02
4.588655846182038545e+02
4.586004234609355308e+02
4.562906019974796550e+02
4.537853384232009830e+02
4.493630492003764516e+02
4.448572368265232626e+02
4.417957961328405645e+02
4.397936325255049610e+02
4.367538579846013249e+02
4.338539450056629789e+02
4.306416270039164829e+02
4.274152649175331931e+02
3.039938126132740308e+02
3.460781628186712737e+02
3.546353520407943734e+02
3.483681563151827731e+02
3.426026250983951513e+02
3.413554082865242663e+02
3.381049918710525048e+02
3.377293017131093507e+02
3.336850011731135055e+02
3.320360651070625977e+02
3.288747239477687003e+02
3.256546416387212730e+02
3.251169386270795485e+02
3.225231005260796451e+02
3.200106159070683134e+02
3.167820836438012293e+02
3.141968092304314837e+02
3.123443529754670180e+02
3.104173187061358590e+02
3.090523537371959151e+02
3.080529277495671181e+02
2.590001835833256223e+02
2.664320132533258061e+02
2.774612065499221103e+02
2.664332151072414376e+02
2.623018180326914148e+02
2.556484899794228340e+02
2.553593947604543928e+02
2.556352978703845906e+02
2.534291739732762210e+02
2.510777333126974327e+02
2.501478155985289789e+02
2.489005288654226433e+02
2.485764031384922532e+02
2.461776015041440075e+02
2.454694484150876406e+02
2.432792851729597601e+02
2.420060433571710234e+02
2.401561591070803274e+02
2.395691752761644295e+02
2.382962188645204265e+02
2.394273120741564753e+02
2.135239821449885085e+02
2.141429140101653843e+02
2.194206082402519939e+02
2.122647675600376544e+02
2.158517796756846963e+02
2.208377228627248030e+02
2.176587514609945515e+02
2.224756149694339058e+02
2.211171901791706489e+02
2.164500754126381707e+02
2.154182957775234115e+02
2.121524501686230906e+02
2.113867718916594356e+02
2.095254468932290592e+02
2.095588152602111620e+02
2.098021085178338296e+02
2.085456824556991364e+02
2.075811237657923130e+02
2.055284596966330071e+02
2.053762106174259827e+02
2.035903876197442912e+02
2.225773642358572033e+02
1.943873152418967436e+02
1.961743755403945499e+02
1.939912115351887678e+02
1.938459314047947544e+02
1.965103298663024987e+02
1.921568294131664629e+02
1.888089254296527031e+02
1.897291047744763262e+02
1.843224008902328137e+02
1.904351146483762705e+02
1.896234023464151619e+02
1.890319568401222909e+02
1.875539068731594341e+02
1.862726732296291061e+02
1.857211585404960488e+02
1.854774116845827905e+02
1.856246415382665020e+02
1.846332859190701470e+02
1.851671171782326155e+02
1.835114800938642645e+02
1.657076209158457516e+02
1.747422353708207368e+02
1.670387784615474231e+02
1.676342370211474702e+02
1.670977422168163855e+02
1.681723167669602219e+02
1.676014976385085617e+02
1.661622095227084230e+02
1.650627747637584264e+02
1.676460368361641997e+02
1.695164319782368523e+02
1.680479285939215686e+02
1.679572317932856720e+02
1.697260502249965839e+02
1.681190795564047846e+02
1.702786899459211725e+02
1.705137662027374574e+02
1.706791299212854653e+02
1.689919449105704530e+02
1.704811895100653487e+02
1.697399827890246229e+02
1.674588158819386763e+02
1.583593537948327423e+02
1.602601410566310278e+02
1.666296308944751843e+02
1.637710940920509017e+02
1.582533034450025013e+02
1.604212546294218953e+02
1.591763549067944155e+02
1.583640945687765509e+02
1.598831379205914800e+02
1.664922141447170247e+02
1.652917377277711353e+02
1.650992126489011014e+02
1.644559758475996034e+02
1.631874094536500479e+02
1.668887472197743023e+02
1.658009548263084127e+02
1.656444702177950035e+02
1.648261854287479196e+02
1.633424656744144556e+02
1.642530637324804843e+02
2.064677050833753924e+02
1.534901559804606279e+02
1.447048533026640200e+02
1.489453387408775029e+02
1.498531776181501414e+02
1.496189464111160703e+02
1.503100897248635590e+02
1.508575472829388389e+02
1.525931408343413693e+02
1.521486458812334490e+02
1.529419024750199299e+02
1.513672743037762700e+02
1.561893523941475621e+02
1.551738176563858929e+02
1.543894353106519475e+02
1.527466660839243389e+02
1.530724565746703831e+02
1.512410174089499435e+02
1.516844644570055323e+02
1.504713041973302268e+02
1.491562958272725439e+02
1.577944195082245642e+02
1.347357571799220750e+02
1.328961657330750654e+02
1.319573874112065539e+02
1.377655323457396719e+02
1.364695490362398118e+02
1.373301873576026537e+02
1.350545546070945022e+02
1.350271999984903744e+02
1.354703018001911801e+02
1.349345952893332026e+02
1.344880891028222720e+02
1.330880503983795506e+02
1.326738305252571024e+02
1.340456337076802527e+02
1.337758193912818285e+02
1.366299148259209062e+02
1.363665506694860312e+02
1.384017518147385317e+02
1.379910280979312631e+02
1.387376856227455448e+02
1.147861193295882458e+02
1.209559078215737884e+02
1.289154810311218853e+02
1.330580275686262439e+02
1.367669778242791381e+02
1.365856113781710519e+02
1.355302852683060735e+02
1.388858499407423892e+02
1.361535796967956173e+02
1.391059321888097884e+02
1.363059018155610147e+02
1.356557487431389006e+02
1.346223631517473223e+02
1.384234107728811125e+02
1.369442867377009350e+02
1.371204613378994850e+02
1.357000458431094501e+02
1.359666206589568276e+02
1.390595945352372098e+02
1.389325338550290780e+02
1.384887111093160854e+02
