6.881645915914112948e+02
6.754208436395754234e+02
6.554515543366294423e+02
6.207577087425673881e+02
3.436344191259159402e+02
3.508704406065513126e+02
3.440242614360614084e+02
3.421952550672011171e+02
3.446149201547363532e+02
3.327796908706956742e+02
3.314219767910317955e+02
3.275693428104681857e+02
3.115334775778585481e+02
3.140332756246499457e+02
3.127187679009921908e+02
3.105098627739690755e+02
3.020041060544599532e+02
2.925198229063823305e+02
2.810290719271462763e+02
2.761651228571374759e+02
2.329922303290484251e+02
2.319784039443651125e+02
2.228948286725163825e+02
2.142474339701671511e+02
1.736465537526096909e+02
1.602852463239820224e+02
1.487200909744711055e+02
1.440754672131897109e+02
1.064157320294777804e+02
1.040059955779721719e+02
1.020011519915407234e+02
9.865004018298792232e+01
8.568155763585708939e+01
7.594892984066143526e+01
7.589505450028268285e+01
7.464617974763595498e+01
6.241223601175604330e+01
6.197132576025244077e+01
6.233871455060155853e+01
6.315711930386757444e+01
6.411809783102394533e+01
5.948979562902196250e+01
5.790805179285914761e+01
5.661746081932446373e+01
6.275149325980059700e+01
5.272379597881169389e+01
5.124360456713211676e+01
5.051211404003914396e+01
4.032692899629439864e+01
4.559541468858039792e+01
4.570233835754727636e+01
4.595770932114923113e+01
4.690898023526682437e+01
4.335555410806465204e+01
4.209798147187941453e+01
4.361875978509915797e+01
4.423492473565944749e+01
4.213457003437193293e+01
4.013186606481582430e+01
3.962622859547251863e+01
4.451492719036357926e+01
4.075252711998662392e+01
4.134849562805256795e+01
4.237053800404725479e+01
3.379231295710555827e+01
3.644485239261611298e+01
3.759364702895771870e+01
3.680103073785512180e+01
3.435746525338241497e+01
3.144318547585788792e+01
3.518801210303398364e+01
3.465657056581246565e+01
2.958358909974344542e+01
3.337302483429696309e+01
3.392046251140975954e+01
3.392594312393686806e+01
3.173645186186111999e+01
3.286532778950814304e+01
3.230719950295585363e+01
3.127006981275143005e+01
