6.915535015574313320e+02
6.892573977967595056e+02
6.869942479156519539e+02
6.846043342419337705e+02
6.821522296366150613e+02
6.794746876566728133e+02
6.765793677583520775e+02
6.736284725637118527e+02
6.701659443562979277e+02
6.664470415802630896e+02
6.625029814276225579e+02
6.577526857312998345e+02
6.526859716206374742e+02
6.469788253892830880e+02
6.404534635191862435e+02
6.332287092034380294e+02
6.250436449932603864e+02
6.163307442653094768e+02
6.070097034279345962e+02
5.965771445882176067e+02
5.854381518159032112e+02
3.580902233848610194e+02
3.474261046062779315e+02
3.409872382816349159e+02
3.358826671419492982e+02
3.315903331379095675e+02
3.314921932753998135e+02
3.347563910649759009e+02
3.355388891470184944e+02
3.405247318375868986e+02
3.430512318129194682e+02
3.422976029091386749e+02
3.410163019773078759e+02
3.412049499857910746e+02
3.416121476574539884e+02
3.422933126339196974e+02
3.420520390745751342e+02
3.409187948913267974e+02
3.413815732322577219e+02
3.416761924151192034e+02
3.404932628250460880e+02
3.407123428613564329e+02
3.276833656099303198e+02
3.283566949299617477e+02
3.297159730041939270e+02
3.276574784080004292e+02
3.333403647576694198e+02
3.385998060335834907e+02
3.342045010274870265e+02
3.334508940166360276e+02
3.333987098192156395e+02
3.345091365505036833e+02
3.363065590978844739e+02
3.336857298510114447e+02
3.297508495230823087e+02
3.303160542655319318e+02
3.309261145594347795e+02
3.303893952120496920e+02
3.294358984031301247e+02
3.288736044102506639e+02
3.281458132793642335e+02
3.277880265534838031e+02
3.279359922953087789e+02
3.223560823159560300e+02
3.285602724217054629e+02
3.402780273197654424e+02
3.338694199474115862e+02
3.256747832011698165e+02
3.270633880963094953e+02
3.238288224230975061e+02
3.232340562714674661e+02
3.203006408422027107e+02
3.188508212043849426e+02
3.171127749264306885e+02
3.184099982940761038e+02
3.183605248521660656e+02
3.183290277038734644e+02
3.185746083045334558e+02
3.191494328546232850e+02
3.176544771910649843e+02
3.180182769550315243e+02
3.171114850363984488e+02
3.168571589345898474e+02
3.171643864532802013e+02
3.384625536510939696e+02
3.215356607149919341e+02
3.137501211478441974e+02
3.097770354802299835e+02
3.054255480265252345e+02
3.056871207102354333e+02
3.076108534092859372e+02
3.073295736731781176e+02
3.060317624142207364e+02
3.038239548193585620e+02
3.028314676504803629e+02
3.042615198862083616e+02
3.022340816315037273e+02
3.011662631072999829e+02
3.022006114239742374e+02
3.020381218190972277e+02
3.012647196917054657e+02
3.009477504580158893e+02
3.003771756290811936e+02
2.997756939978528408e+02
2.991296304320109698e+02
2.880505710615213388e+02
2.740193943096158478e+02
2.946369740615695605e+02
2.898699501707426975e+02
2.873124566117415384e+02
2.848447259388565271e+02
2.834606952626078282e+02
2.842383201768769823e+02
2.833663427021366488e+02
2.837675076280643793e+02
2.824321361521269864e+02
2.801061912342629512e+02
2.813383292398812614e+02
2.780713185768668723e+02
2.777690128442756077e+02
2.772563375558470966e+02
2.754782052447660590e+02
2.764012683308336591e+02
2.752752878727765165e+02
2.739357173083164412e+02
2.725681073835418715e+02
3.068581164794893539e+02
2.684698346858252194e+02
2.631866293156176084e+02
2.587072103183256786e+02
2.539029142727642352e+02
2.526472198446809045e+02
2.534899553431577601e+02
2.525079852788362018e+02
2.507172756393830184e+02
2.488208624750108129e+02
2.463830648406643888e+02
2.449522855728136221e+02
2.444304573013092181e+02
2.437714730531425289e+02
2.427876084232462404e+02
2.423770609330303785e+02
2.401029190654552679e+02
2.391026211991903097e+02
2.371218850388137298e+02
2.358537314610016438e+02
2.358385460932190369e+02
2.195801257043342787e+02
2.069399989809980696e+02
2.069579200922363782e+02
2.116966923824126923e+02
2.111614010230474321e+02
2.077298453240307765e+02
2.065916944224432257e+02
2.050164605466456464e+02
2.037352535777109495e+02
2.039175611710202247e+02
2.032450733413282933e+02
2.041006778393146988e+02
2.024763090485527073e+02
2.007014698876147349e+02
2.000336317938243269e+02
1.984906278917242446e+02
1.971571956785213899e+02
1.963629182377949860e+02
1.963205145182278670e+02
1.957094017881286732e+02
1.947974465088823024e+02
1.622924765450694338e+02
1.698726001870229254e+02
1.716366082261338022e+02
1.712338338672388147e+02
1.693257039278142315e+02
1.704601357861029385e+02
1.701382879820432095e+02
1.677777026840220742e+02
1.676656126171360484e+02
1.671097370098167403e+02
1.672287389619262683e+02
1.650960809118852524e+02
1.641683478385689341e+02
1.627823873016133120e+02
1.622454185616831523e+02
1.621059656945981544e+02
1.610046112024074887e+02
1.600626413178674738e+02
1.603049594200463446e+02
1.595047451225837847e+02
1.590154250361020445e+02
1.311221688475031613e+02
1.475486969248525497e+02
1.486850447133390674e+02
1.410619819065866807e+02
1.410696717634714332e+02
1.429953147530926287e+02
1.430442684581634296e+02
1.412734911043177135e+02
1.423329643200250416e+02
1.409668579650680726e+02
1.391721089008475474e+02
1.380591665730644308e+02
1.375584207987353409e+02
1.374449030029928451e+02
1.372400767360878149e+02
1.372062142425994864e+02
1.361908761364627196e+02
1.361489680980290586e+02
1.354153439231545519e+02
1.345551287541577210e+02
1.337087952645638325e+02
1.113234837305060978e+02
1.201083891228561669e+02
1.180833008116265717e+02
1.173279013847947141e+02
1.163718195618536839e+02
1.160488605891802507e+02
1.165283529811451189e+02
1.165783912256029851e+02
1.177052055151615519e+02
1.152148905563058179e+02
1.158295963400866384e+02
1.166882964835571670e+02
1.169017491999168641e+02
1.155546253887542179e+02
1.153024617519845947e+02
1.144771450114562867e+02
1.149580475678860694e+02
1.141251295590938781e+02
1.142659479185613662e+02
1.142508858647280761e+02
1.133389399966337407e+02
1.005938866057194048e+02
1.005584535761124982e+02
9.796359407042595535e+01
1.006027735876063360e+02
1.003814475399053521e+02
1.009842569374343526e+02
1.031120371877462389e+02
1.044711043467825959e+02
1.044382156957764636e+02
1.052502781473331908e+02
1.049273365349156961e+02
1.033801683431035769e+02
1.035625508584301855e+02
1.036714579222310988e+02
1.024842102863802324e+02
1.026451383145965508e+02
1.017488446191471922e+02
1.010791013164961498e+02
1.008344734780767595e+02
1.003129729874807339e+02
1.000822949950097609e+02
9.950619402256080548e+01
1.022248086645165870e+02
1.024841351054416521e+02
1.003639363211921420e+02
9.922961039620345502e+01
9.775267895994595335e+01
9.486457600357704223e+01
9.322863305848632365e+01
9.262238554689145076e+01
9.326342163258205176e+01
9.311116015408124724e+01
9.326149752612822397e+01
9.275761290019617888e+01
9.309050043541532204e+01
9.247884146589100851e+01
9.212980233652551476e+01
9.153132330013291096e+01
9.144996534751552986e+01
9.092594310079951470e+01
9.106945717442408750e+01
9.135752833401635087e+01
9.142620528230452237e+01
9.073331157472675557e+01
8.326754422288418311e+01
8.536260638999017658e+01
8.680409293133843107e+01
8.562832050444198728e+01
8.512416131002703423e+01
8.480917718634911751e+01
8.484855846148028036e+01
8.422125707211770873e+01
8.485741898300474872e+01
8.443348890201802703e+01
8.497466371133801033e+01
8.517635704026450583e+01
8.417846142066824200e+01
8.446827189813410541e+01
8.454306097984841983e+01
8.453192146395439011e+01
8.439275981783575276e+01
8.442429579509455095e+01
8.450139421529976858e+01
7.144699599685523594e+01
7.942735864448832217e+01
8.413951501024639867e+01
8.461040582559297718e+01
8.381660068339564873e+01
8.262713310899181351e+01
8.255837650224520985e+01
8.165390174680024415e+01
8.100934516593834189e+01
8.122955673406515587e+01
7.912821477964577355e+01
7.927333590260687401e+01
7.971063951677049886e+01
7.998525232028261200e+01
8.142687983075160219e+01
8.116137765034233098e+01
8.091834707643803881e+01
8.055261185325527151e+01
8.063527780033071224e+01
8.028547091047445861e+01
8.105463699671116728e+01
7.888627161381106134e+01
7.755602487525193567e+01
7.406821049752588237e+01
7.587539112736385505e+01
7.558403326392222255e+01
7.408574582094126981e+01
7.497175587356224469e+01
7.502350755967395912e+01
7.560118814213579697e+01
7.654150690052334483e+01
7.546772665654236789e+01
7.481254918583236702e+01
7.481836022149011001e+01
7.584510817620454759e+01
7.538802810366090057e+01
7.468889684029832665e+01
7.512491824593439560e+01
7.410491074413309320e+01
7.401883736920568424e+01
7.414685381192845171e+01
7.448475126267666724e+01
7.206301782767684472e+01
7.012239288633274725e+01
7.240543582517133814e+01
7.266921948656825236e+01
7.578084199993470804e+01
7.583655058441841845e+01
7.576201535595737369e+01
7.547486894133314195e+01
7.583573122516395415e+01
7.425478408821224718e+01
7.408072647000827260e+01
7.509699455130873957e+01
7.442115022824903292e+01
7.476536639980992049e+01
7.400659615887688858e+01
7.405299455346975890e+01
7.358640711682726021e+01
7.335470910341896911e+01
7.237316173934075891e+01
7.242540570369106945e+01
7.212432733693442799e+01
7.210930554710238027e+01
6.699438937487360590e+01
6.756070476514513246e+01
6.884403047012742149e+01
6.842062145391292916e+01
6.782096855410652836e+01
6.884375171225639178e+01
6.842828148407146216e+01
6.936600463785330817e+01
7.114165645012600692e+01
7.054936517084084358e+01
7.088073576823308031e+01
7.063498563674117747e+01
6.978445796343544316e+01
6.889365225239882307e+01
6.997839883096183655e+01
6.982168854086171450e+01
7.005395761569401714e+01
6.980820019537708276e+01
7.005890799470417107e+01
6.980857037073459992e+01
6.980239350084312377e+01
7.273929020108407428e+01
7.256651790809554825e+01
6.983467593703531406e+01
6.682938369970655401e+01
6.806135515859251939e+01
6.794929568520592511e+01
6.772266671056408427e+01
6.720538937285489567e+01
6.775888412519564952e+01
6.701773030693796329e+01
6.781602504385878660e+01
6.680042974831792435e+01
6.768580206044701697e+01
6.697265743041003816e+01
6.699733673742024109e+01
6.657192988482064777e+01
6.598237808358909717e+01
6.659318100890641290e+01
6.713773322952361866e+01
6.720164739221441152e+01
5.433996238830954439e+01
6.126225335843778907e+01
6.409938933455583765e+01
6.611671919178220946e+01
6.525010956748921842e+01
6.488046456790456773e+01
6.350017479165833123e+01
6.242342820847007800e+01
6.263337135539862999e+01
6.231587516394633752e+01
6.388061649827368882e+01
6.341952268778312174e+01
6.381410598933452150e+01
6.500834387801018011e+01
6.547143617705543761e+01
6.511873563311330315e+01
6.529729201881890788e+01
6.563805885202803836e+01
6.538999845055248272e+01
6.493892705734796778e+01
6.488142286072822174e+01
8.221551362475591418e+01
7.574652290709708780e+01
7.009902635813323002e+01
6.811334250691554359e+01
6.645266630960892940e+01
6.624683172593481117e+01
6.592401544778722666e+01
6.480383263625409995e+01
6.298344895296917656e+01
6.300005729208048422e+01
6.253881180263265094e+01
6.342080954073993126e+01
6.419235643423098736e+01
6.483879523624075603e+01
6.430895895069450319e+01
6.336217926570153480e+01
6.377256423409709640e+01
6.373982433162596095e+01
6.396281054601152505e+01
6.418591176410993171e+01
6.424640275308694015e+01
6.758482800090581577e+01
5.953773029352959156e+01
5.929570034297989878e+01
6.291779983463204928e+01
6.367401351157126044e+01
6.519580727485389104e+01
6.471583198005039606e+01
6.357590072084659027e+01
6.326578195464745136e+01
6.384376404156154905e+01
6.373945695953612045e+01
6.394513160992283218e+01
6.508928695167490730e+01
6.408695817248681692e+01
6.395039727828498144e+01
6.374037549126575897e+01
6.448040860486089798e+01
6.411863134539420628e+01
6.372195659357664255e+01
6.330029632278471752e+01
6.289914586852601985e+01
6.877737071178387396e+01
6.633621141922866116e+01
6.005524878135177147e+01
5.863053425788484674e+01
6.089320210257643140e+01
6.173500877924336550e+01
6.069701984545778117e+01
6.132420336468180722e+01
6.099905312530674450e+01
6.068431520000177670e+01
6.161802155658387647e+01
6.275293692065802986e+01
6.213563698374094457e+01
6.221581761084517836e+01
6.271056457115872718e+01
6.254257680664925090e+01
6.257228934822898481e+01
6.212688578449503751e+01
6.197619635520024417e+01
6.194631681795414835e+01
6.218254579202879739e+01
7.074644689860612345e+01
5.989669996457238454e+01
6.137629200620055059e+01
6.245844056891262142e+01
6.195919521469930658e+01
6.206132433166078499e+01
6.220353307113011709e+01
6.099559058661635191e+01
6.043022005233381577e+01
6.058136991399688043e+01
6.005950928063825955e+01
5.997958217432002925e+01
6.009646043535974513e+01
5.977691915119523003e+01
5.906820843428857160e+01
5.879503468936164268e+01
5.893395987241406431e+01
5.881066325756393098e+01
5.934869182436226254e+01
6.008734752961763093e+01
6.054059271399002995e+01
5.779384134264184070e+01
5.629266894594952220e+01
6.141910962965982890e+01
6.030469609034221179e+01
6.042959907211989190e+01
6.044916323231039712e+01
5.997254545370073231e+01
5.870799352256268122e+01
5.873787103001440357e+01
5.937456933198750164e+01
5.931562408409380538e+01
6.000748277409802967e+01
6.182968867069868679e+01
6.110458793818075662e+01
6.141453157261440765e+01
6.104922609468344774e+01
6.039439167362149874e+01
6.040211450587059971e+01
6.025146960050591360e+01
6.041772755006735451e+01
6.026646380409543724e+01
5.855558742457155574e+01
6.636987861552691470e+01
6.487042963024526898e+01
6.164725063035076857e+01
5.951816905774232680e+01
6.040203596814257025e+01
6.066283589235582951e+01
6.025881180064450859e+01
6.048994051771726532e+01
6.072453103662208918e+01
6.082545095527316192e+01
6.135663521358878825e+01
6.206208947784097774e+01
6.137888224525347880e+01
6.183583579329256708e+01
6.085915517279182296e+01
6.101109735377394117e+01
6.030154003834807952e+01
6.030566018742113954e+01
5.971780381002793092e+01
5.953083168583246021e+01
5.370490069306715952e+01
5.735016625911389099e+01
5.281732376391421724e+01
5.585699253458867020e+01
5.471009662383323757e+01
5.466765380118134487e+01
5.404758791747285329e+01
5.676356618674628862e+01
5.612670152553828729e+01
5.635582570834025518e+01
5.682262425134933181e+01
5.799178984050392671e+01
5.806678425869158389e+01
5.893237102172583519e+01
5.915072579540100151e+01
5.891339673583335212e+01
5.836721318751902743e+01
5.844166110888578913e+01
5.826645519704970866e+01
5.825782508010347982e+01
5.846913121495558130e+01
4.151745122705507640e+01
5.491008520318460739e+01
5.576243734015847764e+01
5.400598425270403169e+01
5.337310417487485381e+01
5.496670856673741667e+01
5.513230036375301069e+01
5.660622660669128692e+01
5.651603934234536553e+01
5.676168630287351391e+01
5.762207895025385085e+01
5.729822283816942274e+01
5.704314576063595865e+01
5.776589057141426053e+01
5.865115862620013587e+01
5.904146714268123475e+01
5.871920767151120657e+01
5.853856947553248347e+01
5.861404016981892084e+01
5.868859105548113320e+01
5.823666471450063398e+01
