9.898626459213322732e+02
9.643409776923608661e+02
9.279438342685406269e+02
8.718388189825582231e+02
6.286902942231017732e+02
6.308105656642009080e+02
6.233243383106482725e+02
6.179979565426408499e+02
6.242419060620395612e+02
5.934254236536695544e+02
5.905941195796380043e+02
5.856749655205297813e+02
5.522633112073733628e+02
5.494574760532966593e+02
5.392144375713334057e+02
5.319389582125750167e+02
4.762011064114758483e+02
4.466974484066982996e+02
4.294133885732616136e+02
4.038167965943520130e+02
3.006935940363360942e+02
2.878884441196503303e+02
2.742339019621643388e+02
2.654695109795744656e+02
2.249009931800260631e+02
2.378816799927327850e+02
2.253000528966918807e+02
2.194613767053844242e+02
1.963351333391781282e+02
1.862811602177670238e+02
1.916780203004140617e+02
1.916164278411454518e+02
1.859347894402702082e+02
1.744601174217562232e+02
1.698816782002455170e+02
1.673799565545324981e+02
1.324586859226912736e+02
1.439328884858501283e+02
1.501486641880103150e+02
1.538785539528889785e+02
1.477651243884143639e+02
1.436336803201809289e+02
1.449431325622540214e+02
1.462237545054682641e+02
1.491079366768073555e+02
1.381859075136561330e+02
1.385283003895690115e+02
1.334445883411779334e+02
1.122021106228536382e+02
1.166923145483932274e+02
1.254936590460238932e+02
1.266571009604581661e+02
1.173630429864002167e+02
1.108810420705003139e+02
1.093131131059447654e+02
1.113896470609009413e+02
1.085170151169961628e+02
1.193783536637373857e+02
1.164857453155083959e+02
1.134451261101390713e+02
9.795217167002763858e+01
9.711540833290612795e+01
9.763291667009954722e+01
1.028653929283731259e+02
1.236571748702288147e+02
1.111868542695234794e+02
1.061838719130181943e+02
1.042749995574048114e+02
1.124986904688432929e+02
1.025315397891556728e+02
1.049352536283106758e+02
1.006769194745590710e+02
9.377455255009981272e+01
8.987393156521839899e+01
9.208475315736367861e+01
9.170786119439854644e+01
9.656411832528708317e+01
9.278287630886737247e+01
9.194673927559483673e+01
9.677403171022039885e+01
