2.469488460613981431e+02
2.540869806685419690e+02
2.555350408600496053e+02
2.539406662277651208e+02
2.520501695902550807e+02
2.509707995078147178e+02
2.487467592725377017e+02
2.474988531071407749e+02
2.472286839357064991e+02
2.455779606670375017e+02
2.438692435339438589e+02
2.438008534149022637e+02
2.434417634660050567e+02
2.423063602787528055e+02
2.408756380056885860e+02
2.388333758966607263e+02
2.379833239141129582e+02
2.366003290760513380e+02
2.351994217512896910e+02
2.350054075849001833e+02
2.334659790984665619e+02
2.221568179502539238e+02
2.198009216937583687e+02
2.154284821164982304e+02
2.171658749692694244e+02
2.217007820999646981e+02
2.182289779478620915e+02
2.190962359574564005e+02
2.202745443971719794e+02
2.218163078026895221e+02
2.205857536699504351e+02
2.191743598203148906e+02
2.195909882663444250e+02
2.182601377480104929e+02
2.174100646637605792e+02
2.175509395192603961e+02
2.177462384014662007e+02
2.180364380285731443e+02
2.178847820011771717e+02
2.181689197669501539e+02
2.176489801614972350e+02
2.173764069615226333e+02
2.159366131661191162e+02
2.026892864644386520e+02
2.092359791486912002e+02
2.137403738795410106e+02
2.102762370106839569e+02
2.095735565166504841e+02
2.101270960245685444e+02
2.117481823281128754e+02
2.094660998588109067e+02
2.094314655367333842e+02
2.080553805917521402e+02
2.083381287096084407e+02
2.087535960412220675e+02
2.075338830521665443e+02
2.065974451335835056e+02
2.063164504583137102e+02
2.053129562984624670e+02
2.046486899230724816e+02
2.024896222011282987e+02
2.014699260551600162e+02
2.007089107220343749e+02
1.739255828095253378e+02
1.811264010401796440e+02
1.726838480590439246e+02
1.723801365342485497e+02
1.726333131152503597e+02
1.718988371127659889e+02
1.707356977501510755e+02
1.696961536291060213e+02
1.691434039080881746e+02
1.674854552258879892e+02
1.650467111529504223e+02
1.630028121186064425e+02
1.613712596380431989e+02
1.603585427638308545e+02
1.584673187411731590e+02
1.572922874511846771e+02
1.556040327964975347e+02
1.542301329114748398e+02
1.525042197060763272e+02
1.513796679535883811e+02
1.498158165332651492e+02
1.098281790027819795e+02
1.151016528772522634e+02
1.146275450947267984e+02
1.138052804842971000e+02
1.118676965792877098e+02
1.115521204596591929e+02
1.106541766131911544e+02
1.102364580354979751e+02
1.082076102897081427e+02
1.081918684998651941e+02
1.069931606813772476e+02
1.058971594593117374e+02
1.047474406562345877e+02
1.034963734958794106e+02
1.039896099731927563e+02
1.027754928476859106e+02
1.013572235244848088e+02
1.003876652192659407e+02
1.000144233958391311e+02
9.903234523612219675e+01
9.822930967765393007e+01
9.329563026427533146e+01
8.640565150822784801e+01
8.381537131683376174e+01
8.090446824940447357e+01
8.015305766771359686e+01
8.118408618843180591e+01
8.141554115063095765e+01
8.248218792853170100e+01
8.405065814694383164e+01
8.377640928521131514e+01
8.322684087446560852e+01
8.264351665498935517e+01
8.297054697729370787e+01
8.294555423364059266e+01
8.214809053576382780e+01
8.189203166743163820e+01
8.160391827067461179e+01
8.139779753470352830e+01
8.165536173384658980e+01
8.161903277038275917e+01
8.139557559476671145e+01
8.018788284204140382e+01
7.483814360471325244e+01
8.151367752457217364e+01
7.805274500043594799e+01
7.746005075702252896e+01
7.726317628919645131e+01
7.606632395469766550e+01
7.705385708334617334e+01
7.585503348521476141e+01
7.587381343959073376e+01
7.602516219940778797e+01
7.604830901502867846e+01
7.555803973163250475e+01
7.447018771287561378e+01
7.465331892838976557e+01
7.416761235729281054e+01
7.411656745549613845e+01
7.372079585028129145e+01
7.368628748570115761e+01
7.329706431505736930e+01
7.300974935023694457e+01
5.435492571709528420e+01
6.754555588702983471e+01
6.911523726511452992e+01
7.031852191627189086e+01
7.488567947507597466e+01
7.368412596805480064e+01
7.348061647617130632e+01
7.315814144194295920e+01
7.126278835210332829e+01
7.170747823353916317e+01
7.102312310881482915e+01
7.139513260408249096e+01
7.149624914912679685e+01
7.085464852671363190e+01
7.084917985919037164e+01
7.061775372819506913e+01
7.004102964729628411e+01
6.934884592856278118e+01
6.895610785184575775e+01
6.853325132609468540e+01
6.884495224163798355e+01
6.486916170474253818e+01
6.127778098609287127e+01
6.134418647298838323e+01
6.040121308195661953e+01
6.052308577856543081e+01
6.050589875341024992e+01
6.112831304939710719e+01
6.225676224733737740e+01
6.349549270134204448e+01
6.261581166752311134e+01
6.226278441161744581e+01
6.240756534500777519e+01
6.243419810523460001e+01
6.297714861721932067e+01
6.405965826391665985e+01
6.401148894390634325e+01
6.452874236878149361e+01
6.455583930950747629e+01
6.433194667891196161e+01
6.420229880768535224e+01
6.377510756595484054e+01
6.333913958448749781e+01
5.970721747393114498e+01
5.833246592728119850e+01
6.357876482185633193e+01
6.166538860868780603e+01
6.069750382059431359e+01
5.887551252121173917e+01
5.998825099666883176e+01
6.126123060207795845e+01
6.122119525302534981e+01
6.150534421886579395e+01
6.207040732958314777e+01
6.189348341320951619e+01
6.121955763125755823e+01
6.087844033657257370e+01
6.078076613801615480e+01
6.093930464774210520e+01
6.098896718687809226e+01
6.147090662762218471e+01
6.112052253359629361e+01
6.056485367704398470e+01
5.291508757418970532e+01
5.293622769104867132e+01
5.294449389557528463e+01
5.598797842677340952e+01
5.564021702894279997e+01
5.658552254466343356e+01
5.726230445997974527e+01
5.774941040949361337e+01
5.767184602828034201e+01
5.773271237707014336e+01
5.738881592570302104e+01
5.760057345895445025e+01
5.758146559014179644e+01
5.848655747689722517e+01
5.846535092805722655e+01
5.890515407053852925e+01
5.891653840285863453e+01
5.825291676899619375e+01
5.899369243182688649e+01
5.849327515101971642e+01
5.803704880451378045e+01
7.545733731240936493e+01
6.252520877757174844e+01
6.329536430829968197e+01
5.934493083045805406e+01
5.760576433924653372e+01
6.028042499815256861e+01
6.052855964922510168e+01
6.061483194246152095e+01
5.946353660321955203e+01
5.934559360114021587e+01
5.835278595531873691e+01
5.753096031495035589e+01
5.761132125923008829e+01
5.713613976981152121e+01
5.597638802780964085e+01
5.593709564293482117e+01
5.629299621656448238e+01
5.604730633194915868e+01
5.584677370999311563e+01
5.622878351144427000e+01
5.613284020590000978e+01
6.856169199001661241e+01
5.909349012527273004e+01
5.766890089255569052e+01
5.542978770700442226e+01
5.428816417074794032e+01
5.307498067573838796e+01
5.491673354121459738e+01
5.527272009197032077e+01
5.455214299747093776e+01
5.478682867362616804e+01
5.453441468150234073e+01
5.444397852233606017e+01
5.507476371029790840e+01
5.587036127128791207e+01
5.545471980457275407e+01
5.535868286162386198e+01
5.529350636180423351e+01
5.515452088262936314e+01
5.591076296577242033e+01
5.570628026055197068e+01
5.546982021060221513e+01
4.865214825747955985e+01
4.705729817538609439e+01
5.230144562585078205e+01
5.156041546674761378e+01
5.113975865554318290e+01
5.032506377941682985e+01
5.050180780090231281e+01
5.049822568112472965e+01
5.130315291985349546e+01
5.146106306781825879e+01
5.236647437738388788e+01
5.167918847032596830e+01
5.195997089181351214e+01
5.178184919684289156e+01
5.285588693729747689e+01
5.340742380849344073e+01
5.331902955369612584e+01
5.386659702379554204e+01
5.411832614217911441e+01
5.394983464790433203e+01
5.354385558045969162e+01
5.891447763740715260e+01
5.956107189221523868e+01
5.724386468278445506e+01
5.294597501666690675e+01
5.194410077158051564e+01
5.163278280127182995e+01
5.131831506448043712e+01
5.179002699471403304e+01
5.101800629703249967e+01
5.061136708277712160e+01
5.062938756441331378e+01
5.029610549380301165e+01
5.030089423848111352e+01
5.055693171480498904e+01
5.171447218368188459e+01
5.168966573033493717e+01
5.159985049056244577e+01
5.165269446033761369e+01
5.146786780044092069e+01
5.110199769221848953e+01
5.158146925995811216e+01
4.300074143389655035e+01
4.509255460028346363e+01
4.678177195280481726e+01
4.669711794742816835e+01
4.937891492031326379e+01
4.978869714663682799e+01
4.895474403504415051e+01
4.896899898302693543e+01
4.847024661572501714e+01
4.896305729661158068e+01
4.877845050978714880e+01
4.850250493976929533e+01
4.921201821469433924e+01
4.894865491818260494e+01
4.892763897657285099e+01
4.857443365847871064e+01
4.877647840835503246e+01
4.930279827645171054e+01
4.932621563784746854e+01
4.913562470561998197e+01
4.915922385928229232e+01
5.008718812922577968e+01
5.443252859112387654e+01
5.478475575924066021e+01
5.486638553547581409e+01
5.396179783461376189e+01
5.336367945085723363e+01
5.186875049713344765e+01
5.348139766950024665e+01
5.342865137871050507e+01
5.328551466568422512e+01
5.308581771382451109e+01
5.291202200226913277e+01
5.268401857143562950e+01
5.230189366588485456e+01
5.200176203314303791e+01
5.205054345125423509e+01
5.180433930639407691e+01
5.131076598801124788e+01
5.051559139146108635e+01
5.029458043990138805e+01
5.030303086918475231e+01
5.313182923025381399e+01
4.723184315900905972e+01
4.801557920130256463e+01
4.683570625105402740e+01
4.734213424637738399e+01
4.835412294193268679e+01
4.853489690508209264e+01
4.907711737497714211e+01
4.831628641312002514e+01
4.819135376795779280e+01
4.895345252539352288e+01
4.911298157655783569e+01
4.930124042000539930e+01
4.915913768809205919e+01
4.918317479452212382e+01
4.867263693297910265e+01
4.830898060637131408e+01
4.802175363496337468e+01
4.796054220317125782e+01
4.816017502454775467e+01
4.814595464890288667e+01
4.757634188796156849e+01
5.336782220540145971e+01
4.942289376793117128e+01
4.853518920713472085e+01
4.965995729818723703e+01
4.899650528747860534e+01
4.885005940270499991e+01
4.795151673861070662e+01
4.864417828487797379e+01
4.792530996189422154e+01
4.753472719870077867e+01
4.727439822595960095e+01
4.766948858897377761e+01
4.784633429013030792e+01
4.726590566802201465e+01
4.776283251941528363e+01
4.738090498109662008e+01
4.813325067185803618e+01
4.831972558334175005e+01
4.820102182047036621e+01
4.795955927473922742e+01
4.814802880745097013e+01
4.323796411826418762e+01
4.522674268731934433e+01
4.464186041745023203e+01
4.697252834979003921e+01
4.684615824791163874e+01
4.709854889453909976e+01
4.668986787737947708e+01
4.712753547526234144e+01
4.650296335981117579e+01
4.595261897706890863e+01
4.573808051659491980e+01
4.669380639350647044e+01
4.686057767123993045e+01
4.710715853962427246e+01
4.708963334041003890e+01
4.745131660015925945e+01
4.725647168375721918e+01
4.810278227569109788e+01
4.751322060511673584e+01
4.750937044195506331e+01
4.004832449482669432e+01
4.113345926175886547e+01
4.155174451755176079e+01
4.292697590753559211e+01
4.631576054902332373e+01
4.491130889588882980e+01
4.467062932358379612e+01
4.497622112990140408e+01
4.610551838840451211e+01
4.604930808312068535e+01
4.627635681350432861e+01
4.646498908206404366e+01
4.623618368437549719e+01
4.660864003254235399e+01
4.690605772594967249e+01
4.710167084448818997e+01
4.652694466260853545e+01
4.652807736285748064e+01
4.627205901683031897e+01
4.625418395113864278e+01
4.634094530117273791e+01
5.435609380220682851e+01
5.135088262425853145e+01
4.924741674015229620e+01
4.948275890423362711e+01
4.896760334826696948e+01
4.689715221033190318e+01
4.576557979732604053e+01
4.628783520848189426e+01
4.617974709930130217e+01
4.558018433192089702e+01
4.534811201734476782e+01
4.536880484794244950e+01
4.614916331251572501e+01
4.646567312778729786e+01
4.631379001039174170e+01
4.605104058449708759e+01
4.648783660386732919e+01
4.622856645958606236e+01
4.591107159361985879e+01
4.599100266265588033e+01
4.637279126344874669e+01
3.587840928167776866e+01
4.383419290625980125e+01
4.649225774456655813e+01
4.524111057489899679e+01
4.701995991591311252e+01
4.813633699675743571e+01
4.745836529368683898e+01
4.700887066666987124e+01
4.630025094062057889e+01
4.641523584356838228e+01
4.555857784948396727e+01
4.534876444788378791e+01
4.597891432992014416e+01
4.632322153283271859e+01
4.578901891704474281e+01
4.611325462197568470e+01
4.624062369237434211e+01
4.610097576434578315e+01
4.592585433839833797e+01
4.596918495409494909e+01
4.576196367598407022e+01
4.353220371229694763e+01
4.071723308159358368e+01
4.992619318182102006e+01
5.108697887835726448e+01
4.928881986742139532e+01
5.050497453297140993e+01
4.921638075591067008e+01
4.972966984475873886e+01
4.939046232010642257e+01
4.848317708054662489e+01
4.828467176189464283e+01
4.792419630006614994e+01
4.697396872280619107e+01
4.723327256978046762e+01
4.659057745799636763e+01
4.653966744890374940e+01
4.630692679715609472e+01
4.622254935624285821e+01
4.635406578987434045e+01
4.603014820797895368e+01
4.641524815159718997e+01
4.524332600287769424e+01
4.616817875264744231e+01
5.087157019498257426e+01
4.660147688225443829e+01
4.589180106609797605e+01
4.524972277059853809e+01
4.439866679589135146e+01
4.537991883120423608e+01
4.547356047568946025e+01
4.591563848846706719e+01
4.603289499372509397e+01
4.580603739656925200e+01
4.544475924447107928e+01
4.552094428660792857e+01
4.561147879163234364e+01
4.587477986664317342e+01
4.568388917597007293e+01
4.553106074948866677e+01
4.544156292331489055e+01
4.543504047253164657e+01
4.507609905797560401e+01
4.868752558836936828e+01
4.475252223201773205e+01
4.345303044073297372e+01
4.386663173451179176e+01
4.540884767493576391e+01
4.476303993855623986e+01
4.438565680270388469e+01
4.676777186170848921e+01
4.626547964921611822e+01
4.595735936180054182e+01
4.689674549328836406e+01
4.773610733070332657e+01
4.695574482157509522e+01
4.642716432715330654e+01
4.657556738162755039e+01
4.637620962457411622e+01
4.543352707195832352e+01
4.586353576235281793e+01
4.569395418592591795e+01
4.558624041499187030e+01
4.585393307132153495e+01
3.342296846186840753e+01
3.751169903030602626e+01
3.911162030383505339e+01
4.105952112623656092e+01
4.173882839781221321e+01
4.097261645095843363e+01
4.212175366848043012e+01
4.332281514582497550e+01
4.432550123271841613e+01
4.412459990998797821e+01
4.349444048835187004e+01
4.440270159273237027e+01
4.425945050169868722e+01
4.406897727235703854e+01
4.393080508184462474e+01
4.384938145042278279e+01
4.341065001895696440e+01
4.324926867370396621e+01
4.312580247212972040e+01
4.385509020095297927e+01
4.419161943823316818e+01
5.295462417588794324e+01
4.398181880284943190e+01
4.512990235055285382e+01
4.312909659921066918e+01
4.362081848804234596e+01
4.270981980043376325e+01
4.272659300577600305e+01
4.382362349156510817e+01
4.369826947560021324e+01
4.450760438990956658e+01
4.379999275162519012e+01
4.381250017482909698e+01
4.385151505076395040e+01
4.354720868083903440e+01
4.355186019424198918e+01
4.413764383360542354e+01
4.387104839469456863e+01
4.394174865123290630e+01
4.362875531651814498e+01
4.384753855450436077e+01
4.356979913578929597e+01
