7.230560994759900950e+02
7.188484842966953465e+02
7.160918548219718787e+02
7.155250394543180619e+02
7.125778341241675662e+02
7.099953028054330844e+02
7.067976818889687820e+02
7.045582924163443295e+02
7.026627810516168893e+02
6.991484036087401819e+02
6.961319746379167555e+02
6.921297650917063038e+02
6.877278648414626332e+02
6.835453990439726795e+02
6.793880844098598573e+02
6.743142707169863570e+02
6.694445301138412106e+02
6.634434153623260499e+02
6.587547240238233144e+02
6.536648764423159719e+02
6.513218530303385023e+02
5.577491030962554532e+02
5.901572673351621461e+02
5.785174400314145942e+02
5.682799238996127542e+02
5.622091280634239183e+02
5.649440816563815133e+02
5.612958278151851346e+02
5.608850713779127091e+02
5.595765291375535071e+02
5.603576092180124988e+02
5.582182904187465056e+02
5.588249574682470211e+02
5.571901122435633624e+02
5.564211231224071526e+02
5.561174665617124901e+02
5.551700030606410792e+02
5.555550013862967944e+02
5.552290114232592941e+02
5.549816954436482774e+02
5.551244354114036241e+02
5.559519004919920917e+02
5.490641630867692129e+02
5.480002325202217435e+02
5.426890077987159202e+02
5.394269487967259238e+02
5.404779862436679423e+02
5.411942599022505647e+02
5.429488208926421748e+02
5.436145313016354521e+02
5.432957320802581762e+02
5.437793532704429253e+02
5.452465244222580623e+02
5.441612012885017293e+02
5.451198606695691069e+02
5.439745724767857382e+02
5.434104561599359613e+02
5.422458901106399480e+02
5.411661081624798726e+02
5.400456058551012575e+02
5.387279185804487724e+02
5.366971429531980675e+02
5.360905996383291949e+02
5.407482493169579811e+02
5.244725414884168231e+02
5.224298789985795111e+02
5.246902524006173962e+02
5.232652215618380751e+02
5.270699403928073252e+02
5.264806948291842446e+02
5.235110554873485853e+02
5.227080597443344914e+02
5.215931169415695194e+02
5.205384950680235079e+02
5.183716721424613070e+02
5.135218086139133220e+02
5.124731709140858129e+02
5.119725468663312427e+02
5.092840333351981599e+02
5.083822057777696841e+02
5.073814238024576184e+02
5.046462834561571071e+02
5.035019461280169821e+02
5.027046515084143721e+02
4.798820557804842792e+02
4.882340245139519652e+02
4.796324874109054122e+02
4.795494456614232490e+02
4.835321492215578019e+02
4.816568777881361143e+02
4.779487799068480172e+02
4.753078888168007552e+02
4.751075297488067122e+02
4.736765229836041726e+02
4.721552172218329702e+02
4.696685639354356567e+02
4.677500131662800413e+02
4.655901363505010409e+02
4.648359990440991396e+02
4.624222807228527472e+02
4.604886775762817592e+02
4.591197841384218918e+02
4.572044556963825244e+02
4.558136922605555128e+02
4.551714458597731436e+02
4.167485917504097301e+02
4.084940619870503156e+02
4.118936683662366818e+02
4.186574245177415037e+02
4.189520925712483859e+02
4.161855283337750393e+02
4.136752283743286966e+02
4.100271674630914731e+02
4.097229737238206440e+02
4.110893758693102882e+02
4.085716357794752867e+02
4.068136114237628931e+02
4.044617069272807726e+02
4.036802044922348500e+02
4.028627243729133056e+02
4.003529786039698593e+02
3.997923961548410716e+02
3.976418779409003150e+02
3.956701519310640265e+02
3.942245001745283730e+02
3.925667816280725901e+02
3.293166915290725001e+02
3.526378087519260589e+02
3.455364940979865196e+02
3.499040660055840704e+02
3.523651256159014338e+02
3.518899284853148970e+02
3.495117560795681015e+02
3.457548439143568544e+02
3.423553172504565509e+02
3.438238859215103957e+02
3.454799240690836655e+02
3.451322856277162714e+02
3.427968324200716665e+02
3.409164658326576500e+02
3.400297563986625278e+02
3.371239895126900024e+02
3.354671499171457185e+02
3.355265526044466355e+02
3.348816780968140279e+02
3.337503913320812785e+02
3.320443872828845429e+02
3.207134876846628231e+02
3.076531583963887897e+02
3.031203784794738567e+02
3.055287550671998247e+02
3.050101938075881662e+02
3.034884557866423620e+02
3.012761894541949346e+02
3.020782189588912843e+02
3.000877005126924928e+02
2.965906827161076080e+02
2.956602131515518295e+02
2.946154121764051865e+02
2.937256203228543541e+02
2.919760794252403002e+02
2.917895322080401570e+02
2.904314600556762684e+02
2.908764321718966244e+02
2.903687316728975816e+02
2.891681487496323371e+02
2.879266170399251337e+02
2.883454757840312936e+02
2.869018091466780902e+02
2.718196729987357116e+02
2.712428580314531814e+02
2.709100301876979984e+02
2.683960100975255045e+02
2.660184824184898957e+02
2.675856627266685450e+02
2.679558167602981484e+02
2.663937258771453003e+02
2.676223389135024036e+02
2.680461706412473291e+02
2.657858480567275592e+02
2.649152532638915432e+02
2.625555272838913652e+02
2.607805448291701964e+02
2.602370207426450861e+02
2.622667588672410943e+02
2.606143731582426994e+02
2.593040206155551459e+02
2.590861865225384122e+02
2.593803473565788522e+02
2.440274730493330821e+02
2.467691839224620765e+02
2.449102564352589297e+02
2.464959504247295570e+02
2.455657141531492300e+02
2.465465759407468624e+02
2.444029788088011799e+02
2.454822638691316570e+02
2.442838203774092847e+02
2.425990991352055062e+02
2.430054077375547479e+02
2.412991709142273749e+02
2.474533271498614795e+02
2.480801665986118962e+02
2.468420677959472300e+02
2.466325963884493717e+02
2.465391115293058419e+02
2.454552752609810682e+02
2.444873970408706043e+02
2.432092072618609393e+02
2.418508361258775210e+02
2.704320566403727071e+02
2.414173279966896644e+02
2.326925473769337316e+02
2.277276422286870741e+02
2.388035185847885771e+02
2.401043446594561885e+02
2.391028841085190493e+02
2.385025316781259335e+02
2.362291430060784307e+02
2.352386883400100714e+02
2.361676147241313970e+02
2.347931590746250947e+02
2.319578138032792367e+02
2.337010184872582954e+02
2.322998837758379977e+02
2.332511032334323886e+02
2.356808199979016081e+02
2.346327588666873112e+02
2.336869934083724161e+02
2.341031885839234974e+02
2.331291274644404155e+02
2.181499781669703282e+02
2.179171700637137974e+02
2.192214683400415254e+02
2.194567011178074267e+02
2.256594921849181787e+02
2.266671431425730816e+02
2.265168677805900472e+02
2.237092003656360077e+02
2.255861023127072258e+02
2.254341592835108372e+02
2.231311817436184128e+02
2.227594709000151454e+02
2.235383911026904684e+02
2.227365528207204477e+02
2.227076483391482782e+02
2.223590702357116129e+02
2.222794939630855424e+02
2.217921224660241251e+02
2.227713941238992277e+02
2.222194985700157019e+02
2.238941954934008720e+02
2.199902627045721886e+02
2.127357164225331587e+02
2.119776384617953227e+02
2.210386303883350649e+02
2.191539665334638585e+02
2.169583999644377741e+02
2.156022615720403337e+02
2.136126132026365951e+02
2.229589998724735267e+02
2.231682894209878327e+02
2.238136782864837642e+02
2.222608898577828995e+02
2.202491659727031674e+02
2.210566448398020896e+02
2.200094664019757715e+02
2.183055589835022658e+02
2.173010897469900442e+02
2.202288621997489031e+02
2.194150790949812233e+02
2.191062829396293523e+02
2.195014501949549128e+02
2.568191611683963060e+02
2.233154368021733944e+02
2.170806195048220388e+02
2.089834759022197090e+02
2.071070324585489288e+02
2.084699161514791967e+02
2.091924037556213420e+02
2.105671537366183088e+02
2.177615198499385656e+02
2.217173054391596168e+02
2.208771361225018097e+02
2.190014107948713615e+02
2.191075325566006882e+02
2.184560658179457846e+02
2.167996258115240380e+02
2.176451433858431415e+02
2.175073641030743374e+02
2.181289810615486715e+02
2.178524438502144847e+02
2.181144752656577737e+02
2.174458065790239516e+02
2.226429657421646198e+02
2.198982009787141862e+02
2.174172112668009333e+02
2.133719539234704712e+02
2.230087531308023188e+02
2.193579116711188419e+02
2.220430932328147833e+02
2.212887440563600592e+02
2.197042246344216494e+02
2.197670590075093742e+02
2.179245391226208142e+02
2.179063156442223601e+02
2.171483526260656731e+02
2.193480524566063252e+02
2.183820323217854025e+02
2.172591333513910570e+02
2.160415160764644043e+02
2.161237079354949913e+02
2.156115853827985518e+02
2.148759683316915243e+02
2.142426757552271681e+02
2.027492819169119969e+02
2.236382825479043390e+02
2.158426501136240176e+02
2.129012536193484948e+02
2.085650001684179244e+02
2.134599048862071129e+02
2.148314947212358845e+02
2.133794107909793922e+02
2.121884507632591408e+02
2.096101530985487784e+02
2.105700813938001374e+02
2.097641615593435915e+02
2.084412081527351575e+02
2.119311610968736659e+02
2.152708640164925100e+02
2.141771375242460635e+02
2.128949137586841971e+02
2.120230962709948130e+02
2.117401856191762022e+02
2.113477338926864775e+02
2.106721317753073208e+02
2.444519671709813906e+02
2.239348682969337005e+02
2.100856397628737682e+02
2.077381652650571482e+02
2.093096239384051103e+02
2.061427331661383562e+02
2.070663704750350291e+02
2.047367256350888454e+02
2.071757453755126335e+02
2.051417883970752030e+02
2.036374736191695547e+02
2.032877258229956681e+02
2.027980228341493500e+02
2.053843153653774039e+02
2.064829375219888448e+02
2.090177275633142813e+02
2.085161542701949031e+02
2.084974721897668246e+02
2.087025610704514236e+02
2.090615637808093368e+02
2.103871384370958140e+02
1.920999962055889796e+02
2.030366700452571536e+02
2.102280092094654265e+02
2.084180231423192140e+02
2.051647722325084544e+02
2.043543404615553243e+02
2.073701938735132160e+02
2.071641744487564836e+02
2.052385813562923715e+02
2.059693949585364123e+02
2.070838270022791505e+02
2.061029975418807680e+02
2.057184192612800473e+02
2.062608525983329741e+02
2.053120346081396690e+02
2.112460658952990400e+02
2.104486941565469067e+02
2.092818643564258423e+02
2.117168925616373372e+02
2.109971428880737108e+02
2.112132572492280644e+02
1.960977409986350324e+02
2.053217399643891667e+02
2.167356505746984965e+02
2.120313217542876032e+02
2.114954831024267037e+02
2.068031369551218575e+02
2.080633591954188830e+02
2.059294617685241633e+02
2.094376306925095719e+02
2.072342980784539748e+02
2.074630613919801192e+02
2.072881592026093642e+02
2.073728682725137844e+02
2.087192654985966840e+02
2.080482108072624783e+02
2.067447326990224212e+02
2.107246199551975678e+02
2.092927531294868686e+02
2.077890741645845196e+02
2.085665599782878132e+02
2.081184001748136154e+02
2.246895524492287848e+02
1.918074687570375261e+02
2.104834965113365115e+02
2.070493708798733792e+02
2.087177049129644217e+02
2.082415486758438874e+02
2.077123654935432171e+02
2.048833971179945763e+02
2.046057098408874140e+02
2.079085164265273420e+02
2.053048031253738372e+02
2.059660705180406524e+02
2.039249752772585964e+02
2.049030829633103679e+02
2.040274375596779919e+02
2.050596816691887625e+02
2.060158935439750678e+02
2.074751545691996455e+02
2.075555905356475250e+02
2.078192643386639702e+02
2.069525658824342145e+02
2.112609919344646983e+02
2.141798425674308817e+02
2.089011614237713275e+02
2.030788602600989066e+02
2.067532841246178918e+02
2.069854044455188955e+02
2.056625999772206228e+02
2.051923011623989055e+02
2.039238887883355460e+02
2.100179668346750645e+02
2.100524142013254334e+02
2.094823134006878433e+02
2.086369798033228165e+02
2.073970597426061033e+02
2.069018169197346708e+02
2.075564915754296464e+02
2.085371890598107996e+02
2.086007374093785813e+02
2.092039718991772475e+02
2.082918421555515067e+02
2.082668633279680819e+02
1.714301390384681270e+02
2.167791102350954020e+02
2.137320536926922330e+02
2.082908852024374653e+02
2.037692538277995027e+02
2.082753636714262768e+02
2.057547213655368239e+02
2.107718379603649055e+02
2.147686394533150178e+02
2.119577192871908835e+02
2.126714469848396334e+02
2.126562859428108254e+02
2.107732035250508034e+02
2.098369867066126631e+02
2.096798985975162850e+02
2.094770952564921629e+02
2.088494963632866472e+02
2.076580193185424434e+02
2.080686929494393098e+02
2.066790155461995653e+02
2.058578402013858977e+02
2.006137811907873356e+02
1.952834451274616470e+02
2.027572580901310459e+02
2.000077245104641577e+02
1.988427132613493313e+02
1.971019959740496574e+02
2.002413680503830449e+02
2.025472653341713283e+02
2.033020064993146150e+02
2.035710507376509781e+02
2.034604640557393509e+02
2.056469814527740994e+02
2.044223290709755929e+02
2.055485267472619739e+02
2.064012898304767418e+02
2.054491942629699963e+02
2.060377492995962712e+02
2.061784749748358365e+02
2.061099428648041396e+02
2.058099379545826935e+02
2.049145287404636520e+02
1.966708262508867620e+02
1.981593385645943499e+02
1.978118753589862138e+02
1.939009167737370660e+02
1.930401106981453552e+02
1.983481218497983036e+02
2.022013791475358460e+02
2.081065988023650561e+02
2.168055989045244871e+02
2.132104531351055527e+02
2.129838936172270394e+02
2.118287390087039626e+02
2.097562009777221022e+02
2.103435558397040097e+02
2.096140219114471677e+02
2.083066213297381921e+02
2.090888109508256321e+02
2.078402733559941851e+02
2.068743932816012432e+02
2.070440339168801813e+02
2.066796830611572773e+02
1.933522775863599463e+02
1.841586358142651250e+02
2.058739753133281170e+02
2.077104840196857367e+02
2.064056600799395937e+02
2.050410117187862795e+02
2.075066894603167214e+02
2.098336830424532309e+02
2.093269715655573862e+02
2.085382038308707138e+02
2.076267297851765363e+02
2.080996704984952714e+02
2.079268792903770873e+02
2.074886536456054102e+02
2.074233748528432955e+02
2.071246257453078385e+02
2.056025352255009295e+02
2.048327844377336930e+02
2.041935661699308753e+02
2.041993548814911890e+02
2.039152199716009477e+02
1.925354063526085611e+02
2.046582758286001535e+02
1.987752507916312368e+02
1.953462819408900657e+02
1.968598509287033096e+02
1.993821996885788224e+02
2.077250934431686744e+02
2.060107436019552267e+02
2.069428153478460501e+02
2.061624383472638442e+02
2.069421543546266662e+02
2.055217917008061761e+02
2.040826522194938093e+02
2.069996419087967183e+02
2.069672943601011923e+02
2.069175841812075305e+02
2.070839596641789342e+02
2.075728656373738374e+02
2.065729976874336842e+02
2.069539764583049077e+02
2.059174115107700516e+02
2.523592550539689796e+02
2.362900533275417843e+02
2.170937258084428549e+02
2.141146571498206583e+02
2.078351648270599412e+02
2.089986702833935226e+02
2.070271158779190444e+02
2.072443846839412629e+02
2.049699190145192063e+02
2.053599222520092269e+02
2.047686005361012178e+02
2.049777630849209800e+02
2.044486929960181953e+02
2.032610504677446670e+02
2.021635784417739501e+02
2.015943757827915590e+02
2.044674705096404921e+02
2.046040816949102634e+02
2.047592995193688807e+02
2.043922793370706188e+02
2.045872306543496109e+02
2.085387073470493533e+02
1.991997420511134749e+02
1.999401247689798993e+02
1.993951507937756560e+02
1.990648369610289024e+02
2.012079960809905117e+02
2.012535376908297451e+02
1.988968284555550383e+02
2.002948036622877908e+02
1.993117380866307258e+02
2.045951676444158807e+02
2.053450737686489163e+02
2.032890847331447901e+02
2.022555670564478874e+02
2.073562814779149619e+02
2.061575151499522462e+02
2.059254555056439813e+02
2.064924999833142465e+02
2.057363598881961195e+02
2.054935441603480513e+02
2.047863803759744599e+02
