6.915673999766075895e+02
6.891755774545422355e+02
6.869855561203112302e+02
6.845893642425771759e+02
6.821107702359014411e+02
6.794996673126403266e+02
6.766744620631532143e+02
6.737294378147877296e+02
6.703491884524173656e+02
6.667150812884016204e+02
6.625467602366315987e+02
6.576833800439953848e+02
6.526752138076312804e+02
6.467872957953072728e+02
6.400740895153705878e+02
6.329764391641820112e+02
6.247371023129466039e+02
6.160050331028087385e+02
6.058353411537018474e+02
5.959222666916276694e+02
5.859220377047757893e+02
3.537746528044874594e+02
3.471347324768423732e+02
3.398128158006790045e+02
3.397066855600152735e+02
3.403224761952730546e+02
3.375779423649467503e+02
3.441094106568091888e+02
3.414074111495321517e+02
3.426672731768614995e+02
3.439414037753036837e+02
3.412044704422850145e+02
3.398248802447375851e+02
3.397553411595950479e+02
3.394305729177456215e+02
3.397131003193204606e+02
3.390573614150375761e+02
3.388543127116194569e+02
3.396233960210083751e+02
3.388610090162993629e+02
3.384454309030725199e+02
3.389696047904477609e+02
3.381916387355840925e+02
3.259301558955924065e+02
3.310421814029400025e+02
3.353165476924101540e+02
3.388185228616962377e+02
3.394345897846409912e+02
3.369589634104032143e+02
3.363183708940399015e+02
3.347106385619218258e+02
3.366563823534875723e+02
3.351458472386931362e+02
3.360395860596391344e+02
3.358742753611719536e+02
3.352520681164688767e+02
3.346197052611001936e+02
3.332078325866694399e+02
3.320241452056699814e+02
3.319869629175845489e+02
3.318887866674137967e+02
3.306567278294093057e+02
3.291440269474173874e+02
3.298769954654933372e+02
3.141909154241550368e+02
3.166901216493035918e+02
3.173017532847741222e+02
3.194499301594871667e+02
3.231496906640955444e+02
3.281723913722146335e+02
3.272007544251959530e+02
3.262916504571273890e+02
3.236995320445453785e+02
3.224585675087666914e+02
3.186010496533604055e+02
3.200161780493547212e+02
3.199213834383071458e+02
3.207521957679886100e+02
3.221114691370897845e+02
3.234302596138506942e+02
3.239936024659920690e+02
3.222125582475356964e+02
3.219573301362476059e+02
3.210595989364479124e+02
3.252358133374510203e+02
3.060380001852911391e+02
3.129161331462860858e+02
3.102847667286332012e+02
3.118875268450495923e+02
3.125449271986955182e+02
3.114843048774097838e+02
3.102852446512966367e+02
3.108689151942937769e+02
3.115908445609531441e+02
3.110199755405143378e+02
3.103124771577040519e+02
3.090786989248954910e+02
3.090318208385177741e+02
3.093625346499940179e+02
3.105139414385040482e+02
3.117995105393754898e+02
3.121364965420638100e+02
3.125257415216400432e+02
3.113989243054352869e+02
3.113515005695280138e+02
3.132391618488130689e+02
3.071556465577857011e+02
3.141129924277183250e+02
3.109557215837539843e+02
3.073961500444495982e+02
3.032046643712299669e+02
3.025146742807010014e+02
3.034203861581081014e+02
3.019886633803056384e+02
3.010849358794025648e+02
3.034879626393355352e+02
3.032040311396442576e+02
3.006719727370584678e+02
2.999459366797187840e+02
3.011322337795519388e+02
3.009795839557826298e+02
3.008380324069195240e+02
3.015143873586414429e+02
3.017913182778340797e+02
3.016994319334295938e+02
3.005512463338536122e+02
3.050841338805726650e+02
2.974800698624511597e+02
2.857328330486172945e+02
2.901925970575747442e+02
2.985976510146907117e+02
2.932366293163966020e+02
2.986541073909529018e+02
2.964525186480308321e+02
2.960586930838289845e+02
2.969071816108066741e+02
2.959383509608847476e+02
2.951573423009307362e+02
2.963599111583080798e+02
2.953910609213846215e+02
2.942734159183235079e+02
2.932986128659919132e+02
2.915644464713005846e+02
2.914536257268425743e+02
2.894459486912045918e+02
2.892051459085404872e+02
2.897986603826496435e+02
3.253268083220339122e+02
3.126621470496007760e+02
3.013652714625732756e+02
2.949711006973246867e+02
2.972546961240650489e+02
2.941195745131927310e+02
2.928916269532939509e+02
2.928856370517719938e+02
2.910253153483557753e+02
2.875862508516910907e+02
2.853266385255474802e+02
2.845631531445981182e+02
2.852578889405060636e+02
2.843884367892726459e+02
2.839614353957873618e+02
2.820627445299111855e+02
2.820676820667902120e+02
2.805002407176362453e+02
2.807730930459539991e+02
2.801734891670499792e+02
2.795988309526605917e+02
2.706056687590120760e+02
2.686346846680173144e+02
2.658010567267917850e+02
2.660898184763263998e+02
2.670963614439031630e+02
2.685064776787063465e+02
2.678417104344673589e+02
2.684625889988289487e+02
2.699383835542222414e+02
2.687660176939280063e+02
2.686191436465068136e+02
2.697848838087962804e+02
2.709346724089875806e+02
2.711280346709818332e+02
2.708459005184918738e+02
2.699486331889253847e+02
2.700675211833809044e+02
2.695904518630854341e+02
2.695990117357256963e+02
2.697454940992956836e+02
2.692257567159382461e+02
2.857917345622961420e+02
2.641817246475361571e+02
2.595278835378326789e+02
2.672608163738195799e+02
2.626117287737146739e+02
2.631603966307832252e+02
2.648536812257207771e+02
2.640256440258468729e+02
2.658580893833580490e+02
2.639972008176472400e+02
2.619836722945636893e+02
2.630959785468780296e+02
2.637472933419173273e+02
2.636867845609950791e+02
2.633577738860174691e+02
2.632838233662071161e+02
2.630765180364529670e+02
2.622350141623652462e+02
2.611993097365625545e+02
2.607772136194496966e+02
2.593798754766484649e+02
2.591901503451749136e+02
2.479732639108914043e+02
2.553910716967804433e+02
2.525164540656983547e+02
2.514125254556666107e+02
2.533180349979569428e+02
2.535043388527301715e+02
2.550917334305455881e+02
2.560311880806532940e+02
2.567331032262393364e+02
2.568828336406446624e+02
2.553372802676328490e+02
2.536671798487597300e+02
2.547336539879404711e+02
2.528376453901987304e+02
2.523875032565776166e+02
2.528450453424979401e+02
2.517053823072720320e+02
2.517077317791360542e+02
2.520147250081451205e+02
2.514999823086293134e+02
2.470607973675445237e+02
2.403966068594878038e+02
2.384860176851744882e+02
2.403567703233320287e+02
2.402427764780130701e+02
2.433688891307977826e+02
2.454648567294530608e+02
2.470090013659841475e+02
2.490650089384783143e+02
2.492036018988483761e+02
2.491454450626558810e+02
2.493164946837850664e+02
2.489908268679440084e+02
2.490693449661069678e+02
2.483524290332219095e+02
2.473681722116605215e+02
2.467907611418913234e+02
2.470719247586984579e+02
2.458303359365776259e+02
2.452506004731554299e+02
2.449926840694888313e+02
2.910294014556754405e+02
2.596967504136591742e+02
2.501687805558267428e+02
2.446037403267110903e+02
2.456099611333080759e+02
2.439800972946434001e+02
2.431772337056353024e+02
2.407654710492888341e+02
2.410523414242084357e+02
2.382042360515512200e+02
2.390065243906709895e+02
2.397243052942534121e+02
2.402554098307059007e+02
2.400738982202856278e+02
2.400535062596229920e+02
2.396254184075784508e+02
2.386939442178228035e+02
2.379300592338306615e+02
2.377892385444879153e+02
2.378912703166350866e+02
2.387255025577271681e+02
