7.233351675088320007e+02
7.208108125932750454e+02
7.179264681244308122e+02
7.155398714906634723e+02
7.137125963357842693e+02
7.117008361681575934e+02
7.087912444388412041e+02
7.060544829921063865e+02
7.029964627110579158e+02
6.998516839205552742e+02
6.969257580915949575e+02
6.931609438728842179e+02
6.891581996027624655e+02
6.853595476008790683e+02
6.798413685412662062e+02
6.746593294326206660e+02
6.683308673381148992e+02
6.615413777733319876e+02
6.567577077592649175e+02
6.537393451185424738e+02
6.499061042196562994e+02
5.735358481974413962e+02
5.889743975176675121e+02
5.803495182550879008e+02
5.757435316563050947e+02
5.694689241676419442e+02
5.697719145189633991e+02
5.694657900789611631e+02
5.682638830708905289e+02
5.672137950589659567e+02
5.639546031179590955e+02
5.602983804981743106e+02
5.599437066941106877e+02
5.604952928226125550e+02
5.609835530098464460e+02
5.591878850722865764e+02
5.602114709325112472e+02
5.596496912428951873e+02
5.599632239819239885e+02
5.589507517669757135e+02
5.576212140483023632e+02
5.558672152750007172e+02
5.648595195136915663e+02
5.560335810254184707e+02
5.572814905659901115e+02
5.538357634890353438e+02
5.507215468266570042e+02
5.503712117082535542e+02
5.486962013751191307e+02
5.483512064782461266e+02
5.449737275967645473e+02
5.420927604329049245e+02
5.387610995558294462e+02
5.376362561528824244e+02
5.373826738109364669e+02
5.373212442608941046e+02
5.363583353623911307e+02
5.342138346101482966e+02
5.333886304114811310e+02
5.322089275490934597e+02
5.306435768500324457e+02
5.288067853278330404e+02
5.268672501163950983e+02
4.747163756166586381e+02
4.884979607813085067e+02
5.035103102724028759e+02
5.041563546314262112e+02
4.997353606591229891e+02
4.988305019568736611e+02
4.976250869293877486e+02
4.957526593839190809e+02
4.916057822494612992e+02
4.884890379115969381e+02
4.856543045662847931e+02
4.835185434234675199e+02
4.805441169456668149e+02
4.784288796454203521e+02
4.755949925570544110e+02
4.721265160439115220e+02
4.684562599286816749e+02
4.654805603052251399e+02
4.625507837917770644e+02
4.595882773214585200e+02
4.569238439609892453e+02
3.589224397777809372e+02
3.795668609626892476e+02
3.774569273007234642e+02
3.774242398627952753e+02
3.724006282243481110e+02
3.688250402482363484e+02
3.631471691113210909e+02
3.620428855069230849e+02
3.575635664319245848e+02
3.537760707463396557e+02
3.499912337191801157e+02
3.444438231733568045e+02
3.430841261739080892e+02
3.390296246786305687e+02
3.333749319120065024e+02
3.299911150764843342e+02
3.262692265305319665e+02
3.221158687817873556e+02
3.215058022912757565e+02
3.187342706946588464e+02
3.159686529144258884e+02
2.248756880053248892e+02
2.294169971323672996e+02
2.346776027893601793e+02
2.349930532239081913e+02
2.411796626332943561e+02
2.424626747606168919e+02
2.375589744932096323e+02
2.443492838362496684e+02
2.415575599853713982e+02
2.397655946842373567e+02
2.368366235142947005e+02
2.360332184475351482e+02
2.324310643261162284e+02
2.301635160232415274e+02
2.288412192993789631e+02
2.267540749531405879e+02
2.242645065539360303e+02
2.240616363537540110e+02
2.222135136985184545e+02
2.203234182366419418e+02
2.194661949918530013e+02
1.946435942755323936e+02
1.870164996743716870e+02
1.827925249740053175e+02
1.867406662554179775e+02
1.855794274777275916e+02
1.917739554046586363e+02
1.904215944561501885e+02
1.862020682773011231e+02
1.865335393655307712e+02
1.884122362419948331e+02
1.874641827636317828e+02
1.878865679080529958e+02
1.856110186481832613e+02
1.830698757799867167e+02
1.900031470043021216e+02
1.890489312518932365e+02
1.890620615881284152e+02
1.881999942576191245e+02
1.892593399608728646e+02
1.920196214435879369e+02
1.956747500971854379e+02
1.866178007142852664e+02
1.933471721309791747e+02
1.887514952297063360e+02
1.844614769172621322e+02
1.926152310464302104e+02
1.916733333439558180e+02
1.895420487897411022e+02
1.864814822431562504e+02
1.859364555575651252e+02
1.868127148365064158e+02
1.843496457639260200e+02
1.820104584985485587e+02
1.816072675960433003e+02
1.803380171298336734e+02
1.773867868384674580e+02
1.807344080848541807e+02
1.797882826981581559e+02
1.793460860481872032e+02
1.787197104141304749e+02
1.778822422681558919e+02
1.763670865799840044e+02
1.370995250334017896e+02
1.662279245418474147e+02
1.615970093069951474e+02
1.600083896396619139e+02
1.677217311572944709e+02
1.693559099640155807e+02
1.691027015555449680e+02
1.652858203700297111e+02
1.680883356579350618e+02
1.656074039882794580e+02
1.631870394325744940e+02
1.615704913569181826e+02
1.624281536677748647e+02
1.613458577625607688e+02
1.612532452747271634e+02
1.619259773848996247e+02
1.614043068418105236e+02
1.611923163930176486e+02
1.605502320243043073e+02
1.603014804464818326e+02
1.585731410188794825e+02
1.832280567077261253e+02
1.630412789193552783e+02
1.513444768119831281e+02
1.463986098492051724e+02
1.419871302366878183e+02
1.425994905497836385e+02
1.444006630702125165e+02
1.470833517706575719e+02
1.476358580425659852e+02
1.491418514696727300e+02
1.474789909387629905e+02
1.463880825918531343e+02
1.442586094109281589e+02
1.462117896900708445e+02
1.490976672701998496e+02
1.489322576852507325e+02
1.493830820190031545e+02
1.521597660742080507e+02
1.513440221679734350e+02
1.532361195897830157e+02
1.530041159473726111e+02
1.491108372150806929e+02
1.493036490831058529e+02
1.442370788907055044e+02
1.386881555521007954e+02
1.379714599236286290e+02
1.365171362304407126e+02
1.395765451795205365e+02
1.379154771111127786e+02
1.361989719703703372e+02
1.373275679702154264e+02
1.391245871133905894e+02
1.373762974464073636e+02
1.377924108404684489e+02
1.378804917941980364e+02
1.394023128590017393e+02
1.378819682850788979e+02
1.390289310829033980e+02
1.396495139286416816e+02
1.407891589347741501e+02
1.400446575431369070e+02
1.418279055883207889e+02
1.617304599082498839e+02
1.654377927203289858e+02
1.503890954387654233e+02
1.456948648206445114e+02
1.402096919752736142e+02
1.627258524191290974e+02
1.596745817451360381e+02
1.575311543246444614e+02
1.557885362689703754e+02
1.537110056546406156e+02
1.505533563758324078e+02
1.488599523972948475e+02
1.470594522938344539e+02
1.496531849588362775e+02
1.491368105770959289e+02
1.476149107470646697e+02
1.471475384445795953e+02
1.472255271208792635e+02
1.476440179460098818e+02
1.461433346997068838e+02
1.450492027295626087e+02
1.266700922747635616e+02
1.323220775245252412e+02
1.263041140969059484e+02
1.274862233685821309e+02
1.290009299148557318e+02
1.290907456005677147e+02
1.278536528667198127e+02
1.273108098704465760e+02
1.290717052220934988e+02
1.277206007595713970e+02
1.273570237456816443e+02
1.279754003000177391e+02
1.288849607766555891e+02
1.300967444423883705e+02
1.293561633622634872e+02
1.324857767778653113e+02
1.341246593897527930e+02
1.339783152341468622e+02
1.343979513655111475e+02
1.344023309121785132e+02
1.332003482417987357e+02
1.685168806809327293e+02
1.344236807089561978e+02
1.301570331535279479e+02
1.269721940373841846e+02
1.311483079892491048e+02
1.306787751219195002e+02
1.288647459623686586e+02
1.282911822192992588e+02
1.302715951911822003e+02
1.291721181774741183e+02
1.274004021782148470e+02
1.254773430125717937e+02
1.260816579707984602e+02
1.269971267079689738e+02
1.250097272366608649e+02
1.244449981421534090e+02
1.249257826656138946e+02
1.244588156300902426e+02
1.270414105057309655e+02
1.282933478475547986e+02
1.279270977639012159e+02
