2.577723794073744443e+02
2.582910668979779416e+02
2.563475491994057052e+02
2.537482364998451487e+02
2.528835638177632745e+02
2.502384163735690095e+02
2.502143203041394486e+02
2.490752948830829894e+02
2.472838254172660584e+02
2.459563634652227790e+02
2.449628998955534769e+02
2.437363106651231703e+02
2.410214796405647348e+02
2.390184123082625831e+02
2.373551834554928632e+02
2.359805996478814620e+02
2.361129951708041119e+02
2.362874324125249075e+02
2.358926946462303817e+02
2.346080216889955921e+02
2.337104933076675763e+02
2.085209597331228792e+02
2.181057064332596838e+02
2.158294575915544726e+02
2.176549462141106517e+02
2.195039189392509229e+02
2.192124252889989862e+02
2.203297361305157551e+02
2.201246403760384567e+02
2.206285593384071717e+02
2.198245565928405085e+02
2.194511550795003814e+02
2.195267514231250345e+02
2.197033925624515405e+02
2.195185829322481936e+02
2.191993201719282922e+02
2.190227671394253264e+02
2.188152939667014039e+02
2.184905319356645634e+02
2.180264776059291876e+02
2.170499379621674052e+02
2.170776830007758633e+02
1.985107587524686608e+02
2.114669849913153143e+02
2.098433432542852586e+02
2.140429163740713250e+02
2.133500174319441669e+02
2.126599598955924932e+02
2.101168018965567512e+02
2.091101169067158594e+02
2.090223095093330699e+02
2.084471732524661434e+02
2.072721426320484568e+02
2.055251960947872760e+02
2.048487040625374505e+02
2.051841720166139851e+02
2.031764924555016023e+02
2.018865825298481695e+02
2.014850500390911634e+02
2.013383573188165201e+02
1.997555621580676473e+02
1.996879471884975885e+02
1.984234056465180913e+02
1.596081882352498837e+02
1.697870834630626575e+02
1.694813395933859397e+02
1.684148103444313449e+02
1.678164980282426768e+02
1.656262269168613557e+02
1.644843969079452961e+02
1.630631042924967460e+02
1.604536642812672369e+02
1.585892592537111341e+02
1.564892528322195062e+02
1.551012351726884617e+02
1.530580082588699611e+02
1.504157813212354995e+02
1.488846318985617927e+02
1.469757475860459408e+02
1.450368134525671167e+02
1.433176298122816092e+02
1.413495025486226098e+02
1.398489558941988378e+02
1.378247918812641615e+02
1.131952268517728157e+02
9.871205121652873515e+01
9.558350084258444213e+01
9.479051917523092641e+01
9.183029721855301375e+01
9.374644487288433936e+01
9.248122811528018872e+01
9.348968617867363662e+01
9.477294703557014088e+01
9.469045867144109252e+01
9.387909089719182987e+01
9.237897703695227847e+01
9.301259798798292877e+01
9.214263905208763106e+01
9.163877495581878918e+01
9.112477987564120951e+01
9.031029569830661785e+01
8.930427342053400253e+01
8.845725969209973982e+01
8.828774036550294113e+01
8.771727755498012868e+01
9.033070537853285487e+01
7.494212012580992166e+01
7.705900213280874311e+01
7.593930610978563323e+01
7.495037057851106965e+01
7.783684950329087826e+01
7.905429001359128449e+01
7.933577555627728373e+01
7.942528392353290201e+01
7.929060298333294554e+01
7.842763027320712865e+01
7.788195038754480493e+01
7.686766074143609728e+01
7.628160670219955364e+01
7.543308735268475118e+01
7.525877820133162288e+01
7.529910846535371149e+01
7.504824921051667275e+01
7.455859541694154302e+01
7.408244911015887624e+01
7.417829599774444205e+01
6.651438688953342648e+01
5.903031082013128383e+01
6.114861644330375157e+01
6.299289210620800361e+01
6.645435150467666574e+01
6.610534082642236342e+01
6.625755850488579313e+01
6.793466427199916780e+01
6.631699487906176671e+01
6.738173921830177449e+01
6.753851156653819032e+01
6.764625071440497095e+01
6.747015660390202640e+01
6.739021294538352436e+01
6.729427527794851471e+01
6.665525098488703293e+01
6.686658792633991766e+01
6.675294398537738516e+01
6.653683447615618718e+01
6.700203973143807445e+01
6.697554960807629243e+01
6.926260527454499538e+01
6.801238533943744358e+01
6.500010059814695751e+01
6.558148152028554989e+01
6.328001067675150892e+01
6.171312486439531853e+01
6.242800920320086533e+01
6.392784030719186461e+01
6.436718447747523442e+01
6.438202052755642057e+01
6.342959669465897576e+01
6.309720471140370535e+01
6.301537173779834689e+01
6.231708369119412083e+01
6.136509392702387800e+01
6.169137002892765054e+01
6.111815427107818266e+01
6.067126350450929806e+01
6.051212090301053337e+01
6.026850303814593701e+01
6.037699655313600289e+01
5.092705448352124620e+01
5.414597314797229188e+01
5.441931502674855636e+01
5.746978739533648195e+01
5.743530618386523656e+01
5.732049636031970863e+01
5.791292465394930389e+01
5.779999663971459256e+01
5.744988680472491183e+01
5.761325808572835427e+01
5.723360419375589458e+01
5.663567051992104950e+01
5.584177238144062727e+01
5.662850367100887183e+01
5.613227406131316854e+01
5.630190252389328265e+01
5.596401326273746690e+01
5.558510406660247583e+01
5.548389872239336995e+01
5.575245242084512398e+01
5.569538213598369225e+01
5.384092505711271315e+01
4.839936590690810903e+01
5.068263352810281219e+01
4.994885123160827334e+01
4.886385744905329176e+01
5.365945896459386688e+01
5.370807364334433487e+01
5.418968000301536136e+01
5.444777976871318970e+01
5.371561688140290158e+01
5.360445457801049685e+01
5.441704592682796715e+01
5.406031968696372303e+01
5.380955281428251880e+01
5.388754055959561384e+01
5.390314353165139494e+01
5.310981615964491453e+01
5.320584334842960317e+01
5.281811193817666350e+01
5.255211267837694322e+01
5.214185046419179059e+01
4.616503063633442139e+01
5.875602885292365585e+01
5.266147597615424303e+01
5.114412790407767773e+01
4.857691973573180633e+01
4.870513140164455734e+01
4.927690453806472703e+01
4.911121743711921539e+01
4.951632400595026695e+01
4.985912723807868474e+01
5.009371666816745261e+01
4.994857420128416692e+01
5.014430161240203887e+01
5.040158321197844771e+01
5.074940739860546302e+01
5.016606462549620460e+01
5.014592484020223395e+01
4.989185697196396063e+01
4.988089076615907658e+01
4.945408873945007855e+01
4.918921164855547801e+01
4.392765313164601793e+01
4.317654227656533550e+01
4.232085187607250987e+01
4.345207075605893010e+01
4.289249593741762112e+01
4.585944693466773003e+01
4.705858031005055153e+01
4.639395837956338653e+01
4.617358075013453345e+01
4.678350653595234121e+01
4.730635657715669140e+01
4.714080999400830763e+01
4.638805308859070919e+01
4.691602135670539298e+01
4.638046316004697900e+01
4.584942972124837723e+01
4.544132216078625675e+01
4.510222008466533339e+01
4.561994373388416335e+01
4.561285530926751619e+01
4.551341313068100192e+01
4.067708803174586762e+01
5.449379611743844976e+01
5.246353532825509092e+01
4.818286073732270580e+01
4.609991806201784215e+01
4.501831946611076063e+01
4.502550504442366730e+01
4.470100770212032160e+01
4.455747808834834700e+01
4.439043706305947268e+01
4.452863251253452859e+01
4.501628358048218104e+01
4.570481240680063451e+01
4.499655103614751539e+01
4.436528429710137544e+01
4.410936009834014726e+01
4.429242895694168425e+01
4.437731185226707709e+01
4.421638541422753832e+01
4.436755236699718807e+01
4.476742546053589678e+01
3.352541147748036110e+01
4.011638610138015792e+01
4.662334654844547543e+01
4.676564314522605059e+01
4.619011579846029036e+01
4.635366609057674481e+01
4.530021240992603992e+01
4.453431945454303076e+01
4.429193051230853229e+01
4.332792089338713737e+01
4.313158910171417659e+01
4.354279082494888797e+01
4.324514694090143507e+01
4.364347253855078179e+01
4.351920337690295781e+01
4.354061924724760502e+01
4.314973321684746566e+01
4.324021033154177474e+01
4.315436298740198851e+01
4.299468070999688507e+01
4.269946565508235636e+01
