9.967486068140340194e+02
9.921007011203430466e+02
9.877533498633133604e+02
9.833019243341976789e+02
9.782090255268193459e+02
9.732659612824330679e+02
9.678092877440172970e+02
9.622759728599402251e+02
9.559439124915508046e+02
9.489436327329050300e+02
9.416050115500277116e+02
9.333587072585114583e+02
9.237835225281951352e+02
9.142132788965345753e+02
9.027829706767535072e+02
8.910670748694998338e+02
8.775132619187944556e+02
8.644147756385617640e+02
8.518825707427032512e+02
8.394361183685053902e+02
8.295301724003847994e+02
8.201461327823512875e+02
8.129797908067517938e+02
8.057361061377185933e+02
7.980874332545332663e+02
7.917740970131766289e+02
7.851490060223959517e+02
7.791646748794591986e+02
6.150096383663118331e+02
6.090163164977689121e+02
6.226112085193251460e+02
6.194277049681265908e+02
6.175916516054833210e+02
6.183008158831589753e+02
6.136833825541706346e+02
6.132478787727358167e+02
6.142282568885173077e+02
6.116871916345405680e+02
6.104743141296235081e+02
6.091078619380109558e+02
6.093297572679161931e+02
6.085663290386341941e+02
6.072212640491657112e+02
6.069990547055883781e+02
6.064250131442466909e+02
6.054430085892730631e+02
6.048182941559394976e+02
6.058186374792589959e+02
6.065235816425464463e+02
6.053646985288299902e+02
6.056090917270278169e+02
6.045965967597010149e+02
6.051035250870967275e+02
6.040913822249661962e+02
6.037517951499495439e+02
6.025708062889090115e+02
6.105406859282952610e+02
5.732564432209984489e+02
5.668616298522116494e+02
5.687843819178050353e+02
5.744970423013220397e+02
5.752664161327877537e+02
5.758417766484609501e+02
5.745119080011743335e+02
5.752914621592209414e+02
5.733516831942669114e+02
5.720489342025341557e+02
5.685551080906462857e+02
5.692438672260877865e+02
5.709117431949593993e+02
5.696114121500321517e+02
5.671752042838727448e+02
5.673682678643014015e+02
5.681322921409137052e+02
5.668295830456634121e+02
5.678345770199812250e+02
5.686626073966783679e+02
5.674830725063819727e+02
5.680281382776937562e+02
5.670315805798114752e+02
5.661996147025503205e+02
5.656831055897961278e+02
5.640491786805183665e+02
5.626752366327260688e+02
5.544184930954156698e+02
5.486589377351656367e+02
5.444807985758287714e+02
5.389690091720294731e+02
5.314357480265167624e+02
5.311637600794742866e+02
5.297368386628253347e+02
5.275322050530543265e+02
5.253553879761167309e+02
5.246358477463263625e+02
5.210309644482771319e+02
5.200633713462092373e+02
5.167857651028057262e+02
5.141759292479468968e+02
5.109747111093654439e+02
5.087927646080036652e+02
5.073873763293748311e+02
5.079603159874987455e+02
5.050927947287596567e+02
5.041020758891100968e+02
5.039479747677414707e+02
5.037163434457290236e+02
5.037467178468034490e+02
5.009634044528407912e+02
5.000535936772005812e+02
4.980729948214104184e+02
4.969239407860674760e+02
4.937899641514381415e+02
4.307247955452299379e+02
4.418941525499052432e+02
4.346408660168293636e+02
4.347777891610846268e+02
4.339799904729054560e+02
4.325046401458135392e+02
4.278291387323026242e+02
4.259166753258843983e+02
4.243116822460349908e+02
4.213972312920328704e+02
4.224226829709788262e+02
4.203871709902449538e+02
4.197290046529997198e+02
4.193585982159940500e+02
4.176014396350383890e+02
4.170347584616258700e+02
4.147110303462274601e+02
4.125654936973783720e+02
4.115512000038426095e+02
4.096376352912274115e+02
4.078331957747770389e+02
4.073829961564594555e+02
4.068671255852353283e+02
4.054301187194918725e+02
4.045510741593466832e+02
4.034131784951279087e+02
4.015396743496270346e+02
3.991925620869496356e+02
3.397297521981030286e+02
3.414040374915882126e+02
3.552025570250885380e+02
3.541895625903342193e+02
3.524560845285608366e+02
3.506712298012471365e+02
3.486009905172923027e+02
3.467353754449491703e+02
3.450820332337083869e+02
3.425660495389764719e+02
3.404970798071913691e+02
3.384141831618732681e+02
3.379640422445422132e+02
3.350886186297414611e+02
3.317655720398040557e+02
3.305708662748141364e+02
3.300024018262776053e+02
3.279615073838153876e+02
3.266936406827375663e+02
3.244881273387113652e+02
3.221998985359369954e+02
3.210725171032109415e+02
3.208297496699206590e+02
3.197520380885169402e+02
3.184969743727467630e+02
3.170518967389008367e+02
3.165242011219937126e+02
3.152278354664580320e+02
2.921000608257406839e+02
2.795878404950406093e+02
2.705197464495345230e+02
2.735575387063357766e+02
2.821364385819512677e+02
2.795174325195453662e+02
2.773569744517747040e+02
2.765184232921938019e+02
2.750484661431403310e+02
2.748757507274611385e+02
2.742774962325534602e+02
2.735356403684569955e+02
2.725845946987570301e+02
2.726424288784189685e+02
2.736753892279683100e+02
2.737449129219213546e+02
2.738928023385257688e+02
2.726089445852770723e+02
2.716774213289749582e+02
2.714599211480306735e+02
2.704818548832994338e+02
2.682086410492157711e+02
2.682465793919802195e+02
2.672395969896874703e+02
2.663498248920446372e+02
2.650756132898287092e+02
2.648230146746842024e+02
2.639945103516379277e+02
2.375392991352837555e+02
2.676875899439235127e+02
2.679399569166891979e+02
2.601527516144805645e+02
2.529846170242661572e+02
2.532175739466242703e+02
2.484201943778190014e+02
2.479916217663957241e+02
2.465163962895696557e+02
2.516077172733998850e+02
2.503973283982861346e+02
2.470300250480283069e+02
2.470463722636678483e+02
2.463720895521859120e+02
2.448337650272808901e+02
2.438794608999235720e+02
2.422747907465210631e+02
2.415633938640856968e+02
2.397583181238079248e+02
2.389216871099880848e+02
2.382300868398176021e+02
2.377020541400427192e+02
2.385256618278523604e+02
2.383773904302487665e+02
2.376022229917523703e+02
2.363872500286879017e+02
2.365724780326584664e+02
2.372915558740761242e+02
2.488768731719392235e+02
2.405035552425972014e+02
2.320714579138921465e+02
2.412122392110826183e+02
2.382511096090517242e+02
2.348234490979869236e+02
2.336258189640439298e+02
2.335154694286485437e+02
2.350921788133090899e+02
2.316796807457415355e+02
2.310419271762212645e+02
2.300887126478228879e+02
2.292280241255093074e+02
2.295671260157319864e+02
2.284148014194760776e+02
2.272844005759587276e+02
2.257694920261813536e+02
2.262961791273374672e+02
2.258746786023801860e+02
2.240312615048483735e+02
2.237249182562763110e+02
2.230744202994726777e+02
2.224291092532092193e+02
2.225307196653320148e+02
2.226513244763153523e+02
2.232908005830441311e+02
2.226981084168347138e+02
2.219549827504380062e+02
2.404160405492075370e+02
2.201503317624043348e+02
2.134340160552395389e+02
2.133717417457902741e+02
2.056577696289406276e+02
2.070119410469349077e+02
2.049289074933572294e+02
2.068234604607808649e+02
2.083107457340612996e+02
2.064962567567986014e+02
2.048670853607404467e+02
2.053208982489229584e+02
2.050068978520947383e+02
2.046285604998376186e+02
2.061519860775925679e+02
2.077809340358686256e+02
2.087844749121522909e+02
2.089587026375485550e+02
2.111661051795293531e+02
2.102928790126861145e+02
2.099480391756097220e+02
2.101359966728388713e+02
2.092923163425034545e+02
2.101607418552549973e+02
2.119088669281744899e+02
2.116536034998981108e+02
2.110332929655112082e+02
2.126883575676308169e+02
1.832191175205471723e+02
1.905123319073125003e+02
2.015638543667186866e+02
1.981894130552479396e+02
1.977753612020804610e+02
1.966740123004655061e+02
1.978202612500624866e+02
2.015903611945306011e+02
1.992692745338412692e+02
1.972286986517588332e+02
1.992399829436433834e+02
1.977311906941623363e+02
1.980562415263028697e+02
2.012404447346241625e+02
2.009519039339825497e+02
2.001590650064707972e+02
2.004315024594945953e+02
1.999109420882490724e+02
1.993337075968718750e+02
2.006070959738543991e+02
2.017575970389766837e+02
2.019781591520171560e+02
2.009883514468498049e+02
2.008306612191445595e+02
2.017796735190306379e+02
2.032376480937309680e+02
2.034602981126564600e+02
2.051627699883940181e+02
2.363922268020912156e+02
2.007346617949760343e+02
1.960514014898465120e+02
1.961571292847443715e+02
1.953218682777536515e+02
1.996155627495171530e+02
1.988240783606933064e+02
1.967333149655671889e+02
1.961079758826047907e+02
1.972316374991230816e+02
1.969751145266871788e+02
1.979793505585138575e+02
1.989966218159246125e+02
1.980203607082140707e+02
1.991578552394699386e+02
1.982353104965978332e+02
1.985313854638254725e+02
1.972434890328015058e+02
1.972224100503109412e+02
1.951829627950639576e+02
1.963266791308814163e+02
1.979409882198688990e+02
1.976507210478928016e+02
1.974702471583281920e+02
1.994629694915894049e+02
1.983908946545510048e+02
1.990750986106581308e+02
2.013136680122975974e+02
2.018750404535663279e+02
1.977090584550808785e+02
2.006060858063947023e+02
1.991212663084280621e+02
1.944021527048290636e+02
1.969156903959629119e+02
1.953317915762852977e+02
1.930564554237094512e+02
1.977144060240040915e+02
1.951042294439330931e+02
1.954400696877595465e+02
1.935733896179205829e+02
1.947523847394520828e+02
1.949110792874135711e+02
1.971238690065107164e+02
1.976668837200801363e+02
2.015027578967535931e+02
2.001515894948337291e+02
1.998751992121899264e+02
1.998315950345089789e+02
1.993090112685123643e+02
1.982900941095645919e+02
2.003005669215411331e+02
2.004293429099854791e+02
2.005056818558016118e+02
2.002390397008287835e+02
1.995147272232777880e+02
1.981246337469083301e+02
