6.915986222529794532e+02
6.043310590463988774e+02
5.139373089777633368e+02
4.769951407072510960e+02
4.482337951293299625e+02
4.329853481154006545e+02
4.165357166553168327e+02
4.038473260675951906e+02
3.954659606842626545e+02
3.889896711218864880e+02
3.824136347521581456e+02
3.752303324615825773e+02
3.687699446664032621e+02
3.646785133061627562e+02
3.565571487417064986e+02
3.504534390506117347e+02
3.434921678585341738e+02
3.362804899226038629e+02
3.279043528012289244e+02
3.208740926366127724e+02
3.137150783930527496e+02
1.432807836624543256e+02
1.478964616059751336e+02
1.451131539020124421e+02
1.440374158254044232e+02
1.432426806961492503e+02
1.417691628415286118e+02
1.390579626163440139e+02
1.371627469360404632e+02
1.357744799027673821e+02
1.350268552091259551e+02
1.318532005987024434e+02
1.292726871312305548e+02
1.275675959672317106e+02
1.251209687906979866e+02
1.214600283225532564e+02
1.188343508136225211e+02
1.160138683690149861e+02
1.132563073237708977e+02
1.096544188065942791e+02
1.077685326443316995e+02
1.062748825776513684e+02
5.395025223654886304e+01
5.149762466154788854e+01
5.209478529607487474e+01
5.215117813373381495e+01
4.923612764027222255e+01
4.741044430658211439e+01
4.770925200900487084e+01
4.642284153155407722e+01
4.433304434322846532e+01
4.397140761237146478e+01
4.261845030494875886e+01
4.272812731068975012e+01
4.262002751769947650e+01
4.206324088085347057e+01
4.138329454918853401e+01
4.142663024788918591e+01
4.080073309829958816e+01
3.970349604410705524e+01
3.866375902730123926e+01
3.789620653789984317e+01
3.812082996677563784e+01
2.248267374978650679e+01
3.765949557628399447e+01
3.717964354650040804e+01
3.275947937729453230e+01
3.800695127988284128e+01
3.811953712519414950e+01
3.771825731246902080e+01
3.648053994244372689e+01
3.629056933490758041e+01
3.457576812881529094e+01
3.499073050642042659e+01
3.502921619235850414e+01
3.357893803567702662e+01
3.279606118752567312e+01
3.144592811268087473e+01
3.120668005605724460e+01
3.078905874742497062e+01
3.017196147046495014e+01
2.964711037469335153e+01
2.930155235976027228e+01
2.877682865517209265e+01
1.338494558007028878e+01
1.566325610035764093e+01
1.557983540738091932e+01
1.637705767324889905e+01
1.539602364254226430e+01
1.479399100787474630e+01
1.496156360523330520e+01
1.396158361785827395e+01
1.483240541537645996e+01
1.478231401452522675e+01
1.536106906051949572e+01
1.528364469470840348e+01
1.526806658183913967e+01
1.534311237306665632e+01
1.570139526328895307e+01
1.538423254593074141e+01
1.543236943650622273e+01
1.536356913898661425e+01
1.533309367615545504e+01
1.546773169805055481e+01
1.549287617988195009e+01
8.249782977145622809e+00
1.490942258343602056e+01
1.354963470761918565e+01
1.227845878564768789e+01
1.398538659211249779e+01
1.404029737444827930e+01
1.372257446862759878e+01
1.336403022690949349e+01
1.300432264675831995e+01
1.312063625787744492e+01
1.302618896061436438e+01
1.324547394373551867e+01
1.285775097330652450e+01
1.251213128774718086e+01
1.259404695511696026e+01
1.253493664349781689e+01
1.253800547421554334e+01
1.288785777630545937e+01
1.280125513510548352e+01
1.283077142529859316e+01
1.261834882820701331e+01
1.666114620078871411e+01
1.453649200908307115e+01
1.474350204579143053e+01
1.220997855340266547e+01
1.093842504217998446e+01
1.097187467450024201e+01
1.175377554939081470e+01
1.169067360478622497e+01
1.152030544981111682e+01
1.186154647349847124e+01
1.135019428886739234e+01
1.076646440232525315e+01
1.029217113096622249e+01
1.019039869350778282e+01
1.016781027517642144e+01
1.011945730441969360e+01
1.028800952455050677e+01
1.021967359439421763e+01
1.026386323081055174e+01
1.025343961601528164e+01
1.026384884815037779e+01
1.508908998441742355e+01
8.981348663060916948e+00
9.465327865274439034e+00
8.150761828680023413e+00
9.493663328381686028e+00
1.046978881595703825e+01
1.030671021614801397e+01
1.082765162883155874e+01
1.042803587578956837e+01
1.000188605059587665e+01
9.591917311964467174e+00
9.651460339374002828e+00
9.620651296579723066e+00
1.010599533260448801e+01
1.028355212881770520e+01
1.005743191846270079e+01
9.717064330655878379e+00
9.943947259879024614e+00
9.838047323758450702e+00
1.007820912271385438e+01
9.910294937056084663e+00
2.511829523227953942e+00
4.288987526528765137e+00
6.723931782442405414e+00
7.321986569620668739e+00
8.997408389833257303e+00
8.618110000940376381e+00
1.051974252869290183e+01
9.837052476535017576e+00
9.526365089506477091e+00
9.810352413380643455e+00
1.006821944379871958e+01
1.067629322194822628e+01
1.064467057121240678e+01
1.121159469479204773e+01
1.096751415834679122e+01
1.065852575495633126e+01
1.052274811737271420e+01
1.027548428489564891e+01
1.013818934635989955e+01
9.872061973775316801e+00
9.540376233044307597e+00
2.959596352676840514e+00
8.602358201607097854e+00
8.979893722075258822e+00
8.671176232303791309e+00
8.058207667570888688e+00
7.351593714493962928e+00
7.056417067209700633e+00
6.944931835861329894e+00
7.253464299434904561e+00
7.433157560859433133e+00
7.006509046245191996e+00
7.103709740320184984e+00
7.177606122693027224e+00
7.149114517943871761e+00
6.947048478915524683e+00
6.812307090119620767e+00
6.707930363371324312e+00
6.610789668724862622e+00
6.529282413626562587e+00
6.365069303097620868e+00
6.241867030061962751e+00
