7.212671796087895473e+02
7.202292934422989674e+02
7.168445357079248197e+02
7.155190777200388084e+02
7.139005601588609125e+02
7.117114056077823534e+02
7.098271163648873880e+02
7.064732305513396113e+02
7.037917944417174567e+02
7.006136366052410267e+02
6.972014676079118090e+02
6.928649502070636572e+02
6.894457088341125655e+02
6.843236848937627883e+02
6.791964476370461625e+02
6.739785509895432369e+02
6.684537170061788629e+02
6.628073726840199242e+02
6.580132732882628943e+02
6.531200494688662275e+02
6.512941174601855892e+02
5.729029648764287685e+02
5.606560834828899260e+02
5.614879937710735476e+02
5.598797331328122482e+02
5.559275071273897311e+02
5.527670780564559436e+02
5.576331708545817492e+02
5.580767139861717396e+02
5.583802144900049598e+02
5.569203704807226814e+02
5.562931930436972152e+02
5.556285837424625242e+02
5.562545369834477924e+02
5.560551068754807602e+02
5.575821572626081206e+02
5.570068023997275759e+02
5.555475111113937601e+02
5.546052961356604101e+02
5.552728095923441742e+02
5.548562321773273425e+02
5.544062009000560920e+02
5.313479594743489542e+02
5.275941171809744219e+02
5.278255761421650050e+02
5.300523161258292930e+02
5.254435789862064894e+02
5.298348658551022936e+02
5.301249592816556060e+02
5.319406007976444926e+02
5.322162982393442689e+02
5.310263474840777462e+02
5.305734351355442868e+02
5.331048482821489642e+02
5.329167433220097791e+02
5.327336848187285341e+02
5.333682091661523827e+02
5.317294723733722321e+02
5.290239627594004332e+02
5.288248145823923778e+02
5.287684766364076268e+02
5.273943099063791351e+02
5.261641441247095372e+02
5.329574247222381018e+02
5.141109056356735891e+02
5.120577543775137883e+02
5.075167531755298569e+02
5.031963743886655607e+02
4.980111752111384362e+02
4.938225743661164415e+02
4.852649540815432374e+02
4.832297176365560745e+02
4.821401400529604757e+02
4.806854197467533822e+02
4.779110265893918381e+02
4.746175090812199073e+02
4.723895218856557676e+02
4.699858478894241216e+02
4.687191483818588154e+02
4.651916417346491812e+02
4.615013896708415473e+02
4.590631333823714613e+02
4.564263720645237754e+02
4.535703478408544242e+02
3.988706637868753546e+02
3.829079887581297044e+02
3.746755088749097808e+02
3.801983083383435087e+02
3.782605010334186773e+02
3.729453973779584999e+02
3.668388295478342229e+02
3.606590389361424513e+02
3.566584082081176348e+02
3.518049517719687742e+02
3.491085492651728259e+02
3.458464515635218390e+02
3.432932258133228061e+02
3.388635574408833122e+02
3.351195859498122331e+02
3.322018887563389740e+02
3.285882939708513391e+02
3.255552320407890079e+02
3.219369411952587257e+02
3.185653854901850082e+02
3.165181776741928843e+02
2.281655852235427915e+02
2.545549123202533508e+02
2.551000498483141996e+02
2.446168291412824658e+02
2.461263021527803119e+02
2.398761484889199664e+02
2.409024193241305625e+02
2.368734178216800217e+02
2.397779970480300733e+02
2.374815307102229838e+02
2.352644301835599094e+02
2.357401001059353405e+02
2.319940697609121116e+02
2.286901182362354916e+02
2.264193461628175896e+02
2.272741444307450536e+02
2.256760707742459147e+02
2.248357265626512458e+02
2.229766057506723769e+02
2.203261739628098610e+02
2.194996526640787238e+02
2.149451910291232082e+02
2.089365440940728149e+02
1.993220763506482172e+02
2.035230655130914670e+02
2.035835194861399486e+02
1.994825175635850769e+02
2.000977490237271468e+02
2.003977100254944617e+02
1.995695657745233120e+02
1.965726638281608984e+02
2.011918059725779244e+02
1.988403438840945512e+02
1.971900740240117784e+02
1.988212893721341743e+02
1.972004817750518555e+02
1.943990104556527569e+02
1.933418299812620660e+02
1.927322921620263685e+02
1.906052262371556481e+02
1.899792753762432937e+02
1.890965128937922373e+02
1.562655548379130721e+02
1.584090192279795417e+02
1.657939994240747978e+02
1.699752570951750386e+02
1.664293043297644203e+02
1.760239254441937362e+02
1.830550930001149652e+02
1.844272839151425956e+02
1.828443509426818991e+02
1.831550648900341116e+02
1.816227280799747916e+02
1.820603243659756458e+02
1.784421660633936995e+02
1.768103120832621471e+02
1.771539301127867247e+02
1.757333501214075966e+02
1.756001877197780061e+02
1.749105848315150809e+02
1.730889015126668085e+02
1.722468288818017470e+02
1.706891140344746987e+02
1.541456860111546234e+02
1.568522280394282973e+02
1.547105163238402099e+02
1.521483251463673412e+02
1.564226879943037147e+02
1.539080535302989006e+02
1.553252971240352736e+02
1.583236477159469757e+02
1.614435955421029689e+02
1.637602417778446693e+02
1.623596323873883307e+02
1.620599515542138818e+02
1.611163874245515331e+02
1.599571508939612272e+02
1.585689014474197336e+02
1.561132092036873189e+02
1.550893152966499713e+02
1.541848910024797021e+02
1.546603369274116062e+02
1.548869861453739816e+02
1.550751481851876861e+02
1.542435198692108997e+02
1.671814357129180451e+02
1.699347903845364556e+02
1.611144149207731573e+02
1.661987403192309500e+02
1.607871034607562137e+02
1.646282724508880619e+02
1.607406111631475198e+02
1.573158378322245881e+02
1.553786652327616764e+02
1.537264740251208082e+02
1.547551174184001468e+02
1.554648797483056342e+02
1.542245658718385073e+02
1.536520016005439686e+02
1.549542635758108702e+02
1.533502177366393369e+02
1.518293795924817289e+02
1.505864801304059597e+02
1.497185605353994049e+02
1.489460882172390654e+02
1.219014443149792157e+02
1.516469602185411247e+02
1.518600453498577565e+02
1.504064438732329165e+02
1.442028325414012500e+02
1.393199555385688484e+02
1.384468164630796991e+02
1.410345431718245948e+02
1.457817416344380490e+02
1.473750633073041172e+02
1.503153327283747842e+02
1.498384593069994537e+02
1.483384358217223848e+02
1.467314680309821711e+02
1.448065628799394915e+02
1.445542418454612630e+02
1.445441632047670169e+02
1.464292727574272419e+02
1.469140797300797487e+02
1.460816715983549727e+02
1.456563242872142325e+02
1.574086266317864329e+02
1.349809331788180771e+02
1.432922838712264308e+02
1.395025183515395781e+02
1.470111986929351815e+02
1.448314752109813810e+02
1.441908279287541461e+02
1.455602217423707998e+02
1.454963845453030729e+02
1.455419860199712048e+02
1.434956465144532274e+02
1.417376738643345107e+02
1.399188421103907274e+02
1.385375327154458773e+02
1.390147976428295920e+02
1.375509956680798780e+02
1.356048289494261496e+02
1.361730273264372215e+02
1.349599159826175310e+02
1.347455138595240953e+02
1.343184344388720604e+02
1.094844367848335480e+02
1.342918535924136449e+02
1.406271536283111629e+02
1.328895457826250777e+02
1.301624042281302138e+02
1.289883560235960829e+02
1.312518425361653556e+02
1.275385414599344784e+02
1.318084134966442775e+02
1.293952326188868653e+02
1.287012130497762143e+02
1.276624642460160715e+02
1.288076969225570565e+02
1.285720628812902078e+02
1.283040067866597269e+02
1.293179374079624040e+02
1.280698750786472147e+02
1.280085216867492761e+02
1.316978692828158444e+02
1.313765621331814941e+02
1.306094228510181949e+02
1.042140055579605331e+02
1.192308608551176690e+02
1.199512920266451488e+02
1.220345527570690791e+02
1.188102683557386854e+02
1.175496495602074987e+02
1.223663302492794287e+02
1.206525326923576671e+02
1.199805919573274480e+02
1.224759422553629378e+02
1.219376444654166676e+02
1.238127258482364255e+02
1.216788467442292472e+02
1.219836508439280465e+02
1.225732096333253764e+02
1.222813161988333661e+02
1.219927468442273550e+02
1.214889070845207755e+02
1.207592527283729424e+02
1.207333695128230033e+02
1.201129050327958367e+02
