6.915619859482461607e+02
6.892296882474665836e+02
6.870354799816575451e+02
6.846420597555709264e+02
6.821946477309764987e+02
6.797222897294295763e+02
6.767564725044168199e+02
6.737150439792003453e+02
6.704749197556724312e+02
6.669647333637408337e+02
6.628964415323093817e+02
6.583657033648999004e+02
6.531864230394289734e+02
6.472880191147837650e+02
6.406586044458514380e+02
6.332865767703941628e+02
6.248096030437341142e+02
6.156746332480121282e+02
6.058662314296557270e+02
5.955906614058174000e+02
5.852465604320832426e+02
3.497515262712003619e+02
3.380400707432739296e+02
3.416098475974328608e+02
3.442396614047971184e+02
3.496985053223423279e+02
3.459249151938719820e+02
3.483495408135539151e+02
3.470709070053322307e+02
3.519879963605394551e+02
3.517061431920379846e+02
3.483641101534298627e+02
3.470101026254814087e+02
3.447168764288936700e+02
3.431555287843178235e+02
3.434032334615764626e+02
3.424600382139498151e+02
3.405974364072928324e+02
3.390833003707371631e+02
3.389300751833506524e+02
3.402097620645604366e+02
3.403070297200010828e+02
3.076366388557664209e+02
3.159791760675842056e+02
3.320746216284272236e+02
3.279209771998930023e+02
3.401238461375289717e+02
3.368552403945357128e+02
3.375007861970871090e+02
3.340861153229558909e+02
3.328174025845769393e+02
3.287424977937356516e+02
3.287031430207601943e+02
3.293456328453154924e+02
3.295950533480784657e+02
3.299761639217857123e+02
3.304180921689081742e+02
3.319071533756800818e+02
3.316381510502643550e+02
3.309902952407450698e+02
3.306583162247858354e+02
3.306494519871117745e+02
3.303610990942983108e+02
3.099997356710804866e+02
2.967929179135956588e+02
3.145493377793400782e+02
3.141431757794948680e+02
3.216003438846377094e+02
3.242812367668811362e+02
3.246791605859645529e+02
3.264738339867182049e+02
3.249906168707004213e+02
3.255406191308244956e+02
3.245053230204737815e+02
3.242724109495003972e+02
3.257456367680166522e+02
3.256354045923369540e+02
3.259309299543390921e+02
3.252834720166969191e+02
3.251858863500311827e+02
3.245911960025306939e+02
3.240066463318075307e+02
3.228305028230599305e+02
3.226770964577469272e+02
3.132409353558589373e+02
3.075040237836154233e+02
3.058845411919443222e+02
3.117263879808322145e+02
3.152243537931265109e+02
3.059070435028273778e+02
3.118089762951281614e+02
3.115747935663111434e+02
3.132176157991459604e+02
3.112363967324157557e+02
3.113202148179461801e+02
3.113644886806225145e+02
3.126906922523327239e+02
3.129681504107152819e+02
3.118701369624527615e+02
3.119293347695543162e+02
3.128500832438087400e+02
3.135353839352665091e+02
3.126744938305644723e+02
3.122921502318827152e+02
3.125183509393992836e+02
2.980612482703454589e+02
2.936232647614523330e+02
3.004274131672809176e+02
3.001380606006642893e+02
3.019725176384900465e+02
2.974783062052979972e+02
2.993404970625584269e+02
3.016421813748505087e+02
3.029726719385221827e+02
3.025123064799416284e+02
3.050510333586506135e+02
3.065355711792728926e+02
3.046315691088026938e+02
3.040011591633900707e+02
3.038885455227925831e+02
3.035619030052853873e+02
3.020497094978859423e+02
3.023870848152770350e+02
3.033943782920765670e+02
3.030400258235039814e+02
3.024755448673431601e+02
2.853365933297026800e+02
2.786807928338745342e+02
2.858491082260461553e+02
2.891756579931025044e+02
2.888574493666416174e+02
2.931676920061443070e+02
2.957394796348618797e+02
2.934442985326239750e+02
2.932688719172406309e+02
2.949441722141231139e+02
2.951261414519303798e+02
2.952888267753069726e+02
2.951324031796390273e+02
2.939174424176743514e+02
2.921157353660645413e+02
2.923250945094174540e+02
2.935196269189902978e+02
2.942952709272983611e+02
2.937115461660281994e+02
2.938954144392076842e+02
2.931012571484442901e+02
2.840789144563253785e+02
2.818662834029296391e+02
2.837895964790106973e+02
2.851693057660633031e+02
2.840629662964452677e+02
2.829631151555126962e+02
2.869767991023087461e+02
2.842579659515094477e+02
2.848574121116539004e+02
2.823348893140597511e+02
2.834206186383799491e+02
2.825076187410164721e+02
2.816795951341537716e+02
2.825429807692971735e+02
2.819107726728979628e+02
2.814976364136372240e+02
2.833910702486365949e+02
2.836036239460377146e+02
2.828954431129707245e+02
2.835484393445414071e+02
2.833566532805753013e+02
2.888155266144055417e+02
2.880867171594297247e+02
2.855835265075232883e+02
2.815529383547029170e+02
2.753367588593390565e+02
2.740907763554509984e+02
2.743937861866879757e+02
2.758501677257381175e+02
2.778644555472085358e+02
2.773929977036512469e+02
2.766032143560054237e+02
2.750007419971314562e+02
2.756232509839836666e+02
2.740762756921707251e+02
2.741306014686651906e+02
2.753940082974393704e+02
2.755960983613856570e+02
2.751877036271518477e+02
2.741176498782426165e+02
2.745052251537813390e+02
2.741208596385134797e+02
2.508301834018898262e+02
2.743197408403989357e+02
2.679144569387979686e+02
2.702873342136325050e+02
2.737671925291810453e+02
2.742574889919556540e+02
2.740482933365517511e+02
2.713436977553748761e+02
2.698688576510904795e+02
2.698617551390125868e+02
2.684362622400855116e+02
2.681931603034394129e+02
2.684204068480378851e+02
2.678850951080480058e+02
2.681104210827963925e+02
2.671681396743587698e+02
2.662370044309973309e+02
2.657513945722783433e+02
2.657266907313382376e+02
2.651801003838507427e+02
2.660101350379057408e+02
2.394152579725311512e+02
2.621903223475605955e+02
2.618208739427684009e+02
2.601846528288136824e+02
2.604846611707501438e+02
2.639744921447036745e+02
2.642025216689914942e+02
2.606885873688064521e+02
2.584027373559677585e+02
2.588979978533275812e+02
2.594760293884892235e+02
2.600529209994869007e+02
2.595424567077214419e+02
2.596872486199990249e+02
2.598924011691841542e+02
2.595778729101269278e+02
2.595568501402915444e+02
2.600679672017370763e+02
2.599438347473554813e+02
2.590210924143492548e+02
2.585505001389753374e+02
2.379283814687919403e+02
2.362551100685282393e+02
2.406866709949766232e+02
2.495738044449392703e+02
2.557325906736589900e+02
2.537988369564637594e+02
2.550290399674401840e+02
2.548186533454336882e+02
2.563517756556392442e+02
2.544700354374631956e+02
2.539631575803913393e+02
2.547736153343433614e+02
2.558186268602345876e+02
2.560126508161057473e+02
2.554081799050191819e+02
2.540630649941396939e+02
2.538059343116879916e+02
2.535308549231237691e+02
2.537152229168186466e+02
2.526898402979591651e+02
2.526551229569203656e+02
2.487140096705398662e+02
2.658596506309603456e+02
2.585057987224121803e+02
2.515532499356202720e+02
2.503068989741072699e+02
2.476807592354967653e+02
2.481500762723514129e+02
2.481158647929138112e+02
2.486361405043385560e+02
2.491851214339734497e+02
2.474823004316535844e+02
2.466026662941690120e+02
2.470381434380572898e+02
2.466359831502506950e+02
2.460653927061046318e+02
2.463541775970429342e+02
2.474157316286060677e+02
2.480961529018677822e+02
2.476766160587028196e+02
2.481474701478019540e+02
2.469463886198205671e+02
2.522301944361170456e+02
2.426284211399931223e+02
2.448292547727294846e+02
2.425396802741877877e+02
2.423645206804008581e+02
2.448618289107277803e+02
2.455446816202708078e+02
2.447786867863378859e+02
2.464063547072332767e+02
2.435342383447105021e+02
2.436103381731942648e+02
2.422633267950626248e+02
2.415755274523505136e+02
2.403194441211272192e+02
2.413205509703486200e+02
2.425155943291435392e+02
2.413451037304425597e+02
2.423583518284595471e+02
2.419182285205692153e+02
2.420456532254135595e+02
2.420271773664292994e+02
2.336694410515194704e+02
2.454376226397486676e+02
2.370782122880302722e+02
2.405745766863097401e+02
2.420302583538968975e+02
2.424980117935931503e+02
2.437007381674494866e+02
2.424389877045946093e+02
2.433142452774200422e+02
2.429859937585111425e+02
2.446938430377174996e+02
2.430800957777274505e+02
2.415837957358887138e+02
2.409723281341610743e+02
2.413593883976926122e+02
2.398987201671785954e+02
2.402153248192910837e+02
2.403083348636533003e+02
2.402257036358187463e+02
2.392322500823069049e+02
2.385109059713240640e+02
2.267582655170853343e+02
2.411387793169804183e+02
2.337829443561080041e+02
2.362068325660962387e+02
2.416336618131373939e+02
2.418382789378428299e+02
2.415987523796279959e+02
2.419434927155615185e+02
2.406219184100762050e+02
2.397077150070559810e+02
2.387244853954268535e+02
2.384381620250003380e+02
2.400434124804920941e+02
2.390063799124187938e+02
2.375252223973844536e+02
2.387116935265478332e+02
2.385394561593175240e+02
2.380471523744857336e+02
2.375164179663377695e+02
2.363067162895583238e+02
2.368352137185381139e+02
2.616392032597880188e+02
2.415620235846085961e+02
2.338252617244324085e+02
2.282605105546889774e+02
2.326494910154741831e+02
2.320404614702848676e+02
2.309085390951585737e+02
2.296396116203761437e+02
2.304032198776474729e+02
2.317215269490413618e+02
2.325615599773511519e+02
2.329777683155654984e+02
2.329434728339323328e+02
2.317619495077482838e+02
2.316774681494264314e+02
2.326144757609404508e+02
2.336733870863509992e+02
2.334599649114691999e+02
2.341917852026936373e+02
2.343732748527202148e+02
2.340452600313290077e+02
2.487421777650203580e+02
2.327422815974787795e+02
2.372260965998482050e+02
2.351390629451110783e+02
2.366016576317222189e+02
2.369453029486593607e+02
2.350405104426857008e+02
2.328283497047169135e+02
2.318918423732209817e+02
2.329447355359727396e+02
2.333237807276689182e+02
2.345667726947350502e+02
2.337321089392885085e+02
2.350533135491531311e+02
2.343451121122406846e+02
2.346855088637090887e+02
2.337891503723179198e+02
2.334066245429336561e+02
2.329843173427242391e+02
2.331309472432329528e+02
2.329721053405960731e+02
2.184746203454925535e+02
2.375740524836024576e+02
2.332879055898902436e+02
2.268684784581571989e+02
2.275664468857118266e+02
2.287707899661614874e+02
2.267905027476407724e+02
2.276230480032909895e+02
2.288928095978053250e+02
2.286854228580525898e+02
2.288048098338570071e+02
2.291467498832082583e+02
2.293929425749981021e+02
2.276301167349936918e+02
2.278202208221839555e+02
2.275293791618654211e+02
2.275396757722022869e+02
2.280827651907451639e+02
2.286494174835787589e+02
2.294227627624331944e+02
2.310458519105656023e+02
2.582151593494979807e+02
2.379730272776164384e+02
2.326669703415306856e+02
2.323438456078259264e+02
2.293605202082086691e+02
2.333728308764508199e+02
2.350512502724815533e+02
2.331783391078631666e+02
2.309284492966161508e+02
2.315308932436382463e+02
2.316476095270566304e+02
2.326254577915317725e+02
2.334390923990391684e+02
2.328372665275998372e+02
2.323974282463096870e+02
2.323091625312752910e+02
2.320445262325976898e+02
2.312239486369290944e+02
2.307217545107172043e+02
2.301129209449529469e+02
2.302258426844886117e+02
2.276150572494822768e+02
2.320192629351835194e+02
2.270398999344313609e+02
2.259324708630064436e+02
2.270064473070000304e+02
2.255021853664340767e+02
2.265246646942670736e+02
2.265519831957541896e+02
2.271220494809774664e+02
2.283273863134401438e+02
2.271730160331722459e+02
2.271275465042750739e+02
2.267942127733802522e+02
2.271687684757613681e+02
2.280610987151766835e+02
2.281003475506049654e+02
2.283856409176476916e+02
2.277219534682823507e+02
2.280051520002586471e+02
2.276790734623567403e+02
2.289870483410392410e+02
2.173435163936985361e+02
2.219685081175543644e+02
2.259944595273300081e+02
2.281545627178440725e+02
2.255199718069048060e+02
2.290101163466113405e+02
2.277987823955716067e+02
2.280191567652025526e+02
2.258575668948762711e+02
2.254828791062001585e+02
2.266267586199189736e+02
2.266811332685039986e+02
2.265576628438512898e+02
2.270386442768186726e+02
2.269978325578030933e+02
2.265454639007324715e+02
2.275335810735799669e+02
2.271311236393737829e+02
2.280696921875878616e+02
2.277694715239722143e+02
2.281603022391930153e+02
2.275486790243354562e+02
2.363671933499277884e+02
2.302202008755893985e+02
2.231587911355161964e+02
2.214066247612447285e+02
2.244557388491788856e+02
2.255900291457003846e+02
2.260560701385946629e+02
2.248320442267686872e+02
2.233809727312172413e+02
2.249832632884466648e+02
2.246137447062858712e+02
2.255759960282629777e+02
2.241776009356040049e+02
2.251427828009698260e+02
2.254252821445994073e+02
2.260676965463317742e+02
2.268192872181764699e+02
2.272870159681795883e+02
2.281002715935997855e+02
2.277767026459514170e+02
2.327002313137305123e+02
2.403694289206436281e+02
2.395108077552255850e+02
2.379003966099472791e+02
2.343097815975851574e+02
2.348219134077273509e+02
2.309295889144884768e+02
2.318916171932733619e+02
2.303809379841229941e+02
2.278590753616194036e+02
2.278210131106107781e+02
2.279003265567968981e+02
2.266664841857913757e+02
2.270735455159818912e+02
2.275328625824353139e+02
2.269382939473508998e+02
2.267428200570135175e+02
2.271871158405286337e+02
2.277013701335466180e+02
2.276416008271962710e+02
2.273888400546099717e+02
2.263665373865604806e+02
2.274034860602583876e+02
2.237401528674750182e+02
2.309372085678170095e+02
2.277308746623233446e+02
2.258606027513261836e+02
2.251756419936866962e+02
2.242215466235039401e+02
2.244289436594193319e+02
2.262108275611332431e+02
2.261088467375996629e+02
2.258027817655235765e+02
2.256116763038144768e+02
2.254527541968053868e+02
2.248720425461820298e+02
2.252187859614413128e+02
2.261152236379691658e+02
2.263199425099863902e+02
2.257129491992790804e+02
2.261213120958169327e+02
2.268091597012339093e+02
2.499176300443423600e+02
2.267514169957450747e+02
2.282270453328548001e+02
2.306088926737778593e+02
2.254128078452449984e+02
2.260219853752834638e+02
2.269618023354338447e+02
2.262705363504159095e+02
2.260215156139997248e+02
2.254394443663215668e+02
2.253560761249547966e+02
2.258367374029621146e+02
2.243798099246169215e+02
2.252432877106747924e+02
2.245785846870243176e+02
2.264365909185423504e+02
2.261358956700807710e+02
2.264855856269610399e+02
2.272248374118173615e+02
2.269403349535105576e+02
2.266872145033147490e+02
2.287518668552162069e+02
2.285272900937988254e+02
2.263933304027744953e+02
2.288090172090153942e+02
2.277819682630570810e+02
2.252490382990001478e+02
2.256851258614338462e+02
2.271514869421813501e+02
2.279185494022576393e+02
2.304655333443764391e+02
2.302554030944438068e+02
2.294847451847838613e+02
2.291609022002889446e+02
2.286308424648224218e+02
2.281697124127167342e+02
2.285992716159524605e+02
2.290773270427638693e+02
2.286915405870756217e+02
2.274501673230078893e+02
2.274738437258752128e+02
2.270633262452664951e+02
2.575899260079572741e+02
2.355010666777535846e+02
2.249504182050896759e+02
2.255402948115804236e+02
2.245022814740150068e+02
2.243170826502624493e+02
2.256492460655801437e+02
2.264116004781695608e+02
2.253600271615031261e+02
2.266909460245532557e+02
2.278190241864528502e+02
2.296664541158274915e+02
2.294351537035300908e+02
2.270533726044081391e+02
2.273474694840977008e+02
2.279955087193812915e+02
2.276914584639050361e+02
2.266829455393596220e+02
2.267017225520928321e+02
2.265731640081588978e+02
2.267977134688506453e+02
