7.280687938925559592e+02
7.209236484593711793e+02
7.189303760520376727e+02
7.163785194215314505e+02
7.131290021228296609e+02
7.108562325921519687e+02
7.078307809472715917e+02
7.057743531391521401e+02
7.027959155998506731e+02
7.000074811307240452e+02
6.967458344074110528e+02
6.928294643448331271e+02
6.883387628963365614e+02
6.845584611971268032e+02
6.794967041565311092e+02
6.748220551118071171e+02
6.692133095974878643e+02
6.637274761057926753e+02
6.577257724590828047e+02
6.544822676141461670e+02
6.502417064064535452e+02
5.724477382855459382e+02
5.791722569358629471e+02
5.838604774026440509e+02
5.781510961034779257e+02
5.761704775502270195e+02
5.729295654071001991e+02
5.698345249100156025e+02
5.679657359764602234e+02
5.651977125507906976e+02
5.652678301520192008e+02
5.634321691453359335e+02
5.621667834513795015e+02
5.630875314462218739e+02
5.632167253329923824e+02
5.621761840945147242e+02
5.603559403530043710e+02
5.618631256368269078e+02
5.605712324914879900e+02
5.594738972943354156e+02
5.584272538071530789e+02
5.573896670364592865e+02
5.440271904359650534e+02
5.631206309470726410e+02
5.520131349747732656e+02
5.488962746828335639e+02
5.491925662361344394e+02
5.466740624771013017e+02
5.452107151059059333e+02
5.439646971433332965e+02
5.428029953745866578e+02
5.388787793871043732e+02
5.386108217806140601e+02
5.367193057836665275e+02
5.345358678083666746e+02
5.333218355957675385e+02
5.330671370663244488e+02
5.338850025926984699e+02
5.313283353293849132e+02
5.301771308245891987e+02
5.303003068407579121e+02
5.306299615155377296e+02
5.296925093750917313e+02
4.765311962369432877e+02
5.138923381586076857e+02
5.168913884096881475e+02
5.080390838735083889e+02
5.050064615982864211e+02
5.041047255785291554e+02
4.994589924350937622e+02
4.984792277207175744e+02
4.968361801775419053e+02
4.955071161863809834e+02
4.965212235364542153e+02
4.949225477504048172e+02
4.898060809144540713e+02
4.889429423532216674e+02
4.876840213561731048e+02
4.861354541586165396e+02
4.854615857157965024e+02
4.825461394671992252e+02
4.812685203497649695e+02
4.787234391176724557e+02
4.767490130543171745e+02
4.308543429415042283e+02
4.247706979209719975e+02
4.104793172236885539e+02
4.125635544819844540e+02
4.173000673769747664e+02
4.159786727952990759e+02
4.144637253596879418e+02
4.115203924542452114e+02
4.084807050739265719e+02
4.049100095990947921e+02
4.028096504659147854e+02
3.995202397400334462e+02
3.958968903213250883e+02
3.938822270625862529e+02
3.891184169580353114e+02
3.879053310277729452e+02
3.862060667432020864e+02
3.833577141062944520e+02
3.811234066818202564e+02
3.790649344657958295e+02
3.757049091296765368e+02
3.159571378085876177e+02
3.053727670477887841e+02
2.997571992525472524e+02
2.960705032921547399e+02
2.998774243593242090e+02
2.951840956308178647e+02
2.913764567627790143e+02
2.891623785352242066e+02
2.906417556438709084e+02
2.873640956114334699e+02
2.858560096219717934e+02
2.830582334142799255e+02
2.814280596735192717e+02
2.796290899902186879e+02
2.794558858279622200e+02
2.784282432043836479e+02
2.765407499276187195e+02
2.743143186347344340e+02
2.745265770945255781e+02
2.726862479494828904e+02
2.711631026887485518e+02
2.279116464880020487e+02
2.291152219868043574e+02
2.341718923451584260e+02
2.299370132670309204e+02
2.214305102286508884e+02
2.203669768059052672e+02
2.219988533915106927e+02
2.219101400900207466e+02
2.202577266850967135e+02
2.180146370291763276e+02
2.218351901160843909e+02
2.224245968724709428e+02
2.198449517215264564e+02
2.223357083344109810e+02
2.211813424658409417e+02
2.197319067198480695e+02
2.194393328774166321e+02
2.178056577160043048e+02
2.181862738380138751e+02
2.203763349595900536e+02
2.202552501364069997e+02
2.100567187600973966e+02
2.136120869757530727e+02
2.238558213782125961e+02
2.128706546932436368e+02
2.049621753340397277e+02
2.087315970907783935e+02
2.070989179623802272e+02
2.028285223185633015e+02
2.014254201292088737e+02
2.013164570216156619e+02
1.990116219406300218e+02
1.993898143961027927e+02
1.996124362788425515e+02
1.988647375211988333e+02
1.984127659470021570e+02
1.965396932083546346e+02
1.975256056701477974e+02
1.983548425752005642e+02
1.978645998737606533e+02
1.965248143193383044e+02
1.987080342863130795e+02
1.902362801323855876e+02
1.825758832258342181e+02
1.852353480310888187e+02
1.778325020912941170e+02
1.715763193790778587e+02
1.822294683551790229e+02
1.899466741334838957e+02
1.912952129145498077e+02
1.917971889155752194e+02
1.932686718601873963e+02
1.924184435218637077e+02
1.909875319470883426e+02
1.915220949853383274e+02
1.894691444501216608e+02
1.886591057770419866e+02
1.879505471124873850e+02
1.870437739520945115e+02
1.863953400403151193e+02
1.847542634086002238e+02
1.841071400775996949e+02
1.857807109013798197e+02
1.983293933129251911e+02
1.796532357548836956e+02
1.795340679063024538e+02
1.764719373633644466e+02
1.739048344872220468e+02
1.856028471267665907e+02
1.836186776764428998e+02
1.838868143412542508e+02
1.815689882688962200e+02
1.797034133780144032e+02
1.867220333471552465e+02
1.845272204213771943e+02
1.850093896796517470e+02
1.853412890937100030e+02
1.844092420442277103e+02
1.838549316145001740e+02
1.842328141495926275e+02
1.830255091942968875e+02
1.819537957677205497e+02
1.818897596116665341e+02
1.806242834532231711e+02
1.595794163107219674e+02
1.581650328291194398e+02
1.623123662010891337e+02
1.563602219056963918e+02
1.623239762101673591e+02
1.626215634249654443e+02
1.594769943801516945e+02
1.586759254057578232e+02
1.605372597110853405e+02
1.603462248764010667e+02
1.640391094195261985e+02
1.634049812408868831e+02
1.642500668102682653e+02
1.628403887760867121e+02
1.620667625652362744e+02
1.652912716704265961e+02
1.656562662631873479e+02
1.685711454397811622e+02
1.681174399280120895e+02
1.675591198539824234e+02
1.689213289249984484e+02
1.499334227232309047e+02
1.754461772437151978e+02
1.616265160076322331e+02
1.708273746323152977e+02
1.707178703677696490e+02
1.700553601815741729e+02
1.709792931943961776e+02
1.701504465153496994e+02
1.678328836434540108e+02
1.657680265287001191e+02
1.644032604208803718e+02
1.641166604566049614e+02
1.666005830183593730e+02
1.645431977998992750e+02
1.640514993111729893e+02
1.643765323742280202e+02
1.649838716683856887e+02
1.639386093297017339e+02
1.630206202773585176e+02
1.625427182877120060e+02
1.612757705470548331e+02
3.059826864648475748e+02
1.980111355091623295e+02
1.913617567802554902e+02
1.820977584687137210e+02
1.767929564688104165e+02
1.743084257923779887e+02
1.709743982668330489e+02
1.698723222475096577e+02
1.806159619957969653e+02
1.772990201734608036e+02
1.763635484839470564e+02
1.743745135936788984e+02
1.736723114214296402e+02
1.744038127062366357e+02
1.730008916819208764e+02
1.704978804910525696e+02
1.688230954635526757e+02
1.673904224491018908e+02
1.662330908644602516e+02
1.657292019481579644e+02
1.648193043880073958e+02
1.397427401406317813e+02
1.474471213628823989e+02
1.567702531385974396e+02
1.561233172650428287e+02
1.567149729367663724e+02
1.547488093597910961e+02
1.576276620868562190e+02
1.555461435315446579e+02
1.517966897346417454e+02
1.508326772487474443e+02
1.517427992329868403e+02
1.507107247947673443e+02
1.528265579255600528e+02
1.519162997888877840e+02
1.509474048650060070e+02
1.536289712238473442e+02
1.542946692053391473e+02
1.539282513356141351e+02
1.540918624272295858e+02
1.535241750098806790e+02
1.543814441528438692e+02
