2.636229327132746789e+02
2.582441342810483889e+02
2.570011333001730804e+02
2.557294204082098190e+02
2.533338812748702367e+02
2.511882896735363033e+02
2.489992636621612405e+02
2.467498148735360814e+02
2.453982041896053374e+02
2.437945023678777829e+02
2.419244243356640993e+02
2.412584885771215397e+02
2.411267213211158662e+02
2.400915583678304586e+02
2.384074846929974854e+02
2.380159274851231146e+02
2.370279354341321323e+02
2.364374142648213990e+02
2.352231719640122378e+02
2.342028679585610291e+02
2.335409659780899858e+02
2.289689348165935314e+02
2.326923689658568151e+02
2.273053230914455014e+02
2.257441204847138181e+02
2.249615443717253811e+02
2.251324699593904484e+02
2.248957254988349064e+02
2.223040431506813093e+02
2.205988256893948289e+02
2.218006128803172601e+02
2.213102067076181925e+02
2.220973381335793704e+02
2.217344730805102415e+02
2.209480947933799371e+02
2.194853772791356334e+02
2.181791212315034727e+02
2.181538986771374766e+02
2.182343888635398912e+02
2.174223715489855238e+02
2.174813455000901001e+02
2.173409276228751139e+02
2.224619018960363803e+02
2.091194777077768947e+02
2.098459964029616174e+02
2.072923932204514301e+02
2.078323591050481411e+02
2.090470698017087727e+02
2.092932799223867448e+02
2.093217905953679008e+02
2.090114231425110916e+02
2.085530555820139966e+02
2.081990936790760998e+02
2.062695225949474036e+02
2.060972797245071888e+02
2.040091717259571737e+02
2.025982741688457907e+02
2.016970876733228124e+02
2.005430120579652282e+02
1.988205637210124621e+02
1.972874588924870807e+02
1.957398914245800370e+02
1.947835124653129526e+02
1.610267442679211172e+02
1.607687656542984485e+02
1.613301818375565233e+02
1.590275939511826948e+02
1.548975948600420338e+02
1.558457426877862417e+02
1.535407741093346203e+02
1.512640666015431350e+02
1.507046499036245848e+02
1.478456117617413099e+02
1.452435850012523133e+02
1.440012146141369271e+02
1.421076350437346036e+02
1.393266904301504212e+02
1.380054417347783726e+02
1.358906304724644940e+02
1.346909788599404294e+02
1.330632201220007005e+02
1.309107007781542222e+02
1.291533482882075248e+02
1.277139105981344187e+02
9.946264807511954587e+01
9.291169826632173567e+01
9.331878835976414166e+01
9.303583809715662767e+01
9.274459604279346081e+01
9.192756178168750125e+01
9.008586521622130761e+01
9.186737952388313033e+01
8.962658720141462254e+01
8.861201849377444262e+01
8.788064523019011176e+01
8.773393152504868908e+01
8.659558702845130540e+01
8.599500546650713773e+01
8.489357119384229122e+01
8.428978676523794888e+01
8.373280394793556525e+01
8.386418198107691069e+01
8.377229006779919018e+01
8.305489717574981512e+01
8.267349448251096078e+01
8.054593814336476498e+01
7.095904464403923839e+01
7.529455267801081675e+01
7.208620665598267863e+01
7.412110169209275057e+01
7.672565444410676605e+01
7.683154497721002940e+01
7.651233118087323248e+01
7.533612982345857745e+01
7.459465324751839432e+01
7.407333272479968400e+01
7.378593371043277216e+01
7.290807298230781441e+01
7.220277244236048375e+01
7.181443731605392600e+01
7.081622962881452565e+01
7.045544636151545603e+01
7.046209493123066636e+01
7.037395361869431554e+01
7.005769315311347611e+01
6.990014318075508015e+01
6.174054838868439532e+01
6.248152088356760459e+01
6.448798267466193579e+01
6.807507518768179011e+01
6.713136301673914375e+01
6.622999227632934094e+01
6.529497476792010957e+01
6.412171921454637413e+01
6.326722978078230142e+01
6.282386811943869276e+01
6.240825472325119705e+01
6.245620974056065222e+01
6.203702638431632721e+01
6.187079830325974683e+01
6.161461418493453834e+01
6.169466959796537253e+01
6.185544787080065987e+01
6.222634569531609827e+01
6.210001343571732235e+01
6.173971304273781158e+01
6.189504800283535246e+01
7.481475050667401661e+01
6.341711639546324619e+01
6.199425402799369778e+01
6.150773174849777547e+01
6.028631465749310792e+01
5.820768940453183404e+01
5.745249893571457278e+01
5.765288803697519171e+01
5.786550209379360865e+01
5.688507442183173879e+01
5.637025700091817981e+01
5.781034977555924570e+01
5.720366092243071421e+01
5.705569878343955992e+01
5.660512071868620865e+01
5.712868696701715976e+01
5.678181035758914419e+01
5.696212368582634866e+01
5.725322664738632739e+01
5.700645393107867420e+01
5.700191293774481238e+01
5.619434452270569835e+01
5.427566045553979990e+01
5.492639132737465246e+01
5.481785353761179636e+01
5.841258948050673183e+01
5.663764655379577562e+01
5.637757449538857912e+01
5.648435819052943430e+01
5.558906390493663707e+01
5.568031146698933043e+01
5.511451576767144189e+01
5.446704488955692369e+01
5.396569502797221674e+01
5.384916443958532994e+01
5.369643195004704239e+01
5.337561198342824298e+01
5.339398466762870044e+01
5.279218850696273080e+01
5.294308441286707279e+01
5.272106022091372779e+01
5.232518624209207303e+01
4.976150696173156973e+01
5.376321227465142982e+01
5.278705128537541214e+01
5.296810604172730308e+01
5.225149340007448728e+01
5.353291694453631777e+01
5.269056756032158262e+01
5.196356147806855574e+01
5.219126318298042122e+01
5.346510398774747586e+01
5.264085516038230850e+01
5.234211122162666641e+01
5.184608787846011779e+01
5.199033498312756052e+01
5.123695616317191792e+01
5.065034449558802976e+01
5.003615652662443125e+01
5.074898592978426137e+01
5.045324558641016210e+01
5.004190868662612957e+01
4.987559967965142249e+01
4.519592054705530870e+01
4.547907409000610812e+01
4.520362901215543872e+01
4.496064430843242121e+01
4.362543033777335921e+01
4.634241954035047684e+01
4.617926507161026706e+01
4.573496579534307926e+01
4.539391145136713845e+01
4.466968231241168041e+01
4.414057673061554965e+01
4.407528860667019899e+01
4.476119835885785392e+01
4.473573827846234252e+01
4.470095688596950367e+01
4.559491939409006278e+01
4.639362970334165936e+01
4.654575329267489536e+01
4.661041876398519435e+01
4.632162541236086639e+01
4.638259402724124669e+01
4.726212096340150026e+01
4.700269196849992426e+01
4.492121359075076015e+01
4.601969421926641246e+01
4.545378159324314993e+01
4.377156198646368779e+01
4.293174052005334573e+01
4.246555474701728627e+01
4.344144506402086847e+01
4.458835407339087453e+01
4.492743533150651558e+01
4.531584778122420687e+01
4.651285788096235763e+01
4.568343744382077887e+01
4.532092819307143827e+01
4.504946521131049764e+01
4.562970260301921144e+01
4.580694646884565913e+01
4.558170573628509459e+01
4.552717610365312595e+01
4.518069221984046635e+01
3.968847598236406782e+01
3.794793649797039592e+01
3.983638198325104440e+01
3.886647024901357383e+01
4.160584027552601327e+01
4.146685310486541454e+01
4.271475324635638060e+01
4.242317483789967980e+01
4.220337323521108175e+01
4.183282599732648066e+01
4.137086075742806912e+01
4.107565717313958231e+01
4.137011478890715210e+01
4.109445705850202302e+01
4.231301335915821227e+01
4.299272021512935993e+01
4.299409809393475257e+01
4.275837468705979205e+01
4.297952041486617958e+01
4.257573390828820692e+01
4.244122157091867820e+01
4.127984841550058093e+01
3.821797154212601555e+01
4.118038607372213988e+01
4.072833544698393382e+01
4.057955830355836468e+01
3.996416153359523094e+01
4.126229883891853945e+01
4.094026019128748572e+01
4.042687396553312595e+01
4.037232858371125843e+01
4.037121577387137705e+01
4.046883513426005408e+01
3.985021655530479734e+01
4.034505763962037150e+01
4.020659515497698777e+01
4.017904937240635377e+01
3.985055945519732035e+01
4.004922975506840999e+01
3.973215010700587868e+01
3.958895256702439269e+01
3.922764263433123944e+01
