7.202417638338789629e+02
7.203412921397349464e+02
7.179523894976214251e+02
7.155217467554043651e+02
7.139475853392904128e+02
7.112935964003992240e+02
7.087738921669802039e+02
7.060176358126564082e+02
7.037195197394383968e+02
7.005501538261895575e+02
6.973561316141940551e+02
6.932299291878181293e+02
6.886164028213657957e+02
6.835506778609214962e+02
6.781462430922526892e+02
6.734924614322022762e+02
6.677855143374061981e+02
6.620461192786735865e+02
6.584945901539859960e+02
6.546509192138046274e+02
6.504231167387531514e+02
5.635574337423986435e+02
5.689711498159981602e+02
5.631657510852458017e+02
5.649745857697474776e+02
5.620572688996510351e+02
5.597764480551975339e+02
5.598699840629279834e+02
5.594628854715277839e+02
5.594779437003444400e+02
5.590498073963753995e+02
5.578147086553710778e+02
5.569427085526281189e+02
5.575109712946069749e+02
5.578165586646382508e+02
5.596115454521246875e+02
5.582513141869244464e+02
5.559469130897086870e+02
5.544769053344674603e+02
5.533893285380935367e+02
5.522135541372082344e+02
5.530969357291827464e+02
5.828812417293606813e+02
5.393409716762679409e+02
5.439644443295393330e+02
5.397676711228132262e+02
5.347139855745870136e+02
5.336970909605428233e+02
5.354866870281595084e+02
5.361668515994203972e+02
5.380956058371211839e+02
5.365618267869659803e+02
5.335029262332019471e+02
5.299558239897924068e+02
5.291918337987403902e+02
5.267826725692766558e+02
5.258040629633393337e+02
5.246848013995721658e+02
5.220150618851342870e+02
5.198155016783152860e+02
5.198274242533719871e+02
5.186788811864398667e+02
5.168902769469124223e+02
5.067725036625035955e+02
4.875823832519049574e+02
4.800248510543172529e+02
4.811510287365902059e+02
4.761808031766045133e+02
4.744614387261303818e+02
4.674415874661563066e+02
4.608554333135690513e+02
4.594186160648964119e+02
4.563390132156740719e+02
4.533648541509973597e+02
4.501352817018163819e+02
4.457434129422309184e+02
4.435145730768271051e+02
4.376318056994349490e+02
4.339364129988563263e+02
4.290605383525900152e+02
4.247643372786558302e+02
4.210174451968824769e+02
4.172635641731986311e+02
4.130345532577482004e+02
3.412222436244441042e+02
3.193841856591021156e+02
3.152463082762828890e+02
3.053024333132488550e+02
3.057698809144409324e+02
3.005715472910829931e+02
2.947447250166876529e+02
2.883088306225773749e+02
2.883293954895927982e+02
2.860860902029768340e+02
2.841886586882384904e+02
2.815484635419427946e+02
2.782792462614213491e+02
2.754796871225980226e+02
2.715240382287165630e+02
2.688863310811541396e+02
2.687152118760769781e+02
2.652259580103509506e+02
2.617423194464934113e+02
2.586399128128227858e+02
2.559875998710049601e+02
1.854408624120962372e+02
2.018804071462181469e+02
1.991798570219111753e+02
1.955481027690015878e+02
2.036197710898042885e+02
2.007604146679718156e+02
1.996923904096333331e+02
2.016227430495016506e+02
1.982874361863428305e+02
1.951629096936202643e+02
1.937039819136433039e+02
1.915597014899178419e+02
1.892760585630418007e+02
1.884122673063691025e+02
1.897277323394309576e+02
1.910823475688316648e+02
1.889522717060570756e+02
1.921117455634382623e+02
1.903426438016852558e+02
1.890788158212844223e+02
1.885539675947179319e+02
1.843859023625860232e+02
2.352359496776250865e+02
2.271889381251375255e+02
2.203175944884625039e+02
2.133869227776800983e+02
2.070469019614122885e+02
1.989676765546863635e+02
1.958953432404501598e+02
1.928415310025507097e+02
1.923223695631081114e+02
1.898113136915962684e+02
1.880684097602039060e+02
1.857478268937938708e+02
1.819076922577458220e+02
1.806002221981428022e+02
1.795692046314953814e+02
1.791956195357531101e+02
1.776663088351202191e+02
1.757135546794886238e+02
1.739288339247516149e+02
1.739295071767793104e+02
1.263797162911343435e+02
1.392745301069745949e+02
1.513975243891164268e+02
1.503292756066477409e+02
1.482094430249228481e+02
1.502602823379106098e+02
1.487334637952322396e+02
1.472343294478389453e+02
1.468094723510265283e+02
1.487678568135816022e+02
1.483481952517668674e+02
1.468550262114025031e+02
1.451851780011887740e+02
1.466261931156211631e+02
1.457641948538359600e+02
1.516105224175746571e+02
1.526341829877553664e+02
1.527858976342483288e+02
1.529593128116806042e+02
1.520467494913850999e+02
1.524936225535413712e+02
1.293725372849597193e+02
1.543184025087518592e+02
1.514589704596921820e+02
1.557550800327445018e+02
1.490214640550046568e+02
1.452861802725149118e+02
1.454139069075281157e+02
1.461044522073391079e+02
1.492700359923090900e+02
1.529460321442015527e+02
1.531214662748210174e+02
1.507539275172169084e+02
1.486431962277581817e+02
1.478684751585269623e+02
1.454973563031523440e+02
1.435167245872481203e+02
1.419871207368704518e+02
1.407856444169206611e+02
1.398775502282482819e+02
1.383845135249577822e+02
1.389772710845511199e+02
1.207834880914232798e+02
1.230344258079734061e+02
1.241444003131325644e+02
1.209487087459154822e+02
1.196614937725478001e+02
1.162733586311161957e+02
1.174569184323935076e+02
1.160982720881607406e+02
1.168999198880325565e+02
1.154063863457124910e+02
1.146129586708801327e+02
1.138382568535234185e+02
1.178638425252100888e+02
1.201722646698955543e+02
1.274299351749862979e+02
1.306713503696828695e+02
1.299892927549705917e+02
1.298470998935883358e+02
1.317696788528771492e+02
1.316190253613818868e+02
1.318171952269813119e+02
1.232946213193661720e+02
1.179624957244933086e+02
1.152151426940119592e+02
1.238297172074770742e+02
1.232469507666147734e+02
1.213651036530154812e+02
1.224543925190386346e+02
1.215089229067045551e+02
1.261618025571099935e+02
1.260893852473187593e+02
1.253970845245106318e+02
1.235654017147110864e+02
1.224745625724083169e+02
1.261508225693250154e+02
1.248019547236868476e+02
1.240523321401589385e+02
1.252339417742298764e+02
1.254008372425387279e+02
1.253004348170731106e+02
1.247122389491701426e+02
1.234899726882278657e+02
7.941076236314819425e+01
9.416048682890725274e+01
1.046950742547148536e+02
1.041399990675704856e+02
1.104782547419753627e+02
1.088360934640198110e+02
1.112943780523325330e+02
1.113766171602725166e+02
1.125327971762089163e+02
1.113842358355821176e+02
1.095732374486533161e+02
1.079437261926657357e+02
1.085808515674130490e+02
1.082611951173947631e+02
1.081253882660010390e+02
1.073539025661839048e+02
1.068458382933614530e+02
1.070610365968566526e+02
1.068853406688696026e+02
1.083165030778802702e+02
1.081725118795296936e+02
1.160900802081221315e+02
9.470423792598377588e+01
9.668162813495084151e+01
9.796101607347659979e+01
1.046929104629004854e+02
1.076006872802698666e+02
1.101166640821624156e+02
1.108791460198463312e+02
1.123479657310823541e+02
1.104557291288332408e+02
1.111009493064113087e+02
1.092709640434745495e+02
1.088535120139752195e+02
1.085425081978624888e+02
1.094952537956715588e+02
1.080287131794044200e+02
1.090345652621735155e+02
1.091130025230111755e+02
1.082634481020581063e+02
1.082720794949154737e+02
1.070384662207335680e+02
