2.519561543186600545e+02
2.394697907754782307e+02
2.307437603317927710e+02
2.293685927062883820e+02
2.288226508724733890e+02
2.252608966501281600e+02
2.232320274849712405e+02
2.229821124644126087e+02
2.203623463527604542e+02
2.210568186898060503e+02
2.197235594161177801e+02
2.166626019955546667e+02
2.122185024547841010e+02
2.072285821979193372e+02
2.011376275972662881e+02
2.005162040073945207e+02
1.978873983761189095e+02
1.946651974327440087e+02
1.919012458662661800e+02
1.892913106477340932e+02
1.867776082714325980e+02
1.202223276404708798e+02
1.118822582558025971e+02
1.119510857098175478e+02
1.014445879369071548e+02
9.840187622624655717e+01
9.554658713894632172e+01
9.009882500530356708e+01
8.742989190384530218e+01
8.504562627566636479e+01
8.268850602588989318e+01
8.080609829296899704e+01
7.818360278208585612e+01
7.792704801544952886e+01
7.636373826776238616e+01
7.513347409642787511e+01
7.359254456840938019e+01
7.166705106510559631e+01
7.044635085550508791e+01
6.885120677673562284e+01
6.707685166380549902e+01
6.569276429367121750e+01
3.040191613039191765e+01
3.103303263562353465e+01
3.244277216430368327e+01
3.475503998340133194e+01
3.483838882550411142e+01
3.538601310036233372e+01
3.546507234314477586e+01
3.398801485261107302e+01
3.458482428981797341e+01
3.332798722135115099e+01
3.253290925520335719e+01
3.109457535356752800e+01
3.050792734609806445e+01
2.935899339192301127e+01
2.832151833580229194e+01
2.790123176986271503e+01
2.706707482965335032e+01
2.643103878185081257e+01
2.591703472483905912e+01
2.593220883215570538e+01
2.535154591613467545e+01
1.514987582522042153e+01
1.538095659623811251e+01
1.547195764969059972e+01
1.711216160046733847e+01
1.637792808430831926e+01
1.630967249732652391e+01
1.611686258476113309e+01
1.603098016936412051e+01
1.562425679312877591e+01
1.526685255697136157e+01
1.551708590452017944e+01
1.601779043153769777e+01
1.578559782138165346e+01
1.583599889329947175e+01
1.557914768266798689e+01
1.549619818884414890e+01
1.504876310394155325e+01
1.527823678896452364e+01
1.547415188572802514e+01
1.596834111688562174e+01
1.582597933240580090e+01
1.750253558601956883e+01
1.207153751714258938e+01
1.127721855275401452e+01
1.096872243770726030e+01
1.068736351398160522e+01
1.105374751418163015e+01
1.178915062540610137e+01
1.286205068662417439e+01
1.259918631914808351e+01
1.293194069778368238e+01
1.263962091701828960e+01
1.230024867501652253e+01
1.219106395241825069e+01
1.217496096070401812e+01
1.221748757480108161e+01
1.234793728849323990e+01
1.211616246839072630e+01
1.195174184652783644e+01
1.182469093093791379e+01
1.195251971349102149e+01
1.191921959076672977e+01
8.953872923075914869e+00
8.947584262712764414e+00
7.642305957702096642e+00
7.995462300550591372e+00
7.492536716360302940e+00
7.433466070075806620e+00
7.077722044182198857e+00
7.244677584732874820e+00
7.007579486032129878e+00
7.221892552441355306e+00
7.216131496191762196e+00
7.275565304984291437e+00
7.323779768245261224e+00
7.611198536231628786e+00
7.406176905230919871e+00
7.382307227023629181e+00
7.335291384174595031e+00
7.286512590671574863e+00
7.559934844215193017e+00
7.607880810132104266e+00
7.873111827474350122e+00
1.289206519254816818e+01
1.315272253566732985e+01
1.081631334158484137e+01
1.015652847937596448e+01
8.622231412816635299e+00
8.555777169705011787e+00
8.887566561277008503e+00
8.993382352539430968e+00
8.842906751619032946e+00
8.528339011320579033e+00
8.178384564083922115e+00
7.892701914665442686e+00
7.657828238391714670e+00
7.430804997114146992e+00
7.245342788900089204e+00
7.171968054631692624e+00
7.087566001235043878e+00
7.206423748017939168e+00
7.460803572044373944e+00
7.587638392139118615e+00
7.783713881314314520e+00
5.315921641218313454e+00
5.612320838585551641e+00
5.777436076942692011e+00
6.785373096197517384e+00
7.006379501890203976e+00
6.818765142023718084e+00
6.524695227323843660e+00
6.620522827154528223e+00
6.370917229258961534e+00
6.177775801128988498e+00
6.341364296895884323e+00
6.005623697365072289e+00
5.652052060551008061e+00
5.778168846274820858e+00
5.675415611089091428e+00
5.731160354022469150e+00
5.596154270338430159e+00
5.775168263480300546e+00
5.833143125562973097e+00
5.728180495316115284e+00
5.620537078623766725e+00
3.052213495260447385e+00
3.818608032980785438e+00
4.451380952919126166e+00
5.717981317566691146e+00
5.694795081718155849e+00
6.110608395890311684e+00
5.594831540007768389e+00
5.362137232983871904e+00
5.210585717916963233e+00
4.906268414665505340e+00
4.605305612099317436e+00
4.461138614872835362e+00
4.728585772918222574e+00
4.755640930229148466e+00
4.760753584679151551e+00
4.774955327876747369e+00
4.818250996061411939e+00
4.907203653837399315e+00
4.944564715138559663e+00
4.977494809784768215e+00
4.977355386539231041e+00
1.263907953886489821e+01
6.870094779218522518e+00
5.712800826335425519e+00
4.805573074118161259e+00
4.143365426324143286e+00
4.117840831689498771e+00
3.850354054428999806e+00
3.917237831304142492e+00
3.804657681222699761e+00
3.695148243369059671e+00
3.527554144121359148e+00
3.662563795438708247e+00
3.535621274114481238e+00
3.419538537873035633e+00
3.595548428075037606e+00
3.668160482187384996e+00
3.718647743125209626e+00
3.930618709714219339e+00
4.250609590064368781e+00
4.408635471236103776e+00
4.331285368729387741e+00
