2.544306449038962796e+02
2.571640133444943785e+02
2.503492651841291092e+02
2.483498594308286442e+02
2.485622826938383980e+02
2.472774504617589741e+02
2.470499138529869469e+02
2.453688112997525081e+02
2.443532308059961906e+02
2.436882770173688755e+02
2.419053826906384472e+02
2.406630316124575586e+02
2.393892190636448447e+02
2.379164573320908289e+02
2.366933484251226503e+02
2.375203617726475898e+02
2.366104903024776149e+02
2.360525964594784796e+02
2.350036940985901879e+02
2.344508136826939051e+02
2.338211727997382638e+02
2.330148030697578179e+02
2.234077748466927176e+02
2.258072317861245040e+02
2.248946106233143780e+02
2.197302793738809328e+02
2.199050847315442070e+02
2.219632636647798165e+02
2.209447856395210863e+02
2.203505363904065746e+02
2.197187618735614762e+02
2.196727487739888716e+02
2.199665016380787677e+02
2.203214295766832720e+02
2.197616639066629887e+02
2.200653569363062729e+02
2.189425355996509097e+02
2.184623553139626040e+02
2.172899625400502828e+02
2.169211953935889596e+02
2.166094812839205019e+02
2.167843931073851707e+02
1.883884507648861018e+02
2.047999998543170932e+02
2.100039721299700091e+02
2.086751804493732152e+02
2.053900048761847188e+02
2.072415167547916610e+02
2.051946330402721514e+02
2.043314736127081517e+02
2.020278142734528899e+02
2.025852017798394229e+02
2.008585228035092882e+02
2.001952667873686948e+02
1.993228757828398443e+02
1.991015715642099906e+02
1.995139475848925201e+02
1.994788822396599528e+02
1.976094656760447776e+02
1.972449453229276912e+02
1.967695030662438000e+02
1.949217562648001376e+02
1.938005797240175241e+02
1.804233874563049369e+02
1.590479399832819354e+02
1.543098092762317890e+02
1.517996050453479029e+02
1.525542594776624412e+02
1.506839294334929491e+02
1.475174054093038762e+02
1.460321915066649012e+02
1.439640360589389445e+02
1.416859525929700681e+02
1.400282948841482096e+02
1.369913604356073336e+02
1.353868714546598540e+02
1.335502492892500470e+02
1.318805571265741889e+02
1.306699025974341453e+02
1.288940319212523491e+02
1.273955242242427346e+02
1.258399486020234121e+02
1.248400715384279920e+02
1.229893545311445422e+02
1.001207375340005683e+02
9.601890557554044392e+01
9.057734428214621403e+01
8.605578736988992716e+01
8.538553604791538021e+01
8.596916758255126467e+01
8.667371717226983208e+01
8.699823397908623690e+01
8.653200613695233301e+01
8.509642958691858894e+01
8.490299504246543449e+01
8.596367151936749451e+01
8.490085966626013203e+01
8.393158370105552990e+01
8.377822677879056812e+01
8.267352867316635923e+01
8.177914870729995300e+01
8.181575495824893096e+01
8.108492984659294223e+01
8.090153859893032973e+01
8.087113023999008021e+01
8.338219624611116387e+01
7.766863828776953937e+01
7.298866071285959833e+01
7.641994526825725131e+01
7.688143471051807865e+01
7.468306391083770279e+01
7.448612976580727718e+01
7.404272498693549664e+01
7.303359491331566744e+01
7.287486788885509270e+01
7.158305580915202881e+01
7.109941681043859774e+01
7.149668870497649209e+01
7.120919396875692087e+01
7.039904467087501416e+01
7.013309839395840584e+01
6.989951740306788963e+01
6.906495659166600376e+01
6.899223881537039915e+01
6.893981888801150149e+01
6.903681083085825776e+01
5.619191521247537935e+01
6.185282274492785604e+01
6.332310996244400769e+01
6.373017440812066070e+01
6.211972089126306429e+01
6.057624734506893560e+01
6.228732414458095690e+01
6.203748612925172523e+01
6.137262725742090197e+01
6.446419174809516051e+01
6.455732333611771878e+01
6.381041721546889534e+01
6.376012370836352972e+01
6.330441853897583826e+01
6.223207464182620896e+01
6.188628884216455361e+01
6.189695619996244602e+01
6.175067129630752305e+01
6.174177966279690111e+01
6.111348931138336837e+01
6.139252458572972415e+01
6.028896926196507877e+01
5.810889755590793726e+01
5.801392650219205649e+01
5.851432587595691359e+01
5.864781102118598710e+01
5.913852726005540461e+01
5.808426598803151109e+01
5.740350500408197121e+01
5.815235695675502114e+01
5.709686615059818848e+01
5.694934034500763431e+01
5.686675535614295285e+01
5.671257452266871013e+01
5.744489215058008114e+01
5.685930132722775454e+01
5.625184029488878679e+01
5.745346435524846385e+01
5.711174513241512329e+01
5.658464514153057934e+01
5.659709913538810611e+01
5.613060994125877556e+01
3.624096954568422291e+01
4.645793561754574341e+01
4.743430113813515447e+01
4.761764317983087125e+01
4.900224971641491578e+01
5.053860782838858512e+01
5.069515085390119680e+01
4.996886984280047272e+01
4.967103329580756110e+01
4.914052496376751122e+01
5.009982966474385790e+01
5.024511890090924737e+01
5.043745487270395955e+01
5.050705246646394642e+01
5.000434045958350282e+01
5.004818964084198285e+01
4.964265725134354312e+01
4.949707695369976079e+01
4.955257422383250798e+01
4.980096757504782090e+01
4.996929758499078389e+01
4.346018874101577012e+01
4.582563848856337785e+01
4.977325122335321339e+01
4.809470669941492105e+01
4.650854643349355655e+01
4.935124176407571639e+01
4.765740789252728860e+01
4.662591469190203242e+01
4.706978851234585903e+01
4.653520312952833393e+01
4.611571711923176764e+01
4.583495671599084176e+01
4.633754802304235909e+01
4.611616626200909508e+01
4.584299510071765127e+01
4.581153326180312035e+01
4.625304408518840660e+01
4.596046571408774639e+01
4.619708263794826308e+01
4.599480406558073753e+01
4.620093906227636182e+01
3.893553227145866202e+01
4.114410596506616002e+01
3.941427755596425442e+01
4.067111331309322964e+01
4.153261880983673393e+01
4.181530360585333739e+01
4.142961991674381039e+01
4.170187272224026032e+01
4.125673155538648018e+01
4.163799053672870087e+01
4.253214247763824574e+01
4.269834589592736762e+01
4.212934079914396790e+01
4.484877849635710589e+01
4.507920857155080085e+01
4.591062737956044515e+01
4.580402845851075000e+01
4.588041075367846844e+01
4.564895901907507181e+01
4.546523099660665679e+01
4.540087278034554430e+01
4.216714827854337955e+01
4.190906594300316357e+01
3.776006204325088333e+01
3.921927769700450739e+01
4.043131098990212280e+01
4.156722017175178507e+01
4.113387774386453088e+01
4.110351273490000068e+01
4.103973545753529351e+01
4.017001930050894032e+01
4.001744369968825055e+01
3.999769328580639893e+01
4.067921978492233137e+01
4.072598917939546936e+01
4.061772470462119600e+01
4.085781641437217360e+01
4.055846451033134770e+01
3.986698337541550785e+01
4.015118034486390997e+01
3.992726512345237211e+01
3.980711838675680525e+01
3.323051076696314965e+01
3.611922085189813458e+01
3.936395497952477740e+01
3.763495501732806758e+01
3.850907588336801979e+01
3.865921998360182954e+01
3.724983249224666082e+01
3.743815141799503721e+01
3.790672924757910778e+01
3.782136491542106427e+01
3.767203187904893014e+01
3.699070003916823168e+01
3.658010945726055496e+01
3.632573727841659661e+01
3.638118842636720984e+01
3.635330948917852112e+01
3.655855584148263659e+01
3.682936290804646973e+01
3.709789976200853800e+01
3.715029725370936831e+01
3.821578875181223367e+01
