1.723718734677976840e+02
1.709558435097263782e+02
1.696507881973819281e+02
1.682855573824039368e+02
1.668562911292751494e+02
1.653870372629256735e+02
1.638546499332430528e+02
1.621286673175124520e+02
1.603562304991688166e+02
1.583515505171194775e+02
1.562446796227570758e+02
1.540298497488575435e+02
1.514464387697497330e+02
1.486976163029937652e+02
1.458580638574542547e+02
1.429804099079111097e+02
1.401523882364572557e+02
1.376742151276846755e+02
1.353228500954885476e+02
1.327018431301078181e+02
1.309102173824727231e+02
9.239962034980040073e+01
9.170616167558232235e+01
9.077037066157680556e+01
9.180188558347623484e+01
9.230657630724115847e+01
9.182342488303366679e+01
9.135189443219377381e+01
9.099966154169190702e+01
9.106045288947174754e+01
9.101092696462401932e+01
9.142567188828864744e+01
9.064537734888024545e+01
9.039209827489314364e+01
9.024893008446319698e+01
9.014472003706497105e+01
8.998598348012457393e+01
9.012878640732662916e+01
8.961057967721173156e+01
8.969175822420473310e+01
8.968952196804627874e+01
8.968317692596008328e+01
8.968694745251696077e+01
8.504778304082992690e+01
8.610873120548490078e+01
8.681175986357574459e+01
8.666410339488349734e+01
8.634142469902481309e+01
8.631219806377862369e+01
8.647040404491092147e+01
8.608350597626430556e+01
8.536787683948669780e+01
8.516444845241035466e+01
8.527177557232238314e+01
8.519487878286894045e+01
8.512405331044294599e+01
8.474541608367182732e+01
8.441169079703755074e+01
8.463149635373750357e+01
8.468830043433713683e+01
8.440467346627029599e+01
8.450574725991323533e+01
8.419641442367705508e+01
7.747397013767943008e+01
7.386764432432561023e+01
7.534839853041272306e+01
7.710109300769600793e+01
7.759693423528689493e+01
7.763357102116803787e+01
7.779776706766486427e+01
7.777922684119360497e+01
7.763122096852353593e+01
7.775198642399497828e+01
7.800704201612488475e+01
7.773308988137759457e+01
7.751407388863486858e+01
7.697813367471746915e+01
7.719580317111802970e+01
7.695361362505315128e+01
7.687132121678310170e+01
7.619543542282457338e+01
7.569726848680248565e+01
7.526993258126783815e+01
7.491578984514811168e+01
6.709919812923553195e+01
7.037197492879617755e+01
7.016119115337710355e+01
6.790747763732187536e+01
6.588858851853778731e+01
6.650401898165883097e+01
6.572515894554535976e+01
6.497905339451247642e+01
6.398130146570873222e+01
6.345598199976406306e+01
6.290701943070979496e+01
6.247556425039682892e+01
6.158540296484156329e+01
6.100846423761250747e+01
6.054311725761807139e+01
5.986874056288249335e+01
5.927407973778142747e+01
5.896529566506769982e+01
5.840651478234666882e+01
5.784350848253914279e+01
5.715298530039893166e+01
4.549551531754065792e+01
4.345522552735480559e+01
4.265801977340696283e+01
4.251652049413497281e+01
4.214893599357295528e+01
4.266449593250053596e+01
4.236124308305907249e+01
4.213441628958715057e+01
4.165200470122747589e+01
4.081050236352444216e+01
4.048130118862828652e+01
3.996499604787762649e+01
3.955319259480275917e+01
3.907827435173275177e+01
3.892443644084033139e+01
3.854432093927037073e+01
3.814260129461865034e+01
3.781470909478737497e+01
3.734821749927571943e+01
3.700910918169041253e+01
3.664033996251387748e+01
2.739726667511202152e+01
2.727679112100459946e+01
2.875553183645141075e+01
2.844996638988518001e+01
2.832128465006054086e+01
2.761254583694510245e+01
2.805222767731892120e+01
2.767392997015454270e+01
2.717139212178393137e+01
2.690329636656750267e+01
2.639844597554452932e+01
2.673924563289492795e+01
2.655237411577455120e+01
2.657766119439589403e+01
2.625371652791326227e+01
2.602731961362633584e+01
2.566455902726504590e+01
2.553035637631413834e+01
2.543449744741205265e+01
2.539142637229874566e+01
2.518318661513608703e+01
2.753646980861452676e+01
2.229336678113073233e+01
2.287628920511406605e+01
2.294472265480566264e+01
2.186978714291115367e+01
2.194622752620135842e+01
2.177843234333191802e+01
2.126524577494996748e+01
2.130446082450080425e+01
2.117603438333487276e+01
2.130073604676798382e+01
2.134229126264273546e+01
2.130966282019802804e+01
2.120552401085638650e+01
2.109057893866719979e+01
2.092180104350679670e+01
2.098611152104910360e+01
2.073617542472434749e+01
2.066363047959588783e+01
2.044923621344990394e+01
2.016072180708534489e+01
1.784792150002115108e+01
2.025400251155382847e+01
1.797708059771080613e+01
1.733349348940420853e+01
1.713131575651097194e+01
1.753003465034941399e+01
1.701858236552132908e+01
1.732164577791747817e+01
1.704255129049430195e+01
1.718537670928268213e+01
1.705515007396393656e+01
1.690214831505684145e+01
1.671691701092726845e+01
1.691105874722977731e+01
1.709597346121201866e+01
1.730778009546111207e+01
1.735407873755393382e+01
1.740923288466741070e+01
1.733298637712124801e+01
1.726220597689263414e+01
1.722223051841820407e+01
1.208785801785641745e+01
1.529039087581151968e+01
1.623363310632807455e+01
1.580758115186603163e+01
1.551638616159947048e+01
1.532732217061340307e+01
1.589468190854050356e+01
1.532925544923719308e+01
1.539224533610486567e+01
1.542410385710156540e+01
1.541355859115833127e+01
1.563911958494873566e+01
1.543986570879960851e+01
1.534848861605063242e+01
1.532699704842705124e+01
1.527898747890879427e+01
1.554596699270526550e+01
1.545255140464252008e+01
1.540739073346625432e+01
1.537241181241368437e+01
1.538544205870136317e+01
1.770877866326310368e+01
1.673272390477089644e+01
1.596275782793243181e+01
1.526030397885761936e+01
1.456355476322776532e+01
1.481871759638536545e+01
1.454629080882503267e+01
1.475014129625906634e+01
1.464838036465010340e+01
1.442186465457547229e+01
1.425978015147537548e+01
1.397614272715134298e+01
1.375977708466850657e+01
1.371663382094627792e+01
1.395613127617039240e+01
1.391935468401407228e+01
1.375504553861874690e+01
1.369717103030975380e+01
1.381035277985185239e+01
1.378384665296420408e+01
1.375141844121462675e+01
1.390539860018362894e+01
1.344285610238654094e+01
1.219673172605302902e+01
1.183077944927137359e+01
1.225105857943998977e+01
1.241666786073599660e+01
1.230497363318864856e+01
1.202136527941691213e+01
1.229502736360205972e+01
1.288479676380740102e+01
1.282884639711657293e+01
1.280426832531957615e+01
1.283468423344677944e+01
1.313869848273531105e+01
1.284942906738319657e+01
1.299956979782901811e+01
1.290847865753715062e+01
1.307468134842152274e+01
1.317419071566700417e+01
1.313655435947347527e+01
1.320686284253999609e+01
2.024062236671338866e+01
1.464543451296084164e+01
1.268517705781449756e+01
1.290444364056864224e+01
1.346435936438503589e+01
1.314782218960492521e+01
1.297219642441387499e+01
1.245400205151019968e+01
1.249220424284944997e+01
1.251014711531961332e+01
1.265414353017983196e+01
1.270090874006074877e+01
1.280504792027196537e+01
1.276838083194777518e+01
1.260931877961513869e+01
1.252584281486267059e+01
1.241305880761028035e+01
1.243970007918784937e+01
1.236944517582454139e+01
1.239012721109270032e+01
1.239676293519356776e+01
1.122992611655416084e+01
1.510774319361445173e+01
1.311281557165647982e+01
1.216826261710664348e+01
1.264588866365408393e+01
1.232467289354104167e+01
1.186794919928126291e+01
1.188496612903635530e+01
1.187771414775737178e+01
1.163190226291795959e+01
1.185588190786850760e+01
1.165105248898126611e+01
1.165316695283457449e+01
1.147792926261201352e+01
1.141715759507859218e+01
1.137114186971657048e+01
1.141628330577645301e+01
1.142688482074829537e+01
1.156170254096157457e+01
1.149605393287842325e+01
1.146729018662219879e+01
