1.723520737732884811e+02
1.709549184114173670e+02
1.695995297644210211e+02
1.682435643302735855e+02
1.667907484754506982e+02
1.653036224581549334e+02
1.637123884851679350e+02
1.620328851860506347e+02
1.601959933055081251e+02
1.582746193386697087e+02
1.561838452523957983e+02
1.539478212174982730e+02
1.514230012129631575e+02
1.486436987540737107e+02
1.459654562243518114e+02
1.430063824183398822e+02
1.400742139631487078e+02
1.372854347573729683e+02
1.346669873665693729e+02
1.324659038933546356e+02
1.310643237265751395e+02
9.364978266385776351e+01
9.288677105931287770e+01
9.280925268178366139e+01
9.322310923309107977e+01
9.502558314244429027e+01
9.367768902430616151e+01
9.242044488988148032e+01
9.245229450294931439e+01
9.217388223580792328e+01
9.157653946383240395e+01
9.135165166781948187e+01
9.115156835536679125e+01
9.074315736011625688e+01
9.049174472196817476e+01
9.065184650385641874e+01
9.028619695548181312e+01
9.014559707932897936e+01
9.026587806088195975e+01
9.026253469375743066e+01
8.996035880007116248e+01
8.995364726823534340e+01
7.887019240940190912e+01
8.383206918597369395e+01
8.398139059909209436e+01
8.590972814930265145e+01
8.656171207015785285e+01
8.628612989530344635e+01
8.561278149067412357e+01
8.530783216550327097e+01
8.540835283176070902e+01
8.524039753184696622e+01
8.490629572896358468e+01
8.465540821916948744e+01
8.521556532729920264e+01
8.539748800181719446e+01
8.544642695876905236e+01
8.564823476436632177e+01
8.551997244075739957e+01
8.539263111119028338e+01
8.530156733227636323e+01
8.522536010966035747e+01
8.496496709793916580e+01
8.447526873709520601e+01
7.912394842752897262e+01
7.846040470062145289e+01
7.989262486566694577e+01
8.042194619385720955e+01
7.975914381842055434e+01
7.917313236535524368e+01
7.937624038756382561e+01
7.914306695399638159e+01
7.896465655876033907e+01
7.900696342063409361e+01
7.894729815283042740e+01
7.853318014809021008e+01
7.822139409031630919e+01
7.780648556955826223e+01
7.733076928075769274e+01
7.673823133311397271e+01
7.669901226415788642e+01
7.641886084674796109e+01
7.643724816799488053e+01
7.611585318314443782e+01
6.611601853816435437e+01
6.825521028467034057e+01
6.895957092554262147e+01
6.958781016178869550e+01
6.883761409116772256e+01
6.786707028063638347e+01
6.664922775442342129e+01
6.712257250968451672e+01
6.627392105790802646e+01
6.595508903747064267e+01
6.538901032445571104e+01
6.482576349013484673e+01
6.404825548937969870e+01
6.358628882378977920e+01
6.334855058123562088e+01
6.262405672281052205e+01
6.209451979043016223e+01
6.168747347173829354e+01
6.097436289868537784e+01
6.024145350095331253e+01
5.979375317332620199e+01
5.412676146989066694e+01
5.224832203548523069e+01
5.012310386705303245e+01
5.002081606254389357e+01
4.907406697949627272e+01
4.830808446930112154e+01
4.755762888463522842e+01
4.644012067628001716e+01
4.571217978245966407e+01
4.506242059112116038e+01
4.439759344424783905e+01
4.345874333047508742e+01
4.308134877205957025e+01
4.273170314226309330e+01
4.247151250724792249e+01
4.210650268785723682e+01
4.169027782910031021e+01
4.111978961844278047e+01
4.058660042586846828e+01
4.031150499381314489e+01
3.988285662415322008e+01
3.543867260258608098e+01
3.250027990934636080e+01
3.201632282279391006e+01
3.190640515756414430e+01
3.139834836111753802e+01
3.071944970559557930e+01
3.020970276428246848e+01
2.977758246139323361e+01
2.932167976059158221e+01
2.894613886445582551e+01
2.913513182950831037e+01
2.905260919494399019e+01
2.885358849926663893e+01
2.858165407973754313e+01
2.823164955828582379e+01
2.816314813897491831e+01
2.801989577264604137e+01
2.772401280497547660e+01
2.773374493534036489e+01
2.757611664670588780e+01
2.740153116612746231e+01
1.954479153978793704e+01
2.451226658984106876e+01
2.378669456267385129e+01
2.376912991590779711e+01
2.406826456126219682e+01
2.379577520456483342e+01
2.324652627978998609e+01
2.308694353856552794e+01
2.311203573859424765e+01
2.273535055699902685e+01
2.275846415986676163e+01
2.264550387922645314e+01
2.256041767404342835e+01
2.267365898368635513e+01
2.241196104666290267e+01
2.250760577241183213e+01
2.248982245332943108e+01
2.218906062105062205e+01
2.207714824178298585e+01
2.187588886977541591e+01
2.179323597771103849e+01
1.626170804075688636e+01
2.046683568681488552e+01
1.940200481924619069e+01
1.855357293176316347e+01
1.865862088899655902e+01
1.865522907218038640e+01
1.885199570807801095e+01
1.908695853745344095e+01
1.899440640893421062e+01
1.939398182087735378e+01
1.935627474117012170e+01
1.924133039324633998e+01
1.927330372361899435e+01
1.929232919923682843e+01
1.919398452392621479e+01
1.912621408172637771e+01
1.907190089568315727e+01
1.889018776033770664e+01
1.866365845640533649e+01
1.861177972562462557e+01
1.852044233286396846e+01
2.232093660207897656e+01
1.710333865812865994e+01
1.705529204993587200e+01
1.729932231738757054e+01
1.699291999445011214e+01
1.737726495737118881e+01
1.722825008630628929e+01
1.705992842593438752e+01
1.744398885574367952e+01
1.722652873679010455e+01
1.715494891488035734e+01
1.708997010647717474e+01
1.706052776470077958e+01
1.691954684802752951e+01
1.707574561077880304e+01
1.700670102555787011e+01
1.696276797888252830e+01
1.687726217835898979e+01
1.694522353704942574e+01
1.694002797244851877e+01
1.684746109138184522e+01
1.397647953436975499e+01
1.423132863117217006e+01
1.373276915610519389e+01
1.439548547996759709e+01
1.457083440931585727e+01
1.417859767957860306e+01
1.442375901415483774e+01
1.488197645137759473e+01
1.487321113284093776e+01
1.483299795943594468e+01
1.490559795772063723e+01
1.525825203956006426e+01
1.525462295746573282e+01
1.522200023882125031e+01
1.504348006513632896e+01
1.496656877399213670e+01
1.487023159589952925e+01
1.505689440878648888e+01
1.511089576126106415e+01
1.517346955621324689e+01
1.513412918912316307e+01
1.502309041816393353e+01
1.329647581608829121e+01
1.351013846746347191e+01
1.429100974772226529e+01
1.367021393309404154e+01
1.429105090534839739e+01
1.380085359284309199e+01
1.425745615375465114e+01
1.454816203684115195e+01
1.459239858368426290e+01
1.464094695136902402e+01
1.464039397474339310e+01
1.468371401679988786e+01
1.448355554300199266e+01
1.431546674469166369e+01
1.414422038770364587e+01
1.413046963260294930e+01
1.410853436551535722e+01
1.411813638336544052e+01
1.396029168545422827e+01
1.381195732727851500e+01
1.494022486046550213e+01
1.411874217217857996e+01
1.457345734685424787e+01
1.355921106380077035e+01
1.330056988420001396e+01
1.368737791845459029e+01
1.372642887142283818e+01
1.390049434025003983e+01
1.405623192855138370e+01
1.360756675276977745e+01
1.336241884372209476e+01
1.351107277910046633e+01
1.337735076843357618e+01
1.328422685025073946e+01
1.334352338132051052e+01
1.330298222784495366e+01
1.320007430962762385e+01
1.313363971465405378e+01
1.311060738211996402e+01
1.303723101830021669e+01
1.318089770048861276e+01
9.585079239242514149e+00
1.023252782698846097e+01
1.043312384355180100e+01
1.106208456979981314e+01
1.211762889783265251e+01
1.268925325715033559e+01
1.245438832439766941e+01
1.238393802301790458e+01
1.274972219711814958e+01
1.260609860277404515e+01
1.256187804301007738e+01
1.245322037535874138e+01
1.258329659450219928e+01
1.245230361553927700e+01
1.246280009176791204e+01
1.252093575878182108e+01
1.235671279335328698e+01
1.232696264828022592e+01
1.233359362924210956e+01
1.236148957537916715e+01
1.233397791716989289e+01
