2.511291824918881730e+02
2.342227241200787660e+02
2.269065297560013903e+02
2.251825542261078397e+02
2.232297653580765484e+02
2.213412766071390649e+02
2.194140959798961319e+02
2.162837616804810921e+02
2.149228760648604180e+02
2.121450550374355259e+02
2.064395764654320544e+02
2.008196902623878657e+02
1.954405628796550616e+02
1.912599345054782418e+02
1.851577500994063143e+02
1.800995337876235283e+02
1.753165014231155681e+02
1.703804459040513848e+02
1.656209714236125592e+02
1.610950122359544139e+02
1.563406242263496040e+02
5.570313708340311365e+01
5.863071493165435299e+01
5.461357996329050479e+01
5.173087529267227325e+01
4.990434145092595486e+01
4.604176790275317188e+01
4.334390425486063947e+01
4.128714568156847520e+01
3.937037415758075554e+01
3.787835756145086208e+01
3.562606265027314123e+01
3.523240928818463402e+01
3.481937034185791902e+01
3.404277513224688079e+01
3.366080490704077732e+01
3.280777382271437403e+01
3.272773611552798911e+01
3.237206733231722922e+01
3.217897078153364276e+01
3.191434573978079214e+01
3.117738172102776417e+01
1.570271817005470716e+01
1.307630203081818010e+01
1.567666666465165370e+01
1.554068394343646986e+01
1.773637608257573106e+01
1.776608086911119955e+01
1.749749232177940428e+01
1.726897384022350224e+01
1.683107045767156507e+01
1.617688046017077852e+01
1.852386530583512325e+01
1.937850628296805056e+01
1.945548052883962953e+01
1.952581273655246363e+01
1.933610489869710136e+01
1.948122641851677983e+01
1.945069135383000258e+01
1.914375198220067631e+01
1.873783097393152630e+01
1.880590422466533695e+01
1.844923263787533330e+01
7.621369037352841325e+00
1.326058654129511893e+01
1.381704446915852280e+01
1.256308112649090880e+01
1.200183667861290360e+01
1.300453614256754342e+01
1.396147160531557851e+01
1.369618212833588800e+01
1.422329319610920884e+01
1.409199206061048493e+01
1.440352169958580575e+01
1.402367819059552012e+01
1.376855810462702578e+01
1.362046882401142511e+01
1.343488129184246915e+01
1.292072442478696814e+01
1.280827649131899726e+01
1.256231031245657093e+01
1.235167839041581495e+01
1.213648585403030289e+01
1.274195121031862499e+01
1.287671457152335286e+01
1.056334560698964964e+01
1.118341274450284217e+01
1.183006346976474887e+01
1.219502802726288238e+01
1.205884334040830552e+01
1.220228797320835312e+01
1.200703520731686069e+01
1.199034910437439727e+01
1.167856909068206583e+01
1.122311774233630821e+01
1.301486060643333076e+01
1.374377633403763710e+01
1.409237103128038093e+01
1.454947107227018499e+01
1.445600984222863694e+01
1.450743031564477370e+01
1.432197231787733571e+01
1.440079619249826770e+01
1.422150122750153223e+01
1.394827910229069090e+01
5.767745014562367878e+00
5.860072631959845069e+00
7.342869272066102404e+00
7.151945811890590754e+00
7.130979325275673908e+00
7.355555586148585512e+00
6.970798385353275783e+00
6.917438594618871228e+00
6.610815829482124428e+00
6.153326850345404608e+00
6.613979591575827932e+00
6.444222251371219734e+00
6.385705966256386645e+00
6.760825856576316184e+00
6.809274595682869524e+00
7.090270632726504374e+00
7.157078688888851126e+00
7.345378651787427771e+00
7.530135594309128599e+00
7.565310309957724577e+00
7.540612862870466060e+00
3.727994432938250391e+00
6.429998146772542000e+00
5.298209789020640770e+00
7.086490545641013661e+00
7.426540614606186530e+00
7.047260419835677858e+00
6.725848533403303797e+00
6.481964855463828279e+00
6.132115297407843002e+00
6.128707788363412234e+00
6.144322074732800232e+00
6.305399688920758194e+00
6.739216039673000758e+00
6.696110572922907345e+00
6.621580090477117153e+00
6.608288834987388505e+00
6.787530745212908556e+00
6.853488072377261098e+00
6.752300032289431542e+00
6.672357135395047045e+00
6.767739922651888840e+00
1.703770852023339000e+00
4.403404178973437944e+00
4.171298396625587657e+00
5.080351382981441510e+00
4.681775612336851466e+00
5.112786605125718253e+00
4.880653726422871763e+00
5.057760124346196484e+00
4.907654999492713443e+00
4.858773631548671368e+00
5.881874604801321738e+00
6.086523679732651182e+00
6.251100520531056581e+00
6.348914908412944591e+00
6.106213649932585419e+00
5.857987550836427637e+00
5.667556815036232543e+00
5.608418471665499894e+00
5.653256555047501131e+00
5.758659922482388005e+00
5.687889563457143360e+00
1.362996073894694016e+00
3.872905720779474592e+00
4.448256397046097099e+00
4.096960271506028484e+00
3.805264463737032088e+00
3.715070283010750263e+00
3.792864406378555042e+00
3.629211390283410221e+00
3.531469371354771791e+00
3.390192324541605462e+00
3.564944064919127964e+00
3.420419313938241057e+00
3.640933920069347796e+00
3.530264583694949110e+00
3.481083912283739146e+00
3.543685003866595018e+00
3.563016950822324613e+00
3.804551731146231131e+00
4.489781799633487225e+00
4.556893854401807609e+00
4.704831893639328300e+00
1.018675051315588753e+01
1.256649919163551132e+01
9.749232451369246988e+00
9.244444798994100765e+00
8.182566402652174276e+00
7.126459445522397296e+00
6.939420023452244735e+00
6.651495601932867707e+00
6.366045054853904261e+00
7.413707719499622151e+00
7.673144253971217132e+00
7.446831159451157589e+00
7.652313257771502286e+00
7.593738580775939440e+00
7.593335747995612728e+00
7.304666420662021764e+00
7.024425886585229151e+00
6.966449307768754373e+00
6.735014762711853287e+00
6.538197763901858472e+00
6.318033815889133820e+00
