3.423658038824277696e+02
3.316449956352354889e+02
3.159745494621305397e+02
2.917769779848459279e+02
2.663989403657765251e+02
2.490444124886076622e+02
1.662179426062036782e+02
1.694669523135328006e+02
1.706340645660534108e+02
1.697829148698168638e+02
1.689936463063566521e+02
1.684336857187706187e+02
1.558786566284834691e+02
1.606607907505306514e+02
1.609327300135607288e+02
1.580620702487580047e+02
1.544825255650331997e+02
1.519181507082228393e+02
1.306112606673044638e+02
1.312613598342847752e+02
1.246800133616232529e+02
1.194694189078267215e+02
1.145419456731827808e+02
1.089951593261264406e+02
7.853498272420789306e+01
7.630362269990322943e+01
7.163945273138138248e+01
6.760589708796685215e+01
6.410013374248869411e+01
6.043797273971889439e+01
4.678866470428111057e+01
4.314955108037985809e+01
4.191148468989148057e+01
4.063900352827739226e+01
4.007347286379216200e+01
3.952986070286480214e+01
3.140008406843010746e+01
3.170408687480778909e+01
3.124267704386977229e+01
3.135512321783472700e+01
3.071368324434109454e+01
3.020116009889345321e+01
2.236035223812881867e+01
2.621334460348123230e+01
2.705302027146616339e+01
2.644993690723783075e+01
2.541720572064665973e+01
2.511251151389586411e+01
2.388369911457521155e+01
2.164783573228663371e+01
2.235540708926311382e+01
2.199426290249380500e+01
2.179120670803161985e+01
2.203736493024161192e+01
2.331074107947334895e+01
2.237686299816773428e+01
2.121046194981042632e+01
2.082395261978589929e+01
2.027746125402308408e+01
1.988858663894570711e+01
2.163051321476325484e+01
2.145360503064470237e+01
2.081834317708109339e+01
1.994571111892218696e+01
1.960872721992726753e+01
1.887644292710288241e+01
1.779849441940612920e+01
1.669811919130192734e+01
1.631011095320364390e+01
1.631503701035471110e+01
1.718692392663237101e+01
1.736458681210516986e+01
1.764486117983234337e+01
1.578643854573528493e+01
1.568622782784723846e+01
1.591813761425098050e+01
1.560947952878725431e+01
1.574150307286301498e+01
1.669145975301854179e+01
1.612292366372849983e+01
