9.967310100559884631e+02
1.812234292450899375e+04
1.116370530144372060e+04
8.238409421759444740e+03
6.619519458344683699e+03
5.589641169859532056e+03
4.876368667762410041e+03
4.352546858627765687e+03
3.950544917253834228e+03
3.629801589026767033e+03
3.363974569163727665e+03
3.133334581563306074e+03
2.941861462950796977e+03
2.776039995459677812e+03
2.630165821552447596e+03
2.505261940372465233e+03
2.396619505987208413e+03
2.299520717010434510e+03
2.210889604966742354e+03
2.131235773268527282e+03
2.062495342886703384e+03
6.337774983190552121e+02
6.288097885007978221e+02
6.306355999236526486e+02
6.292354479085249750e+02
6.305042577721519592e+02
6.282179362684187254e+02
6.311618409788455892e+02
6.284961206065754595e+02
6.289639470787155915e+02
6.287824066554732099e+02
6.261724040811291161e+02
6.258899362246162354e+02
6.258321599926177896e+02
6.256855856394565762e+02
6.229455128405213600e+02
6.215319356561597033e+02
6.200153792042817713e+02
6.195298120746145969e+02
6.182402412588404559e+02
6.164558060259146259e+02
6.119342311354024559e+02
5.937257318112234543e+02
5.752319134181692561e+02
5.534918153914803725e+02
5.544519112696382308e+02
5.477790910062589091e+02
5.343440352429799987e+02
5.267178187435332575e+02
5.206309179427067875e+02
5.178159781059588340e+02
5.099055216269129573e+02
5.015393265717387976e+02
4.929924462566495436e+02
4.810449659058490397e+02
4.765649879930680299e+02
4.737265497607237421e+02
4.730155390892381888e+02
4.687168908422327149e+02
4.675218527124847014e+02
4.614553801351154334e+02
4.588155027979594252e+02
4.539725517245130391e+02
3.908773212252215217e+02
3.379726304069163234e+02
3.522160485861412553e+02
3.336270375885811745e+02
3.324983748001260437e+02
3.222659654469383668e+02
3.199815723595041277e+02
3.212556658170153128e+02
3.226516211979867990e+02
3.175398706866213843e+02
3.179856343076139638e+02
3.188794001170405181e+02
3.176442827628522423e+02
3.129572255589826000e+02
3.230987815816942543e+02
3.351171374649883887e+02
3.474041850780383811e+02
3.515110956721786124e+02
3.484852125168761745e+02
3.571090387241746953e+02
3.550570503560118141e+02
4.176972865096110468e+02
4.301957904755746540e+02
4.031881273435270145e+02
3.721668224893801948e+02
3.600359410518243521e+02
3.450522447641285453e+02
3.270368964118821964e+02
3.182574768031551571e+02
3.068056510087467927e+02
2.993489684064165317e+02
2.940562876720281338e+02
2.873239789883967319e+02
2.835835641282455413e+02
2.793774401786872090e+02
2.749106237903180840e+02
2.705531780652139560e+02
2.643795017363510738e+02
2.603519952294420818e+02
2.563346941914633703e+02
2.526559746924670264e+02
2.481249883052590519e+02
1.789713029782541867e+02
2.117363144001146225e+02
2.090072781226942027e+02
2.023015485636885273e+02
1.931857206469618120e+02
1.857587453346549182e+02
1.749048412576971430e+02
1.755329276402626135e+02
1.729139475863487974e+02
1.687534579282144307e+02
1.726143732731003411e+02
1.744327435749402468e+02
1.753448729028510229e+02
1.738818485446447539e+02
1.749394534000380474e+02
1.732083000617863888e+02
1.717436285073045212e+02
1.689864074067947115e+02
1.665882165907412684e+02
1.660761710071499806e+02
1.660250207192945027e+02
1.314837126077412108e+02
1.397188283866910012e+02
1.369487806473082117e+02
1.308990295035532370e+02
1.291995725116946119e+02
1.261486888796635668e+02
1.236516949385789701e+02
1.249207655012132108e+02
1.231799398584928014e+02
1.201011751379509889e+02
1.198878935535343260e+02
1.204474501444082648e+02
1.231468853355013238e+02
1.229534674657577824e+02
1.227719866514584766e+02
1.216723781521572789e+02
1.212081886669149497e+02
1.206250111861423449e+02
1.205079537852409572e+02
1.197180068693909476e+02
1.182441595584538874e+02
8.824998585563193387e+01
9.046053102251894984e+01
9.334403453103986692e+01
8.599701897207387447e+01
8.102218469979156623e+01
8.630272581025137413e+01
9.161550285030021712e+01
9.293764679059636080e+01
8.976095284240334138e+01
9.194030936841744506e+01
8.967889001701782092e+01
8.842870516328126484e+01
8.780692301623038531e+01
8.709958507297248786e+01
8.609497346219507108e+01
8.584228387372056090e+01
8.554550516931273307e+01
8.572976610712353818e+01
8.492800965308128980e+01
8.426362551378269927e+01
8.517365713937650185e+01
5.489105911314678110e+01
1.285008877277253418e+02
1.703262019235215519e+02
1.745498241514647475e+02
1.587104938892998405e+02
1.653277064028774817e+02
1.679828744559190454e+02
1.628364115489049766e+02
1.654262662141671285e+02
1.596333020899299129e+02
1.561631907596622000e+02
1.543832997521856782e+02
1.508933760500978281e+02
1.465630252674991425e+02
1.435226244468085781e+02
1.425721618969138262e+02
1.402839212855077164e+02
1.374048397199162537e+02
1.361569933444328626e+02
1.331312725064617268e+02
1.309708265048134876e+02
6.907879833965290572e+01
8.234272637045685883e+01
8.052047009437980307e+01
6.993267431224569464e+01
7.521272762284500857e+01
7.881730316674440928e+01
7.772871755507445357e+01
7.809303846377963509e+01
7.738703378460819238e+01
7.572254130072447253e+01
7.585814990318560547e+01
7.658009534491496595e+01
7.519852153792176352e+01
7.417898509955711006e+01
7.251848096784925701e+01
7.272293495148457509e+01
7.132903797355626807e+01
7.098431695966029054e+01
7.040312059236929088e+01
6.973695036415973902e+01
6.960029762258297126e+01
