7.199133094137050648e+02
7.196761983423532456e+02
7.179696628219941203e+02
7.168826428127200643e+02
7.143638320132585022e+02
7.120393213210767271e+02
7.097380102474394334e+02
7.066112067955742759e+02
7.037633558042193727e+02
7.000989774783178063e+02
6.969207522034913609e+02
6.928224980723376802e+02
6.890705958957846633e+02
6.843080730889716961e+02
6.813145502874815520e+02
6.757069107679741364e+02
6.696027967012163344e+02
6.642575196330478775e+02
6.591351312656282744e+02
6.543843169892298874e+02
6.484684033322505456e+02
5.611929806285882023e+02
5.783299610746241797e+02
5.774920772724404969e+02
5.717830649444342725e+02
5.667704195628872412e+02
5.657083273072890961e+02
5.657674336602899530e+02
5.615236566838271983e+02
5.619291110719586868e+02
5.621081888348505800e+02
5.608391063764893261e+02
5.581344603461428733e+02
5.569354330766911971e+02
5.583231359891154852e+02
5.583636224030583435e+02
5.579552113881036348e+02
5.577827936491837590e+02
5.565324163457283930e+02
5.562691411194236935e+02
5.559375301239471128e+02
5.560151119698007278e+02
5.224855216202734027e+02
5.377439651721609835e+02
5.358950151162955535e+02
5.306889688235276026e+02
5.313532629781846026e+02
5.310430365762654219e+02
5.338671488594994798e+02
5.372494706248847933e+02
5.375474428549080130e+02
5.395379093432377431e+02
5.391151774195795952e+02
5.400376449136782639e+02
5.387134117161400582e+02
5.378549092653490789e+02
5.356375611741468674e+02
5.339489304353407988e+02
5.331466376774360469e+02
5.321898282856033120e+02
5.309211534129245820e+02
5.305935114004732895e+02
5.289696299583131349e+02
5.353010691866708157e+02
5.238352837202919545e+02
5.153417725159513338e+02
5.119508234509562499e+02
5.095181789459770130e+02
5.079001918740021893e+02
5.061938635482220548e+02
5.048535064539596533e+02
5.013861117313513205e+02
4.990758009409088913e+02
4.964684812701038368e+02
4.953969691120842640e+02
4.922937919362217372e+02
4.902512285786148141e+02
4.883933664229979854e+02
4.850549284452002894e+02
4.834269660288443333e+02
4.812128046466548312e+02
4.783820551902581428e+02
4.759359224004031717e+02
4.737079948726291718e+02
4.113404484332528455e+02
4.272290249049809177e+02
4.107968932039810284e+02
4.092878613164238004e+02
4.031707559138482679e+02
4.012997826899041343e+02
3.976054833316360373e+02
3.950277478058947054e+02
3.950141815339352434e+02
3.928531666933943143e+02
3.903507389304904223e+02
3.879367436726591336e+02
3.867601945227139595e+02
3.823162924080783682e+02
3.816635368963405881e+02
3.787297764614758648e+02
3.758403891271989323e+02
3.729177857203169424e+02
3.695598212280597750e+02
3.672707257901952858e+02
3.633843791737056108e+02
2.930326109534069019e+02
2.892556412027707893e+02
2.943607018793214820e+02
2.949848574181083904e+02
2.898294612916649271e+02
2.829694626933446102e+02
2.826399806506336176e+02
2.822655628361096092e+02
2.787394096486601711e+02
2.743453894372395894e+02
2.711323844092241870e+02
2.708155260625325695e+02
2.685507943663149604e+02
2.675644692947188332e+02
2.660640248496367803e+02
2.632356292251609489e+02
2.620608740649258834e+02
2.612295195890237096e+02
2.590843540953551383e+02
2.561964461236721036e+02
2.546971350170616120e+02
2.187398830336132960e+02
1.990128469387143753e+02
1.970782342323998364e+02
2.094422531958208822e+02
2.083593167430594519e+02
2.098231266594148678e+02
2.115120933191844301e+02
2.148219887282552634e+02
2.138225641022542334e+02
2.140846426269537517e+02
2.134035629058623158e+02
2.122603801459134445e+02
2.102186308256425775e+02
2.094731724981421053e+02
2.070063343807931631e+02
2.055084372721031230e+02
2.048572105207455536e+02
2.055114162759590215e+02
2.038835273430843813e+02
2.027088822711045282e+02
2.039838136620419391e+02
2.074764257278876869e+02
1.870998925725288018e+02
1.808434910904211108e+02
1.969890762742974459e+02
1.942653116063521281e+02
1.914743775628856497e+02
1.893726094674162255e+02
1.858619268658053727e+02
1.817149611358081813e+02
1.830694787858918744e+02
1.852430582742405534e+02
1.826384763670997415e+02
1.829527137045706411e+02
1.837147678580777779e+02
1.825672538423678191e+02
1.846186412807472550e+02
1.841983143998093340e+02
1.832551216893970434e+02
1.842127205368194893e+02
1.845443962828969688e+02
1.846277038134876420e+02
1.821998619162854993e+02
1.815804655090796302e+02
1.889128939239302269e+02
1.799566164160070514e+02
1.831366062298499742e+02
1.831388173203885117e+02
1.831763068598502855e+02
1.797224660626794446e+02
1.820309835318122680e+02
1.804662041934930983e+02
1.794096020585999440e+02
1.784791111924176050e+02
1.762520714289360626e+02
1.751397128682603181e+02
1.727325899332907682e+02
1.710416941702909241e+02
1.710237292063543180e+02
1.699322761751282655e+02
1.698946460439543955e+02
1.698384829366563338e+02
1.690747946373019488e+02
1.617876641011261825e+02
1.640935021394629700e+02
1.627447382537576459e+02
1.548309758865418075e+02
1.532451588821930102e+02
1.582718791786065538e+02
1.613943664122160442e+02
1.671404374672135020e+02
1.657922268346931673e+02
1.643521299330639636e+02
1.637780004514998495e+02
1.624782341754637400e+02
1.621904898945890068e+02
1.635557774128322990e+02
1.628441151419021082e+02
1.623453908376656045e+02
1.632609067042204742e+02
1.623433818734108911e+02
1.642662729081627901e+02
1.631702708370320352e+02
1.616896758261756304e+02
1.411104029778552729e+02
1.426775311953622065e+02
1.574574994454168859e+02
1.621386105857053508e+02
1.588730699308888461e+02
1.587746008985588446e+02
1.559722453561565487e+02
1.536089217580808111e+02
1.543738244289264401e+02
1.539192714897237408e+02
1.580218272275577647e+02
1.562283744111800274e+02
1.560094646524946711e+02
1.563249388546405214e+02
1.548800538861681844e+02
1.543919200148814639e+02
1.534254671676108046e+02
1.539621221058837932e+02
1.559255064036506155e+02
1.550074218010275899e+02
1.543465089027389752e+02
1.623522686235858714e+02
1.551769249608331904e+02
1.463427851477877653e+02
1.528320697535799297e+02
1.494140709059783205e+02
1.481938590857900806e+02
1.451810788706086441e+02
1.441910750171616939e+02
1.428467992083408262e+02
1.444357105035100801e+02
1.455504463416275485e+02
1.468549769397460523e+02
1.472191579781975292e+02
1.476576131233028093e+02
1.479466077227656058e+02
1.478909654665531832e+02
1.474008273323717617e+02
1.471773072673425133e+02
1.466906192554645258e+02
1.467299363881083991e+02
1.485081265641273376e+02
1.363520047184409236e+02
1.504591336980058998e+02
1.505066795845891932e+02
1.477472992494400046e+02
1.451453021191385915e+02
1.424409328349149746e+02
1.473404059753081015e+02
1.474711605978330624e+02
1.470177987824704644e+02
1.468107727924385415e+02
1.468991244158279414e+02
1.463585005822035612e+02
1.449446987654357031e+02
1.438042201692792332e+02
1.453429204149413749e+02
1.456176115352828333e+02
1.460183122503008804e+02
1.448631147580880167e+02
1.448813764672665627e+02
1.440620919902301580e+02
1.449887714217715313e+02
1.443403846728982103e+02
1.284709168893548110e+02
1.312140966169523892e+02
1.273267563381326255e+02
1.371397745246050590e+02
1.384104390674811214e+02
1.369417706295785706e+02
1.355552262977545581e+02
1.339018788405668090e+02
1.344716003137596090e+02
1.336092754820459163e+02
1.366119661315128155e+02
1.362825083622178681e+02
1.369836426158456106e+02
1.367405873736121578e+02
1.370028577041828441e+02
1.359115657155720385e+02
1.347051790845365247e+02
1.354297199648530068e+02
1.373405921960332989e+02
1.381191708851548299e+02
1.141068199959698859e+02
1.229828713505715001e+02
1.330433597921828266e+02
1.315274064406208652e+02
1.407799916371654376e+02
1.402629784024883577e+02
1.377710945147026393e+02
1.369571540960189111e+02
1.366497679410512660e+02
1.358390387348205479e+02
1.377447489072461337e+02
1.377044663722812459e+02
1.358954366161670748e+02
1.369696657387521554e+02
1.355026697174663468e+02
1.342649965100957274e+02
1.346899518172107264e+02
1.344640399924250005e+02
1.334782340547217245e+02
1.327703088787622789e+02
1.342155501161335280e+02
1.185503471094833117e+02
1.204310411532995886e+02
1.171831140670003890e+02
1.295438335802186600e+02
1.276924574730975763e+02
1.273750484459753807e+02
1.246546701459508029e+02
1.243706577927091814e+02
1.244302048227586539e+02
1.293858479170616249e+02
1.289609907773657937e+02
1.289806193827972152e+02
1.316968587385180172e+02
1.311216906799448054e+02
1.305231585222370825e+02
1.313461360887586409e+02
1.317659317624204220e+02
1.312842846850031719e+02
1.304827657495008850e+02
1.305056556492793902e+02
1.325559641166885569e+02
1.159606495248370948e+02
1.239253190896247219e+02
1.349024191281907576e+02
1.423009849910451123e+02
1.400343374729176276e+02
1.379406723171901490e+02
1.357995391605741702e+02
1.346432154265335157e+02
1.327950778927414603e+02
1.309066399193530970e+02
1.296815635913010283e+02
1.289368531613927189e+02
1.313249196797642924e+02
1.292627506783898923e+02
1.280034806012168076e+02
1.276667305532700993e+02
1.275522826870160600e+02
1.267694970328494577e+02
1.269382707129922494e+02
1.263034636750601436e+02
1.273092506194340956e+02
1.318195545462878613e+02
1.266718167693727253e+02
1.176145343220880477e+02
1.157394166117805554e+02
1.135842284225506660e+02
1.227332964591623181e+02
1.218584404521493951e+02
1.189086472715376885e+02
1.214833249859992321e+02
1.214616768126720103e+02
1.208115584358282746e+02
1.240009402007291186e+02
1.245420717079158095e+02
1.244810864918520821e+02
1.242798077325403057e+02
1.238739877830196718e+02
1.229772876086514941e+02
1.232983203650706514e+02
1.226750319754814598e+02
1.240102988520324772e+02
1.255787678401129881e+02
1.552042461172610217e+02
1.495791474774625271e+02
1.405479222110419641e+02
1.371201599028805163e+02
1.331302682762576808e+02
1.381711338873287218e+02
1.359728607493437949e+02
1.343171194879035113e+02
1.324767996483064110e+02
1.311827367980783663e+02
1.310673463355219894e+02
1.303980354815070086e+02
1.313567369435279488e+02
1.292632649690811775e+02
1.275503774868855515e+02
1.271510532021415969e+02
1.269441423250714109e+02
1.279741014235506640e+02
1.271021623824810121e+02
1.267115511294391581e+02
1.265745991454066370e+02
1.130796249890065326e+02
1.217143546059823933e+02
1.289616596207469001e+02
1.251150469883488796e+02
1.236840001707453638e+02
1.234047931899882116e+02
1.193031923395780751e+02
1.168274952588499218e+02
1.176452435268674606e+02
1.175888806867690874e+02
1.165490065313136228e+02
1.203418915090460075e+02
1.223872096346218541e+02
1.242427466460968617e+02
1.229134238335470997e+02
1.243056663296343629e+02
1.240293946302071220e+02
1.230902775012029906e+02
1.229788030564377976e+02
1.232774881109384211e+02
1.223097129439804291e+02
1.120322413667732206e+02
1.174487899714604282e+02
1.092679805764702081e+02
1.104976247190339507e+02
1.138777379677787422e+02
1.120460008308000965e+02
1.115193208634345439e+02
1.100823219278203169e+02
1.113258748699280432e+02
1.171858753824495949e+02
1.185725645590624140e+02
1.218272524412214608e+02
1.226209564243171144e+02
1.242821993328729775e+02
1.245616584117911003e+02
1.237506305117710923e+02
1.248201484500163048e+02
1.244884867583921420e+02
1.242249295432345093e+02
1.237124427140660998e+02
1.236509738818081843e+02
1.180381437884190206e+02
1.432757463191354645e+02
1.376003174405389302e+02
1.407099921377959220e+02
1.334186975945578126e+02
1.301243262711622037e+02
1.273747575988019065e+02
1.281842521104385355e+02
1.271833981330546521e+02
1.258857659991259794e+02
1.245476127643359092e+02
1.239556312749972022e+02
1.265690750779213545e+02
1.245500128063824121e+02
1.233312360426707102e+02
1.230356516856610511e+02
1.231094176206177764e+02
1.233172787180818375e+02
1.217026775135777541e+02
1.217101342684227774e+02
1.219068589926858408e+02
1.435178610320515133e+02
1.151044026456876850e+02
1.202451801172334882e+02
1.315266369458005045e+02
1.273588881691601102e+02
1.299493447489975324e+02
1.297649729082848467e+02
1.315872009648223582e+02
1.337767148592031390e+02
1.321886233710975489e+02
1.295651959765903030e+02
1.288643909932337408e+02
1.271335016707312633e+02
1.275353107646934347e+02
1.263651275747611464e+02
1.254829953456258522e+02
1.235102137564360021e+02
1.224923563530014832e+02
1.219804113063841413e+02
1.220785056449288106e+02
1.214094194085580511e+02
1.057467448743526290e+02
1.157522299797884529e+02
1.233842645208262780e+02
1.180795083944577186e+02
1.208904659736211045e+02
1.226777855954092900e+02
1.198241178127959046e+02
1.199314637487004234e+02
1.256177799619978828e+02
1.266185724804207240e+02
1.246885428567417620e+02
1.233122274921214512e+02
1.224644028869045371e+02
1.231163353344873457e+02
1.221508958994832597e+02
1.216295477110110426e+02
1.216835936024412632e+02
1.206054590734175775e+02
1.204027947552749538e+02
1.199092580844479556e+02
1.203516745920956481e+02
1.081454253698953210e+02
1.132480867271755756e+02
1.155954946428794585e+02
1.177310466497587385e+02
1.176149016081824215e+02
1.141204482573444210e+02
1.167113533321078620e+02
1.149290326792265944e+02
1.154041105336797557e+02
1.137635724859056978e+02
1.120211015494146096e+02
1.146706637239748545e+02
1.151070530190026062e+02
1.156034990833736629e+02
1.154128847375521474e+02
1.156278753611861418e+02
1.154069994174176230e+02
1.182172883518034752e+02
1.175782722647703054e+02
1.180382926352730948e+02
1.194410025202321179e+02
1.547460128443599956e+02
1.291433672972761997e+02
1.263877874013251557e+02
1.212124607966637342e+02
1.208375512688747762e+02
1.237191879996880317e+02
1.267494954813003858e+02
1.297558318467908407e+02
1.321383394140426333e+02
1.287487597301245899e+02
1.267333591335374763e+02
1.245261540572161039e+02
1.238385231508775775e+02
1.232584196361522544e+02
1.224069639546209487e+02
1.213542471830744773e+02
1.218688484584747442e+02
1.211716172705880012e+02
1.202646282760200904e+02
1.220768687770399623e+02
1.213593933935580935e+02
1.171138127442650188e+02
1.169985363317484541e+02
1.133168973420961265e+02
1.102135877551198888e+02
1.151103690577078282e+02
1.184694571658544788e+02
1.174461769564474167e+02
1.187347330341505796e+02
1.188959911873637196e+02
1.195844820441249254e+02
1.195027694924317672e+02
1.195925867201880237e+02
1.192898344345920520e+02
1.202459086493154672e+02
1.200034150018999810e+02
1.194943970719706954e+02
1.189458032062448893e+02
1.180434013946653806e+02
1.174115821094823815e+02
1.169391067624155909e+02
1.163234849417679868e+02
1.216535521692494370e+02
1.061677852829226367e+02
1.032052888685964120e+02
1.073139902301233519e+02
1.056133671349914920e+02
1.081459865202522366e+02
1.087711514776810446e+02
1.117583907441314466e+02
1.119730858056787355e+02
1.106751730161196292e+02
1.108301667553909908e+02
1.118845112769244423e+02
1.112550226294890479e+02
1.104201166442367139e+02
1.120125831103546119e+02
1.118213378310914550e+02
1.135618355055490980e+02
1.135577481804000115e+02
1.167332334053149339e+02
1.166900488026835774e+02
1.174049172053439491e+02
