1.723822206136545105e+02
1.709772329522493237e+02
1.695977233022585438e+02
1.681583912514166741e+02
1.667612990750932340e+02
1.652313706500261219e+02
1.636220707142917661e+02
1.620086463949760116e+02
1.601766780042711673e+02
1.582659834652237407e+02
1.562349085629933541e+02
1.538638839006449928e+02
1.514361715020347674e+02
1.487706658033242775e+02
1.461938762934600788e+02
1.432583939588492683e+02
1.403504035670526662e+02
1.376229635954126422e+02
1.354670653486234073e+02
1.331224124115723271e+02
1.310385716001104583e+02
1.044806530256558688e+02
9.653466397207164107e+01
9.454255156678460992e+01
9.331163357445193185e+01
9.216619856715516335e+01
9.132442320122160595e+01
9.108811626956065766e+01
9.152828893860670689e+01
9.185803121128161308e+01
9.141561514900774910e+01
9.109151459705546472e+01
9.079820170981622596e+01
8.991022630682294903e+01
8.977900523054509563e+01
9.011884505425541647e+01
9.058892896715977372e+01
9.060081785330355331e+01
9.037603266294870252e+01
9.020494853014524494e+01
9.012052528849328326e+01
8.984845552834372029e+01
9.685230802763405222e+01
8.422931311999292348e+01
8.435418100452176304e+01
8.526237769180214343e+01
8.584582740627884334e+01
8.542871043069533243e+01
8.510068874089546398e+01
8.536674218403112491e+01
8.574307578162634513e+01
8.562148481338876138e+01
8.625451829017519856e+01
8.625269290146800927e+01
8.614912708654718188e+01
8.558991203245759039e+01
8.525452226367897879e+01
8.534823114173498482e+01
8.534485394874681674e+01
8.534738713790693510e+01
8.519075680585075361e+01
8.474350964927647567e+01
8.450406213973130320e+01
8.065199083849618944e+01
8.078464150330555071e+01
8.154143294867296277e+01
8.056367090144881615e+01
8.062199385531737050e+01
7.965372743896200802e+01
7.925771574770186589e+01
7.905009610332962211e+01
7.831005814738352910e+01
7.888026410065674554e+01
7.818014739307417926e+01
7.767326052148187898e+01
7.726714197257538785e+01
7.706645111680022353e+01
7.676870512614254949e+01
7.644533245445671810e+01
7.636567279997829871e+01
7.589493675348157353e+01
7.544904689932162967e+01
7.529661177559307816e+01
7.522930423445009751e+01
7.154924493051444756e+01
6.792951528064712363e+01
6.735062893297427422e+01
6.649802945935833520e+01
6.559552392967360390e+01
6.454897331688621875e+01
6.356219180675070390e+01
6.292066419268999056e+01
6.229668859036206641e+01
6.146924031191543492e+01
6.116893222438721267e+01
6.120254107098234897e+01
6.113781465230984935e+01
6.062057404820859574e+01
6.014258357457845960e+01
5.971323814264604835e+01
5.928755786608221001e+01
5.855913655263946538e+01
5.814700835347278485e+01
5.773257518284879097e+01
5.729330440062906860e+01
4.146664673774548504e+01
4.137167060589779055e+01
4.335711814163393996e+01
4.389425006355621406e+01
4.279317553654131245e+01
4.258084002559009917e+01
4.269426880959571946e+01
4.221728147139277354e+01
4.155162590755195140e+01
4.119356609739018893e+01
4.090472945711841390e+01
4.063712607085098227e+01
4.029574252696182413e+01
3.982339106087264469e+01
3.939746809169533037e+01
3.919200715106278210e+01
3.865215147045842770e+01
3.820739313455137420e+01
3.792813977563432815e+01
3.750279131047619785e+01
3.742233211801005410e+01
2.973845322729961893e+01
2.755849359959524847e+01
2.855578343170958533e+01
2.816278304459504156e+01
2.870072704748137582e+01
2.868157889770138169e+01
2.838869947569260788e+01
2.852165117613026979e+01
2.845191561280907777e+01
2.830598355508024611e+01
2.828855076670238233e+01
2.827372010380864964e+01
2.797468872625030656e+01
2.768931907207487342e+01
2.774737212481830539e+01
2.756313470679964084e+01
2.724906413558424489e+01
2.709478338998624025e+01
2.705286632750532050e+01
2.705716727871492466e+01
2.691562900875385012e+01
1.973950022500370238e+01
2.384737770785489275e+01
2.303605276031447602e+01
2.288561220349965097e+01
2.283840759704654744e+01
2.280469122186185515e+01
2.364017433685788205e+01
2.384074310089609483e+01
2.400443608157195285e+01
2.362941261760513001e+01
2.319775875468782189e+01
2.326216432590922167e+01
2.290893231387869022e+01
2.270450645321983529e+01
2.255666034675906673e+01
2.231950173550990257e+01
2.222437770516220112e+01
2.236299590044047747e+01
2.221227512651330471e+01
2.206833632772024600e+01
2.199027215451409134e+01
2.535085505415786145e+01
2.081507277609772544e+01
2.112533868469358822e+01
2.103093302474790960e+01
2.112221108520046542e+01
2.125717260377724571e+01
2.050656820362360833e+01
2.056000445250288422e+01
1.996491319240127638e+01
2.031309749303839496e+01
2.037669303551258082e+01
2.010585374319241225e+01
2.003820580146773622e+01
2.027358787680555707e+01
1.991745414414612725e+01
1.968662461227234672e+01
1.950370496648911001e+01
1.936186644286147995e+01
1.942909549932348057e+01
1.917029043200923510e+01
1.908351381530099289e+01
1.758746551464409436e+01
1.840780765010679687e+01
1.772582582428998066e+01
1.797453242045601485e+01
1.764861244662486328e+01
1.745333784608152783e+01
1.764224156861737924e+01
1.758167618669746801e+01
1.730622293813443946e+01
1.710118808031691984e+01
1.714818387156223878e+01
1.731081422051255458e+01
1.724029303798289448e+01
1.719483006932162183e+01
1.737934297808861572e+01
1.740598631703494092e+01
1.720043457106031681e+01
1.722176122561268485e+01
1.729797979560196097e+01
1.707932058501470252e+01
1.707646892658051385e+01
2.199050992626796841e+01
1.904142090797602194e+01
1.717851338356379287e+01
1.684952957383195127e+01
1.641112839865797568e+01
1.596440137907032941e+01
1.582155567084169334e+01
1.574975807957051188e+01
1.571187938113813587e+01
1.542854830105558683e+01
1.575602824931127266e+01
1.572537965982661490e+01
1.547236431205325324e+01
1.543395878503338636e+01
1.538052959902889860e+01
1.530747303653419600e+01
1.541734592575370044e+01
1.544904821017517982e+01
1.552669136485011592e+01
1.535338220229557393e+01
1.526621449363759275e+01
1.083655433969369497e+01
1.252168155760991475e+01
1.293751019028597504e+01
1.408094681261876957e+01
1.449206059610582287e+01
1.494945593049003385e+01
1.433491578903538155e+01
1.466435945943993602e+01
1.489897709738066922e+01
1.474169398133746789e+01
1.463126510748504927e+01
1.485187968459381480e+01
1.489868990399364890e+01
1.478031699510798980e+01
1.458891757770379094e+01
1.444471383696399336e+01
1.451422911432651652e+01
1.459507074170534580e+01
1.434261402284184150e+01
1.421102806193313839e+01
1.425310996601681168e+01
9.551373232876827046e+00
1.281359159937549386e+01
1.403462614844089273e+01
1.362736193345767077e+01
1.349969816982287973e+01
1.343271109554324028e+01
1.338699783622040940e+01
1.340889700976966559e+01
1.322386895793555439e+01
1.304788149874617176e+01
1.290515348077442148e+01
1.307305373287225159e+01
1.318108728434024535e+01
1.317461609885772411e+01
1.314993425377642033e+01
1.317787084023630406e+01
1.320126839498138338e+01
1.325298340215269555e+01
1.321547256798297099e+01
1.325956722052432291e+01
1.327008996830654830e+01
1.139295301067299349e+01
1.085620906727178792e+01
1.138751550629929632e+01
1.244945458238995961e+01
1.201307183681757706e+01
1.251062002020727348e+01
1.237186562787672273e+01
1.232241049314361803e+01
1.208551427421889812e+01
1.210023569707125546e+01
1.210076779770273703e+01
1.232619489654754652e+01
1.238050046087785816e+01
1.226029944605980937e+01
1.221667470047657389e+01
1.244869956106749243e+01
1.252482559985891442e+01
1.243601146871457352e+01
1.238149054624995493e+01
1.243497896091966126e+01
1.239259629880369751e+01
