7.208380658398767764e+02
7.167443396950232000e+02
7.151574586470561599e+02
7.145174441520238133e+02
7.120223400900723618e+02
7.099026771749031468e+02
7.077487437295998234e+02
7.054548052883160381e+02
7.026581864815116205e+02
6.990093662653455340e+02
6.959586542700883456e+02
6.926921462130584359e+02
6.895289675631167938e+02
6.845465106750846189e+02
6.795791790460012862e+02
6.745168811612453510e+02
6.693565015229751225e+02
6.638425474780766535e+02
6.591336578448722321e+02
6.540494759180402298e+02
6.502182617951697239e+02
6.204448835330965721e+02
6.053284331241145537e+02
5.922700092892357588e+02
5.769932397462356448e+02
5.722000719407617453e+02
5.698970858393780645e+02
5.688408434898585710e+02
5.692595280429737841e+02
5.645690455247990940e+02
5.624662967978156303e+02
5.631901212572917075e+02
5.625281369851413729e+02
5.603113192373206175e+02
5.599861539551432088e+02
5.582400676618290163e+02
5.569689684531706462e+02
5.560983591254315570e+02
5.569257155140935538e+02
5.556345274606009070e+02
5.550400467310013255e+02
5.558735507825880404e+02
5.311627491504272029e+02
5.411374278560281255e+02
5.395909313677216232e+02
5.395144607515007920e+02
5.418129028843627566e+02
5.403845510062748190e+02
5.383460657282539614e+02
5.354973162067366275e+02
5.329843154864868211e+02
5.307772029336181276e+02
5.284670942175307573e+02
5.290946491377234224e+02
5.295525828661301375e+02
5.279140410336741525e+02
5.273969905714756123e+02
5.261103912955642272e+02
5.247261161147200710e+02
5.236821479795598862e+02
5.217049715761507969e+02
5.213692921150941402e+02
5.202620141509672749e+02
4.775861229924342979e+02
4.690200353611143669e+02
4.682960974557338432e+02
4.677318356543272557e+02
4.694990446315186432e+02
4.690333464002428059e+02
4.695177020372634615e+02
4.707944507897861968e+02
4.681415783775947830e+02
4.635265524490613984e+02
4.601147452404520095e+02
4.534489696938047132e+02
4.507614520150900148e+02
4.466297475933351961e+02
4.427381687165853918e+02
4.400293976331519730e+02
4.365902241696160218e+02
4.324150056038558319e+02
4.292408986286370691e+02
4.252489368282691089e+02
4.200203051301287474e+02
3.092776620664374150e+02
3.175596853414415932e+02
3.104299072489407649e+02
3.147914534492799135e+02
3.122079927053467259e+02
3.113313112107152847e+02
3.101035852783292626e+02
3.072518998160035721e+02
3.055207738958744699e+02
2.995011394055876508e+02
2.963666326367853117e+02
2.918008155363439187e+02
2.872308768820694809e+02
2.817587255231720746e+02
2.790472554750317045e+02
2.752932691374252840e+02
2.729236438061415697e+02
2.684770590523269220e+02
2.639866253611970137e+02
2.615583012451539844e+02
2.577971899761616896e+02
1.562652137911264276e+02
2.048139950786762995e+02
2.184582698816566335e+02
2.253044276718599122e+02
2.272701509800436952e+02
2.192591743980632657e+02
2.135849960831137366e+02
2.095219016799244969e+02
2.069034806303340019e+02
2.076282710656352890e+02
2.133840020404394977e+02
2.115782667467906037e+02
2.088627431242179568e+02
2.059509832140238359e+02
2.047887269588893560e+02
2.018735114941662516e+02
2.007202474861578310e+02
1.990082725674280937e+02
1.977926044919574053e+02
1.956972136394305721e+02
1.955318410326524656e+02
1.674514724666344989e+02
1.818726610762867608e+02
1.926867272892779113e+02
1.901536154844038435e+02
1.845296874984235274e+02
1.846571340455405732e+02
1.792764568579748072e+02
1.782642340745405534e+02
1.768940790620417260e+02
1.723682080077494732e+02
1.690026143104553569e+02
1.677065829113706741e+02
1.653645171681878310e+02
1.645226224263316226e+02
1.628602450943419342e+02
1.623693111070362534e+02
1.689482909492906515e+02
1.704717805845213832e+02
1.739329213951819781e+02
1.749308577376579024e+02
1.731786438028059365e+02
6.804249964854514019e+02
3.363091885387519255e+02
2.841479354566228039e+02
2.788365644392427498e+02
2.683225305748859455e+02
2.537646760643502262e+02
2.399635475334210639e+02
2.314028172753261572e+02
2.221343666016900329e+02
2.183516417402259435e+02
2.131778410715787118e+02
2.080583462572337794e+02
2.063817723032173035e+02
2.027648047938918694e+02
2.001101821948925306e+02
1.974931890283281462e+02
1.941767129883907330e+02
1.934154043968557914e+02
1.906995056104388766e+02
1.891786765491898450e+02
1.879823289269055522e+02
1.532985320910417499e+02
1.414696691648798321e+02
1.401103092484549961e+02
1.385591133149401060e+02
1.487979656975073794e+02
1.536522180822038592e+02
1.497863483311452910e+02
1.487674971355521052e+02
1.490937692146254960e+02
1.477800958929900901e+02
1.487866093178122355e+02
1.470068549817546852e+02
1.481375146383102788e+02
1.506133655215808744e+02
1.507618920907885638e+02
1.511202205610963745e+02
1.503258545908077508e+02
1.484255526813965957e+02
1.476475516521858822e+02
1.472969232516868203e+02
1.458287425797814194e+02
2.004495426532230340e+02
1.690151944736715279e+02
1.615381260664509853e+02
1.614792110752399026e+02
1.549372631778059315e+02
1.529007572316307915e+02
1.514332253852772681e+02
1.655521071894339116e+02
1.651845408246295221e+02
1.662593053029351609e+02
1.653038613239896790e+02
1.625722171500466970e+02
1.614912620570235333e+02
1.584375894237934688e+02
1.553825694364161336e+02
1.528930514478250018e+02
1.518236509735983475e+02
1.503864629342478452e+02
1.494616732442003695e+02
1.491327932142758925e+02
1.483931790645781632e+02
1.970810139641410501e+02
1.500878009132550801e+02
1.539000415536558251e+02
1.504307256786161702e+02
1.435471048538186665e+02
1.380309765684607441e+02
1.344329120008766267e+02
1.389207527152489945e+02
1.354691809443921784e+02
1.345418626585818060e+02
1.333758793703078993e+02
1.316821977658785556e+02
1.300352578263024270e+02
1.298880480109174016e+02
1.299056526640306402e+02
1.287922769067861850e+02
1.273524229740436340e+02
1.280144772795491690e+02
1.297410799072277712e+02
1.282757778578173884e+02
1.291101050864284900e+02
1.073372978954063086e+02
1.075791513598699680e+02
1.191559116949126178e+02
1.347543661440506071e+02
1.345087080457175546e+02
1.329829147096001520e+02
1.306785949892250756e+02
1.294779778771537337e+02
1.277123303698580230e+02
1.261867309398677577e+02
1.357910460273614888e+02
1.361989629421205450e+02
1.370291333575672468e+02
1.384987131069866280e+02
1.376270642995229707e+02
1.357633657570818571e+02
1.365719315270041534e+02
1.350842027613346374e+02
1.357232961001102467e+02
1.362315403332610799e+02
1.361012768010167235e+02
1.143273304296456274e+02
1.199643910928053430e+02
1.168773694009836248e+02
1.194083583735072693e+02
1.159260448804981536e+02
1.159977713526944996e+02
1.222891419948858811e+02
1.218767074707672009e+02
1.229515181971148365e+02
1.208769369366037552e+02
1.211875844362968024e+02
1.199672483976186754e+02
1.208285142829672765e+02
1.208911277357268403e+02
1.239983492057274788e+02
1.243263613986992198e+02
1.247987266697291062e+02
1.237899005021481571e+02
1.230680893080905065e+02
1.232249832883962739e+02
1.217992592730727210e+02
