9.968507672928095644e+02
9.923432208454372585e+02
9.877607566133768842e+02
9.833095009196013052e+02
9.785702847693564763e+02
9.733103197641953557e+02
9.676168934469721989e+02
9.617042553262499496e+02
9.553831373890211580e+02
9.485937223045319797e+02
9.406595067261778240e+02
9.324108118027930914e+02
9.229473666655834450e+02
9.130385111409410683e+02
9.025676545301715805e+02
8.910291806344390579e+02
8.781658529107634195e+02
8.650271060729878627e+02
8.511377622769513209e+02
8.394047587551656306e+02
8.298933240383372549e+02
6.745666147159737420e+02
6.466914265284618750e+02
6.500332059878245445e+02
6.393778635175551699e+02
6.288497093613349307e+02
6.249507562060031205e+02
6.208016591676234839e+02
6.235242478674296080e+02
6.267797584832095481e+02
6.253195774218797851e+02
6.215019218193097004e+02
6.201161532857747716e+02
6.181614926552747420e+02
6.173500818541399440e+02
6.171439096607131205e+02
6.151994282681262121e+02
6.143448604225058034e+02
6.155135465155401562e+02
6.139970071822035607e+02
6.152661633025935544e+02
6.141110407798072401e+02
6.207652973306855984e+02
6.061836631846974797e+02
5.994628847044868962e+02
5.971105976523422214e+02
5.936362189469089117e+02
5.920817396591361330e+02
5.932472104595035489e+02
5.934906037165550288e+02
5.954409828258945936e+02
5.975239726450663511e+02
5.973025605150612591e+02
5.968647996460986178e+02
5.964715456801035316e+02
5.954557796557625124e+02
5.960104804689307230e+02
5.947452854264745383e+02
5.938507496051267935e+02
5.928397848183834640e+02
5.919131597257942303e+02
5.909016015698886122e+02
5.890590900223834296e+02
5.475293566046243541e+02
5.555860388114269881e+02
5.662997954094762463e+02
5.595152974108621038e+02
5.614245467528425024e+02
5.575361312184655844e+02
5.601024485179981411e+02
5.584983161173217923e+02
5.593366199432364283e+02
5.588831387463192186e+02
5.596921016631118846e+02
5.564237315577006484e+02
5.573934136208636119e+02
5.582496528094045516e+02
5.587059475937736579e+02
5.569888277225190905e+02
5.543627101366331544e+02
5.535247884460673049e+02
5.521962103652230098e+02
5.512771659473125965e+02
5.490501079031635072e+02
5.442187972680349048e+02
5.192922718756886979e+02
5.118867271884713546e+02
5.107591136447120448e+02
5.146188393157110568e+02
5.101748810905870641e+02
5.110415269077719813e+02
5.104263359552102770e+02
5.067963372775944322e+02
5.036293554966309785e+02
5.007079624732098750e+02
4.975463223138898456e+02
4.966085268227843699e+02
4.941875305759726302e+02
4.920081804862971921e+02
4.906582609306277618e+02
4.883444698436921954e+02
4.866696803120720460e+02
4.851981699449165149e+02
4.826664871740953231e+02
4.804415839951109319e+02
4.531414211710894051e+02
4.390774168635223305e+02
4.362347711704413200e+02
4.292923946039446719e+02
4.250393178229988962e+02
4.255720312467471445e+02
4.209538770920382831e+02
4.214032191616838077e+02
4.133475295664097757e+02
4.100876913992290156e+02
4.085257057752859282e+02
4.046761355222341194e+02
4.014761450641499323e+02
4.007565712372106645e+02
3.967348742996159672e+02
3.950750407105024351e+02
3.927934306284992658e+02
3.895908801452049488e+02
3.869277455324044013e+02
3.852979642651589529e+02
3.832282709957470388e+02
3.240392403017157221e+02
3.176782084497443179e+02
3.151322842213697868e+02
3.110443291117240960e+02
3.089165961239297076e+02
3.120409846460174208e+02
3.113898935139661148e+02
3.106537978292076332e+02
3.121013805956418992e+02
3.104704641446494975e+02
3.097161111421499413e+02
3.089189803026785626e+02
3.063263041274471448e+02
3.071494967090030741e+02
3.045670666281598642e+02
3.018661493335757200e+02
2.992760047066466313e+02
2.982613301610838334e+02
2.967966043886797820e+02
2.955150916934524616e+02
2.939913036220283971e+02
2.649063435110039109e+02
2.663616115234127619e+02
2.753823476095842011e+02
2.698187583703121959e+02
2.703312407133946067e+02
2.665795624362091303e+02
2.633564312463628880e+02
2.620838007719468123e+02
2.643090726889582243e+02
2.613416449806761079e+02
2.612412010960772477e+02
2.597365409872919031e+02
2.576251425016373560e+02
2.588524290917142707e+02
2.592594846352116065e+02
2.572078292615787518e+02
2.543127720405733783e+02
2.532447377672967548e+02
2.506177220590955415e+02
2.482980709756696456e+02
2.465337425829000324e+02
2.053075552439290732e+02
2.103443699618646292e+02
2.235220037385004161e+02
2.234961489844232005e+02
2.289972940799816286e+02
2.304176233367426221e+02
2.298811526810970634e+02
2.265933907370321094e+02
2.292517149843610298e+02
2.280045745022144104e+02
2.255909990833676204e+02
2.258341354985492160e+02
2.247433023285663864e+02
2.233471570372526855e+02
2.230095738771611877e+02
2.242082929766406778e+02
2.241649824033320044e+02
2.233519805730046244e+02
2.241327932389495174e+02
2.234327100130651047e+02
2.219736553447675078e+02
2.148098661637253599e+02
2.216503666126314727e+02
2.195461595321070263e+02
2.149468628309917619e+02
2.180009841497390823e+02
2.142756860575284463e+02
2.159048412422628473e+02
2.134384189575743562e+02
2.129751680645562431e+02
2.125425236404398959e+02
2.123861784451723054e+02
2.107675835221990326e+02
2.081347599403439119e+02
2.068669939414926091e+02
2.059107357777020866e+02
2.055375346696326915e+02
2.076610464334246444e+02
2.066247287323378430e+02
2.068645421759427165e+02
2.059940931270919577e+02
2.044435676956111934e+02
1.667013469416657756e+02
1.964923256871510091e+02
1.888751232384114473e+02
1.817961162487491436e+02
1.836520578525266956e+02
1.920407180790249981e+02
1.880651406926700133e+02
1.865267318209018015e+02
1.867351581869472170e+02
1.915474633979000885e+02
1.924007348340160206e+02
1.913423080408319379e+02
1.904437323240971978e+02
1.889070964599806075e+02
1.933531994097851339e+02
1.948534367657683504e+02
1.945548108742554803e+02
1.962499618029522424e+02
1.950585510444379054e+02
1.953887182729215510e+02
1.952030575568004167e+02
1.724628059611711706e+02
1.689386784223154621e+02
1.665502590154628137e+02
1.729478968189600891e+02
1.760147096964806224e+02
1.812547020101804094e+02
1.814228990622720232e+02
1.845121285661337538e+02
1.852367034829629517e+02
1.836014493533446057e+02
1.829326714764457051e+02
1.850899397214629687e+02
1.844574834734997069e+02
1.859097936267246496e+02
1.846364791332300115e+02
1.845856212589416430e+02
1.829110107390451390e+02
1.819802553090212029e+02
1.840478818751222718e+02
1.846404225965786168e+02
1.854034597027847440e+02
1.975076828337179222e+02
1.819572239676519985e+02
1.851098101204062232e+02
1.905119654053169143e+02
1.903100160105521468e+02
1.890012532760160582e+02
1.858214074016705126e+02
1.865499657033051051e+02
1.851575812341334313e+02
1.836619294166760881e+02
1.825972660813384607e+02
1.805659340552176673e+02
1.800715598469860765e+02
1.794669338487469474e+02
1.769407018883551075e+02
1.761350929375992393e+02
1.749264804143585934e+02
1.733878949636707887e+02
1.726204410688587245e+02
1.733395065114133615e+02
1.734918595890133304e+02
1.539001357087462907e+02
1.652619386031610418e+02
1.575608745371733619e+02
1.567027143042549255e+02
1.686644763501839748e+02
1.650346095011467185e+02
1.725436199742937902e+02
1.693604718937775431e+02
1.705313178769438309e+02
1.688142708333180053e+02
1.693040792444592455e+02
1.679407985340581035e+02
1.707785480076922227e+02
1.706931032582899093e+02
1.750166752022522019e+02
1.741376456542238316e+02
1.733357253764440031e+02
1.737202544910882978e+02
1.730360147400819244e+02
1.719060466140771268e+02
1.711610976217918676e+02
