1.723571735547564572e+02
1.709593507287906675e+02
1.696051631413430414e+02
1.682000472185239062e+02
1.668244239116208121e+02
1.653705544742904294e+02
1.638658299952280402e+02
1.621930739135623867e+02
1.603939568645184295e+02
1.584799299396247534e+02
1.563932251700245502e+02
1.540690816228165545e+02
1.515483128974352951e+02
1.488542757026650349e+02
1.457855613154366665e+02
1.430108935928932965e+02
1.398074924580284915e+02
1.371901586769465382e+02
1.348510274394568000e+02
1.324787855789828939e+02
1.303989064982029902e+02
1.041412162518952584e+02
9.584860491351402345e+01
9.437908825829653381e+01
9.283086093307123576e+01
9.275819710912891480e+01
9.237100505087549607e+01
9.312496469970280089e+01
9.256039831517426819e+01
9.195595798931579168e+01
9.179738364225096348e+01
9.179472824899022498e+01
9.140876754902868129e+01
9.106930498277321817e+01
9.081141917104987726e+01
9.048682346234137697e+01
8.993573873711591204e+01
8.993568839216165145e+01
9.018573061124305923e+01
9.007106054842748222e+01
9.017391085318807598e+01
8.996407845147605542e+01
8.268073470736879926e+01
8.875476614265140540e+01
8.758360141232030571e+01
8.564690549949416720e+01
8.543015210489149069e+01
8.590543690593376880e+01
8.577664519607587579e+01
8.595006628619985634e+01
8.570844326023903648e+01
8.618234949495057151e+01
8.566874360063300742e+01
8.534742625720052445e+01
8.502619598233165732e+01
8.498826921571175319e+01
8.485832936533464022e+01
8.469227295288061441e+01
8.430399306702742024e+01
8.393961141983237439e+01
8.421065414106502089e+01
8.429211804105480610e+01
8.413458471329927590e+01
8.561818290670419174e+01
8.490347184904776157e+01
8.331779810372962913e+01
8.122518185912542776e+01
8.175947713630955604e+01
8.063698571483459432e+01
7.916332985726023708e+01
7.827042051711400461e+01
7.791126716055543966e+01
7.661465434222157000e+01
7.647946488017555566e+01
7.645337483176299997e+01
7.567174037365482775e+01
7.527475259964286636e+01
7.502941457163642269e+01
7.444654220149345747e+01
7.420098519986883900e+01
7.399721768306072534e+01
7.358573799020014405e+01
7.362443805143708175e+01
7.312768905818731469e+01
6.593430065209496149e+01
6.352399567117812040e+01
6.127909234807760441e+01
5.934667065379817785e+01
6.048914309858173510e+01
6.065339726191270131e+01
5.962373256496201890e+01
5.910329023289597217e+01
5.870588143664924274e+01
5.807063098535364531e+01
5.775094643906510328e+01
5.709398526735115098e+01
5.612256922582612617e+01
5.541035308717117402e+01
5.482069005323343447e+01
5.425099974711469741e+01
5.360693626660558664e+01
5.327091963695225019e+01
5.271329147304766138e+01
5.200491621261382846e+01
5.150987112972903503e+01
3.913227202162444485e+01
3.998429937417018465e+01
3.852192999182908295e+01
3.767764103703468237e+01
3.726364367076426731e+01
3.724291243979372723e+01
3.676270995938911312e+01
3.570530245725626628e+01
3.571686868741181087e+01
3.522747426886514432e+01
3.469995610732398461e+01
3.453987381954351576e+01
3.413733546577899602e+01
3.351809788646608723e+01
3.305881158888855964e+01
3.304153382313027976e+01
3.266975968111849937e+01
3.237175551126905759e+01
3.204255984819858583e+01
3.199954873256499965e+01
3.178525896130112827e+01
2.547573419090113589e+01
2.260390252807613365e+01
2.389557281211035189e+01
2.424332861528417027e+01
2.434963134942577412e+01
2.403117760445297790e+01
2.386057240624176501e+01
2.328635924098315613e+01
2.359225323106741001e+01
2.397827917932481157e+01
2.422452574115008161e+01
2.381940912665765708e+01
2.378635594744164550e+01
2.352312362693795222e+01
2.335443100532233274e+01
2.351250327462183520e+01
2.334053745592233042e+01
2.319652680766037989e+01
2.307530013756142040e+01
2.299950550603821142e+01
2.295242745613811053e+01
1.904017108165380634e+01
2.164890827242271953e+01
2.105274766245961970e+01
2.120979808425641266e+01
2.076320788744314783e+01
1.999743648148605502e+01
1.988067660181318885e+01
1.992257677851979381e+01
1.956574862306119300e+01
1.923989670144108288e+01
1.910847961796070749e+01
1.890274496830942752e+01
1.853648812446651917e+01
1.863619120993223177e+01
1.856727235375388929e+01
1.852233446507823089e+01
1.841738725952103550e+01
1.825613015989562626e+01
1.837160458724469692e+01
1.825955029356531512e+01
1.816664829924535240e+01
1.209806585191277506e+01
1.488472894727876294e+01
1.510552457817438743e+01
1.554906235900865319e+01
1.537533690416734977e+01
1.536441827258497916e+01
1.506648671896181924e+01
1.498710163593361955e+01
1.485858542620857037e+01
1.505124525393969925e+01
1.486697717144294906e+01
1.492134866693501216e+01
1.482168892049820386e+01
1.484612262976560793e+01
1.478399204807354828e+01
1.486969538220345832e+01
1.510692962095133751e+01
1.522590923785420181e+01
1.530910492051193295e+01
1.531818439755160988e+01
1.533179336873558896e+01
1.802069401387106851e+01
1.638627411332245742e+01
1.552541101927251788e+01
1.497033952636119558e+01
1.413903974959026577e+01
1.425970192997392871e+01
1.387203550727106105e+01
1.381734255360015595e+01
1.395260064134143718e+01
1.404756374992171253e+01
1.407448059924344541e+01
1.407089106650323096e+01
1.397224002731434922e+01
1.381704845876027932e+01
1.396476122264521358e+01
1.395888653991247885e+01
1.364983371758960828e+01
1.372537249428318873e+01
1.379538460464572225e+01
1.380974675321163758e+01
1.367344399073708416e+01
1.292534492798133527e+01
1.517281677556012731e+01
1.544855646477825317e+01
1.516352360766861196e+01
1.422648416937609461e+01
1.365203165023340048e+01
1.356081089264887574e+01
1.326165519171805762e+01
1.314723978863135656e+01
1.325154342432419519e+01
1.323044119180824829e+01
1.301264837550444575e+01
1.308224931122965451e+01
1.294706656246288290e+01
1.301231493336653777e+01
1.283444456216955842e+01
1.271894261724640174e+01
1.257680282764201785e+01
1.245192344726824629e+01
1.240518096644704471e+01
1.243498383360386406e+01
1.425086238217646084e+01
1.168094249212956726e+01
1.156514696330973813e+01
1.153663128735550991e+01
1.157307012387506795e+01
1.123850278366272448e+01
1.174131675708503941e+01
1.189177091222441796e+01
1.216952807403465897e+01
1.203732962579626786e+01
1.220644211257969225e+01
1.269451225308716147e+01
1.252105241447413952e+01
1.230375914993050301e+01
1.229929320118382030e+01
1.230827974700753913e+01
1.223635068892447997e+01
1.219845195249052949e+01
1.212878929444364573e+01
1.196840458609416658e+01
1.180313011192228778e+01
1.132699684279880081e+01
1.076137207491764691e+01
1.121104756097873967e+01
1.106125813846215244e+01
1.090053671182701933e+01
1.086315486893562543e+01
1.086993565004717510e+01
1.078901063255793247e+01
1.061603762757509095e+01
1.060206644667886700e+01
1.054737851898497958e+01
1.053755184354986696e+01
1.050746264074248515e+01
1.074088698349096660e+01
1.065194197562586531e+01
1.055118075223644425e+01
1.051965860096917105e+01
1.073718240685282765e+01
1.067551862876275592e+01
1.070754687484263101e+01
1.069008705332304210e+01
