9.898097391157914444e+02
9.653720069452981534e+02
9.290372885627824644e+02
8.714349169954749641e+02
6.048886196617952464e+02
6.223964803265898809e+02
6.238233087665863650e+02
6.178231409515931318e+02
5.895746677507841014e+02
5.849186749781687240e+02
5.887252960295719504e+02
5.848788444124137413e+02
5.581364793252544132e+02
5.506743920038203441e+02
5.423749463892743279e+02
5.290722664263902288e+02
4.504785711088603080e+02
4.333008812717145020e+02
4.100120143162834552e+02
3.918363478656194729e+02
2.912792567580597165e+02
2.723888713783096591e+02
2.654716969336305397e+02
2.593606753584138005e+02
2.248781676954262423e+02
2.096190456307537318e+02
2.041516855308621246e+02
2.016811301477083305e+02
2.048527827615110652e+02
1.964906451939015710e+02
1.868172250043363363e+02
1.831600735694906348e+02
1.713568310575354303e+02
1.605249737120667533e+02
1.587888785603433064e+02
1.578641414208688900e+02
1.281407250526947053e+02
1.453130880773244655e+02
1.443816534667802216e+02
1.443471531762857012e+02
1.860166602074476998e+02
1.644732095959617482e+02
1.488303462359560569e+02
1.428956643353629659e+02
1.379056875416981427e+02
1.284660304661216799e+02
1.296989539985641500e+02
1.272867700953528782e+02
1.254437305399392102e+02
1.225645088204722555e+02
1.222469417995476419e+02
1.153739512862607910e+02
1.031459406128743410e+02
1.024643936096508128e+02
1.061204798824879560e+02
1.119765371185862364e+02
1.095915378889577738e+02
1.081312973390648438e+02
1.089306510706606730e+02
1.087879965929332400e+02
9.897586119722299713e+01
1.092178758149160274e+02
1.043601230181889292e+02
1.017135933478529353e+02
1.287152180895953961e+02
1.103742549648802651e+02
1.034624751644391552e+02
1.018852487284552382e+02
8.500744802583047033e+01
8.767303704940337639e+01
9.065466510334714201e+01
9.609362363925497164e+01
1.015369084812118246e+02
9.401702440460174159e+01
9.653064506493529962e+01
9.360790957701235016e+01
1.059145508866145349e+02
8.804187062463057600e+01
8.623147970053358335e+01
8.467524326404307544e+01
