2.545015401953712626e+02
2.566142483904567939e+02
2.543055746963079571e+02
2.550449424710362223e+02
2.538912901128796022e+02
2.505771858981882758e+02
2.495476807692697889e+02
2.476825965838914954e+02
2.460474111156142953e+02
2.455153328685941858e+02
2.427751132653145305e+02
2.419146933899525891e+02
2.412539501455419781e+02
2.402368531649951535e+02
2.386007497143575620e+02
2.369103261501798272e+02
2.356555184891058161e+02
2.349290139006540699e+02
2.343442836120483150e+02
2.336626511978049052e+02
2.331653907680306190e+02
2.339887713404809233e+02
2.197362170750244275e+02
2.215710174905756560e+02
2.193580539459460965e+02
2.192575335482450498e+02
2.187953532182888807e+02
2.196019630112881487e+02
2.194256383879700252e+02
2.186601188567446741e+02
2.176977667751779677e+02
2.172628850225038093e+02
2.179692066470132374e+02
2.178686764417203960e+02
2.183317157141005680e+02
2.188993895207301534e+02
2.193736308944810673e+02
2.197382496495239366e+02
2.192910152678279019e+02
2.180028379054342338e+02
2.180252472375148045e+02
2.180749503474825133e+02
1.870385868486590653e+02
2.147419339218169796e+02
2.124273531220699738e+02
2.056114594128069939e+02
2.062340557932054708e+02
2.089855770270284552e+02
2.064812946387388024e+02
2.088662877426001501e+02
2.080224277137564002e+02
2.061943780745924641e+02
2.085232161746043573e+02
2.091441877648310879e+02
2.084656539762978582e+02
2.070660693360779874e+02
2.067452528534476812e+02
2.062613064652449850e+02
2.066283234329324898e+02
2.069295111879029605e+02
2.071232952743002613e+02
2.074281310931574183e+02
2.068507248219562769e+02
1.849178700406193059e+02
1.948027452772106471e+02
1.881003028857378752e+02
1.905238805236084261e+02
1.888901941684907229e+02
1.909755705942303337e+02
1.924546685249493407e+02
1.933856860810931266e+02
1.933765952451127816e+02
1.928420040991844928e+02
1.927853138121770371e+02
1.910419796344417591e+02
1.895715955700076449e+02
1.880650481130989249e+02
1.871668224594091043e+02
1.875431767623360884e+02
1.863871572399919785e+02
1.860080820500951120e+02
1.849821071887321864e+02
1.842995230790917844e+02
1.834146981120797477e+02
1.573085711879378437e+02
1.590533949420107263e+02
1.556094988746162358e+02
1.550775813622663861e+02
1.523317521842873816e+02
1.542926737649909228e+02
1.540575530977930327e+02
1.536099828614399030e+02
1.535465648356792201e+02
1.521057511064433641e+02
1.513003300994666915e+02
1.502718848116994650e+02
1.502289024270563118e+02
1.487875218785029574e+02
1.482676413450016639e+02
1.474981397413131390e+02
1.462902553792849289e+02
1.456467955963348970e+02
1.449957950215762708e+02
1.443982890844681606e+02
1.434083040551684292e+02
1.102778800924851907e+02
1.183252174548180164e+02
1.198339939152316873e+02
1.188416730732976987e+02
1.170086011597290678e+02
1.168346582793364234e+02
1.156977568156458744e+02
1.153722591815380127e+02
1.147045942126456168e+02
1.142877698844688865e+02
1.146426412893400908e+02
1.139512958816970922e+02
1.128420402323476992e+02
1.124143780925760012e+02
1.118589945864797670e+02
1.115449713104830209e+02
1.109835393055484332e+02
1.098953865300194082e+02
1.098983287257806438e+02
1.088312414618836783e+02
1.081205913356275943e+02
1.038077107416036995e+02
1.108665750925085405e+02
1.041371780346131430e+02
1.022801041603726873e+02
1.016398048928919593e+02
9.922736254989921179e+01
9.938030789259171627e+01
9.920638188830498905e+01
9.945679094159923750e+01
9.847613891513815076e+01
9.831858822662007924e+01
9.727030297203438636e+01
9.642592584849833770e+01
9.563735248198041461e+01
9.650712442118239665e+01
9.686010782407234387e+01
9.656373808162965133e+01
9.601541733010348878e+01
9.562035274186689549e+01
9.477973085828568856e+01
9.431865249370085280e+01
8.093872025329358166e+01
8.870923855138643432e+01
9.172364360859000953e+01
8.959657739952299949e+01
8.887475649350710682e+01
9.034005148907665728e+01
8.875585902691514661e+01
8.765598901471496163e+01
8.789244193000334349e+01
8.751327907302068354e+01
8.844522382615534184e+01
8.713152917050392432e+01
8.636740440644048533e+01
8.643516655203040955e+01
8.663420129083112897e+01
8.648091405487978989e+01
8.612408077586012212e+01
8.704087554429679585e+01
8.754349378690081096e+01
8.721340627843864013e+01
8.731700233102480979e+01
9.059760808849588898e+01
9.009526956009895571e+01
8.552121683139245079e+01
8.211514754371998492e+01
8.508916690978325903e+01
8.520239212031185616e+01
8.419036126991903757e+01
8.420312339797327184e+01
8.566554134927976349e+01
8.559578354078517748e+01
8.717038919835250965e+01
8.706578991464655815e+01
8.686733605314698536e+01
8.571481604206564953e+01
8.550141400208853781e+01
8.466735652787846789e+01
8.511620944967789626e+01
8.501999433599254985e+01
8.502941713138649504e+01
8.436791601406559948e+01
8.380739057578159645e+01
9.087305254250102848e+01
9.304344942992960910e+01
8.427749102501705636e+01
8.830091457342021499e+01
8.509209141658958231e+01
8.447916505092811690e+01
8.329253530044354648e+01
8.390321321914397856e+01
8.270240403826417719e+01
8.298639987672977725e+01
8.277916094409782488e+01
8.224801414234804042e+01
8.299080578034529765e+01
8.233870282919450290e+01
8.145752036862502621e+01
8.099174403308539638e+01
8.123301132182433548e+01
8.061582581406334214e+01
8.044132102771330040e+01
8.033572867218865099e+01
7.993243722783113014e+01
7.306935926910995249e+01
8.191344469877459744e+01
7.960870830405639254e+01
7.656929444825632913e+01
7.786894624713325186e+01
7.952609960138015310e+01
7.987974599037833912e+01
8.013955989308161065e+01
8.045853825754605282e+01
7.918411960020328877e+01
7.942824989535711211e+01
7.976962861231594104e+01
7.919317354619791161e+01
7.930341268951525535e+01
7.934439921332119638e+01
7.878859068666062626e+01
7.971447173384019891e+01
7.960527337718851015e+01
7.929130650253732426e+01
7.911773836290518602e+01
7.940437133970458206e+01
9.221570232403593081e+01
8.000514244398347330e+01
7.728629532175625627e+01
7.568247878498556247e+01
7.646578815561530007e+01
7.619275481085759338e+01
7.643958706782640888e+01
7.777287959531173556e+01
7.877522533463337595e+01
7.911463713072805604e+01
7.873215402377796579e+01
7.969087109425045412e+01
7.933825144793181039e+01
7.962569861568458407e+01
7.911299761772036732e+01
7.917307377423581727e+01
7.879054950778282773e+01
7.935360160807790919e+01
7.832588743064137304e+01
7.788996851315349090e+01
7.771534254915928841e+01
7.510532697966432636e+01
8.043730075365844812e+01
7.889450684923610879e+01
7.909428870843284187e+01
7.626557090752049817e+01
7.708159294525955829e+01
8.060954448124013538e+01
8.048325955443968382e+01
7.979558157064298030e+01
8.095473985214761115e+01
8.006909928365033124e+01
7.926991106118634889e+01
7.897493937495546845e+01
7.852367109027042602e+01
7.870639599672144016e+01
7.837181651563494711e+01
7.790185552696522109e+01
7.742300441081575002e+01
7.742486822005723468e+01
7.727451253668701270e+01
7.725341286934617813e+01
