2.594789233862076685e+02
2.540180662029576411e+02
2.553174132667176366e+02
2.528948132702726923e+02
2.510220293530118738e+02
2.499527079070146840e+02
2.467282630107661134e+02
2.460442962693347226e+02
2.451948294219826607e+02
2.441493404980358264e+02
2.429719799403318632e+02
2.422103533867775411e+02
2.403374054117066123e+02
2.390924325013212695e+02
2.377955699103972051e+02
2.370559547175310797e+02
2.366039884818414123e+02
2.360149585734489790e+02
2.355920371562417586e+02
2.348718990698453979e+02
2.343642864939266417e+02
2.324456590394044895e+02
2.212128345279667201e+02
2.219719470052596080e+02
2.187751039108782436e+02
2.175858382188349367e+02
2.174464968621227001e+02
2.176495215273735653e+02
2.185546593102253894e+02
2.181031296027809958e+02
2.159839222463704118e+02
2.158202734086929411e+02
2.170986945846935612e+02
2.170055739371620120e+02
2.172146819437635088e+02
2.167935698762619836e+02
2.173895797290662699e+02
2.176596319242866855e+02
2.180354389243571802e+02
2.175308357476907304e+02
2.170829400280988182e+02
2.176532870517820584e+02
2.144842141701213905e+02
2.140841397606753276e+02
2.105993495197187713e+02
2.176076407509868886e+02
2.192444431815033283e+02
2.180299146109558137e+02
2.170535365422353777e+02
2.155895645174367985e+02
2.144029774730910276e+02
2.119562232711446939e+02
2.107903138869881445e+02
2.105179126026436904e+02
2.109576533654496870e+02
2.123204204713764227e+02
2.135289830238000661e+02
2.122437056822284092e+02
2.114565749460147117e+02
2.099915693232506726e+02
2.083464504939033759e+02
2.070403816651884767e+02
2.065443111037826043e+02
1.880582435522202331e+02
1.919376709574756319e+02
1.953206747411218771e+02
1.918935251392139776e+02
1.917340301510398035e+02
1.910310274157664310e+02
1.903464707971042458e+02
1.879988048944712205e+02
1.878804145967064869e+02
1.879404447546107804e+02
1.865905848647345522e+02
1.862694266263512475e+02
1.860121710644638426e+02
1.859220041575984794e+02
1.848259581647197933e+02
1.843327691510890816e+02
1.837524444230485017e+02
1.828614432364918514e+02
1.818465201062040251e+02
1.814110966668297351e+02
1.801150875920945680e+02
1.507659275691972596e+02
1.554526876611489286e+02
1.563224843083865494e+02
1.560764249305972555e+02
1.548163360651742551e+02
1.553243824004193243e+02
1.541570575970799837e+02
1.527750720375703395e+02
1.505751139598206976e+02
1.482085447202705097e+02
1.475598822321953776e+02
1.466208110358041381e+02
1.456467113764834096e+02
1.446237210125169952e+02
1.428277885122459452e+02
1.417944038237216944e+02
1.414850918774042441e+02
1.399854465695023009e+02
1.394242436112749601e+02
1.389471367074672798e+02
1.383331772984945474e+02
1.210119063440802307e+02
1.204386764643686263e+02
1.210744785131377199e+02
1.179839984513391755e+02
1.160216382217910223e+02
1.147694855621321040e+02
1.145636771782196774e+02
1.129754492307364586e+02
1.114766816150175828e+02
1.105204311659250322e+02
1.099097364892472655e+02
1.079741207377526706e+02
1.070944006362327201e+02
1.066378588452601690e+02
1.060990119072624935e+02
1.053110439590087566e+02
1.048832183549621391e+02
1.046968189799947737e+02
1.049548580038474199e+02
1.044152259782701577e+02
1.043709505940406501e+02
1.060500380129246594e+02
9.657282919157837853e+01
9.847400644240360634e+01
9.919787679836932170e+01
9.838354416933233892e+01
9.626666732658266312e+01
9.489091979233445784e+01
9.420948275759927526e+01
9.395313881311668069e+01
9.385644499663546014e+01
9.342439328107241181e+01
9.367712431971048659e+01
9.286773741652177705e+01
9.284922577433857782e+01
9.167141669043932950e+01
9.108207114365757207e+01
9.010942192395668826e+01
9.037442464836833267e+01
9.002101472396840620e+01
8.976362451545213617e+01
8.914261617125794146e+01
8.821280059534950624e+01
8.076135832571274875e+01
7.907569195296346720e+01
8.073372670310611454e+01
7.981005498878111837e+01
7.878766658854635807e+01
7.957771296828487095e+01
8.132264300256453282e+01
8.188174090978408515e+01
8.175341636421592284e+01
8.221922559523784457e+01
8.212620298876547054e+01
8.228155366948843152e+01
8.167331382595936873e+01
8.233092312571774585e+01
8.255585076807058442e+01
8.250378249761729421e+01
8.268953191775243283e+01
8.242260553342474338e+01
8.193939244243179587e+01
8.148085090501257355e+01
8.376471238871724267e+01
8.197284980349799355e+01
7.595220130864608166e+01
7.878425749580637216e+01
7.705253152024096153e+01
7.604990400310558130e+01
7.690761243910696976e+01
7.800014076537718211e+01
7.681579424057947847e+01
7.787507878058706012e+01
7.821324261506867970e+01
7.830818605549821143e+01
7.838032046566249278e+01
7.800390705526208990e+01
7.778181777570293320e+01
7.814915188230766319e+01
7.742887748521249591e+01
7.771898626199930504e+01
7.721221214748962325e+01
7.818115155210689693e+01
7.798333483128065780e+01
6.944915424066601872e+01
7.731590789749570547e+01
7.493390537225383241e+01
7.608418350057303314e+01
7.681900734690398735e+01
7.496573893211392203e+01
7.541868390033263836e+01
7.395662771871975849e+01
7.464569118303499806e+01
7.590200490883830753e+01
7.655439527305135528e+01
7.543254200498067519e+01
7.592335770294982922e+01
7.559338890413401657e+01
7.546074993078272541e+01
7.599799174573338689e+01
7.637380925866840187e+01
7.651883241025333859e+01
7.618353530735315360e+01
7.606095943417335548e+01
7.555199621725483894e+01
7.683193834800917443e+01
7.149451009885478925e+01
6.924175324990758895e+01
7.212469130228762992e+01
7.450388263165811509e+01
7.366548578221812704e+01
7.369661582103246644e+01
7.423193005231298969e+01
7.451016081387267320e+01
7.480715588911286318e+01
7.366646203112672708e+01
7.519603397582363868e+01
7.458971766357704780e+01
7.437187725718436582e+01
7.462211493113747451e+01
7.400333828721875307e+01
7.403056293166777380e+01
7.383973373893378778e+01
7.498987059821230616e+01
7.443972356123697409e+01
7.439292711582834272e+01
6.694462854150447129e+01
7.498463059076381398e+01
7.185724702112618445e+01
7.334547103216689834e+01
7.312388304331841482e+01
7.182090789734127156e+01
7.058436539126938669e+01
6.979452590380245169e+01
6.943249197726679256e+01
7.024055318422078642e+01
7.024384415504133017e+01
7.028370214671636518e+01
7.117374790759811276e+01
7.190423474583550956e+01
7.120948480200701169e+01
7.070656506548988318e+01
7.110318863316769011e+01
7.068213218426993194e+01
7.035337884076488990e+01
7.056705263691833352e+01
7.106619274110794038e+01
6.351889600744929965e+01
6.892034409327666822e+01
6.739533062548822784e+01
6.667363602501502839e+01
6.628196517778951602e+01
6.794815144481513869e+01
6.727806440928183918e+01
6.752687588458533696e+01
6.674408618496848078e+01
6.690741093829319652e+01
6.864532689998371495e+01
6.924268461748545178e+01
6.973007944097760458e+01
6.914718304556562600e+01
6.931672049833169069e+01
7.025350646617714290e+01
7.103069525541616258e+01
7.089739341817146112e+01
7.076131085504790974e+01
7.085845740907426205e+01
7.097080447192497843e+01
5.985636264265677653e+01
6.530050675716482544e+01
6.999456825330358356e+01
7.123509141594048799e+01
7.211517616024156041e+01
7.221673596342299106e+01
7.110895498344459043e+01
7.141930877624491814e+01
7.080932927746297878e+01
7.089080416915311389e+01
7.082947399611813921e+01
7.070692245900661987e+01
6.980045555094199017e+01
6.984757153892677195e+01
6.926942561272571197e+01
6.925620946060199401e+01
6.906496863176576539e+01
6.917902854236814392e+01
6.969458561067000346e+01
6.989160577314194711e+01
6.989770467652752473e+01
6.251654274916197807e+01
7.209964327051621069e+01
7.201854204106000168e+01
7.034102741244798551e+01
7.093211836369182777e+01
7.049171706474743360e+01
6.939976572135756783e+01
6.919607096468617158e+01
7.040871925524955088e+01
7.016243985428683061e+01
7.108561697422945258e+01
7.064503855719759429e+01
7.088980741211091186e+01
7.093194570791432341e+01
7.110816272095746626e+01
7.079098267664095090e+01
7.074315187848263520e+01
7.001226842797346706e+01
6.957660855082245632e+01
6.938184814032786107e+01
6.927568628692208108e+01
7.709515307283503205e+01
7.063301759181113937e+01
7.362493078137454461e+01
7.188396210118361296e+01
7.260746267711202506e+01
7.180761823141114064e+01
7.015755555436109603e+01
7.098169050996060037e+01
7.064291068124475714e+01
7.037802523051888670e+01
6.998778773546699483e+01
7.083247474585311920e+01
7.000204155597100453e+01
7.049309290898550273e+01
7.029623988524532763e+01
7.083690635749634623e+01
7.004008799832399745e+01
7.006421935896784703e+01
6.979122723715148879e+01
6.943753877208207825e+01
6.873779929972252489e+01
6.225615594607949532e+01
6.345609151821806648e+01
6.130742170678940539e+01
6.675764677485985032e+01
6.891047342924716190e+01
6.871731397024775845e+01
6.745678344431648554e+01
6.927179560223508759e+01
6.844353831989849368e+01
6.764460723998381297e+01
6.744139841476332720e+01
6.739366657612082179e+01
6.777718329209780279e+01
6.714857637129190948e+01
6.719252659292237695e+01
6.683982652323878426e+01
6.687636380826803872e+01
6.733256391787121231e+01
6.806237107881878501e+01
6.802958445840015145e+01
6.804352646108966951e+01
7.161664741570626802e+01
7.446105435439577036e+01
7.039068393874602236e+01
7.158210782067783384e+01
6.991201495083340944e+01
7.006026411663638953e+01
6.814836942185908697e+01
6.843580063367586774e+01
6.894602419657628900e+01
6.919150880150412775e+01
6.843576454223628502e+01
6.737838793627982170e+01
6.744350624904474500e+01
6.818403202441228927e+01
6.841099000088432547e+01
6.878045915332469917e+01
6.854212775106022093e+01
6.873572338312874308e+01
6.831944018477084057e+01
6.830826666624888333e+01
6.818891720413122925e+01
6.708274223881913656e+01
6.273527443941441106e+01
6.523168621731363714e+01
6.651342713549490782e+01
6.809899461851362901e+01
6.825793496713573916e+01
6.840674268851444140e+01
6.852832689089848373e+01
6.972544510245332106e+01
6.959238253191473689e+01
6.949998350736684927e+01
6.918892412278346171e+01
6.915754475680657265e+01
6.921248878782847669e+01
6.897509984644767655e+01
6.896205796975284841e+01
6.854864301523886638e+01
6.835947737898115406e+01
6.819140605944264166e+01
6.900539859846847435e+01
6.879181159638145004e+01
6.643473700960117867e+01
5.833531586980523542e+01
6.376984291247547532e+01
6.508208431501708446e+01
6.452066037292549083e+01
6.538158712159436448e+01
6.696246787626820662e+01
6.735424536747174784e+01
6.816534427179763611e+01
6.718838297744588317e+01
6.726348048036557259e+01
6.742498135327416264e+01
6.821032127565842984e+01
6.722084606782613037e+01
6.755395362902662271e+01
6.799283210663857346e+01
6.812621604860845537e+01
6.839609203885747490e+01
6.817646546868699886e+01
6.804313694565419723e+01
6.783990695820342864e+01
7.262398822753732475e+01
6.815680942733477821e+01
6.857986785037540756e+01
6.735821252330875097e+01
6.684700590536718323e+01
6.623155137983557950e+01
6.761458686767156223e+01
6.945860963093950602e+01
6.943340316192661987e+01
6.927350311528500981e+01
6.877016950877461454e+01
6.823786227038949903e+01
6.759187822235871579e+01
6.851853986032236321e+01
6.834378378234428908e+01
6.819281578441105296e+01
6.796114675206609945e+01
6.834866246960591241e+01
6.801716007800732200e+01
6.810089470883791307e+01
6.826539766211620019e+01
5.769807008169426865e+01
6.534839726829414985e+01
6.569235230575820594e+01
6.287765063865600013e+01
6.309188272986612844e+01
6.381997725846957081e+01
6.495536268999369156e+01
6.465432070207731385e+01
6.479225629478747805e+01
6.477920745650123990e+01
6.466394467304397153e+01
6.443192036805312739e+01
6.490618593653563551e+01
6.586297441028597177e+01
6.581767900683800576e+01
6.569843680266299657e+01
6.600430209391817016e+01
6.712705059936628516e+01
6.783369205131617719e+01
6.803795253243400509e+01
6.822435243651470671e+01
6.502207068866691486e+01
6.917158433184962973e+01
7.191371219566762818e+01
7.056353852975698260e+01
6.845612147233728706e+01
6.861611497614032373e+01
6.760038166915276747e+01
6.750242341038409677e+01
6.681450809113901812e+01
6.672702451954833691e+01
6.759733863248420960e+01
6.862864196038223952e+01
6.822614195076084798e+01
6.834768426558986221e+01
6.807232599449434929e+01
6.841727160896864746e+01
6.882525444862170616e+01
6.924532670675107227e+01
6.903387412563505166e+01
6.935134659828202075e+01
6.881101665107600240e+01
6.431916311064563274e+01
8.239906649065027011e+01
7.566462998839389797e+01
7.489415579431599213e+01
7.333636382999731040e+01
7.002824259641671745e+01
7.061388416058304074e+01
7.039325411812241384e+01
7.026380301615913027e+01
7.038880408927953169e+01
6.966202733402080582e+01
6.929422895594048271e+01
6.883428511820798690e+01
6.931814089308252846e+01
6.892843107254566348e+01
6.902155361254045829e+01
6.871964628578994905e+01
6.843673899787853543e+01
6.813703398493792918e+01
6.790079312844609660e+01
6.791566203134210866e+01
8.709381343312062995e+01
7.787117076713656161e+01
7.380360520148157377e+01
7.022853198822804188e+01
7.040439816705695364e+01
7.162116923713291783e+01
6.913603682666565931e+01
6.868441984261112054e+01
6.828375792448400716e+01
6.875420479519287653e+01
6.776129110296474778e+01
6.728463218339966545e+01
6.782466077677510441e+01
6.752699843718920647e+01
6.798555226879261681e+01
6.843547972738355156e+01
6.808400658307803610e+01
6.849439017024643306e+01
6.841753745802959941e+01
6.826849973694476148e+01
6.869708037920796073e+01
8.734897001022423524e+01
7.413661827075485178e+01
7.176073080860733455e+01
7.165495761849884104e+01
7.040320487811912642e+01
6.850183051790271804e+01
6.831505461264787016e+01
6.724052059294383810e+01
6.790561171780446159e+01
6.883841379457224718e+01
6.836077157258579007e+01
6.802523075161911947e+01
6.771932141578243147e+01
6.871275227295031129e+01
6.803891509636824253e+01
6.719774357212662608e+01
6.662236666588968603e+01
6.674292750140756425e+01
6.673843964956219565e+01
6.683916904376017953e+01
6.723080248170379036e+01
8.261136925105753903e+01
7.028116717770735988e+01
6.684965712559635165e+01
6.701322399687163056e+01
6.784930512053391283e+01
6.710599974790849842e+01
6.574916850818497949e+01
6.551347358749559646e+01
6.863007316899452803e+01
6.746199416883790434e+01
6.682521036178786744e+01
6.814446705099956603e+01
6.832980609446779852e+01
6.757665469636565092e+01
6.845321575480575405e+01
6.749392080905435876e+01
6.766987872206766497e+01
6.800882331311335349e+01
6.784926365773338830e+01
6.807997655202308351e+01
6.821296372026269239e+01
8.934615788487363375e+01
7.051372195610865390e+01
6.835443237553938900e+01
6.587777352763110628e+01
6.484607146606968797e+01
6.348854342841575971e+01
6.502488960334558499e+01
6.640427002451033900e+01
6.579250853685800848e+01
6.578240649561041664e+01
6.563927125242557281e+01
6.613161701593087116e+01
6.620937840603363611e+01
6.597251215810065617e+01
6.555825191411150854e+01
6.655360485473416077e+01
6.689563782139880743e+01
6.712761735910629568e+01
6.760416515246132008e+01
6.791600176921267007e+01
6.809969710485405869e+01
