9.970016406227471180e+02
9.923869658584586659e+02
9.880139379538062485e+02
9.834272191262008391e+02
9.785489054759278815e+02
9.732501804891134043e+02
9.676338048946261097e+02
9.616529807860281380e+02
9.553120089854370462e+02
9.482973399987085941e+02
9.402935013680529437e+02
9.319052924361609485e+02
9.224990315150037077e+02
9.121954528428309459e+02
9.012455808773809167e+02
8.903694540287903010e+02
8.779307336100670227e+02
8.654919302073624294e+02
8.535804986691287013e+02
8.415307850475838904e+02
8.315124583791068744e+02
6.363249719421490909e+02
6.479511518276569859e+02
6.365742759804235220e+02
6.208396586641237036e+02
6.197060712172333297e+02
6.180629288417318321e+02
6.149955302306610747e+02
6.143983243391244287e+02
6.145013936400763441e+02
6.184270667292604458e+02
6.204905117494301976e+02
6.198376835492939563e+02
6.187598379219938352e+02
6.183453946060670887e+02
6.173642930858586624e+02
6.173413995421625486e+02
6.170405306562128089e+02
6.144394759116567002e+02
6.140141956576437678e+02
6.130633342469150193e+02
6.118497333852100155e+02
6.473302333824575499e+02
6.196393644503112910e+02
6.113932007835817330e+02
6.049034528672298165e+02
6.011557257428082721e+02
5.979987999304742061e+02
5.946448973047831714e+02
5.918332448371378405e+02
5.915151945986780220e+02
5.922301228223747103e+02
5.917084946429919228e+02
5.910140184815588782e+02
5.904863754419923225e+02
5.906934219067883305e+02
5.887839248050955803e+02
5.884484331722910611e+02
5.868258332000322071e+02
5.863210217448093999e+02
5.863015939748001983e+02
5.854621017741677633e+02
5.839914227406916325e+02
5.762947934208955303e+02
5.464116641819526876e+02
5.447714073822600085e+02
5.462134936705925838e+02
5.511008735173668356e+02
5.486959950385363527e+02
5.413451432335764366e+02
5.454160429072884426e+02
5.462114380165728562e+02
5.472631224601059330e+02
5.476064698718998898e+02
5.447914829397893755e+02
5.432807973456626769e+02
5.408968742120030129e+02
5.391231347536804606e+02
5.382092294724669728e+02
5.360217296342341342e+02
5.349240482783561674e+02
5.341090174118037339e+02
5.321001824845753845e+02
5.285023043151287538e+02
5.142337034330848837e+02
4.751866715519677200e+02
4.577599542637465788e+02
4.592290519479170143e+02
4.616402416807737268e+02
4.546021363131879980e+02
4.521524556744794836e+02
4.521181237888926034e+02
4.514195919092970826e+02
4.502062584237645524e+02
4.486624007171330391e+02
4.453706981661966893e+02
4.431617137567043869e+02
4.382560210859562631e+02
4.362561157535755001e+02
4.349514435172221170e+02
4.333478583186432047e+02
4.310895350524593255e+02
4.298725403953360455e+02
4.259774116536452198e+02
4.217425556776871645e+02
3.522234786351215234e+02
3.379130850036717106e+02
3.403783685310860392e+02
3.401647342448344489e+02
3.325260891689817413e+02
3.374626218581480543e+02
3.408257935235414493e+02
3.362928276861484846e+02
3.320676197609265614e+02
3.276760419776019830e+02
3.268470488733399861e+02
3.229828929015808399e+02
3.223164274715881561e+02
3.209778418667132200e+02
3.202816604246461907e+02
3.179191286061903270e+02
3.141927159108614660e+02
3.117614817748241194e+02
3.083463518450689662e+02
3.060399819468522082e+02
3.039806633161373952e+02
2.472306213874844047e+02
2.472473441996923782e+02
2.383265184614476198e+02
2.397364866780486068e+02
2.399007271712909812e+02
2.414824906753355833e+02
2.464533894677238095e+02
2.470126739501990869e+02
2.490137927153687372e+02
2.476990686375295354e+02
2.450606903840839550e+02
2.438208352125879799e+02
2.463944479739094220e+02
2.472362571105445852e+02
2.448263941587812837e+02
2.430578557625668736e+02
2.399528479711475768e+02
2.417807893950076448e+02
2.409637988723285389e+02
2.404500688737168161e+02
2.391708175197291268e+02
1.770511539625554178e+02
2.020369961209310645e+02
2.145655572341079846e+02
2.153832574887071871e+02
2.132410240699989288e+02
2.116370027141863943e+02
2.107266178645499508e+02
2.084193325637380951e+02
2.098523877735754297e+02
2.099538555798776827e+02
2.089633281064484152e+02
2.097217621442676716e+02
2.106259461298392068e+02
2.114013250354565230e+02
2.111070357409916767e+02
2.101811166858971660e+02
2.095343769417013107e+02
2.081022938615573139e+02
2.087004803843384479e+02
2.083844212059529468e+02
2.083486564816670921e+02
1.676581159965241170e+02
1.960521588132145894e+02
1.967808749153345218e+02
1.969338482869402753e+02
1.980797937720291770e+02
1.939561414532507229e+02
2.037135401886948500e+02
1.995103668223858904e+02
1.989602898125538957e+02
1.956607255436263699e+02
1.950614580068067312e+02
1.945242067920294744e+02
1.944373276938484594e+02
1.951340346646843500e+02
1.947524632467790013e+02
1.926053386380529275e+02
1.926660146100935265e+02
1.912622350984198931e+02
1.899151191081832621e+02
1.900251606363414965e+02
1.884564667906623185e+02
1.590272090461240850e+02
1.688410990482460932e+02
1.769578367126228500e+02
1.724748188532966822e+02
1.769911246751189537e+02
1.740917286925908058e+02
1.764735016490997168e+02
1.810656705762162915e+02
1.792067486972520953e+02
1.794238194044208967e+02
1.785183819831070764e+02
1.773978945475107594e+02
1.763031436107862078e+02
1.754569288682109516e+02
1.752020941194487591e+02
1.743637183537603050e+02
1.739344765938590456e+02
1.737440493311676732e+02
1.731973881830816993e+02
1.716961343407326410e+02
1.730206789094847863e+02
1.524643486980661748e+02
1.726592921533244578e+02
1.647170475457694749e+02
1.625050232832977031e+02
1.570931789496976592e+02
1.543436756880852272e+02
1.546747280562568960e+02
1.549523921829659514e+02
1.545797630319633242e+02
1.607203036084299868e+02
1.600063590324299980e+02
1.622282404994037392e+02
1.623385219129509949e+02
1.610695368436553281e+02
1.599171134477704470e+02
1.614344640665238728e+02
1.615703124480074564e+02
1.604831607839275023e+02
1.611028864246326577e+02
1.625235871345553278e+02
1.615317773860706723e+02
1.249872833461209325e+02
1.286775155905178849e+02
1.458076792121223377e+02
1.530991161869369250e+02
1.583659754477828585e+02
1.615356076807386501e+02
1.579540399427073112e+02
1.600195253498214925e+02
1.617943568551650912e+02
1.624014198133343143e+02
1.613591778574202920e+02
1.600360628913458925e+02
1.578040024991520625e+02
1.581050388568696974e+02
1.578464037407722742e+02
1.569780135408174147e+02
1.558848472290266614e+02
1.549585089449086297e+02
1.552753333419867943e+02
1.549792627330708967e+02
1.536288293376441345e+02
1.234380638590962462e+02
1.343902727185579238e+02
1.342118350774082387e+02
1.355507401817040716e+02
1.349431579435334925e+02
1.454747265771698039e+02
1.446547653727711804e+02
1.490861082196777545e+02
1.502368797156316020e+02
1.491534596502799843e+02
1.487572663573170928e+02
1.503697362095270762e+02
1.485364182320935811e+02
1.520201287851921279e+02
1.514745244227974581e+02
1.516656952587793228e+02
1.514845884110041538e+02
1.496058768115393889e+02
1.492971504968541865e+02
1.484863086749299157e+02
1.478179369396393952e+02
1.313087332577487132e+02
1.322748312175664012e+02
1.455040813296958504e+02
1.449882129497687799e+02
1.400684576175819700e+02
1.465351542939531555e+02
1.421854878177647379e+02
1.427604139708706157e+02
1.407855672436343468e+02
1.396854160548770381e+02
1.384067849699941632e+02
1.429481182474112870e+02
1.420281476476943396e+02
1.410335422603693303e+02
1.408546340840675839e+02
1.399858884367747862e+02
1.384122905254623106e+02
1.386224103816072670e+02
1.366431832483853555e+02
1.393394613709843384e+02
1.385973276627846360e+02
