2.519254547500434569e+02
2.560517372164388803e+02
2.574310057530997824e+02
2.531798274703062930e+02
2.503781091564988515e+02
2.513328062940074403e+02
2.486961877732533708e+02
2.481979215070512055e+02
2.470970725188849713e+02
2.449682074723974949e+02
2.441405932460581312e+02
2.433973890688837685e+02
2.415218601760169577e+02
2.394804596473458105e+02
2.374650762919484350e+02
2.371150578024175957e+02
2.366152135339139306e+02
2.358395532531615402e+02
2.350955887642870152e+02
2.341794896441576270e+02
2.337709377020835859e+02
2.384932495044456005e+02
2.274725530483640057e+02
2.245443458580108427e+02
2.254223262745065597e+02
2.214565853386471019e+02
2.214401036990513489e+02
2.190554687539133454e+02
2.176820253343593663e+02
2.200336139533065705e+02
2.202052974377986914e+02
2.194547526755835065e+02
2.187557492764133826e+02
2.183982489141890824e+02
2.188758427670433377e+02
2.194132871594929100e+02
2.187885887173453909e+02
2.182661974390662465e+02
2.184950679471040189e+02
2.188574995662294782e+02
2.177871752550136364e+02
2.174866322492511017e+02
2.099450177013968641e+02
2.137890585500588259e+02
2.051352548864660434e+02
2.052077181512095478e+02
2.053317545528683183e+02
2.067413207382804501e+02
2.059804224661231160e+02
2.048965320619762167e+02
2.033371251586608537e+02
2.023522805224448291e+02
2.031967000288278200e+02
2.026985872239227433e+02
2.015713118187835562e+02
2.009508415132658854e+02
1.994855293899771880e+02
1.991976591494713489e+02
1.988711433437096048e+02
1.970907844122600352e+02
1.955018883334171562e+02
1.946077553570049758e+02
1.931830897488894720e+02
1.609371082344257786e+02
1.550809827942251786e+02
1.523194217223594080e+02
1.545342438703588357e+02
1.528379484427046009e+02
1.487776151201892105e+02
1.469089375964795465e+02
1.446611164893195109e+02
1.426969423974021254e+02
1.397233780222176449e+02
1.371940926742411477e+02
1.352153244274946644e+02
1.329866210465870324e+02
1.303349951047697459e+02
1.283629801271774795e+02
1.263214938407217431e+02
1.237639951153774405e+02
1.227354815220740534e+02
1.214453181641639219e+02
1.196365307887020037e+02
1.178256539471768036e+02
9.354550760427960654e+01
8.776622385793926640e+01
8.495210975145087673e+01
8.687232247933972928e+01
8.472427181848649980e+01
8.379271334264986137e+01
8.292477334577549186e+01
8.217858618525447412e+01
8.114299208595869572e+01
8.005143542448240623e+01
8.004199962600824847e+01
7.958470293831554443e+01
7.928903267520809095e+01
7.860132034704696480e+01
7.842053251994794039e+01
7.900547980866799946e+01
7.904081359528454698e+01
7.920659989564808257e+01
7.819090518085153008e+01
7.726363818104378822e+01
7.662241726349412829e+01
6.769202515363413397e+01
6.718571302304206938e+01
7.218150497865515547e+01
7.079120771874168838e+01
6.878079149405184012e+01
6.830287389828765754e+01
6.856219360744809421e+01
6.792411687460710823e+01
6.968372186691935610e+01
6.910963976328723390e+01
6.852086171460912567e+01
6.766314214016462358e+01
6.765629586018353336e+01
6.702727500195436505e+01
6.656315237250487371e+01
6.642672579861859106e+01
6.548409065422239905e+01
6.507882254461746641e+01
6.467952297873377177e+01
6.428196767048657989e+01
6.367812194378194590e+01
5.582386022555353833e+01
5.577817518344964043e+01
5.930010370773682382e+01
5.980950191339279343e+01
5.815842464659974809e+01
5.624738256367078293e+01
5.896229027025838576e+01
5.939251515766623157e+01
5.954739545312856563e+01
5.878583834388204110e+01
5.839611941312783472e+01
5.775900084843851801e+01
5.850976806817917009e+01
5.812460440843004505e+01
5.774871531088702881e+01
5.761550937471763234e+01
5.721921590404995328e+01
5.699468080933487357e+01
5.664937543534719566e+01
5.633444950952316077e+01
5.645275338053509984e+01
5.736550580735494265e+01
6.140720400014470925e+01
5.852522291222953044e+01
5.584623703403119777e+01
5.411173406694415178e+01
5.396852853501411573e+01
5.392298937478985010e+01
5.381683469061015046e+01
5.337441741990053856e+01
5.315955931624802844e+01
5.291852298486234218e+01
5.295508529254434649e+01
5.223140581189815634e+01
5.270295325599258263e+01
5.243988135063634104e+01
5.312403121098427050e+01
5.285854481661627347e+01
5.229684483263075379e+01
5.200868239324414333e+01
5.158240965146505630e+01
5.134469808675471114e+01
4.739517055374379595e+01
4.864114602594863612e+01
4.446531526586440464e+01
4.689677356560640220e+01
4.648147982992416161e+01
4.576626766657040690e+01
4.515428769382460672e+01
4.434228619096657553e+01
4.400177849988887147e+01
4.355985136627669618e+01
4.324256027747839681e+01
4.359097065948186156e+01
4.395926073077273344e+01
4.442664852619313365e+01
4.464621601030121667e+01
4.451324265393841273e+01
4.497283376248411457e+01
4.507233384968677115e+01
4.490479314529441268e+01
4.458780800589403981e+01
4.418436305204258474e+01
4.203344019673507148e+01
4.712142829138851852e+01
4.517748906055339830e+01
4.294866194487857314e+01
4.445411862070471898e+01
4.433750961099097054e+01
4.482487998734398360e+01
4.617089724462586275e+01
4.532576153301471322e+01
4.491133103571826268e+01
4.545593167303212567e+01
4.613716123974003125e+01
4.604572357827300522e+01
4.554503344368406204e+01
4.487643416484902303e+01
4.451402371524817880e+01
4.415909346137132019e+01
4.385616079711013526e+01
4.349355108937717773e+01
4.416601018275270008e+01
4.389931048314435458e+01
5.486893190304726176e+01
4.345059559218179146e+01
3.971920440169385813e+01
3.981384297854982179e+01
4.409334968634749430e+01
4.482491183584799899e+01
4.350915381683591221e+01
4.293035973756139612e+01
4.281866686751884288e+01
4.175271938181538189e+01
4.141830106082306173e+01
4.146782010003227725e+01
4.103417991184387148e+01
4.105085640606354502e+01
4.132516216562419231e+01
4.123939418838244819e+01
4.096818715803928512e+01
4.124456125068640944e+01
4.093401939930979694e+01
4.184569163367213207e+01
4.183235252296613282e+01
3.646736882979419647e+01
3.342682711025150155e+01
4.467124022342058254e+01
4.366087638459557496e+01
4.583801242132206255e+01
4.566226628782833785e+01
4.530278533445635958e+01
4.634133593847376886e+01
4.545811819445013668e+01
4.481858387432009749e+01
4.474273622187467936e+01
4.408744182990406557e+01
4.362326323730763988e+01
4.391702455095759916e+01
4.363287454779145236e+01
4.307968055452667500e+01
4.251900950293985915e+01
4.277612410573777169e+01
4.245108700574783711e+01
4.200972851286569920e+01
4.200155278041057016e+01
4.338517395858774250e+01
4.151479492319578668e+01
3.744157029623072930e+01
3.954409824129116657e+01
3.865549108779153897e+01
3.942003442107945688e+01
3.815020715639278848e+01
4.123175278018854328e+01
4.016558889753020622e+01
4.037195220616111158e+01
4.044791839139996625e+01
3.951082288133937226e+01
3.936969593163301795e+01
3.902869543500188598e+01
3.898656036970884742e+01
3.880846899648390291e+01
3.807780448491553926e+01
3.792641873380343043e+01
3.731928362104179087e+01
3.694409770732399778e+01
3.671720113346599845e+01
