7.196413764126519936e+02
1.309929053967452091e+04
8.107459978873427644e+03
5.987445962378891636e+03
4.812803285664957002e+03
4.064920840147543458e+03
3.546949081593817027e+03
3.167278003561384139e+03
2.874618623663739982e+03
2.640124948521585793e+03
2.443829791572559316e+03
2.282606180656536253e+03
2.147023532006823643e+03
2.031783906771925331e+03
1.931896327252166429e+03
1.843595886364867511e+03
1.766718495130835436e+03
1.696817848675271762e+03
1.636114504568862458e+03
1.580649096667631966e+03
1.530484828288396784e+03
5.783543241207045185e+02
5.647022142177889918e+02
5.512294462440173675e+02
5.446604490087426029e+02
5.401245466123310734e+02
5.351404490840824337e+02
5.255765232448403594e+02
5.212574577326638519e+02
5.218918970046790946e+02
5.157221254416989495e+02
5.103848037869765335e+02
5.077454831828411557e+02
5.005957187699073643e+02
4.934746317798964128e+02
4.881477571108887332e+02
4.801673048847674181e+02
4.725317387097271080e+02
4.639351826256653339e+02
4.563806816682502472e+02
4.474039019032448437e+02
4.392557650323473695e+02
2.503900080483843453e+02
2.726414844201660230e+02
2.778073909979945597e+02
2.964854663635481415e+02
3.286664807527355947e+02
3.429815701618624644e+02
3.321402196282573414e+02
3.317302494905521257e+02
3.357491490148589719e+02
3.505281884105996255e+02
3.600639851953548032e+02
3.577254950534510840e+02
3.494105840309719611e+02
3.721431755767799245e+02
3.739581447804888512e+02
3.844677009517566262e+02
3.976258880061365630e+02
4.100693215617620240e+02
4.208721772175817364e+02
4.294453987950442411e+02
4.367576679292425865e+02
5.276947432568218801e+02
4.952560652272942434e+02
4.867868553111046594e+02
4.721323181689653552e+02
4.644692856059269275e+02
4.619752161016460832e+02
4.564788243210660994e+02
4.452769099450778185e+02
4.376484746583606693e+02
4.282058061042299641e+02
4.162245672235833922e+02
4.073723628149452907e+02
3.985397377507050578e+02
3.903155993325332815e+02
3.816363762043602605e+02
3.758000701970784121e+02
3.677390035647237028e+02
3.623087246741640115e+02
3.559312583291852548e+02
3.519852433261856959e+02
3.461211445128730020e+02
2.108510379106547532e+02
2.299718230927398679e+02
2.500250299920881218e+02
2.378969564986453236e+02
2.346999871577584713e+02
2.309903289738240346e+02
2.260533552409531524e+02
2.208318249701149227e+02
2.234612579168929472e+02
2.213349165896165403e+02
2.210267130549222827e+02
2.248493036753224317e+02
2.210350169127292475e+02
2.186882674402459941e+02
2.158852300095680903e+02
2.140298953272505003e+02
2.138822774315619881e+02
2.111531812035698579e+02
2.107841823565452444e+02
2.085480395538885432e+02
2.065626486577010041e+02
1.447769131447761310e+02
1.411119140321764007e+02
1.358898255379122588e+02
1.491028008391881485e+02
1.513312718066036950e+02
1.532571320043853973e+02
1.567352051670707738e+02
1.546471848218897662e+02
1.548170321423647806e+02
1.531585121494252348e+02
1.554677985787444072e+02
1.528598667446576087e+02
1.518259739712724468e+02
1.505766914168518156e+02
1.507844538334703657e+02
1.481888638403169409e+02
1.459176008969610336e+02
1.444202089258691331e+02
1.436727502680131749e+02
1.427934873021657722e+02
1.418129922485032921e+02
1.070086524897812126e+02
1.654031931720413411e+02
1.546415751630345028e+02
1.983442213730077981e+02
1.971278240408429099e+02
2.172764099575594514e+02
2.152399045569048894e+02
2.083452367909830798e+02
2.149105018804898748e+02
2.122966042003756968e+02
2.106269778804876296e+02
2.098594721228963920e+02
2.082501209239456443e+02
2.054524267503649071e+02
2.011866318599325041e+02
1.959715657458341695e+02
1.917950616975091123e+02
1.884254949887066459e+02
1.839234160366140429e+02
1.818091621631325836e+02
1.791108489489290037e+02
1.053163316062409933e+02
1.159064399425081433e+02
1.160414103599839422e+02
1.114150456004688436e+02
1.100603207556935814e+02
1.077168590213614578e+02
1.180457982109785036e+02
1.167531867894312256e+02
1.168515350126317713e+02
1.146840368598849125e+02
1.162590338694542993e+02
1.170942853373311010e+02
1.159204260597285980e+02
1.151737051663946261e+02
1.170039137597542975e+02
1.164473862852048285e+02
1.159099690122224615e+02
1.143612325684293012e+02
1.164041175253646969e+02
1.165038504912368467e+02
1.159714305845610767e+02
1.142349150902121835e+02
1.104294213938169378e+02
9.988844004449605052e+01
1.013108082850177141e+02
1.016699368287609673e+02
9.943387563506777838e+01
1.000821375552221326e+02
9.982723149123101791e+01
9.875254630396374012e+01
9.816632200357398119e+01
9.865210510287978707e+01
9.879248692949860811e+01
9.884635577602035994e+01
9.847109968383983869e+01
9.827567459245967996e+01
9.904548940842576599e+01
9.874979068237563240e+01
9.839326430329180084e+01
9.783829108693807086e+01
9.957519248169670334e+01
1.004859832511422866e+02
8.608379422796630820e+01
1.056439868288141071e+02
1.031730108364950098e+02
1.078435777686526933e+02
1.035994454735997721e+02
1.027891257082257397e+02
1.007045976594155690e+02
1.030048546842620141e+02
1.044047860195225894e+02
1.043412595569189278e+02
1.033815328938409266e+02
1.046877772151350143e+02
1.026668331239393126e+02
1.016082733481674580e+02
1.001581684782703121e+02
1.006679622168455808e+02
9.906489080418204196e+01
9.759478791032071854e+01
9.663747691140406459e+01
9.635625593280438750e+01
9.691510845145424469e+01
