6.915521290279610866e+02
5.745391749858110870e+02
4.941394986678673718e+02
4.601946424268667215e+02
4.329906935813407927e+02
4.172732958345639531e+02
4.036186494158810092e+02
3.943854444003868593e+02
3.849339154114529720e+02
3.782052964879923138e+02
3.707903028447016709e+02
3.632851226501148290e+02
3.589895857272711623e+02
3.524320165545983627e+02
3.462110895060657185e+02
3.391230287358755504e+02
3.313405943786423791e+02
3.242581051179363953e+02
3.166390848512944558e+02
3.085641433735078181e+02
3.019875307685493340e+02
1.498601018860290708e+02
1.391071667434040933e+02
1.410889832365414236e+02
1.401996011397307029e+02
1.400177513057336398e+02
1.365257215786896552e+02
1.347549167930284568e+02
1.308840115990680033e+02
1.267160935602316840e+02
1.228949054565729710e+02
1.191984305001079036e+02
1.148040621333269797e+02
1.246649195144088367e+02
1.261477197019464001e+02
1.288260904536465148e+02
1.280228308272526476e+02
1.286043568490851783e+02
1.272117160178024591e+02
1.260505272809590309e+02
1.241814740859809802e+02
1.222300763444237219e+02
7.214754492314432355e+01
7.553734851073885181e+01
7.306691963344984231e+01
7.171300711707712594e+01
7.026850996711777952e+01
6.812216200994666337e+01
7.035029987421337694e+01
6.861919125002727071e+01
6.594271966398683560e+01
6.387239618383799211e+01
6.120620525332408590e+01
6.020732217783616846e+01
5.838976363648301771e+01
5.731726272801183342e+01
5.561415466783800099e+01
5.413428920779991671e+01
5.373488647699860365e+01
5.230674296372526300e+01
5.129084075971197620e+01
5.085408858409923738e+01
5.005970631132536397e+01
2.469477734573066385e+01
2.709376714797568297e+01
3.036761026546304265e+01
3.043875627502659498e+01
3.134666213290796222e+01
3.045371054355771534e+01
2.928006838304841253e+01
2.801961777203076664e+01
2.777611479392139060e+01
2.640254971628663938e+01
2.658455935434197670e+01
2.668542058176673848e+01
2.610632773028927289e+01
2.632912953115467047e+01
2.675725744058039979e+01
2.627820095826527691e+01
2.604508478466676280e+01
2.597154289759669510e+01
2.574597821272796594e+01
2.540630114060159173e+01
2.528892121932891968e+01
3.726124521649416721e+01
2.785947236202192911e+01
2.457560826941223908e+01
2.222831132851198888e+01
2.183854624754042817e+01
2.130730558171701361e+01
2.074580173181641740e+01
2.028546472816367796e+01
1.947931584124833648e+01
1.877644955755623712e+01
1.812947772926274226e+01
1.757278228237783324e+01
1.873676656577149302e+01
1.859442389861781209e+01
1.799660651065110883e+01
1.802735885168588936e+01
1.832858195212633845e+01
1.791652894588010980e+01
1.796445572319523265e+01
1.772053252627084774e+01
1.770406020518051449e+01
1.120454507609153794e+01
1.753336361225354878e+01
1.792890986510868601e+01
1.846577217383487479e+01
1.907811304425845123e+01
1.764804980904623122e+01
1.665938933817768586e+01
1.587002473814448145e+01
1.541085127091490925e+01
1.526993942501599122e+01
1.527882747501525706e+01
1.531011918793234727e+01
1.506985734150697631e+01
1.503539895841760909e+01
1.501355082121945728e+01
1.528972858388836364e+01
1.514196542587516880e+01
1.548256720921169993e+01
1.531361178305840376e+01
1.556367661908274336e+01
1.534868850920650019e+01
8.071544661362924700e+00
1.266220160894106250e+01
1.560325693802031211e+01
1.322139713773673719e+01
1.323684332868015190e+01
1.325146693055479830e+01
1.431416069217389797e+01
1.481921857804539755e+01
1.453167558585515629e+01
1.394540038239109059e+01
1.411949793480529536e+01
1.454501075207089755e+01
1.538815294764382813e+01
1.515064741987061936e+01
1.517454800916322277e+01
1.512703183083337954e+01
1.477868023235244088e+01
1.441083532399556688e+01
1.450875148702544948e+01
1.455502636967498198e+01
1.427548405086197114e+01
8.843133564960576010e+00
9.937618231015120429e+00
8.877218542202506057e+00
8.573015600740157893e+00
8.990220464979897130e+00
9.045531745542442437e+00
9.379934474333552430e+00
9.209098345046514922e+00
9.986616037284782976e+00
9.695368779345818311e+00
9.185705154719498111e+00
8.952794073547392983e+00
8.571910819239660029e+00
8.620641728999473230e+00
8.922206289834360149e+00
8.812673285771998266e+00
9.116864584415992567e+00
9.075799135475305590e+00
9.232466183586174324e+00
9.325663238368823826e+00
9.338840878286466918e+00
5.741599898449953443e+00
9.178387696640378124e+00
8.935383949963540573e+00
9.498957501889485400e+00
8.852789961414035957e+00
7.918197884603451087e+00
7.803887327893903603e+00
7.732409132220082526e+00
7.770004630151541747e+00
7.463148951798212138e+00
7.427819386421504966e+00
7.954267764896483683e+00
8.129324573978877311e+00
7.949573782429000701e+00
7.879620697844196719e+00
7.846143281625266752e+00
7.629447353767749185e+00
7.703315417831455569e+00
7.884555873526108094e+00
7.892674946460885188e+00
7.615474536245818271e+00
6.817829389035566123e+00
8.517274890884412031e+00
9.735142538731155426e+00
8.264809456536868382e+00
7.790379650350317320e+00
7.738985435026776827e+00
8.055463947751812626e+00
8.197189146005657179e+00
8.162593314362096564e+00
7.643757306224111758e+00
7.635256327478156635e+00
7.747477167436807477e+00
7.936633557550042184e+00
8.131645330646225744e+00
7.970437027525453466e+00
7.794622909310225722e+00
7.567631932620747293e+00
7.402557467698835936e+00
7.437852162024807257e+00
7.464977616798923243e+00
7.371967593581437050e+00
