1.723234101350760170e+02
1.709816663552176408e+02
1.696930578512924797e+02
1.683023334428766020e+02
1.669129643992641832e+02
1.653818300679426159e+02
1.637872488202644377e+02
1.620509837745973414e+02
1.603090452610319971e+02
1.582943456992118172e+02
1.561159504713537558e+02
1.537968456839152225e+02
1.514454101608357632e+02
1.487245308465959113e+02
1.458117214115047489e+02
1.428689507948938626e+02
1.401000204536512115e+02
1.373013139032476317e+02
1.349352181140470179e+02
1.326199455462039225e+02
1.307794843754749934e+02
9.081507811835994914e+01
9.355888513328069678e+01
9.442605477933290103e+01
9.389017874124827756e+01
9.308437490468760700e+01
9.300618333237002844e+01
9.306510629665483236e+01
9.311415140840097138e+01
9.261963421016172049e+01
9.239375095833534601e+01
9.201608382742716685e+01
9.110605344944551121e+01
9.040975427362093342e+01
9.049603011705883659e+01
9.061596177383316331e+01
8.996153957761724484e+01
8.994626559499833718e+01
9.023870161438924242e+01
9.047605717913778278e+01
9.035256123081590829e+01
9.006130026701504221e+01
9.119264504933585158e+01
8.927956171496849436e+01
8.916063004552535176e+01
8.770490382148362585e+01
8.644154660646567834e+01
8.678697656394056992e+01
8.771646592146421995e+01
8.718545443031359810e+01
8.673703382747115143e+01
8.657215838012491815e+01
8.622634624796620528e+01
8.599769510678777351e+01
8.571844197006288368e+01
8.600739794251225590e+01
8.601481027072873076e+01
8.593963146952985710e+01
8.583419702003712359e+01
8.564580633893535833e+01
8.587209154592100901e+01
8.551206789592767166e+01
8.532630037108621934e+01
7.787213547524812896e+01
8.025912881229065476e+01
8.006554634778753154e+01
7.993448107504455891e+01
7.981905197843948940e+01
7.993566485460954141e+01
8.021591872976117088e+01
7.987851739449507704e+01
8.028639647522273037e+01
8.007351893028011602e+01
8.018273071838069654e+01
7.995083076377589748e+01
8.022724202728954879e+01
8.011519758688920945e+01
7.994940488468810713e+01
7.965052864366940355e+01
7.940847592379247999e+01
7.918042133836782170e+01
7.906108619866904519e+01
7.871009343229958688e+01
7.837901986020196432e+01
7.076510662307492794e+01
7.210857408830196391e+01
7.296961357689040995e+01
7.250363847557530050e+01
7.271972739103944150e+01
7.275786739288574267e+01
7.121175682505729299e+01
7.048950873667210715e+01
7.050706835091935432e+01
7.025512162770874625e+01
6.987319217867641896e+01
7.009097748418157892e+01
6.962210828360613846e+01
6.930662072794387996e+01
6.905150495955425072e+01
6.851752547869367049e+01
6.804743917182794632e+01
6.773026174742750527e+01
6.733981397974150696e+01
6.687714204863307543e+01
6.616796773612536242e+01
5.263040052760174348e+01
5.663090788290289623e+01
5.733584396375035652e+01
5.611621444626023703e+01
5.619592836929522406e+01
5.618241511617153350e+01
5.541083129164272947e+01
5.511705253871362942e+01
5.494100435051624487e+01
5.495058011432653444e+01
5.415562705572880731e+01
5.398880906272926694e+01
5.360657879651459723e+01
5.283027622919005495e+01
5.231570944448672833e+01
5.187009356122683101e+01
5.138004189788386356e+01
5.091304179973613486e+01
5.061048436574553477e+01
5.034988584099063047e+01
4.982265334784663935e+01
4.040963427612110337e+01
4.165761540821507936e+01
4.001641931228332538e+01
4.058139275494993825e+01
4.081642877874327979e+01
3.995434189841327566e+01
3.882642194414060555e+01
3.877177789403469177e+01
3.866422974016681025e+01
3.851504273736963313e+01
3.840083426835943925e+01
3.836102296815706580e+01
3.830350503853333066e+01
3.784184008461057402e+01
3.736647757977318207e+01
3.707427698480268674e+01
3.685331348654919026e+01
3.665003866089934803e+01
3.639129739776426220e+01
3.609750099275792934e+01
3.590869928717455650e+01
2.828455189513278611e+01
2.850485088476558104e+01
2.958451598972056118e+01
2.916329757721686278e+01
2.851845907537581581e+01
2.824323916853061078e+01
2.834764902602168846e+01
2.834546152945068087e+01
2.831855440837268034e+01
2.819235735322150305e+01
2.811150389971004060e+01
2.790175226889709492e+01
2.797922790809121452e+01
2.800726799893315544e+01
2.791034967598448802e+01
2.781386192474321106e+01
2.766519625947606187e+01
2.743741274141065389e+01
2.750737352380490108e+01
2.731494942781340640e+01
2.733296147863499215e+01
2.326336107431143319e+01
2.406169043689487808e+01
2.373204939201243846e+01
2.413313981096411709e+01
2.461113245820309459e+01
2.419152272400727099e+01
2.406866424659128256e+01
2.402537556420888265e+01
2.429559934249276409e+01
2.392042068915855069e+01
2.402507484745317257e+01
2.413162931161580360e+01
2.400567559948245133e+01
2.376008861976457354e+01
2.369630284939949050e+01
2.374951973723421617e+01
2.348964360582831290e+01
2.354133066281510978e+01
2.340834266285899545e+01
2.322332248047985104e+01
2.321177294447289086e+01
2.291669155351995357e+01
2.041809262443266348e+01
1.947339200464853093e+01
1.951822011255664435e+01
1.983048358743004158e+01
2.043779012691836527e+01
2.059583989191996878e+01
2.035943533976935171e+01
2.034802584513556667e+01
2.025447235035562699e+01
1.998295500996217910e+01
2.022129914976441967e+01
2.013508713395837546e+01
2.022522191692544524e+01
2.034324329450939928e+01
2.021668102514160736e+01
2.020232564862111246e+01
2.006251919726159016e+01
2.014222591688170994e+01
2.006803883229709839e+01
2.000685094534759756e+01
2.187277967773958665e+01
1.864723600517616120e+01
2.031309746773945690e+01
2.020206964920699733e+01
1.988580427367688230e+01
1.955241569755304454e+01
1.936708736649728735e+01
1.915020648067827835e+01
1.935128592412533877e+01
1.908195295091101329e+01
1.892654965719748716e+01
1.872149668133220501e+01
1.877568721026063514e+01
1.849374827528133380e+01
1.852913436660349689e+01
1.847536528200710038e+01
1.869886264089019079e+01
1.869811133686329185e+01
1.872523177894386492e+01
1.859106632023034322e+01
1.835687071633813261e+01
2.037576786135047868e+01
1.993215406409840185e+01
1.903867815647147665e+01
1.851334939511548328e+01
1.794808839108678100e+01
1.782736348161767381e+01
1.758025092277680912e+01
1.752615711755271022e+01
1.746001948673778514e+01
1.743065942079455155e+01
1.747428518510418627e+01
1.739852783905480393e+01
1.736372361678355247e+01
1.737973550097915876e+01
1.738906328523754041e+01
1.756065665370165618e+01
1.749978991789575034e+01
1.754348181416843389e+01
1.732072378968052462e+01
1.718060692785405053e+01
1.712687847427761767e+01
1.744993101622960552e+01
1.820894750050690547e+01
1.799659908294896127e+01
1.725242187911979386e+01
1.682165026241490935e+01
1.605980142391596033e+01
1.590943401349905173e+01
1.571118651225871865e+01
1.583832344077556975e+01
1.572407125630536306e+01
1.586364989912993373e+01
1.628341152632379618e+01
1.615970036846857028e+01
1.631482226716516948e+01
1.628605287757548936e+01
1.609982297181333522e+01
1.609880652480279295e+01
1.595757705490987988e+01
1.588758562454625967e+01
1.582493371612702759e+01
1.587958234317309447e+01
1.756956023393946253e+01
1.698965905892324457e+01
1.558458474725354215e+01
1.466857145896348058e+01
1.477704380643052495e+01
1.508280955583526506e+01
1.504212399029395719e+01
1.511735044096824332e+01
1.485411640677140710e+01
1.487001553137402432e+01
1.494428093750430087e+01
1.504865317271946523e+01
1.508663410283314477e+01
1.520582271212461123e+01
1.534796390106544095e+01
1.531509000154537503e+01
1.540232776792790048e+01
1.519724108120504091e+01
1.515440201233814754e+01
1.524531887354702953e+01
1.513020880412251046e+01
1.520023045954524932e+01
1.437692755893622198e+01
1.517036605206728339e+01
1.513874328240085276e+01
1.517500086445775587e+01
1.465833173719520843e+01
1.463928270390241160e+01
1.437382844321956910e+01
1.427635325203243966e+01
1.423226431564100736e+01
1.431900822564553266e+01
1.451339924185207764e+01
1.451779820410937560e+01
1.476876850360529936e+01
1.474059780599996294e+01
1.462869906439420653e+01
1.444668890770476288e+01
1.435785071523655709e+01
1.447432565550697703e+01
1.450146939920949762e+01
1.425613868944610729e+01
1.368011119708660672e+01
1.310622747280565648e+01
1.296641139245664576e+01
1.360246289028202149e+01
1.432048222363009948e+01
1.410078278622409265e+01
1.419900437215120803e+01
1.427346071014928164e+01
1.453029338117882396e+01
1.435281326000568036e+01
1.438369790268806092e+01
1.425263534278496280e+01
1.430719160514141386e+01
1.421444572136196527e+01
1.423053493691000781e+01
1.405757404391256493e+01
1.394665101334651425e+01
1.401661635569154107e+01
1.419711854491854730e+01
1.418062683545175418e+01
1.421461488373993554e+01
1.466166190128435076e+01
1.406898221246868275e+01
1.305824118402713019e+01
1.287389259689829757e+01
1.288328665371214221e+01
1.290404922872151872e+01
1.271627232784313577e+01
1.312301495453980316e+01
1.300955152215038879e+01
1.302832050973517575e+01
1.345904214307240387e+01
1.311325968574426071e+01
1.338560317399185351e+01
1.351203033175607082e+01
1.367731294420636168e+01
1.368025762430503711e+01
1.361938369683319650e+01
1.364373970838864558e+01
1.372968696288141466e+01
1.372824220565905229e+01
1.372554634009749108e+01
1.260016840089002699e+01
1.178481290577480323e+01
1.160865236144446477e+01
1.313579740395604745e+01
1.328364124050802353e+01
1.356646068880331590e+01
1.376466517496958808e+01
1.369992996492169546e+01
1.362264618107548664e+01
1.388759130914308315e+01
1.361424995905083257e+01
1.364374671650254101e+01
1.372594108045037409e+01
1.354992587142771043e+01
1.348788415228169058e+01
1.354621904621201089e+01
1.346897709988236080e+01
1.354953528604743518e+01
1.360559947602849640e+01
1.348715407349268425e+01
1.325469240547735161e+01
1.219185144186506520e+01
1.282093454560807722e+01
1.317819609082723353e+01
1.302556548933037561e+01
1.266860540333637530e+01
1.315743203443791565e+01
1.315349813275399349e+01
1.316674510112159346e+01
1.357060720309448065e+01
1.337214025339120127e+01
1.314698629214634273e+01
1.298815393312612088e+01
1.320947468948816628e+01
1.302021499194513332e+01
1.296269774846415501e+01
1.295582183024873402e+01
1.276801909059849116e+01
1.277980489434651723e+01
1.273702447607244537e+01
1.291151324393831601e+01
1.306604431521171072e+01
1.238641889818159747e+01
1.311962489878879623e+01
1.171095695722783780e+01
1.185262579746826184e+01
1.179341091680775655e+01
1.242118958576815757e+01
1.239124930367230171e+01
1.237563677044447452e+01
1.260663112523623042e+01
1.251549569097662307e+01
1.254019450029325355e+01
1.244333073049239147e+01
1.251722289790281728e+01
1.259927443715625195e+01
1.265300111716620712e+01
1.270331038997021089e+01
1.272458627837439238e+01
1.286208924519189623e+01
1.284283427294704261e+01
1.268268560653590171e+01
1.265045997962035962e+01
1.632613271545721290e+01
1.420092603842101830e+01
1.493386889639042181e+01
1.416370766759127875e+01
1.415401057627637549e+01
1.418896153380583947e+01
1.416416447184716887e+01
1.413602724897996588e+01
1.372429260710488919e+01
1.351314700403080415e+01
1.390664740456594473e+01
1.367597301981984614e+01
1.351704787982520450e+01
1.332484173942847150e+01
1.302991580217831036e+01
1.279650020052324599e+01
1.262512033868619632e+01
1.238978866332731954e+01
1.246368221538881826e+01
1.239367321630192897e+01
1.249700430809862262e+01
1.335045775511598620e+01
1.234525415592033326e+01
1.095535507280951926e+01
1.113646242644928641e+01
1.061257252588026034e+01
1.041761000930097225e+01
1.077666452057484925e+01
1.133238068022342837e+01
1.175556222053562649e+01
1.237810813698778922e+01
1.232125973707261046e+01
1.244219398573354951e+01
1.224335116232932563e+01
1.218504010211976585e+01
1.213428709377418535e+01
1.212813299919056931e+01
1.197568654417595368e+01
1.201834782193316009e+01
1.202683001740308200e+01
1.200087856171329648e+01
1.210216450265114574e+01
1.228025024324093195e+01
1.205987056391761847e+01
1.180596870805976728e+01
1.186480259090606637e+01
1.206599951732807874e+01
1.224949566132138656e+01
1.184607285069345828e+01
1.193305210314350795e+01
1.184816420298973938e+01
1.188279611529888768e+01
1.206633032551830631e+01
1.210400208811240930e+01
1.227987649089420863e+01
1.212836143905354014e+01
1.205593210448886943e+01
1.213070408718621351e+01
1.219302644376531575e+01
1.215013748109082847e+01
1.226149685813292578e+01
1.227937400495694398e+01
1.220981106341703715e+01
1.598687375475227412e+01
1.331615424660018654e+01
1.305796660672773513e+01
1.268498709496574861e+01
1.249012254707804992e+01
1.280564136161259903e+01
1.233916398525517799e+01
1.220782210540501644e+01
1.239187318377118174e+01
1.228165806036938967e+01
1.215407609809415135e+01
1.214777679816316791e+01
1.220752289525918677e+01
1.206009644137029646e+01
1.207898920744625215e+01
1.217966996744823760e+01
1.215672724165008844e+01
1.228811090799642081e+01
1.212282022435434570e+01
1.208272736664446789e+01
1.207974838961770381e+01
1.089393155546581937e+01
1.131715927596773952e+01
1.079277306076032872e+01
1.161107534603585023e+01
1.168645065978399167e+01
1.185326664070231217e+01
1.217778023238425433e+01
1.183768391568636247e+01
1.158597348954206296e+01
1.165261883658641651e+01
1.175740956390257708e+01
1.184639603126355745e+01
1.192076180889727333e+01
1.197880002857536574e+01
1.184372780930880964e+01
1.182257552082979757e+01
1.182274744238505093e+01
1.192199189266127313e+01
1.200363845143004582e+01
1.198473220677859175e+01
1.188070712501518145e+01
1.236350301745951974e+01
1.001967186021634326e+01
1.047136277653228831e+01
1.206796021203828673e+01
1.271148717752597435e+01
1.290548818732409408e+01
1.274882234530694092e+01
1.213950923668992843e+01
1.204813034575085062e+01
1.205998134059760396e+01
1.190141261155987351e+01
1.182537868820779003e+01
1.185107136790540494e+01
1.201412530610046225e+01
1.199724966178070673e+01
1.197486843864195372e+01
1.183615985839054652e+01
1.184384749313368168e+01
1.197031692720336871e+01
1.200766770741772405e+01
1.201533127875220686e+01
1.539457067428913462e+01
1.257559169465986137e+01
1.133250163490229490e+01
1.089929359744896686e+01
1.121754765338269877e+01
1.155400703417606678e+01
1.182337069786001038e+01
1.193137655433280742e+01
1.174704670979901522e+01
1.181522039099494137e+01
1.168602110068740174e+01
1.168663975596417259e+01
1.174963223549003466e+01
1.182956289731419552e+01
1.171357252822635964e+01
1.174823642885317376e+01
1.185115949198508822e+01
1.182549491480312653e+01
1.171242221765653646e+01
1.162682391443382457e+01
1.160423816191129731e+01
1.207051277035478520e+01
1.273577248678225438e+01
1.257487295834723362e+01
1.195817655614272113e+01
1.200663974241268583e+01
1.196591521108522294e+01
1.196487791961653535e+01
1.208198943340572740e+01
1.239942902768840227e+01
1.233710359099210052e+01
1.212917414278012807e+01
1.215573015490649311e+01
1.222256680241846460e+01
1.219832214504764067e+01
1.211141881181330859e+01
1.185723082968523734e+01
1.175443455820775540e+01
1.178197686873638617e+01
1.177050137235024430e+01
1.178256214368322397e+01
1.184025240512585242e+01
