7.215003035645706859e+02
7.201157726084811657e+02
7.187571012308247873e+02
7.150034609444116995e+02
7.131102537936675390e+02
7.121051455242359225e+02
7.091330507835129993e+02
7.060179823865088338e+02
7.034026825357614143e+02
7.003096276207087385e+02
6.969369091220139580e+02
6.927329208073922473e+02
6.883726932707011201e+02
6.836617167641861670e+02
6.784808934159516411e+02
6.745911059277331105e+02
6.686720572038659611e+02
6.633518449508928825e+02
6.579164477556811335e+02
6.540010519711565848e+02
6.503799159331257442e+02
5.739746931427741856e+02
5.643329773409012660e+02
5.644748816855535551e+02
5.632467901324303057e+02
5.627905454154563358e+02
5.661088248015591944e+02
5.637709327733776945e+02
5.639138600096597429e+02
5.618253892056195582e+02
5.614317799254399688e+02
5.597110987569357121e+02
5.627306698988609241e+02
5.627498261434626556e+02
5.612568476521156526e+02
5.614306506585390935e+02
5.606049207915447141e+02
5.591866859070264582e+02
5.579224172195886240e+02
5.568903563401374868e+02
5.564076506158245365e+02
5.557455519858963271e+02
5.406077809114825641e+02
5.618017809575655974e+02
5.589242217200985579e+02
5.574032344930767522e+02
5.559291728330473461e+02
5.537177756021046662e+02
5.495917170358877684e+02
5.495253968817266923e+02
5.502446364252319881e+02
5.486155588990757224e+02
5.472240334298980997e+02
5.460206792644667075e+02
5.437937506728691233e+02
5.430883461248197364e+02
5.432637298483073209e+02
5.437718179209573464e+02
5.408603882996815173e+02
5.401695048331604312e+02
5.378707794070328418e+02
5.353085828304501774e+02
5.345972020455167240e+02
5.156661183670958053e+02
5.166469008937408489e+02
5.130035405771602655e+02
5.163007248600523553e+02
5.158284379607940764e+02
5.112252427475896752e+02
5.151091459492846525e+02
5.149963972943802446e+02
5.130319640109795500e+02
5.093589229492600907e+02
5.072549144936684797e+02
5.065281816739948795e+02
5.075877770258313149e+02
5.056403234042420536e+02
5.051783757553891974e+02
5.030772589845532821e+02
5.032919668616661966e+02
5.023832124700338682e+02
5.025185554884745898e+02
5.026648518392292999e+02
5.021024867000816130e+02
5.126322443696773234e+02
4.901276117985473775e+02
4.730013274677196478e+02
4.825714937999617860e+02
4.824643905557547328e+02
4.789378774964578156e+02
4.739807960309529449e+02
4.740818355764865260e+02
4.713698286599017138e+02
4.708466953501160219e+02
4.674098355154176829e+02
4.683435010728642283e+02
4.663754987478691305e+02
4.645731952753100131e+02
4.632687792954475867e+02
4.628975210271638616e+02
4.611865777100036894e+02
4.588706995501709685e+02
4.563386455266663120e+02
4.559716165635173297e+02
4.553316058902240684e+02
4.308972836109210789e+02
4.261051066776868197e+02
4.212241571198016459e+02
4.141610585924964312e+02
4.157267778069910378e+02
4.142748534384072059e+02
4.143047081091920631e+02
4.115885016413031963e+02
4.127584973175388541e+02
4.119380803783803344e+02
4.087640194061102079e+02
4.070989556727320178e+02
4.054352865253861751e+02
4.029644195193282599e+02
4.013577773571927878e+02
4.010457393689748073e+02
4.008725749154995697e+02
3.997249582716198120e+02
3.971396856998023850e+02
3.955239401933788486e+02
3.954745899904104931e+02
3.520297854712647450e+02
3.552253886446074489e+02
3.601711876625986974e+02
3.604865784027408040e+02
3.595660311532784590e+02
3.566474596987269479e+02
3.555885963603910795e+02
3.581852575571974739e+02
3.578331449419497972e+02
3.560366526331241062e+02
3.534670443345374906e+02
3.519183953124724553e+02
3.507765386333705351e+02
3.498404526917102544e+02
3.475829922962632281e+02
3.448470252211607772e+02
3.429421045108451267e+02
3.415729366365705459e+02
3.402210718394947548e+02
3.394016670000671638e+02
3.384721457542469238e+02
3.286283270821895712e+02
3.150134195857766031e+02
3.166966491091708349e+02
3.140417397153948968e+02
3.136521345259110376e+02
3.130029707838900777e+02
3.095123121717372214e+02
3.048435736425323626e+02
3.026391248557753215e+02
3.008676438686982806e+02
2.981008019497286341e+02
2.994097027673119555e+02
2.987408578899239160e+02
2.991114551191907935e+02
2.987290499658499812e+02
2.980005969009648652e+02
2.992402873476453351e+02
2.983479789510976161e+02
2.968038647295081773e+02
2.964843543050409380e+02
2.961059429970001133e+02
2.531598637451909610e+02
2.639715826444628419e+02
2.646229951279896682e+02
2.754586153540142277e+02
2.749708552110548681e+02
2.767721286877746252e+02
2.766594515256709883e+02
2.750418119138481643e+02
2.746109703978359562e+02
2.726000299894910199e+02
2.718295796713222785e+02
2.697220484031352044e+02
2.697672880414369843e+02
2.687059338739564396e+02
2.685615470221023315e+02
2.672142803992761060e+02
2.678849503100183824e+02
2.683022600114852025e+02
2.678754615884966483e+02
2.677242982682600996e+02
2.676361004254123372e+02
2.520761644568392796e+02
2.653228857812437695e+02
2.651013481675823868e+02
2.612115327059115657e+02
2.615666785733843653e+02
2.596529022414364363e+02
2.584138141264090791e+02
2.565776231173503561e+02
2.563904175025346603e+02
2.529666975340835222e+02
2.539232012841236212e+02
2.526436937338218343e+02
2.524153742039124211e+02
2.515422977074712776e+02
2.500505009823218074e+02
2.496701940408354972e+02
2.498454213701291451e+02
2.489873994736229861e+02
2.491511343609218443e+02
2.488244007870334826e+02
2.504022049871298918e+02
2.409655547281823260e+02
2.425579438270436299e+02
2.439329706965255582e+02
2.477608283983503554e+02
2.466055172006635416e+02
2.440393749770425700e+02
2.442291643749335890e+02
2.453622771419217372e+02
2.471039671978710999e+02
2.451769388147325515e+02
2.448091021264316964e+02
2.449425711830713794e+02
2.443668503072949250e+02
2.450145895499765629e+02
2.439433932603470510e+02
2.442551954605218043e+02
2.425177477287676879e+02
2.425678011984292368e+02
2.422782372911505888e+02
2.414597978915870158e+02
2.400869813324108861e+02
2.535157821687427884e+02
2.563185849078085994e+02
2.517401025423802992e+02
2.399470621054621517e+02
2.428402776995227157e+02
2.387226778619428558e+02
2.388739476055183673e+02
2.375045674740221671e+02
2.384795166356261689e+02
2.374075684517974878e+02
2.359728915046950135e+02
2.338745952981963399e+02
2.335419078161014852e+02
2.325627433536935484e+02
2.336290566875319712e+02
2.337903721623481204e+02
2.345839606358992455e+02
2.328679066565417770e+02
2.337189579194066198e+02
2.329618023767588681e+02
2.319664025301188701e+02
2.282885035717467872e+02
2.167749204499541520e+02
2.232706298082020737e+02
2.215614111832163360e+02
2.262439444282904617e+02
2.290730670722536217e+02
2.338450091656883956e+02
2.306938925828906122e+02
2.283261418959999389e+02
2.285033147276963916e+02
2.282234181154541091e+02
2.284542078023661134e+02
2.275162545818621425e+02
2.277614690208075672e+02
2.273367539541865199e+02
2.259769378647242775e+02
2.252823062683976616e+02
2.230491490642102406e+02
2.258277240428451478e+02
2.258364887055005283e+02
2.254699336935122176e+02
