7.195214868188033961e+02
7.073740217283551601e+02
6.925680276936393511e+02
6.660137145860662713e+02
5.692708766435924872e+02
5.647321367579801290e+02
5.608403034017101163e+02
5.573354577690943188e+02
5.504171668057209672e+02
5.432970125629283302e+02
5.364164998105337645e+02
5.304299585135210009e+02
4.940028276663551878e+02
4.856699017788503170e+02
4.668500880942744402e+02
4.540743292014900021e+02
3.580040309815425417e+02
3.274455690511487091e+02
3.086335138964363978e+02
2.888317295469072405e+02
2.360888819553574933e+02
2.240337355110338535e+02
2.191064360514386919e+02
2.117054887966233139e+02
1.801890968566575850e+02
1.968704140106161447e+02
1.930091393589480901e+02
1.822606152991913291e+02
1.581636242487729476e+02
1.539335807489282786e+02
1.712046200229592898e+02
1.648139780349701766e+02
1.751425380920024395e+02
1.563744808121616927e+02
1.566953674466222992e+02
1.507428939549065490e+02
1.352660575390335964e+02
1.293910866565407218e+02
1.302136366638675611e+02
1.332082153677396548e+02
1.304867787752754964e+02
1.190555881619634988e+02
1.228092556384365821e+02
1.277697072180837665e+02
1.211513806377040510e+02
1.151436005174605128e+02
1.173992070315345728e+02
1.186896778198078124e+02
1.325556991047026543e+02
1.291745791589961527e+02
1.230996626566292775e+02
1.182479645899798584e+02
9.769117900944712574e+01
1.187176081868513933e+02
1.107240697811990344e+02
1.091360426811244793e+02
9.709837946082302551e+01
9.411183032361509504e+01
1.065938032995478295e+02
1.036988232802395942e+02
8.853340327173121693e+01
9.511979519932424409e+01
9.513501449687109357e+01
9.601381432065625177e+01
7.328697309102892632e+01
8.562546255778295290e+01
8.401733384169379804e+01
8.997750406104952958e+01
8.913293381306415597e+01
8.597057320877560471e+01
8.805651943315214680e+01
8.921871006662321690e+01
8.027414641996787736e+01
9.610270823064898593e+01
8.839663010530058784e+01
8.594416996317376345e+01
8.820358211499672052e+01
8.488016425878193161e+01
8.655050692608010365e+01
8.919891165296263580e+01
