9.968587540427879503e+02
9.922158738262602355e+02
9.878588749055996914e+02
9.831087398920416263e+02
9.781026100446376859e+02
9.728865211036205665e+02
9.675691423177462411e+02
9.617929739238629736e+02
9.555139276918255291e+02
9.484007950608885267e+02
9.408718902158105948e+02
9.321362440426765943e+02
9.231625262859578243e+02
9.125829427748061562e+02
9.018909404375094709e+02
8.899805144789097540e+02
8.779994470350213760e+02
8.654307617676312248e+02
8.525328891074284456e+02
8.413614530305270591e+02
8.311421878974797437e+02
6.358841825088484256e+02
6.443364040588637636e+02
6.488986921657392486e+02
6.439345880081656333e+02
6.426425012145216442e+02
6.351962699187739645e+02
6.326020665720091074e+02
6.295539228170574688e+02
6.289522208684223870e+02
6.292189994185082469e+02
6.279665554230725775e+02
6.255914206779971209e+02
6.236247878141119827e+02
6.215963383456803513e+02
6.187056629818073361e+02
6.191385557150279055e+02
6.176913226253535640e+02
6.175468654104606685e+02
6.164893877417691783e+02
6.146164636707297859e+02
6.142773151722145712e+02
6.291897411949447587e+02
6.108324987270633528e+02
6.056655986309644959e+02
6.036834331730225358e+02
6.008540044544932925e+02
5.989919904826460879e+02
5.978818911343291802e+02
5.985356792526532672e+02
5.978421143281664172e+02
5.990362630908940673e+02
5.978623272567979257e+02
5.961576666350543974e+02
5.929410896222763085e+02
5.919563558846642763e+02
5.916396216737218765e+02
5.891652486523803418e+02
5.865022000479624467e+02
5.877707778569870243e+02
5.869891881659139017e+02
5.846556462701580585e+02
5.852378634479581478e+02
5.377042273779478592e+02
5.463773043800882760e+02
5.432357965751019719e+02
5.536976734873124997e+02
5.554164804096574244e+02
5.515321036341407535e+02
5.506964429431524195e+02
5.486133413889499479e+02
5.464641858656642626e+02
5.477944639092165744e+02
5.472753076430210513e+02
5.472572696018403349e+02
5.449153839478300370e+02
5.432053454452129699e+02
5.429268510446684104e+02
5.416349114116954979e+02
5.395365772081421483e+02
5.376396958533041470e+02
5.363818607629847293e+02
5.356737539700358184e+02
5.335875474119110322e+02
4.902715783081875429e+02
4.859026893406465319e+02
4.763528741228213335e+02
4.702613012992483732e+02
4.709751234386847045e+02
4.685145813881323988e+02
4.662061958335822283e+02
4.676569117282124921e+02
4.677542326251924010e+02
4.611520385404855347e+02
4.585254659317636765e+02
4.559876054388948887e+02
4.544008055593022846e+02
4.504839649955066534e+02
4.485541499727402766e+02
4.454427680364146340e+02
4.425236989867125317e+02
4.387848784027485181e+02
4.348055903315401451e+02
4.321553129120292169e+02
4.287413414811284724e+02
3.590412843826940161e+02
3.524804482959804659e+02
3.471653406840729303e+02
3.464319904600320683e+02
3.420564572989412113e+02
3.370019572223008026e+02
3.363864337693401012e+02
3.341610939181025515e+02
3.321025988943323455e+02
3.268178386979123502e+02
3.250095126406273494e+02
3.231956601399023157e+02
3.200383784379682766e+02
3.163246147346618500e+02
3.159736551203873773e+02
3.134579743307465378e+02
3.108868451647705342e+02
3.083009176398378486e+02
3.057677840636771407e+02
3.043610961489825399e+02
3.021164533666002967e+02
2.411950947300823600e+02
2.518560404502856898e+02
2.469140339710273793e+02
2.493163020462466477e+02
2.480674105135974230e+02
2.483896007759112479e+02
2.461487018159856746e+02
2.456218096459576259e+02
2.465850411329573433e+02
2.466126174760520655e+02
2.444009377690107385e+02
2.440507186579321228e+02
2.429743500073898872e+02
2.403211563577766583e+02
2.379377608077867592e+02
2.344895296992499709e+02
2.352658608711071224e+02
2.333815994100678495e+02
2.325121435161156853e+02
2.331649066791971450e+02
2.337505060953663758e+02
2.488444345905446653e+02
2.419495679227410676e+02
2.521526202411942563e+02
2.385702373198364228e+02
2.386044701605349587e+02
2.310038312545580368e+02
2.300714734627812277e+02
2.272866186081054138e+02
2.228454894034353515e+02
2.182540332149908693e+02
2.140887934934530961e+02
2.142318392526608477e+02
2.134132732225521920e+02
2.109142871929368255e+02
2.090136542887966300e+02
2.084973273126015556e+02
2.056950631092785500e+02
2.050853716035733498e+02
2.045102733763529557e+02
2.024176003768216106e+02
2.026746818968440209e+02
1.709754080483057805e+02
1.780518698599912000e+02
1.769805174825005167e+02
1.771628098280012011e+02
1.824116361451903003e+02
1.845071703381023269e+02
1.910978592693410292e+02
1.907503215045516640e+02
1.873282734174800908e+02
1.843471022329485152e+02
1.818071378328941137e+02
1.804663722783573405e+02
1.800579166578814352e+02
1.787648480030353824e+02
1.878610548793373027e+02
1.868677503158428692e+02
1.879138414788047271e+02
1.884508844002561148e+02
1.896367976531211070e+02
1.884285616852020837e+02
1.862057163989337880e+02
1.737631390216755847e+02
1.750516695563614178e+02
1.841429098862303420e+02
1.778895187325503571e+02
1.753016809290445792e+02
1.760927664519097391e+02
1.775673496333534729e+02
1.737066397508762918e+02
1.759835939028786527e+02
1.739186471501462563e+02
1.752938571413957334e+02
1.735595732654554695e+02
1.724474982142939155e+02
1.708521449790091538e+02
1.704568348602437311e+02
1.702013908112928107e+02
1.726651745860480105e+02
1.722369384835252788e+02
1.726938809917736819e+02
1.717577019685243727e+02
1.705725559633168018e+02
1.432105336131399440e+02
1.597292746132694674e+02
1.629573419618845094e+02
1.590150285173977807e+02
1.595844677294284679e+02
1.601218521039878340e+02
1.577693476846493468e+02
1.576863825447213117e+02
1.649225873143043941e+02
1.633997274749700637e+02
1.637131040048758450e+02
1.655814365959419376e+02
1.642422583721173623e+02
1.652578234399489077e+02
1.655409106887609880e+02
1.635788447322946126e+02
1.637413998745382742e+02
1.623573950997628401e+02
1.608538496876176680e+02
1.593836950149184020e+02
1.589196612062031591e+02
1.686099940179915677e+02
1.477321145885950671e+02
1.608703986930807162e+02
1.545588872088168557e+02
1.534178456833548410e+02
1.527612560156890424e+02
1.527116728806651054e+02
1.507428000010493463e+02
1.489837579494837883e+02
1.456339939039534954e+02
1.438952274528956536e+02
1.402333108520695646e+02
1.408988274883279814e+02
1.403989179285727005e+02
1.467132062824645686e+02
1.509512302176108562e+02
1.536959935641829702e+02
1.547866431691474816e+02
1.541650702579206325e+02
1.530979796221415370e+02
1.546879991378999364e+02
1.269903679701335051e+02
1.456364832802036915e+02
1.430829479480655948e+02
1.426894651353527195e+02
1.426944404910620960e+02
1.420884174332293810e+02
1.454268647942055281e+02
1.442585578123454866e+02
1.416536019721784498e+02
1.448825033186776636e+02
1.470505812485273793e+02
1.473201918311516181e+02
1.466835424156147383e+02
1.461714264557429317e+02
1.457840391033474816e+02
1.457034030837469913e+02
1.438690516798460521e+02
1.446245642545417525e+02
1.432628727653012675e+02
1.424910313876617067e+02
1.429348209707157764e+02
1.369022990593197733e+02
1.393477670433165372e+02
1.353435715313557637e+02
1.313485405710047189e+02
1.285783102357952998e+02
1.288757959524916998e+02
1.303212988571578705e+02
1.270783928741922750e+02
1.285285473361269624e+02
1.284307380241324665e+02
1.295458745572959458e+02
1.292682409366047125e+02
1.292242374220969623e+02
1.313081056283814689e+02
1.317919129348899787e+02
1.317367569316256208e+02
1.315439713469927483e+02
1.308429562183580401e+02
1.326170553658406277e+02
1.316101767069934283e+02
1.310366093001839545e+02
