6.916622448408563741e+02
6.891929118888971288e+02
6.869057412121403559e+02
6.846069542689717764e+02
6.821739439365529734e+02
6.796369595371916148e+02
6.767621306249245663e+02
6.736546461089789091e+02
6.704901438120421062e+02
6.666628498583262399e+02
6.625485694149343772e+02
6.579644361513783224e+02
6.528824313033359203e+02
6.470319815895702504e+02
6.404723701696325406e+02
6.327778352676332361e+02
6.250890274139875373e+02
6.161412854597309661e+02
6.061152437057996849e+02
5.957218401169080835e+02
5.855079846788293025e+02
3.613076580977555068e+02
3.397276865454601875e+02
3.458482529134001311e+02
3.420239811063106004e+02
3.460840147471793102e+02
3.461359032057990817e+02
3.483812288187819490e+02
3.407284407029559929e+02
3.395731284115096855e+02
3.404431022257619475e+02
3.400577569809009901e+02
3.394226483699620758e+02
3.402926771304901195e+02
3.405705637890453090e+02
3.409675391339183079e+02
3.399848913420070176e+02
3.398519080356459199e+02
3.394254080475642468e+02
3.400090200247668690e+02
3.393748801029807396e+02
3.387221141573216983e+02
3.322459143234059411e+02
3.313851089160120864e+02
3.308063326170614005e+02
3.301140676112232200e+02
3.306208421368770587e+02
3.342249805963198241e+02
3.328961654604938190e+02
3.325556512662228101e+02
3.330827843694744388e+02
3.320856431328891745e+02
3.303626039844457978e+02
3.319686775457955719e+02
3.305414027204494687e+02
3.297860665047595603e+02
3.294941635164419154e+02
3.292886008122776502e+02
3.286586253946703664e+02
3.290039763831521213e+02
3.297624206103198503e+02
3.304863803602181633e+02
3.301906725234428563e+02
3.244427096805328574e+02
3.279486493506195757e+02
3.317002368234037704e+02
3.287235238836311169e+02
3.312238966372988784e+02
3.278237441275940114e+02
3.267043931771091252e+02
3.267246200211609448e+02
3.244852693718949013e+02
3.254952740007277043e+02
3.257112344441889604e+02
3.234722991978317737e+02
3.203780267171227365e+02
3.214436798540898508e+02
3.218341385036105748e+02
3.212489847741346125e+02
3.200299464872142039e+02
3.210515354282875933e+02
3.207733396253834144e+02
3.205480277173800232e+02
3.194521018647287178e+02
3.287769208169947319e+02
3.268910144341587056e+02
3.272406803601021466e+02
3.272654522927114158e+02
3.227919434555833504e+02
3.265712954704438289e+02
3.259515271185636038e+02
3.218137352021198581e+02
3.225060203426498902e+02
3.198405271891740540e+02
3.176213097100282425e+02
3.171671208479468760e+02
3.188823806127775811e+02
3.182058026957675452e+02
3.162079008781347511e+02
3.139296547284719168e+02
3.136660173852267235e+02
3.126126551170041239e+02
3.116706992693682992e+02
3.108613346485104216e+02
3.108303978554724836e+02
2.840592509232697012e+02
3.049487889792695796e+02
3.099879513674631539e+02
3.083172430265790922e+02
3.057304399738872576e+02
3.035476686149065699e+02
3.007267206660837928e+02
3.019748981113229434e+02
3.037866648573780139e+02
3.035665073842965285e+02
3.048959354911087871e+02
3.031570094055440450e+02
3.021642268114848662e+02
3.003996745972017379e+02
2.999693882858263692e+02
3.004803996187818029e+02
2.998100701878914833e+02
3.005978345778796665e+02
3.009866439830917102e+02
2.997621555314296415e+02
2.997621473171285515e+02
2.717198784694073765e+02
2.870535447131981073e+02
2.942452075378554923e+02
2.871980341387426279e+02
2.878898098370959815e+02
2.897267621329507961e+02
2.897819301321971466e+02
2.880992854929373834e+02
2.885154086403786664e+02
2.878112188118442418e+02
2.913055560423822499e+02
2.929996869145449523e+02
2.924966500866407273e+02
2.922425228890151629e+02
2.918352149295701565e+02
2.922101442303611520e+02
2.912045768597412803e+02
2.910185982858641296e+02
2.901587602690246968e+02
2.900184683904832355e+02
2.892346473380912357e+02
3.074049915594156346e+02
3.043709307737377685e+02
2.978508682143004194e+02
2.882207169644714781e+02
2.876262924002001000e+02
2.867630358019952723e+02
2.866558592476328613e+02
2.842084339838610845e+02
2.842409803098872771e+02
2.828176034057207175e+02
2.824649619016639690e+02
2.809805747009187940e+02
2.807293757395132729e+02
2.812617771950266388e+02
2.824301821489501094e+02
2.820117704284829188e+02
2.806204813516099534e+02
2.813771171416825609e+02
2.806744098859067549e+02
2.794592365172345012e+02
2.782126025939795682e+02
2.695154383473358166e+02
2.693742720176379066e+02
2.608597108085861009e+02
2.586046624526287019e+02
2.610222348607503022e+02
2.629049352389753267e+02
2.645036067582649366e+02
2.660811026981187410e+02
2.676391568411159483e+02
2.703371545763706649e+02
2.684960893727391635e+02
2.682941990883148264e+02
2.688664302209953121e+02
2.694722231805082515e+02
2.690628773643418299e+02
2.685839454369846635e+02
2.700737968712284669e+02
2.699765631313364906e+02
2.683453539861833406e+02
2.674746269710543629e+02
2.677133173645384545e+02
2.633156335521791789e+02
2.546261534522297723e+02
2.560313877754078931e+02
2.612231607980237413e+02
2.604026624529467426e+02
2.594024837003782977e+02
2.578965331631558797e+02
2.579963532856567667e+02
2.586847757149166682e+02
2.584498399204246084e+02
2.595221510619861078e+02
2.597275392681420954e+02
2.588072003532464009e+02
2.588302403414283503e+02
2.590087722842031326e+02
2.576659054184970614e+02
2.571063217546201827e+02
2.572208499594345881e+02
2.571006821558596016e+02
2.575465169906370306e+02
2.578171647243005395e+02
2.390983539663052397e+02
2.547502059442861650e+02
2.525927642636910946e+02
2.529388948717123924e+02
2.528674120654839896e+02
2.497151523745399118e+02
2.496409239970058138e+02
2.502490714650460291e+02
2.495782874272701406e+02
2.488083036626663613e+02
2.491305166626610799e+02
2.485796194786854869e+02
2.477212564301433133e+02
2.477673451202582271e+02
2.489569412124624819e+02
2.493823095823442202e+02
2.484338219179787757e+02
2.484006576799048389e+02
2.481858019053457269e+02
2.486673379087761475e+02
2.501142528888368872e+02
2.475503105097768639e+02
2.454251892918736075e+02
2.415035393958728775e+02
2.362519692842308530e+02
2.410347161445120889e+02
2.401578674605083279e+02
2.366022842133091331e+02
2.391137201464816258e+02
2.390785346367235888e+02
2.394003797511476535e+02
2.423868311505860902e+02
2.438499954581712075e+02
2.454571306743517596e+02
2.462360499105687666e+02
2.453213987747343197e+02
2.452979278681911524e+02
2.448825410708032848e+02
2.443517669485294448e+02
2.440638015362236786e+02
2.437894384427586942e+02
2.433733044793833926e+02
2.429059659124984307e+02
2.465786290758757389e+02
2.372999796596062936e+02
2.399268951638697160e+02
2.373558998203278634e+02
2.390085162834211872e+02
2.387632931058745953e+02
2.395523114603010981e+02
2.403442810730507233e+02
2.383973453876068334e+02
2.395598011512241499e+02
2.392241492178532383e+02
2.401961207572451542e+02
2.398980362275036100e+02
2.385116011441413946e+02
2.380558930319115518e+02
2.385322736087481132e+02
2.378311534620014527e+02
2.375198179763918631e+02
2.377393037270213370e+02
2.382667308231102368e+02
2.680401012904314939e+02
2.373964479720532097e+02
2.361681483502349010e+02
2.373501414649057892e+02
2.346812395747626283e+02
2.318797994008306773e+02
2.334919980621733373e+02
2.362275646292301303e+02
2.355958077481294595e+02
2.346211523379709547e+02
2.333520076028878805e+02
2.343990021014291187e+02
2.346893237422209211e+02
2.350545029660839589e+02
2.358221639272980497e+02
2.357602347587220493e+02
2.353542265519276668e+02
2.340233344242933811e+02
2.339210106898532047e+02
2.337008797154113608e+02
2.329489645083839093e+02
2.355725037870177800e+02
2.275531252552900412e+02
2.313885408226710183e+02
2.362337139831699346e+02
2.332436371939526225e+02
2.295161597490777581e+02
2.339625364392647668e+02
2.330982358475447143e+02
2.320513795517497613e+02
2.330038536208893163e+02
2.317175705384782418e+02
2.322786713614191569e+02
2.314945469430530522e+02
2.305233931283945310e+02
2.307232385726004509e+02
2.310825189114073908e+02
2.308430286925512291e+02
2.303082993372883607e+02
2.286587563935261471e+02
2.296152510435595104e+02
2.296745587594182894e+02
2.201226357474677400e+02
2.226614825870265975e+02
2.220563919114287614e+02
2.265684209976248837e+02
2.240733176201762546e+02
2.247307481354512788e+02
2.248963439081903459e+02
2.269567964891068641e+02
2.271435145329396619e+02
2.274162804056818175e+02
2.269242211020776949e+02
2.290605234242292738e+02
2.290563359679684652e+02
2.282195623695799043e+02
2.283170946963902281e+02
2.287461233833316214e+02
2.290418984119849313e+02
2.295098246263233932e+02
2.278023254683137111e+02
2.282683372663105104e+02
2.268587656184463981e+02
2.012023344858122300e+02
2.116921610720566491e+02
2.152606038259841910e+02
2.164921689736140422e+02
2.192507454248025738e+02
2.175822651693361536e+02
2.205008731652144718e+02
2.204370219925041283e+02
2.208049886999391731e+02
2.209201453900615775e+02
2.194254676594699731e+02
2.185810235895537517e+02
2.206856021958533631e+02
2.222509699867758002e+02
2.224498485518662392e+02
2.217643790373736294e+02
2.217138233130793594e+02
2.224969721420488895e+02
2.232618743651487421e+02
2.241172114713309895e+02
2.237899796544513435e+02
2.360826561877124163e+02
2.248177603442437373e+02
2.265255670436588957e+02
2.286544475028195222e+02
2.260492323955398888e+02
2.258914253648560191e+02
2.260825157677447805e+02
2.262634998552141496e+02
2.258056684623388151e+02
2.248057343947918696e+02
2.231613993634396707e+02
2.228656203700652156e+02
2.225199008217737173e+02
2.237287582091609011e+02
2.236806385700189423e+02
2.217501519235714511e+02
2.210852195695803175e+02
2.201356381040340011e+02
2.205497809271248002e+02
2.206277885410323449e+02
2.218492233905596436e+02
2.383845989783893060e+02
2.358317496344258473e+02
2.226240273301720265e+02
2.215751844887975892e+02
2.221429165882692018e+02
2.191958883681510599e+02
2.173864378381986171e+02
2.168506149015590267e+02
2.182063879853402284e+02
2.200612547402873531e+02
2.190516328683797553e+02
2.194519564064561052e+02
2.195636663497948575e+02
2.195245604343145374e+02
2.193718516503224976e+02
2.194092441214004907e+02
2.196883892437596160e+02
2.194018595708486146e+02
2.198021976026680591e+02
2.205912919726320638e+02
2.201795298001251524e+02
1.941091628267126339e+02
2.113212037138609958e+02
2.200224485495577085e+02
2.215033860566169892e+02
2.168786670441504896e+02
2.170392141625644058e+02
2.179825615982925910e+02
2.179775054190669152e+02
2.186985957056365351e+02
2.217930144968493096e+02
2.206514235897079743e+02
2.212365874744735379e+02
2.212653638275384935e+02
2.209729413201221746e+02
2.200880995637772628e+02
2.208083915985498606e+02
2.203742728446505339e+02
2.203037352500240900e+02
2.196332644337385318e+02
2.195448339341039627e+02
2.194901919067140739e+02
1.943907959994985220e+02
2.181657216854710271e+02
2.143115304517532138e+02
2.131241220591062984e+02
2.131561651571207676e+02
2.165284872584147422e+02
2.203946344867372318e+02
2.201138600900061704e+02
2.217306030803165413e+02
2.223469035456539018e+02
2.196620483105080268e+02
2.209288122514893189e+02
2.214374852527635937e+02
2.205933070908646414e+02
2.192506285313644128e+02
2.184126670052901034e+02
2.187778582820251643e+02
2.183012649097976805e+02
2.185428738921306149e+02
2.186415528573865572e+02
2.188717039078834716e+02
2.004512494179105033e+02
2.231463596380445438e+02
2.247564356108318577e+02
2.275234835859629925e+02
2.285993457084052807e+02
2.270682627927531030e+02
2.236071502270746123e+02
2.220068224319061301e+02
2.207528102503080163e+02
2.215105425430457444e+02
2.195699082158781721e+02
2.206898144054463842e+02
2.195777234876206876e+02
2.190739856870031019e+02
2.185058347133888503e+02
2.175384715434759073e+02
2.183534484360793613e+02
2.181874783863128755e+02
2.176796831867195579e+02
2.181826195116983627e+02
2.177309740560316413e+02
2.207163246377229484e+02
2.208518845005012849e+02
2.179190520021833493e+02
2.147400105536965782e+02
2.140501213919804684e+02
2.103609420039851159e+02
2.107387244308358731e+02
2.109241889093839859e+02
2.118706374875357312e+02
2.129365516649183121e+02
2.145544936037198056e+02
2.151852480578759810e+02
2.155232472115757787e+02
2.162380655178391180e+02
2.168004332498198323e+02
2.156811408915551738e+02
2.174865637617991183e+02
2.170897038740168057e+02
2.179851093333105041e+02
2.182008888062730136e+02
2.174382646566451456e+02
2.123118388555177773e+02
2.197552068271906762e+02
2.207763923566416793e+02
2.232654713494673331e+02
2.183746353907999094e+02
2.204889518796150014e+02
2.184085953604667054e+02
2.187887561975150561e+02
2.186070693177458395e+02
2.171525440153226327e+02
2.169986292334242535e+02
2.175813761218070681e+02
2.177496930551198773e+02
2.178529973000966891e+02
2.180223048854977890e+02
2.174487354078503074e+02
2.165536200478753699e+02
2.162844460064131908e+02
2.168604720083955613e+02
2.174178715909059463e+02
2.168485353492157230e+02
2.113125266714150712e+02
2.081458292546045357e+02
2.095290534876448589e+02
2.150085200222283390e+02
2.170516218569256353e+02
2.178646932266938450e+02
2.191977768282009720e+02
2.224335323643244919e+02
2.219957239249497150e+02
2.200559257702660148e+02
2.204434700625648702e+02
2.198990188303669697e+02
2.186159439982642709e+02
2.181503779273985515e+02
2.181665148161214915e+02
2.179561118538669291e+02
2.170709461325670873e+02
2.166322224931069229e+02
2.161633591639540271e+02
2.160699538724365141e+02
2.159958537102073990e+02
2.318949278813857404e+02
2.156491957012239027e+02
2.164084511513819962e+02
2.164610310084922276e+02
2.169604011060440882e+02
2.166280219782454992e+02
2.165442998798539236e+02
2.162182147999531594e+02
2.158761529597644824e+02
2.169664744356101949e+02
2.153660476896901628e+02
2.144441461426365549e+02
2.147079184589336478e+02
2.138418205778891661e+02
2.147047807074023922e+02
2.139846820130113656e+02
2.141475988003526822e+02
2.151828251468433564e+02
2.158950598341194222e+02
2.158289439922786244e+02
2.159593530192152571e+02
1.978536714830106860e+02
2.112012290258889493e+02
2.153847371095281460e+02
2.121585784371106058e+02
2.123312926551306248e+02
2.130148405142024330e+02
2.139668122827174557e+02
2.130140945385153657e+02
2.141133012799976143e+02
2.145919965363923438e+02
2.154622731207178958e+02
2.153640519516196719e+02
2.157190227818788628e+02
2.151820466832787702e+02
2.144625536311428959e+02
2.139830538667307565e+02
2.152783605095766006e+02
2.157631684575970326e+02
2.160907333204932002e+02
2.158436072197534088e+02
2.155454474097276716e+02
1.991210330919948035e+02
2.139775534653174418e+02
2.192987515928315929e+02
2.217241900553878793e+02
2.199141142202271624e+02
2.192947119196406618e+02
2.189810595574988668e+02
2.171140986811502955e+02
2.169993677453090584e+02
2.176538475881670820e+02
2.168289874324812843e+02
2.153377264567910458e+02
2.164689559238758818e+02
2.151426411125193852e+02
2.150710063620368544e+02
2.147368324361243310e+02
2.146935557124415652e+02
2.156001046039205278e+02
2.159085683262376847e+02
2.164441489406208348e+02
2.158797065053703079e+02
