9.968013999290114953e+02
9.923037244894262585e+02
9.878887380806920646e+02
9.830909172560326397e+02
9.782856311389839448e+02
9.732537470412310086e+02
9.678412208300383099e+02
9.620112201827527088e+02
9.555056478125238755e+02
9.488328643602234251e+02
9.412117588640090844e+02
9.321618819113571135e+02
9.227248889386902420e+02
9.129000718522645457e+02
9.020207390260924285e+02
8.909066953110877876e+02
8.782092218088042728e+02
8.656169773319312526e+02
8.530504684126672146e+02
8.408713953214813728e+02
8.293559180410302361e+02
6.151648075100706592e+02
6.411259865437747294e+02
6.550247059285563864e+02
6.440619531266354443e+02
6.418502432823423760e+02
6.354242351395781725e+02
6.321866870124052866e+02
6.262473228708670376e+02
6.261272419965512199e+02
6.256109699839162204e+02
6.236696524376404795e+02
6.227004240273763571e+02
6.196020614590186142e+02
6.193308392009809040e+02
6.177997450228456273e+02
6.175401281398756055e+02
6.180610918317056530e+02
6.191024178458272900e+02
6.180394391328662778e+02
6.165960515165523930e+02
6.157801713762710278e+02
5.771940474942061883e+02
6.200545425883902908e+02
6.161853907707582039e+02
6.024423682655502716e+02
5.976828263005530744e+02
5.953224155689828194e+02
5.934662177877678459e+02
5.940879042206934173e+02
5.894432950913449076e+02
5.911480859881583001e+02
5.871734711388693313e+02
5.895513560865687168e+02
5.862040365951577314e+02
5.863355571781357867e+02
5.855896283003037297e+02
5.871259816597405461e+02
5.889188065527291656e+02
5.879462221944098701e+02
5.869153659527347600e+02
5.862677828278497145e+02
5.848979447841229558e+02
5.652453573375801170e+02
5.548052902650811120e+02
5.626948284091424739e+02
5.612573200751667173e+02
5.635995588978802289e+02
5.590742062883317658e+02
5.600389006426743208e+02
5.569738455207193510e+02
5.568845189439743990e+02
5.579199216834590516e+02
5.546476619149818816e+02
5.546069976055824782e+02
5.509649839536331228e+02
5.489579407729681861e+02
5.483102725085353768e+02
5.469983157387799793e+02
5.451079908852409517e+02
5.429209543607777277e+02
5.398443895764586387e+02
5.379002999082870247e+02
5.374940360555476673e+02
5.181400760240546788e+02
4.883832372510273103e+02
4.800343219437988296e+02
4.895077128123775196e+02
4.852155430136166956e+02
4.862995992438104054e+02
4.845032251101825409e+02
4.804716141188754364e+02
4.782544307890332220e+02
4.775314169155788591e+02
4.717502550477371983e+02
4.706252184079950212e+02
4.661985222504386570e+02
4.632448633306904640e+02
4.582264418091824041e+02
4.546541407266906845e+02
4.504894903134116930e+02
4.486895813672043118e+02
4.452217513988240967e+02
4.412019727155732198e+02
4.386303080237941003e+02
3.831230195276858694e+02
3.698847221491575965e+02
3.734986073786495240e+02
3.671305461126183332e+02
3.589783190215668469e+02
3.578776497821847897e+02
3.580965585232694366e+02
3.530760619459251757e+02
3.499565396970664892e+02
3.439510344330294629e+02
3.393956440189320460e+02
3.386882639950522957e+02
3.358541748250350452e+02
3.334304026470379085e+02
3.304835479516046348e+02
3.271450447433073805e+02
3.272801190028860674e+02
3.246544077548851419e+02
3.215082987007218094e+02
3.196064885044276593e+02
3.164766629054224722e+02
2.711742696198325575e+02
2.566044729784447327e+02
2.576608439253649863e+02
2.583008093340369555e+02
2.560771471030861903e+02
2.590978107736564766e+02
2.586078697015576040e+02
2.585265638416558431e+02
2.543950846869578015e+02
2.529111781682771039e+02
2.487345931140035020e+02
2.478183587219765229e+02
2.464086831950569092e+02
2.457542863584800727e+02
2.449878188028654051e+02
2.476819867734182594e+02
2.475396460229470676e+02
2.478852316642226299e+02
2.461798843748489389e+02
2.463612981140626061e+02
2.462197484864890953e+02
2.049192152770142457e+02
2.309202640710400942e+02
2.294688665226179580e+02
2.310853639458506450e+02
2.222867087761363223e+02
2.296483675024929028e+02
2.326347401649641995e+02
2.315294187355579254e+02
2.271639807294440345e+02
2.257345821117478408e+02
2.226413209414188543e+02
2.222934888122506436e+02
2.223634472558053972e+02
2.222655994950027889e+02
2.227444104832691210e+02
2.217209010638431437e+02
2.206969079599856229e+02
2.210033454952921943e+02
2.190195987983121313e+02
2.187574092603759084e+02
2.172697138162299382e+02
1.590757745172272166e+02
1.825255529059350863e+02
1.966918618852268139e+02
1.908049891039782437e+02
2.002784494090964529e+02
2.014044295809892162e+02
1.992784136423246935e+02
1.960824136556642259e+02
1.972883404081685796e+02
1.981557525350362710e+02
1.969935866651036065e+02
1.985823642593342413e+02
1.981722265103697396e+02
1.980307949822638420e+02
1.984840145151991067e+02
1.972171887262111909e+02
1.966413848101016981e+02
1.982312307613382245e+02
1.972881984546474143e+02
1.966778143965048002e+02
1.950933261917784023e+02
2.451047022084101741e+02
2.016087041307307004e+02
2.056141232924407802e+02
2.037739552624932742e+02
1.997096953110913944e+02
1.947614920578136832e+02
1.900854137081449551e+02
1.940172121605944540e+02
1.952257443402267256e+02
1.930497342562557037e+02
1.919213582727363701e+02
1.886787052095982347e+02
1.898917489620719437e+02
1.938412902802168105e+02
1.913288103199243722e+02
1.898328949117341722e+02
1.890434405266404667e+02
1.883143029357355260e+02
1.859183629849539443e+02
1.858884947086746138e+02
1.847118690048710903e+02
1.486292507128351872e+02
1.664822045345758852e+02
1.661057945343141853e+02
1.712598326848735724e+02
1.728066538128017555e+02
1.696568721204449730e+02
1.689610893064267998e+02
1.726446597123506308e+02
1.733741846468659844e+02
1.724827641730080927e+02
1.710269464553430794e+02
1.692196971726206982e+02
1.714920521587359019e+02
1.706073623375634156e+02
1.701226782053927025e+02
1.695964974718374094e+02
1.681357291287892508e+02
1.693744922402299551e+02
1.698621306783377065e+02
1.696140847701999519e+02
1.681148157999340071e+02
2.179738096965150191e+02
1.699467638057630268e+02
1.694411800730603375e+02
1.609011858142528411e+02
1.620183852223363488e+02
1.581044273646150771e+02
1.538746311959707214e+02
1.544054766918138171e+02
1.564936562759885419e+02
1.581274994092334225e+02
1.584994938853024280e+02
1.597291389990305674e+02
1.608705211099324401e+02
1.617428270781475703e+02
1.611831597279040125e+02
1.616664088406143946e+02
1.604329871879234872e+02
1.603820313947445868e+02
1.600404661849574097e+02
1.598117858836208143e+02
1.591237046171728764e+02
1.530437213387357929e+02
1.458477188853385371e+02
1.472011363878783925e+02
1.614338801021981737e+02
1.564380452971625175e+02
1.554790345394053190e+02
1.560540978435994361e+02
1.550049407977888336e+02
1.526819122011000900e+02
1.523598026410932107e+02
1.534256073554770126e+02
1.507642674071552449e+02
1.506378051487936318e+02
1.503598156687575909e+02
1.487942189432912983e+02
1.475244632369988551e+02
1.489004023663478335e+02
1.496167590734418695e+02
1.507601610588387757e+02
1.507027224273249999e+02
1.495656455213189133e+02
1.611783981402486461e+02
1.484702550380396531e+02
1.327463831725737009e+02
1.460432767360261437e+02
1.442724610056765187e+02
1.423440836863332777e+02
1.444645014949609276e+02
1.460876035282049656e+02
1.473301837620992387e+02
1.444014445239010058e+02
1.422925709701987671e+02
1.434378870584588697e+02
1.421158087931826230e+02
1.453133563980678389e+02
1.469118134031067200e+02
1.485811722015486680e+02
1.475384233482993750e+02
1.474177819574853459e+02
1.457606433667172610e+02
1.444802024235088709e+02
1.434057490500494794e+02
