6.915455299597508656e+02
6.892159872191140266e+02
6.870588840391591248e+02
6.847067986613569701e+02
6.821714307208837909e+02
6.796872035004581676e+02
6.769537718138792570e+02
6.739761655494816068e+02
6.705773647974592677e+02
6.670652357925230262e+02
6.627183828177219311e+02
6.582710742020855150e+02
6.531456551131818742e+02
6.473814104094373079e+02
6.408049868870683667e+02
6.332214328407929997e+02
6.250413093112836123e+02
6.159189391353276051e+02
6.058304574952206849e+02
5.954280075743427005e+02
5.849497553542714741e+02
3.780148227487932786e+02
3.601488723667099521e+02
3.548124201068806656e+02
3.498784143243891549e+02
3.529415568464268631e+02
3.541432083268587689e+02
3.520105026868068308e+02
3.473682762294218378e+02
3.493039376882747433e+02
3.455337796154767034e+02
3.456888641267427147e+02
3.421714545597953361e+02
3.424274636036755055e+02
3.421707240415557862e+02
3.409393105496624798e+02
3.398772001256832596e+02
3.412573013596389160e+02
3.408214774294572749e+02
3.397492120759382601e+02
3.394427982305205660e+02
3.389852121872202133e+02
3.507531092449131620e+02
3.420568055819542224e+02
3.390000686593430146e+02
3.347900903462278848e+02
3.358599185009960024e+02
3.320489031096090571e+02
3.294917711353197660e+02
3.292128939550381119e+02
3.296223792974448656e+02
3.311685318475171584e+02
3.317095154920099276e+02
3.298448344776457475e+02
3.301564148297938459e+02
3.270463326905081658e+02
3.277807178583677228e+02
3.281152101955410103e+02
3.281515247835532705e+02
3.280682938715859791e+02
3.264962684713117937e+02
3.280273594048554173e+02
3.270879551186687308e+02
2.741715158032725981e+02
3.129766595212931861e+02
3.150423995219542803e+02
3.144951324853009851e+02
3.135436201143726862e+02
3.144952641680251872e+02
3.121610418364686552e+02
3.112095102065738956e+02
3.105982930572649821e+02
3.118606047484097985e+02
3.119098059587175271e+02
3.137051752229214117e+02
3.136279487002796600e+02
3.136794873605112457e+02
3.136293809198622284e+02
3.121324400908468988e+02
3.120474222889676525e+02
3.119536368640496562e+02
3.118343244697936143e+02
3.115197410937146287e+02
3.116090911142713935e+02
2.969991879216777875e+02
2.881319779791577957e+02
2.970821744155173292e+02
2.988769639076436988e+02
3.009686974052380606e+02
3.009563583998731815e+02
2.964472917201375139e+02
2.964954104993623218e+02
2.949451256618376647e+02
2.936821699902891964e+02
2.918663299968993670e+02
2.917667348889697223e+02
2.904470943126399902e+02
2.902384619069831615e+02
2.911823716055120599e+02
2.899642573564132704e+02
2.880434307777513823e+02
2.867753843070429411e+02
2.854426943321811905e+02
2.837857199361493485e+02
2.826283537829240231e+02
2.866296309616833469e+02
2.577535462293386104e+02
2.562049376739206537e+02
2.606957570238046742e+02
2.541600675996067480e+02
2.519075087812719573e+02
2.488951384088093164e+02
2.474757778563323427e+02
2.476675758804821328e+02
2.455388947320257955e+02
2.458920084573607312e+02
2.443069796448484396e+02
2.411808725668506668e+02
2.410287137840296054e+02
2.386411571474226321e+02
2.375680746065416713e+02
2.367690197986222245e+02
2.361074183858707727e+02
2.357602008572340253e+02
2.343859720908489805e+02
2.324508362443860108e+02
2.030954194426943786e+02
1.963284670103918756e+02
1.933314083379383419e+02
1.892774520434922181e+02
1.887460686679553987e+02
1.890190717710284503e+02
1.873486378331211597e+02
1.881043938133885547e+02
1.861873606997395143e+02
1.853214219424241378e+02
1.845866965349863449e+02
1.833455742659814121e+02
1.825344260653047570e+02
1.812150812365087802e+02
1.787604093521701714e+02
1.772947604464924609e+02
1.753920902330941942e+02
1.740776522558207091e+02
1.728431367717756189e+02
1.723801631316941325e+02
1.716226409184297381e+02
1.628627993068561182e+02
1.559098175550406609e+02
1.482671333434018663e+02
1.454072005751330323e+02
1.421855246196470546e+02
1.384427444293976635e+02
1.378160474336257550e+02
1.368061686967410253e+02
1.372967731786511933e+02
1.339566985601637157e+02
1.323484665065369370e+02
1.326994151668996267e+02
1.316186591220320850e+02
1.306877241953400528e+02
1.305055292316826581e+02
1.293199818797990872e+02
1.281076535184730290e+02
1.270238436426316042e+02
1.258298690745984345e+02
1.244964025092200615e+02
1.239389855539039615e+02
9.371176676768058655e+01
9.624706780874062417e+01
1.012862554571035076e+02
1.027050322831597668e+02
1.021443845556252370e+02
1.016372656574837094e+02
1.030497184286694647e+02
1.024105563043333120e+02
1.014320506031359201e+02
1.002315787335850104e+02
1.000776288646819410e+02
9.948316772892010817e+01
9.907970368883995604e+01
9.828780423337134664e+01
9.753318424550963073e+01
9.722192135427272319e+01
9.668025058998512122e+01
9.632733386230528083e+01
9.578219979981197696e+01
9.563969422050625724e+01
9.599470066951077740e+01
6.149730513190511516e+01
7.429222769308792351e+01
7.543039833418148987e+01
7.759003148388710258e+01
7.761334867071384735e+01
7.781040571966562425e+01
7.922743927896830485e+01
7.956901668192703880e+01
8.021665765382878988e+01
8.058167850065810001e+01
8.086463640332333114e+01
8.023181178106318612e+01
8.070318959245409474e+01
8.031338720379909546e+01
7.985390988498343745e+01
7.990893257597390686e+01
7.929452742226105499e+01
7.884585774468452257e+01
7.812884639117696395e+01
7.819314072931398130e+01
7.795094745488283650e+01
6.427987511258325526e+01
6.641085925474519058e+01
7.190813596625110904e+01
7.543769251257378983e+01
7.553983961341799613e+01
7.340283934718520698e+01
7.488080535129525117e+01
7.217081137523740608e+01
7.125523801894991038e+01
7.083538507663233474e+01
7.033020484384097415e+01
7.035056038429162584e+01
7.101021621171423703e+01
7.075699244827880818e+01
6.956062478274343164e+01
7.011301657301711998e+01
6.952414585030146554e+01
6.914737623495339847e+01
6.963797468593523377e+01
6.949458983882755092e+01
6.904616045976503358e+01
6.549197556228608619e+01
6.838092441372889141e+01
6.899221553789944039e+01
6.562063393866444017e+01
6.354153887516206112e+01
6.337838487066001392e+01
6.476891554715594168e+01
6.227191041683812500e+01
6.280102162798620213e+01
6.206495490593318465e+01
6.130328468247426343e+01
6.097062112985098992e+01
6.134395107603005926e+01
6.117616160325680852e+01
6.088332153662959456e+01
6.065671620680580389e+01
6.060915005007581868e+01
6.070869755960148240e+01
6.123257557532631523e+01
6.107635430752945638e+01
6.101843418424569876e+01
4.727620297828122631e+01
5.084410957950807841e+01
5.650367266058157867e+01
5.663287403977070511e+01
5.714644983500929243e+01
5.871431512762505633e+01
5.841445628802978263e+01
5.758418332628039593e+01
5.811320027184583381e+01
5.837386914453119857e+01
5.945985267544687503e+01
5.907686981002245119e+01
5.819845854594906598e+01
5.797261271806492289e+01
5.798185612300168401e+01
5.820359126241723402e+01
5.814973202993143531e+01
5.732434620015749971e+01
5.688154363864925500e+01
5.708888934036026797e+01
5.731695823473303619e+01
4.387323505773350973e+01
5.304206427921928224e+01
5.488407572566328696e+01
4.959071078199455940e+01
4.966958642054313344e+01
5.212878625046996461e+01
5.248993184652799471e+01
5.271665077643706354e+01
5.259647377716672167e+01
5.287121435301383343e+01
5.193576770521474373e+01
5.327065364750326637e+01
5.409958461582571942e+01
5.413172197915882577e+01
5.416697720858964260e+01
5.360993059447928744e+01
5.354211062038739755e+01
5.327536021207902905e+01
5.280965470665870498e+01
5.219751310996071680e+01
5.180593057489620890e+01
