9.966875925237878846e+02
9.921117809068597353e+02
9.876342456933278982e+02
9.830245121790862868e+02
9.782842072008910463e+02
9.731072271611702718e+02
9.675220463970905485e+02
9.617874463502110984e+02
9.556985901050777557e+02
9.484694940015789371e+02
9.406540948883560986e+02
9.326919932039020296e+02
9.232362926116910558e+02
9.127481040454773620e+02
9.020228917183517297e+02
8.910351832744156582e+02
8.781028853978162942e+02
8.659342628889477282e+02
8.540270966260218302e+02
8.426680203794367117e+02
8.319504435745733417e+02
5.884565380277402937e+02
5.931719710761132092e+02
6.044901990562362926e+02
6.086713393716796645e+02
6.154829476975908165e+02
6.113012894523089926e+02
6.116148382400247101e+02
6.162925002174390556e+02
6.144101678291419830e+02
6.181858304079156596e+02
6.185462665083264255e+02
6.167129191843279159e+02
6.145368480501936119e+02
6.136628628524379110e+02
6.125246548313479025e+02
6.107363377488188689e+02
6.120057605625567021e+02
6.119987464907738968e+02
6.138559254794936351e+02
6.145978501131581879e+02
6.145107614061167851e+02
6.144068863759487158e+02
5.808111780453043593e+02
5.953896374659351522e+02
5.976991694806782789e+02
5.972073480350900354e+02
5.930804275196204571e+02
5.926338184816136163e+02
5.962192982385996629e+02
5.989332469993404402e+02
5.996600883630982253e+02
5.983960759211183813e+02
5.990529430443207275e+02
6.001404559960249117e+02
5.973342271597578019e+02
5.949286549275345806e+02
5.941507778222144225e+02
5.942302270394732204e+02
5.926767798577689064e+02
5.897971546016642606e+02
5.902094574168464760e+02
5.879212949677211100e+02
6.140054848732203254e+02
5.745444325724306509e+02
5.686060902436654487e+02
5.703710067812925217e+02
5.669372802283018018e+02
5.633035166126979902e+02
5.637659065618064460e+02
5.654298432677658184e+02
5.655293420997151088e+02
5.639697830009677091e+02
5.593355059175631823e+02
5.576551896327600844e+02
5.581690210540607495e+02
5.570527262716783525e+02
5.541302669966623853e+02
5.532871031722457928e+02
5.524288519059667806e+02
5.495267365662111843e+02
5.476481158977160248e+02
5.458052690525915978e+02
5.449697466906553700e+02
5.233473858946581458e+02
5.026147248342659850e+02
5.032788545813077121e+02
5.000102452199590743e+02
4.987143820024863317e+02
4.992700963389411299e+02
4.977597744473111447e+02
4.943379971942992483e+02
4.949358065004889795e+02
4.952896638145053885e+02
4.919939265319818560e+02
4.898794393668723615e+02
4.881423496472282864e+02
4.886653344457573667e+02
4.871506309561587500e+02
4.857625318640407954e+02
4.828516992465866906e+02
4.797791827189204810e+02
4.754892332673064743e+02
4.729847648452436033e+02
4.699582215397855975e+02
4.154354843209986257e+02
4.051959031219108169e+02
4.140510311362007769e+02
4.145005237162296226e+02
4.150911977114847105e+02
4.094693751905313093e+02
4.087372062520408917e+02
4.022741912886656905e+02
4.015502359117915603e+02
3.993343890955599704e+02
3.951393345447582988e+02
3.935756019133552286e+02
3.896689306987439636e+02
3.880450919338630911e+02
3.853429646516770504e+02
3.815698111878679128e+02
3.781278854283330020e+02
3.759278625839313577e+02
3.723148894307108208e+02
3.701171699046333288e+02
3.666249754117469593e+02
3.449047453637435865e+02
3.226008306215059065e+02
3.190280027527907123e+02
3.079271649875742014e+02
3.082635402662123738e+02
3.008183144609551505e+02
3.002847243153381100e+02
2.982971107683284231e+02
2.978307598849304441e+02
2.958146268823372225e+02
2.931948160050296792e+02
2.912763457899596347e+02
2.934041007681279325e+02
2.921331607991299961e+02
2.899458323559188671e+02
2.901793394284825354e+02
2.882128276389648818e+02
2.844351355781143980e+02
2.834079358909653479e+02
2.810039039054667001e+02
2.800210294068195935e+02
2.436785976164459271e+02
2.409427670540638076e+02
2.385467560522907036e+02
2.406687029894482066e+02
2.411908625172909524e+02
2.404739414015663499e+02
2.380541161195144468e+02
2.358944990772780272e+02
2.361943142590896514e+02
2.336518999658275391e+02
2.344428737415697412e+02
2.354765603165650703e+02
2.347938501728196456e+02
2.345126215497777196e+02
2.338905813734523917e+02
2.335808663561917058e+02
2.341983289550186385e+02
2.327194110962002753e+02
2.323131518497499144e+02
2.316085407887815677e+02
2.328630924317763515e+02
2.002307907839722816e+02
2.025142784601165431e+02
2.075432139058700614e+02
2.214225886370348348e+02
2.167883186282726626e+02
2.151319542573382364e+02
2.147267138968351219e+02
2.165685299696866082e+02
2.170031038471213662e+02
2.230460131416808167e+02
2.237272402609151243e+02
2.232773980008743990e+02
2.213454647777132607e+02
2.205510819821110715e+02
2.191182128302119736e+02
2.184841417941635768e+02
2.168972491320088807e+02
2.149507023702136905e+02
2.134869273669499705e+02
2.117150186203257078e+02
2.114095596591167521e+02
2.133167506246998357e+02
1.854475877975842764e+02
1.884133339507345113e+02
1.942680229163767365e+02
1.937541218203938058e+02
1.878558209608176810e+02
1.880427598764710524e+02
1.920191849698686326e+02
1.949232021214588144e+02
1.937186079436604871e+02
1.934715938097283754e+02
1.930497352635973698e+02
1.929138528006217541e+02
1.925195566332373289e+02
1.918975739113279246e+02
1.964239691830741492e+02
1.952449859621842734e+02
1.952467771922100610e+02
1.959525944670467936e+02
1.956633166511868751e+02
1.947913011093054934e+02
1.719380303351337602e+02
1.805479483879758789e+02
1.730516815053278492e+02
1.752834823588709412e+02
1.755143120651371760e+02
1.777835195447287617e+02
1.777657228311808240e+02
1.763540226172756320e+02
1.769443963962639543e+02
1.784024176461393836e+02
1.816071605950395451e+02
1.812781164764103607e+02
1.789239152656428757e+02
1.787893663320020323e+02
1.791460326221611297e+02
1.787900424704287730e+02
1.775992723246948799e+02
1.775676317549300904e+02
1.771096456650089408e+02
1.792086765139811462e+02
1.811264832075616198e+02
1.911224791460108463e+02
1.939651175085922716e+02
2.029740296615958357e+02
1.929960395197061302e+02
1.908705005485707886e+02
1.857153742831490035e+02
1.820147143387835058e+02
1.797077648180080303e+02
1.783801315672726560e+02
1.766735207720909102e+02
1.766637252726696374e+02
1.757799622728753945e+02
1.781886895289662505e+02
1.772985051753545065e+02
1.781063120302847551e+02
1.770336452261423972e+02
1.770325455224786708e+02
1.774080137460171613e+02
1.761322260818172651e+02
1.745556138281650931e+02
1.752382610347796685e+02
1.704238778796265592e+02
1.625478074277568510e+02
1.645070033859202283e+02
1.610258451507996256e+02
1.636822827912054663e+02
1.665520400281416187e+02
1.678893177314642173e+02
1.670380808213052717e+02
1.658085119063996729e+02
1.649783153952612054e+02
1.655905436406598881e+02
1.644065337867737924e+02
1.658954837207761557e+02
1.658821074240904352e+02
1.650810784415070316e+02
1.642844556837287655e+02
1.641215268081508043e+02
1.632636200706825491e+02
1.640729720899317101e+02
1.676347290647233592e+02
1.669681887958477660e+02
1.830801037283219443e+02
1.897859570326857011e+02
1.792092611675819001e+02
1.743593608126145682e+02
1.682594939358396005e+02
1.720095643593821251e+02
1.742554481642222299e+02
1.743760927362687596e+02
1.725583513440088552e+02
1.706377461501697894e+02
1.702593159728687056e+02
1.691012068330085754e+02
1.730575461151360059e+02
1.713878362303053393e+02
1.695511295889648693e+02
1.693472477953064299e+02
1.682826598679754397e+02
1.668757657161229986e+02
1.667299053608458337e+02
1.650884384688944806e+02
1.634945684064170450e+02
