6.915190393561890687e+02
6.892502212361616785e+02
6.870067003696675556e+02
6.845554798278111548e+02
6.820374915267966571e+02
6.794462167753654285e+02
6.765998938898803772e+02
6.736916795537503049e+02
6.704881072228739640e+02
6.667181155778257562e+02
6.624973619000103326e+02
6.580248351484679006e+02
6.527177078018873999e+02
6.468376628720270674e+02
6.400852636411603953e+02
6.331354338085682230e+02
6.253581526180353194e+02
6.165097100147819447e+02
6.063659080262798398e+02
5.966287485208790713e+02
5.862493997676082245e+02
3.646888334311956896e+02
3.528841643971117605e+02
3.351400803709225329e+02
3.331547624054982748e+02
3.454467031410588334e+02
3.466673874219977733e+02
3.488865179436810990e+02
3.496756277458467252e+02
3.484803779975849238e+02
3.471146726091006940e+02
3.448743939231458739e+02
3.450986555870860570e+02
3.419565771880986063e+02
3.409750563290948548e+02
3.413371270465435146e+02
3.405017811825228478e+02
3.399784500665042515e+02
3.403810915444748275e+02
3.402377572726921926e+02
3.392616377935005403e+02
3.400848421089115732e+02
3.459183142823219441e+02
3.367017230825916840e+02
3.386446774950861709e+02
3.370601392563998502e+02
3.389160911625048129e+02
3.345795650696152279e+02
3.315250215288747313e+02
3.328672286758740029e+02
3.318140096302427082e+02
3.297832622512631247e+02
3.300584170231320513e+02
3.317265347122768731e+02
3.321591869624697893e+02
3.319142204118261361e+02
3.308510460907666015e+02
3.297527062142050909e+02
3.286782284541545778e+02
3.287274647070356650e+02
3.282707624033981233e+02
3.276111874820355752e+02
3.271615684292286232e+02
3.207711529687770167e+02
3.056072915495901157e+02
3.125246660185038081e+02
3.170351910520889192e+02
3.221380880256309638e+02
3.235840969769242292e+02
3.232710706367122384e+02
3.206725876155091441e+02
3.206354216708842273e+02
3.200314613708117122e+02
3.178773802901642398e+02
3.163764444316105937e+02
3.146849329938078768e+02
3.134499813958921095e+02
3.133593862237857479e+02
3.120228540309529990e+02
3.117144148685363234e+02
3.120646111753807190e+02
3.109699308719541477e+02
3.113156883938154920e+02
3.117838920145352972e+02
2.833764626036022491e+02
2.872343855118636498e+02
2.912325511640993909e+02
2.900086077688723094e+02
2.882363959744229760e+02
2.926818513845406073e+02
2.896279834976608072e+02
2.898114645943417145e+02
2.896059900047371229e+02
2.895817985240205417e+02
2.919458949576319355e+02
2.914657292407900968e+02
2.913470558190314250e+02
2.904326317466480987e+02
2.899956102317152045e+02
2.900847453584260620e+02
2.875183961973572764e+02
2.878915464432778322e+02
2.866010967499767617e+02
2.858884746054043262e+02
2.847076857662044631e+02
2.588721432191749159e+02
2.670793121342848622e+02
2.586737342960211095e+02
2.552962725972711553e+02
2.551977395750285780e+02
2.587022467270737138e+02
2.551534534890197961e+02
2.534469351149657541e+02
2.527911129436379554e+02
2.502479534557335796e+02
2.490164852225015863e+02
2.484595112540463901e+02
2.471025836390658981e+02
2.458760936219714779e+02
2.446417361218430244e+02
2.425278760667241329e+02
2.417600559337883794e+02
2.404964649121764069e+02
2.384818572842557387e+02
2.373749750696257763e+02
2.372989290506013447e+02
1.932155271602205175e+02
1.913408229423497744e+02
1.858634122186839477e+02
1.909039693756289751e+02
1.923520894510190544e+02
1.921561037374974887e+02
1.910686145741707094e+02
1.920536546697869937e+02
1.920595377095587537e+02
1.903024929768643290e+02
1.888896709912805250e+02
1.878710181729078386e+02
1.871163180918116211e+02
1.857596992795612323e+02
1.854680121747445867e+02
1.847931814062761191e+02
1.830822253012312046e+02
1.815037494953023440e+02
1.797891625911229596e+02
1.788785158118875529e+02
1.780291054921040370e+02
1.488058067153715740e+02
1.488650262297320808e+02
1.470801566057605783e+02
1.466304643151495952e+02
1.457361750942190781e+02
1.451476703330279747e+02
1.450596630147761061e+02
1.416004953727436373e+02
1.403751954093954737e+02
1.398112111431589994e+02
1.399103296804390197e+02
1.380086159630504596e+02
1.362362596796868388e+02
1.357853839537022225e+02
1.360216079157304989e+02
1.345053573445679831e+02
1.335027731397634625e+02
1.319900604321366302e+02
1.312059501513320754e+02
1.295971653140867943e+02
1.292781848444353727e+02
1.069645311801439789e+02
1.098883948920669553e+02
1.154315952753634917e+02
1.116850176030217199e+02
1.111270281481554036e+02
1.073218683082485256e+02
1.069840663620954757e+02
1.074493696174002082e+02
1.050135863011678765e+02
1.039512451357344389e+02
1.025032069393552945e+02
1.017387817009450970e+02
1.005169584369732689e+02
1.001479862159184648e+02
9.978568866696954842e+01
9.855591363515206638e+01
9.873323034992748148e+01
9.908984215085405367e+01
9.856139532615776488e+01
9.765547122181290263e+01
9.662763139706932236e+01
8.179672184791817813e+01
8.999637393021394871e+01
9.020987596467901426e+01
8.863987247102718925e+01
8.915490953275902086e+01
8.815782650415481214e+01
8.639827401200612655e+01
8.444149751621363009e+01
8.379166580280333676e+01
8.347172783198799095e+01
8.273394824128862979e+01
8.287352062640331951e+01
8.426385900376116922e+01
8.338191569195633690e+01
8.339839459933133980e+01
8.324379243898974323e+01
8.296091241113649062e+01
8.195012768473203835e+01
8.217997123266519566e+01
8.175250520024063405e+01
8.132883118625345276e+01
7.086157942512471664e+01
7.139452749859813707e+01
6.943857667055097238e+01
6.949355200076387007e+01
7.217292192576420007e+01
7.443658504626681349e+01
7.375680160970019017e+01
7.288230820398925403e+01
7.031358250560946033e+01
6.876261058665318160e+01
6.865787109450582193e+01
6.910058818586830398e+01
6.867411788616321644e+01
6.893812206829611000e+01
6.956793838961850440e+01
6.924730258277118367e+01
6.979750748505286140e+01
6.953795525928427423e+01
7.025153688805691843e+01
7.037568234025110314e+01
7.078270407150210985e+01
7.533645129133481078e+01
6.914754198187738155e+01
6.771140913390871674e+01
6.553525471500682897e+01
6.526710141044934232e+01
6.692775916587986273e+01
6.624347709594940170e+01
6.723841818490068079e+01
6.687371234962617450e+01
6.679939540411015741e+01
6.605420122300736807e+01
6.465921635347979191e+01
6.386208615752914852e+01
6.385726850382688013e+01
6.355938991969759400e+01
6.389387465316024617e+01
6.419166867969065038e+01
6.385678059848171984e+01
6.330576963171252203e+01
6.345700558328485386e+01
6.314085691048715887e+01
5.948681447574809056e+01
6.085162395284173442e+01
6.406198753394754419e+01
6.045766897168791587e+01
6.197672144751905421e+01
6.280946113251725649e+01
6.412400586868677976e+01
6.231160386337272428e+01
6.104918823554228169e+01
6.175353721218225189e+01
6.162456139159536406e+01
6.179299478021541603e+01
6.163296147592639329e+01
6.106346083639032685e+01
6.094386751210576847e+01
6.052842783363458068e+01
5.953466593807740992e+01
5.882893315783200450e+01
5.809194264243956241e+01
5.779683151495634519e+01
5.789214417260091494e+01
5.057710537172812337e+01
5.378575331585529540e+01
5.286214530392718558e+01
5.150034883959201437e+01
5.137872058680449783e+01
5.086409658059864825e+01
5.031847413132251035e+01
5.240355617819318468e+01
5.147783053085601068e+01
5.170023133011744676e+01
5.084776565408661497e+01
5.081267063359723579e+01
5.132402543565314090e+01
5.223046131113503776e+01
5.186454544594955252e+01
5.247856689133969610e+01
5.236261159968483980e+01
5.179746885812705415e+01
5.213962571780842126e+01
5.208411810422012422e+01
5.301668742630436526e+01
