1.722912000627673308e+02
1.709169309897164055e+02
1.696324097561272310e+02
1.683105304307756001e+02
1.668797836006348518e+02
1.653484300302605448e+02
1.637710359311987247e+02
1.621060209241484813e+02
1.602547485997655201e+02
1.582561400871406931e+02
1.562650208366257232e+02
1.540203957191113773e+02
1.513941866926703597e+02
1.486710399522551711e+02
1.459063971267134434e+02
1.429897966662789770e+02
1.401809600191059246e+02
1.376809357988629188e+02
1.352844894860997726e+02
1.332663814151061104e+02
1.313143313925303630e+02
1.068698846627119394e+02
9.369135514844020918e+01
9.279524144636265248e+01
9.473521026634858799e+01
9.454405727154305339e+01
9.326746832294061562e+01
9.279302054796697519e+01
9.319737390121797205e+01
9.306236461652052583e+01
9.335558203951937628e+01
9.322494956064896598e+01
9.286492895859122143e+01
9.234562101109426635e+01
9.181015975023932185e+01
9.155370313394760728e+01
9.111299662483912698e+01
9.089954173308137797e+01
9.082025873181515863e+01
9.045457268799887629e+01
9.018345867887458667e+01
8.977429214051802830e+01
9.461487395273820766e+01
9.014746599523260784e+01
8.832631823683540517e+01
8.747163249669516460e+01
8.700381823192952879e+01
8.588232616990211454e+01
8.588657218368770430e+01
8.618414741807615087e+01
8.651081425893102050e+01
8.651604518019917123e+01
8.629702898759116181e+01
8.589494905525722857e+01
8.606126491383642474e+01
8.632060331050540469e+01
8.650687425446736256e+01
8.661604117042375606e+01
8.622491636544610571e+01
8.605229152152351446e+01
8.598367369671747440e+01
8.577074694744244709e+01
8.588284685899780868e+01
8.559348036542999694e+01
8.559736471878508723e+01
8.351693779232682857e+01
8.398862705737963097e+01
8.350786323204630435e+01
8.338273078039001973e+01
8.383686187291952763e+01
8.365496183193805280e+01
8.337970558787847608e+01
8.341774649379077289e+01
8.332112553790422282e+01
8.292459841862195447e+01
8.250671099316382140e+01
8.254769195498569445e+01
8.239371050179030931e+01
8.283446574119938077e+01
8.254679418783574363e+01
8.202423503259825566e+01
8.185247839473169051e+01
8.160355015569282955e+01
8.149215736671294508e+01
7.797425348317491967e+01
7.573501896061854666e+01
7.591625694055436213e+01
7.533589888126887502e+01
7.516739054242442819e+01
7.518647243897488863e+01
7.486856086645454411e+01
7.556424291946666472e+01
7.583376060833523979e+01
7.533442746887033081e+01
7.538239062437720861e+01
7.543622884010025587e+01
7.535409788671297804e+01
7.524998330864396223e+01
7.533875218681355079e+01
7.553797584788429731e+01
7.507854912047845630e+01
7.509272952121725098e+01
7.528716748455316576e+01
7.556240769387206058e+01
7.530995543927167546e+01
6.933650940657517481e+01
7.575749794668180925e+01
7.291392245882990153e+01
7.268419782911867344e+01
7.237825231374560531e+01
7.281932510044327955e+01
7.269005825033249835e+01
7.281098522735071299e+01
7.231473154628191935e+01
7.146545408200617544e+01
7.085046860916108358e+01
7.054958879563089624e+01
7.050494555270165620e+01
7.022266129863410811e+01
6.982831976045191880e+01
6.965836441615580554e+01
6.922748611193114243e+01
6.885638917947295568e+01
6.885128141275473013e+01
6.861794898865682057e+01
6.817732124723099218e+01
6.122478272441988167e+01
6.269703475512890378e+01
6.439626223260120241e+01
6.412940605356884305e+01
6.329864343808619509e+01
6.271202367965705804e+01
6.311000186798480627e+01
6.310094103771477592e+01
6.302722612467336916e+01
6.240717246813591856e+01
6.272549141366981473e+01
6.241531127359329645e+01
6.228865423451196648e+01
6.233049502267506625e+01
6.199460150394976665e+01
6.191562990595216576e+01
6.176001021345173569e+01
6.140530087640515688e+01
6.141252447386924018e+01
6.110322127494611522e+01
6.094331654328208714e+01
5.431521993020888317e+01
5.730898508866998498e+01
5.849778946955987635e+01
5.828523576671403816e+01
5.746272759236633476e+01
5.636182890610983520e+01
5.625371992475674432e+01
5.583309313104593485e+01
5.547519347733089035e+01
5.490088840991576546e+01
5.465730415815276899e+01
5.466720674358086285e+01
5.464888021365442938e+01
5.470603115820107121e+01
5.479010307059663631e+01
5.457372468544483723e+01
5.464324345253203319e+01
5.472308440547853792e+01
5.446528834518426265e+01
5.422616588691014528e+01
5.423440592458955223e+01
5.125201389602310087e+01
5.142299817574546239e+01
5.133878714633711837e+01
5.021000685742575342e+01
5.004339609396669886e+01
5.052243971566387870e+01
4.981552054490141757e+01
5.006320040866052778e+01
4.995851517525509422e+01
5.000680135416451577e+01
4.964165429873824564e+01
4.936860438019338915e+01
4.960820089631374685e+01
4.939181119634066164e+01
4.919969513226858737e+01
4.891473060136891604e+01
4.894676632285735707e+01
4.914420115318831250e+01
4.894919687650190809e+01
4.871945824539403702e+01
4.867834130681531235e+01
4.900558031526443159e+01
4.454267900422384940e+01
4.542176288074005441e+01
4.608250331347316120e+01
4.589244292664166380e+01
4.575806748720766137e+01
4.572729458989014262e+01
4.546224166598572225e+01
4.513712178825658583e+01
4.473627554909491266e+01
4.493158995821531221e+01
4.484625270301851430e+01
4.469121580238939373e+01
4.494399554003381070e+01
4.487078945554964804e+01
4.507381036394266260e+01
4.493258813583673827e+01
4.495159502022874420e+01
4.460928400167784247e+01
4.461848848648461541e+01
4.447974116781360721e+01
4.236359654583868917e+01
4.270379487507430127e+01
4.180788839042195804e+01
4.145558385482516428e+01
4.180399793727565338e+01
4.204731211834740634e+01
4.181115421285280576e+01
4.185568088168509604e+01
4.160400431330890569e+01
4.162251711936260534e+01
4.160035002111738578e+01
4.176232697805657779e+01
4.174551297709566455e+01
4.164103973374074030e+01
4.171642160614006656e+01
4.153767486410377074e+01
4.159956592290296840e+01
4.166980335423282611e+01
4.150867154630611111e+01
4.127630692545179159e+01
4.135062621311436715e+01
3.688408499637442617e+01
4.223603831630821759e+01
4.270488909132746613e+01
4.239814765860768375e+01
4.175003333802545313e+01
4.107268510330752775e+01
4.093785791547649211e+01
4.024900262886853142e+01
4.028914881301705719e+01
4.035545093115459281e+01
4.023677361068833847e+01
4.031520153960584452e+01
4.052881426667347853e+01
4.044416656382365716e+01
4.025935386330276344e+01
3.983317933258636145e+01
3.951676638272407160e+01
3.940484695413256588e+01
3.919814995358409959e+01
3.923602085279301832e+01
3.917560938264831094e+01
3.513426094292563562e+01
3.692605602566015222e+01
3.669794059301158740e+01
3.714147621999475035e+01
3.763525132443144372e+01
3.771792935558612925e+01
3.774073013101016727e+01
3.772703697784303500e+01
3.795883942140640954e+01
3.789719656130903758e+01
3.780722686648949349e+01
3.766899186862882942e+01
3.765759150461894933e+01
3.792672217728179618e+01
3.781137687374634737e+01
3.762080386352545247e+01
3.751274333411429041e+01
3.753549098712792187e+01
3.750364250267322319e+01
3.739120478850991702e+01
3.739612330284924013e+01
