1.723524161165431678e+02
1.710146722501584122e+02
1.696425462374546100e+02
1.683043988932608954e+02
1.669059708894143341e+02
1.654596641662304251e+02
1.637607054904207757e+02
1.621121170682163779e+02
1.601970324673977473e+02
1.581889144187996408e+02
1.560847448604102397e+02
1.537364956116274470e+02
1.510606551194659914e+02
1.485646723925757442e+02
1.458208591521610344e+02
1.429199181789666397e+02
1.402984407090204115e+02
1.372982950195726914e+02
1.348547092434177728e+02
1.330420247793339854e+02
1.309578878194052720e+02
9.453633613064437213e+01
9.173453584731331034e+01
9.173929682363586835e+01
9.109317703218037821e+01
9.024534885869381640e+01
9.091544744906856579e+01
9.073393943852371990e+01
8.999598452389646752e+01
8.997236991010781537e+01
9.002438871906616669e+01
8.970334144804046161e+01
8.963986689062016922e+01
8.973924971321761745e+01
8.978747108094925977e+01
9.005053098442000703e+01
9.015961837673556545e+01
9.022912154635660897e+01
9.023437005587113902e+01
9.012788115795262911e+01
9.001853764552789983e+01
8.962841843154622268e+01
8.726158857190395679e+01
8.442705940154779398e+01
8.535443228959110229e+01
8.589121691533202352e+01
8.577106589550770366e+01
8.553175142561988764e+01
8.471552746253175314e+01
8.496318381536853792e+01
8.537713711209249823e+01
8.541138857455769084e+01
8.512452093979776180e+01
8.537303595251714228e+01
8.439965522116571606e+01
8.422530471832470766e+01
8.424935719192137640e+01
8.426890223836979033e+01
8.431401045345091916e+01
8.412386438392810817e+01
8.420828545507347940e+01
8.447553440621942400e+01
8.438361587660151031e+01
7.452911441275087157e+01
7.468564448353558305e+01
7.480254005462839473e+01
7.756296190845948502e+01
7.689570647960317729e+01
7.788647996461659773e+01
7.808536633536711236e+01
7.800829030644267448e+01
7.785456977341723928e+01
7.741891530533273169e+01
7.751802093904261426e+01
7.731705721704003054e+01
7.713690690916436665e+01
7.691691955768068567e+01
7.671438204972389485e+01
7.635148715836716349e+01
7.595593721970158185e+01
7.583225800779717929e+01
7.555659993544939823e+01
7.526883803620326319e+01
7.507241313582858311e+01
6.335102650563787563e+01
6.158091168628565271e+01
6.407668320400834716e+01
6.472787379005254138e+01
6.528101326809428429e+01
6.555283926701973485e+01
6.475258792115702988e+01
6.445742096432749690e+01
6.375152060284906241e+01
6.347292031736984086e+01
6.255451877835699293e+01
6.204295873425217422e+01
6.155872203481465732e+01
6.133982278051701797e+01
6.095673982586301065e+01
6.049695527780410487e+01
5.968009340444662314e+01
5.910421766100660790e+01
5.886810662004999983e+01
5.847528549433985745e+01
5.776499675879890816e+01
4.868899231280691708e+01
4.889521715450391781e+01
4.709880901407665021e+01
4.677907263196512844e+01
4.604775150723960309e+01
4.537563070933337173e+01
4.425314388373655561e+01
4.307246972195967061e+01
4.230387773810802798e+01
4.172503306220515640e+01
4.136619277116625426e+01
4.127537605266081044e+01
4.084363031128944499e+01
4.068920290154693475e+01
4.028593471977192308e+01
3.985146661454918871e+01
3.942396436577423202e+01
3.913728850956248095e+01
3.865245167648286895e+01
3.827793060351514498e+01
3.806296274787587919e+01
2.813111871502136907e+01
2.710460364925211252e+01
3.090259962573505348e+01
3.038049957343176644e+01
2.929831300116615012e+01
2.942300541523656321e+01
2.889551471488710632e+01
2.859559157973328425e+01
2.840607963443497397e+01
2.871679627806187796e+01
2.850651614617613561e+01
2.808821690917485725e+01
2.780968985105763025e+01
2.747852713320915186e+01
2.725697317898034910e+01
2.729417891230465898e+01
2.748314796811091654e+01
2.745605352115078546e+01
2.728697115799397821e+01
2.715322041696153477e+01
2.675074854110249944e+01
2.415347825070606902e+01
2.691440350602427145e+01
2.566153681168515988e+01
2.586640388829956905e+01
2.555632503055844396e+01
2.590720709772015340e+01
2.563379280357864332e+01
2.510228223936278624e+01
2.473569721599644922e+01
2.432308665199750664e+01
2.419124693794260494e+01
2.388775976575547588e+01
2.371844377391344239e+01
2.350880348481453908e+01
2.319038919766325080e+01
2.272558699280071437e+01
2.246830755141145630e+01
2.218725599963759976e+01
2.216152596941771691e+01
2.216370703964570410e+01
2.204150697166163297e+01
2.258972313197949688e+01
2.141556953811751640e+01
2.127835018934350586e+01
2.022627336421900068e+01
1.983962960699417266e+01
2.004809686343355679e+01
1.951188805437335461e+01
1.955650550877760097e+01
1.970664351451040019e+01
1.974668816665895577e+01
1.962060911250403805e+01
1.927445764549738172e+01
1.918514933417660018e+01
1.913007274910534150e+01
1.925958150544709468e+01
1.916236773503542778e+01
1.896511636389963940e+01
1.865557794190758401e+01
1.865588158564712629e+01
1.862674640575573193e+01
1.850362072225310328e+01
1.647295257033799132e+01
1.553209772385928744e+01
1.627036389048009113e+01
1.662864980989546027e+01
1.643991660046254211e+01
1.639375010241041153e+01
1.651538252431119247e+01
1.687385222438701859e+01
1.685276377255206270e+01
1.711114555710519980e+01
1.714348097417342132e+01
1.703991302487562720e+01
1.674628045558131362e+01
1.670238288060619425e+01
1.669142652789847503e+01
1.653602955550303122e+01
1.652239171782164462e+01
1.635343321168883080e+01
1.646482108806701206e+01
1.634311614931250745e+01
1.639266733187489322e+01
1.670950496655255790e+01
1.442511698616755211e+01
1.520575720496842109e+01
1.548778794152149985e+01
1.583848031966098446e+01
1.539514357968458214e+01
1.512685172585632642e+01
1.568177558192594567e+01
1.547401534691810454e+01
1.544130923828672231e+01
1.530347076190489730e+01
1.511446596336661052e+01
1.523641074683762930e+01
1.519350314562303517e+01
1.518036873084010274e+01
1.523896872550104575e+01
1.538226886537188243e+01
1.532049900040673052e+01
1.531858886817643217e+01
1.534108913565632193e+01
1.528557079427425869e+01
1.511833028988121264e+01
1.550064002178763367e+01
1.415281417705996780e+01
1.399752845986416716e+01
1.462790167951940923e+01
1.443133837648816531e+01
1.418271607429574921e+01
1.391106510961435738e+01
1.381292231292650818e+01
1.383461426841578579e+01
1.384720000083921576e+01
1.391578096248628249e+01
1.371793401952162128e+01
1.364185520345958835e+01
1.365584416705953785e+01
1.361583095645359265e+01
1.368198024356292386e+01
1.370993313231618593e+01
1.361674847312060166e+01
1.362967941499580604e+01
1.367095268456669643e+01
1.435908991725637662e+01
1.324911025361980599e+01
1.354478003993242119e+01
1.279900875486781153e+01
1.304451171351174210e+01
1.293558553733622141e+01
1.320149158555272173e+01
1.298593576099922764e+01
1.290847545936963492e+01
1.291762669399157382e+01
1.322413229801455081e+01
1.313428881324784570e+01
1.293935356551981464e+01
1.304986725653629520e+01
1.295554552103593160e+01
1.300612720350193285e+01
1.286623014129792608e+01
1.294344168412105489e+01
1.298039332403323520e+01
1.285046719211648458e+01
1.288330814380323019e+01
1.313639305577222771e+01
1.226645903830727846e+01
1.149955250581900756e+01
1.162790500762395496e+01
1.213012997137397164e+01
1.196428291696549984e+01
1.173751542883725385e+01
1.165848895057959744e+01
1.170975469496364241e+01
1.176617985185977311e+01
1.172266922328767258e+01
1.190160557876440528e+01
1.218632439382767707e+01
1.212037096697901717e+01
1.221253054001707028e+01
1.222520918486845787e+01
1.215264205293489219e+01
1.205124407114011476e+01
1.196191074365960993e+01
1.197511105195930270e+01
1.193739811368313397e+01
