2.444507833625510500e+02
2.386487581489661238e+02
2.291801877759486388e+02
2.330533197594366754e+02
2.308940648309328765e+02
2.292592979968307816e+02
2.261091822841480052e+02
2.263520230080935391e+02
2.233301632905151735e+02
2.230675345423310887e+02
2.208372729996212058e+02
2.189938081826837788e+02
2.162451318460918230e+02
2.135275484169032154e+02
2.111738718931826781e+02
2.092975984704548011e+02
2.084385829810887003e+02
2.060135574811625077e+02
2.028310002552750575e+02
1.993155091407701320e+02
1.962432856620376356e+02
8.877903920027831930e+01
9.675947184097627485e+01
9.754871128484882092e+01
9.001003490840443533e+01
8.686932997028397097e+01
8.377192298683026195e+01
8.174352723393302256e+01
7.834794029667953907e+01
7.569229461639530143e+01
7.354182902777981212e+01
7.043902869390274191e+01
6.936571852488762602e+01
6.911395504522040767e+01
6.761751513619729792e+01
6.678793444402624857e+01
6.553631237186004910e+01
6.421181376732873503e+01
6.264379416295226122e+01
6.170965765788054824e+01
6.036205873937262112e+01
5.897313269507090183e+01
3.236007881686485632e+01
2.724652619523256902e+01
3.240039947552001109e+01
3.212615409756588747e+01
3.059996534723031658e+01
3.016823121327703561e+01
2.894864446372295319e+01
2.721400097233411586e+01
2.693355892554471609e+01
2.700401623077484459e+01
2.607933101023316169e+01
2.551968221320625574e+01
2.492200665078384247e+01
2.506656938052694272e+01
2.481409353730547096e+01
2.446739466763104787e+01
2.435951663936600298e+01
2.401921526199358325e+01
2.391545697852844654e+01
2.389754787792393032e+01
2.366723391203752414e+01
1.991603380150142044e+01
1.678774806751128423e+01
1.637423283222545933e+01
1.408433906558836668e+01
1.547521250678970794e+01
1.543780460691761824e+01
1.584047041055173111e+01
1.552605257187778598e+01
1.496673057093465076e+01
1.495747377886304008e+01
1.497390319918927659e+01
1.498535095826201591e+01
1.535813018583595024e+01
1.618625920475050251e+01
1.573238423071165926e+01
1.568046982622656138e+01
1.561593901501522730e+01
1.571220078087814542e+01
1.557597558047117481e+01
1.531619046677004192e+01
1.536798899878581715e+01
1.947001839460205019e+01
1.184680265329522975e+01
1.101254980641820858e+01
1.036849146387600129e+01
9.734528912753592778e+00
9.852456816850247989e+00
9.958358499906903916e+00
1.090192416074528126e+01
1.064701058364543940e+01
1.049574975330272686e+01
1.052854430059393209e+01
1.069860350475098976e+01
1.071456251342062593e+01
1.061829105499067971e+01
1.063713168192380643e+01
1.039758217543498908e+01
1.025800589795852780e+01
9.987962923474304588e+00
9.831448192619376414e+00
1.015738536518251678e+01
1.017335630837538396e+01
1.346765011755024233e+01
9.603881689068240135e+00
8.741951071571230969e+00
7.986806758543908202e+00
8.005709338585910828e+00
7.998053875447322270e+00
7.792600380047447040e+00
8.268470489880591856e+00
9.079537074368518645e+00
8.600499712726890067e+00
8.635609343776561531e+00
9.004948357495102584e+00
8.760769073561002429e+00
8.695818413754876630e+00
9.020127491514907447e+00
8.819937086017796801e+00
8.865603362046552860e+00
8.659858084348851293e+00
8.575427815026129608e+00
8.617388650803587069e+00
8.722001169317973535e+00
9.374326215667519335e+00
8.176243970576088316e+00
7.423994685104985614e+00
8.241229045957107147e+00
7.435271654773346839e+00
7.387533649330046970e+00
7.581235222778964555e+00
7.582634039971873463e+00
7.441822955003005724e+00
7.291940690748292653e+00
7.266452209125685791e+00
7.501672629274738213e+00
7.235272381877704717e+00
7.373568839285950638e+00
7.204819680438443896e+00
6.973893825546217506e+00
6.879310377838326218e+00
6.883577192753379315e+00
6.921934400315731928e+00
7.075844066301656632e+00
7.444841721892155206e+00
1.909313914362972042e+01
1.458164628942232177e+01
1.077230267289035304e+01
1.004675403753181762e+01
8.426822256499672648e+00
7.974084036058782132e+00
7.332701876392442308e+00
7.554985933280334187e+00
7.695739490393149751e+00
7.290191717132086247e+00
7.505003221440079031e+00
7.193405279341241965e+00
7.288888320718718283e+00
7.352671172015610601e+00
7.492708457267613475e+00
7.514631080720637790e+00
7.414441881242285426e+00
7.731326616521347894e+00
7.704634569075474282e+00
7.560391613162837920e+00
7.425946302342809169e+00
4.873153459969643109e+00
4.145891586854676625e+00
3.970049737746078389e+00
4.479223651653871485e+00
4.824551348183152122e+00
5.050661797720740864e+00
4.781818633367812765e+00
5.049856389874643803e+00
4.893556577980122668e+00
4.673158970501630094e+00
5.103907999807164586e+00
4.966944327921451574e+00
4.821520842543473684e+00
4.972800754445010796e+00
4.872873616149743015e+00
5.194356336993496193e+00
5.234738387762819301e+00
5.244196963242616860e+00
5.227656747367384504e+00
5.224622926192337147e+00
5.213768201995485185e+00
1.606616533406479164e+01
8.852641562171607248e+00
6.537816982042855329e+00
5.662953123141209133e+00
5.554266231163128786e+00
4.980335816781999547e+00
4.809272492603992255e+00
4.632388533410531473e+00
4.284013987281507951e+00
4.262666970605336836e+00
4.700237716626069151e+00
4.636370419293823986e+00
4.768150377683300967e+00
4.785771271636082069e+00
4.859725345899239102e+00
5.005504625243243133e+00
5.094597831594192883e+00
5.016278106861699726e+00
4.844037382925508339e+00
4.766172936040571351e+00
4.694399685040028913e+00
