2.461305620641734890e+02
2.493295211390033330e+02
2.494150429660570012e+02
2.494436946191547975e+02
2.494193660849295497e+02
2.500422310001353594e+02
2.504668945289081989e+02
2.476293070452774430e+02
2.465255196685012606e+02
2.455105322944796455e+02
2.446493148670563187e+02
2.419994699292787175e+02
2.404539586443613359e+02
2.404151471350378131e+02
2.391720055494331234e+02
2.370142905650888849e+02
2.371977324859733471e+02
2.361164311406306524e+02
2.348724983341636516e+02
2.340557680776780671e+02
2.337269338761078643e+02
2.101590790654861394e+02
2.123537687171750861e+02
2.157498153400376566e+02
2.194031529515448256e+02
2.174328290807759458e+02
2.176779250060961317e+02
2.179305623452050042e+02
2.195770366978269408e+02
2.197020487821926906e+02
2.176444070694865047e+02
2.192740216136453739e+02
2.191071166872764877e+02
2.196134476876899839e+02
2.187349500868106702e+02
2.186290785084198092e+02
2.186438324867775975e+02
2.186409620510441982e+02
2.181028953018155789e+02
2.174060163882553525e+02
2.166685578596842277e+02
2.172659018839825364e+02
2.088518704360189417e+02
2.147759221582632279e+02
2.121232230553223417e+02
2.122408164140725830e+02
2.132373601050083494e+02
2.164904825980716225e+02
2.111620435844647261e+02
2.074190067593146125e+02
2.057392101950852918e+02
2.056810927201743766e+02
2.056567899703384796e+02
2.061865341020522351e+02
2.056819212263860948e+02
2.051157040218237739e+02
2.041537457306237400e+02
2.027325887532779802e+02
2.011381413585794746e+02
2.000082672148647305e+02
1.994482551313286649e+02
1.988773411861471061e+02
1.979932110712691440e+02
1.848766352894642750e+02
1.729505495051450055e+02
1.724951605348664714e+02
1.701823177880033029e+02
1.719342190233987822e+02
1.698977093527528552e+02
1.666749926189162068e+02
1.628761644157796979e+02
1.618351496390390309e+02
1.602005295154404507e+02
1.586535668288964587e+02
1.572146404728455877e+02
1.555404172478780254e+02
1.539555235927446688e+02
1.521786053400897174e+02
1.502843852044546509e+02
1.484504295520937660e+02
1.463821455406020675e+02
1.438087152381282010e+02
1.420264337568335975e+02
1.404649752962367870e+02
8.900053029893348366e+01
1.047863352641732035e+02
1.015686065996337248e+02
1.005997328389007919e+02
9.972828716676249883e+01
9.942283758758840406e+01
9.715997473427746911e+01
9.681686139746882702e+01
9.613691366307408259e+01
9.605158238386715652e+01
9.563658611253268305e+01
9.525030704389610037e+01
9.397548207048753000e+01
9.424933421158418412e+01
9.365285263554656581e+01
9.328110250384504809e+01
9.254201914123511585e+01
9.228271396866153964e+01
9.175797071889583378e+01
9.124315293880269451e+01
9.096898173070222526e+01
8.519669723971257724e+01
8.149656134384605366e+01
8.010337089597801707e+01
7.619233329985641490e+01
7.880460076850027917e+01
7.801258144949228779e+01
7.687778218146358711e+01
7.709829558665313698e+01
7.663074394998204752e+01
7.607344100604123582e+01
7.557991095361582268e+01
7.620014572806456954e+01
7.547251152142385422e+01
7.531452708185631195e+01
7.497030975442267220e+01
7.494272904442253491e+01
7.458688616169324348e+01
7.615370531152690603e+01
7.658785478903426736e+01
7.678706834046549545e+01
7.657411715668564511e+01
7.377042846559859868e+01
7.332819003688453563e+01
7.029915325782600632e+01
7.051757791405853482e+01
6.931886415638787469e+01
6.890143830693020277e+01
6.806196885626518167e+01
6.853185849748928149e+01
6.875273351129823141e+01
6.897321325378051426e+01
6.809121034562781460e+01
6.924894267819038873e+01
6.880783511157056864e+01
6.933930534156178283e+01
6.883694114667059694e+01
6.818635190569661120e+01
6.783009327716506220e+01
6.790227267341782635e+01
6.766385499985339891e+01
6.785446873265368595e+01
6.788969183633192017e+01
7.305414201746975777e+01
6.643466524810412466e+01
6.904917109558266475e+01
6.859166034987062233e+01
6.727485058975914001e+01
6.500695357989199863e+01
6.554685310655827379e+01
6.359345586494112013e+01
6.291005987578822101e+01
6.414647020538599520e+01
6.358123632411185611e+01
6.331420505587730219e+01
6.355268834667980826e+01
6.285708822047293154e+01
6.241218648416578674e+01
6.264735044520957530e+01
6.220981814418492917e+01
6.193851855314844812e+01
6.179752792402399564e+01
6.143444262943697254e+01
6.140075357799342015e+01
6.473727930090853988e+01
5.475448447384280826e+01
5.689055454915333598e+01
5.492505509344156422e+01
5.653472758609366622e+01
5.643764447979464194e+01
6.055801855929509969e+01
5.988552237202694073e+01
5.929770101689007333e+01
5.801455609779896605e+01
5.729495632675793360e+01
5.779980233099752951e+01
5.807650831798233781e+01
5.856726314845876402e+01
5.850423034463680239e+01
5.856216659542995728e+01
5.843770403963877413e+01
5.866239876929918040e+01
5.844077250567737991e+01
5.842570220554585347e+01
5.795955720833065783e+01
4.790138693036158202e+01
5.879770603521829742e+01
5.925292511683058905e+01
5.893054939774512491e+01
5.705237829127155891e+01
5.544450613826275287e+01
5.465162323185418813e+01
5.398865412408587616e+01
5.622676008591754737e+01
5.660059601728003997e+01
5.716446874347392537e+01
5.628872743892649311e+01
5.582948953767669309e+01
5.671617839950405227e+01
5.643506232270083700e+01
5.609107708760552669e+01
5.605993774626092119e+01
5.587207552298731628e+01
5.563276037070255597e+01
5.511401032061483107e+01
5.552906147433066764e+01
6.617112652700407693e+01
6.427554441895151172e+01
6.180482633673696569e+01
5.819224911134899259e+01
5.515606602673804559e+01
5.715450089489380758e+01
5.650504021742859351e+01
5.613934660769653817e+01
5.545913910374579103e+01
5.457641043825837102e+01
5.452633371005155993e+01
5.403241217880737679e+01
5.371402921322713553e+01
5.349087377840007207e+01
5.345045302831352529e+01
5.280885597562090084e+01
5.270276153134781083e+01
5.239252798246787535e+01
5.211352958888608811e+01
5.198032769604881054e+01
5.188827064538428857e+01
5.939383420577011918e+01
5.737946384964357804e+01
5.591462523945361340e+01
5.327733171628184294e+01
5.236973427991282648e+01
5.111489993182857461e+01
5.231111695366602987e+01
5.132169379938439846e+01
5.194172439913707251e+01
5.122840596063134200e+01
5.031886815355105824e+01
4.953399089407566436e+01
4.866349607286342405e+01
4.857029003090942609e+01
4.833012108330839141e+01
4.813876446249106067e+01
4.827706886293668020e+01
4.773344915041987235e+01
4.794514356685856171e+01
4.752960473680807496e+01
4.727218665948600318e+01
6.103687348281306413e+01
4.499907903966025202e+01
4.223380520671857852e+01
4.361975665950644299e+01
4.573291950616152945e+01
4.642968202506364861e+01
4.602650229326222586e+01
4.520498543007343528e+01
4.573054121801068561e+01
4.609774007352587688e+01
4.652448946565268528e+01
4.592859849748140988e+01
4.522416173109566984e+01
4.570617056834790759e+01
4.633925994958249817e+01
4.589406039754214106e+01
4.598697092327970637e+01
4.591962496434673113e+01
4.614879369430433798e+01
4.641441293660239609e+01
4.611480284958827269e+01
3.798712196551329612e+01
4.591409210038837330e+01
4.616614629857571828e+01
4.464427947565580013e+01
4.449417615778758517e+01
4.295300914351433619e+01
4.306345236732426685e+01
4.341762836091305644e+01
4.521924094158571705e+01
4.544254763449712442e+01
4.498925960496870857e+01
4.519018394095759561e+01
4.487501526790297390e+01
4.451246272028920714e+01
4.425477622966612046e+01
4.401792700421727744e+01
4.442421098829078829e+01
4.425077634121326042e+01
4.423457101818333825e+01
4.423156619213617091e+01
4.374076416454470717e+01
