9.970162695373953738e+02
9.921732619427616555e+02
9.877047198593320445e+02
9.831506079584017925e+02
9.782955938731612378e+02
9.730593428949435975e+02
9.674496494785855703e+02
9.616912810574734749e+02
9.554229470538396072e+02
9.484899598113163393e+02
9.410820135781921181e+02
9.322280804663824938e+02
9.231132694762532083e+02
9.133294246539564938e+02
9.022285584299269203e+02
8.908601573008284049e+02
8.786954506109397016e+02
8.658520475224487427e+02
8.527606769834867464e+02
8.396769906992946062e+02
8.295757548186686563e+02
5.452218164451276152e+02
6.514474545688332228e+02
6.514961107293328268e+02
6.499693884226151113e+02
6.466978515747578058e+02
6.399679206513357030e+02
6.338210289985244117e+02
6.338073666369573402e+02
6.310783543874720181e+02
6.309043134013580811e+02
6.314761053091672238e+02
6.310968048049865047e+02
6.294553574687068931e+02
6.260794582202131551e+02
6.237370187611035135e+02
6.211568801794437604e+02
6.203254594343952704e+02
6.201524666175437233e+02
6.166638448685960157e+02
6.165034219471222059e+02
6.165519401466304998e+02
6.760258189097417016e+02
6.311614221091789432e+02
6.171183144778116230e+02
6.046824127102239572e+02
6.019190497911117745e+02
5.989057177022267524e+02
5.976759524657409202e+02
5.988067146168846193e+02
5.977260780323725839e+02
5.981642035521196021e+02
5.985201767378007389e+02
6.002837628379286343e+02
6.002562461761501709e+02
5.986920329910716418e+02
5.968887540331204491e+02
5.978394006490397032e+02
5.961305901796384887e+02
5.948627285834653549e+02
5.943955143261644025e+02
5.911825035661811398e+02
5.903463451610130051e+02
5.436281990127446306e+02
5.859232044442813958e+02
5.724764817419070368e+02
5.707593126255709421e+02
5.688429581938672754e+02
5.654772400060061273e+02
5.674709163353269332e+02
5.690399129676096663e+02
5.704386230684560815e+02
5.684581420159380514e+02
5.646321539149728324e+02
5.656018600894357178e+02
5.647221869812938166e+02
5.611727670694664312e+02
5.606756271522946236e+02
5.594714418383090333e+02
5.580674280701948646e+02
5.557129303323577005e+02
5.546550322114995879e+02
5.537341473180025559e+02
5.531474503871058914e+02
5.130219872246861996e+02
4.969362448689773828e+02
5.017137150026233030e+02
5.092376947980540649e+02
5.056776245091767805e+02
5.065755097977433365e+02
5.066715244845486268e+02
5.047290882006176957e+02
5.035841148996470338e+02
5.010585038989499935e+02
5.005338023940580001e+02
5.016843014128101004e+02
5.003156605863791810e+02
4.983992182626314502e+02
4.958192843419344626e+02
4.937905326213015655e+02
4.929463093106986094e+02
4.914589865478265551e+02
4.890440901889008387e+02
4.869299181118269644e+02
4.859323696549658393e+02
4.468912781000165069e+02
4.469665020382406055e+02
4.415701610714040726e+02
4.393219713497330758e+02
4.350196121696949376e+02
4.331547854820354360e+02
4.312644102417672798e+02
4.247199001331088652e+02
4.191297145599629062e+02
4.170186192297424554e+02
4.140754884347638267e+02
4.095792384967706994e+02
4.051321038916034354e+02
4.017667012722909590e+02
4.004948791014043650e+02
3.989093651401080365e+02
3.977048016677246096e+02
3.947100418044866501e+02
3.909208452645167426e+02
3.897319585169720995e+02
3.854512517746464368e+02
3.568555011860451032e+02
3.316772920965071307e+02
3.319512081235321830e+02
3.247116799625820249e+02
3.190299820647052798e+02
3.184532635945267316e+02
3.158953749077264774e+02
3.152008275616493052e+02
3.139997144820518997e+02
3.146853295647411528e+02
3.095316947909245187e+02
3.095417686317623520e+02
3.060727329540898154e+02
3.046405655562112997e+02
3.012622471494462957e+02
3.006616314418574234e+02
3.001633924651449661e+02
2.983651018235952961e+02
2.965400218011909033e+02
2.945628998476080369e+02
2.926902360833082639e+02
2.542701437161172180e+02
2.650202581896609786e+02
2.594951956540801348e+02
2.546314972616604848e+02
2.490027721316548082e+02
2.470018508812893856e+02
2.451570857148139169e+02
2.443078544466267772e+02
2.419273569908624211e+02
2.442046466789393264e+02
2.407317616235435196e+02
2.419340716603477404e+02
2.417696659463305764e+02
2.413782309556377754e+02
2.404249938777662408e+02
2.400918311057437506e+02
2.387420617842590218e+02
2.402341525315098067e+02
2.409649528680735102e+02
2.403138047424650949e+02
2.391929613661505698e+02
2.347848806789245373e+02
2.184160000077969812e+02
2.353957762391644906e+02
2.241165790554125863e+02
2.251021358808961566e+02
2.225905442877709959e+02
2.222766428747617056e+02
2.189043947123834641e+02
2.176449321389324894e+02
2.225436692933347445e+02
2.220038103086692445e+02
2.213223493050710715e+02
2.201886853619562032e+02
2.182094941509956527e+02
2.175544402466774159e+02
2.188177017953523489e+02
2.178770553203221993e+02
2.184989126435550020e+02
2.181506352206420161e+02
2.174162377238983765e+02
2.181336341595484214e+02
2.408311257057389696e+02
2.195460391364608768e+02
2.102187464964221704e+02
2.075258589889972995e+02
2.044181517871014648e+02
2.116824657079524172e+02
2.076856285075276389e+02
2.106191957966621260e+02
2.082109671150008410e+02
2.071679503493119796e+02
2.058599944618474353e+02
2.049514497050614352e+02
2.054999023752570793e+02
2.026936201095309684e+02
2.009166064765145165e+02
2.000403863815301406e+02
2.028353346693170352e+02
2.023507442878324127e+02
2.017617393951355211e+02
2.004487900590642084e+02
1.996480048504723186e+02
2.060507276226648514e+02
2.045222657906471966e+02
1.921228588466148892e+02
1.942510257229740205e+02
1.917452527898579149e+02
1.893558430387381861e+02
1.915583545287393576e+02
1.903847702502449124e+02
1.927280594431230725e+02
1.914725180264382516e+02
1.892984895499092772e+02
1.887301422149784287e+02
1.867935589949218240e+02
1.877861647407218015e+02
1.898749973805138040e+02
1.885929852033638383e+02
1.879594436091337002e+02
1.864045690657894738e+02
1.857040293385513792e+02
1.849028901617982399e+02
1.844526453207789984e+02
1.938740577344894689e+02
1.903283041413759804e+02
1.817897078239168991e+02
1.862933562425790228e+02
1.855744378519277120e+02
1.846538166183187002e+02
1.932661574724522779e+02
1.904112011860387668e+02
1.885717067069435018e+02
1.894769781675728950e+02
1.876675008150315307e+02
1.857832804304825345e+02
1.829171703280867405e+02
1.816008007820888395e+02
1.804452849235191252e+02
1.791604890290236938e+02
1.796526432392493291e+02
1.788313598397382975e+02
1.806432076658699373e+02
1.796114851900129850e+02
1.787115996742963944e+02
1.774584453085998632e+02
1.887670561318858233e+02
1.762394526478622083e+02
1.727682117114158018e+02
1.732195865622312851e+02
1.703912048004478379e+02
1.721921084636388457e+02
1.762925464502098123e+02
1.723973193723816735e+02
1.717018973914500748e+02
1.732468812194569807e+02
1.719882525696030768e+02
1.722002023319879243e+02
1.710609713487147303e+02
1.748250835763520854e+02
1.727413197160483662e+02
1.718509439780435741e+02
1.716224117040801218e+02
1.721362252323544055e+02
1.712878513718575846e+02
1.710912531857321426e+02
1.722422413873861728e+02
1.895574585296172359e+02
1.794553155045602182e+02
1.729910385060404394e+02
1.711658931337717320e+02
1.710802260566774748e+02
1.722866375199417632e+02
1.767916128247131269e+02
1.779905232314093269e+02
1.768151987431723171e+02
1.751862355036627719e+02
1.743944470787503747e+02
1.734414937042905365e+02
1.715298909262767779e+02
1.696959252114345134e+02
1.682240279972299390e+02
1.666814446575403679e+02
1.662064143907872733e+02
1.651637198977355752e+02
1.652881602774021985e+02
1.646712598954814553e+02
1.695410038365909031e+02
1.578247906145355728e+02
1.593855499919439751e+02
1.659931210365602396e+02
1.657329292657684618e+02
1.614659519880617324e+02
1.577060923637123722e+02
1.591806463413580559e+02
1.607295741159949785e+02
1.604498653570704221e+02
1.638234650968750259e+02
1.619969322330622390e+02
1.604373475984996844e+02
1.598948079322489946e+02
1.630405169085478292e+02
1.637522043652483319e+02
1.633555619596498047e+02
1.622356728124322842e+02
1.618280325768413377e+02
1.625942220610811262e+02
1.637001092706352949e+02
2.169253396331547776e+02
1.826394309512128018e+02
1.686681850851127820e+02
1.626169135802586823e+02
1.597248711844398770e+02
1.581456948980457469e+02
1.633369808707182074e+02
1.642022587350790559e+02
1.630603601469599653e+02
1.611340323080051746e+02
1.589460717542249313e+02
1.560877176313393306e+02
1.546804999553343123e+02
1.545866121253519623e+02
1.565308423730237735e+02
1.603824573254574375e+02
1.596067800769137648e+02
1.608478676237949401e+02
1.609519021972434416e+02
1.603597386341126310e+02
1.598346150351776487e+02
1.941348976306116469e+02
1.766694891128634026e+02
1.604707032680988448e+02
1.573254541169347647e+02
1.534982965993600601e+02
1.501459135260268170e+02
1.486362291055299920e+02
1.542159110580849983e+02
1.551744795355030817e+02
1.542970948367712367e+02
1.574224215496689681e+02
1.574312871523219144e+02
1.564911728894913665e+02
1.563972592776117949e+02
1.547314051236652972e+02
1.540994618159700735e+02
1.544149501753553295e+02
1.539862376883519346e+02
1.539612618074379498e+02
1.551698115262108502e+02
1.540998829457173542e+02
1.680819374959628192e+02
1.625278762359882592e+02
1.561020932749190706e+02
1.597657613966824499e+02
1.525704718268567603e+02
1.496186894270055063e+02
1.463752814476404467e+02
1.441841441563984745e+02
1.435521617784121702e+02
1.440724245979358216e+02
1.434219084628548444e+02
1.479814916626663148e+02
1.468105609638509463e+02
1.474347222487367901e+02
1.473376399953038174e+02
1.464615439564998667e+02
1.484822428722909819e+02
1.498358018644983360e+02
1.494967369424501555e+02
1.493415656023796316e+02
1.508474549324141663e+02
1.397545098497594722e+02
1.634790506701721995e+02
1.555128689724947435e+02
1.535232200763389869e+02
1.562254858696540225e+02
1.524453943474029529e+02
1.520304344200497155e+02
1.531756882059634677e+02
1.488532202902824508e+02
1.473942687602826709e+02
1.479014961157605228e+02
1.458483567306333839e+02
1.450016689224134154e+02
1.465541343166931085e+02
1.469237083333492819e+02
1.461473436809382065e+02
1.461889689473475755e+02
1.450907659351009613e+02
1.480234356915213141e+02
1.481088353139799949e+02
1.480393329936615032e+02
1.318232988296674648e+02
1.376840528662370957e+02
1.396642841546311899e+02
1.373274197723951033e+02
1.418907078069537988e+02
1.408976771645969279e+02
1.400277245379543842e+02
1.411747057967560863e+02
1.426124552875493237e+02
1.413055614442524757e+02
1.407630449883792778e+02
1.390492616749192507e+02
1.403516160349639392e+02
1.399053493256170952e+02
1.412236726300241969e+02
1.465450591770186293e+02
1.463461959722328345e+02
1.466381551226985778e+02
1.495533170373942085e+02
1.493074740953165360e+02
1.491273150326552752e+02
1.939226733388824471e+02
1.657040535319624155e+02
1.491713440787961531e+02
1.645690343836214709e+02
1.600503145438542276e+02
1.588177502300077890e+02
1.627811328759457297e+02
1.610459933772067984e+02
1.561870365152196882e+02
1.550574748855484870e+02
1.517649471614348613e+02
1.514126482286755788e+02
1.498760962963899601e+02
1.480028028773736821e+02
1.471677280547487499e+02
1.468431242972854136e+02
1.468027242986970577e+02
1.457536792717217224e+02
1.453867907448403969e+02
1.448066486129864927e+02
1.457380164787237220e+02
1.251510288995233111e+02
1.374847337880159159e+02
1.401301927685846067e+02
1.415749913577355699e+02
1.419883514280226109e+02
1.425158940670056609e+02
1.398857873052876073e+02
1.404999787738981638e+02
1.403067408751154801e+02
1.410355293498223830e+02
1.395661417877245185e+02
1.399386345847147481e+02
1.416330256469620963e+02
1.412448307873179942e+02
1.408299805706261338e+02
1.400662568634999445e+02
1.404276388402288092e+02
1.398108307866950781e+02
1.461142619995863470e+02
1.456037608149170239e+02
1.447012263402424139e+02
2.461313990693677169e+02
1.689229708017089422e+02
1.577831902320305915e+02
1.500033817194164669e+02
1.491867698654752417e+02
1.477084463986923026e+02
1.456077616703609863e+02
1.503633566599197025e+02
1.474123555838983464e+02
1.478850049013574335e+02
1.462569221951649183e+02
1.454243629436265053e+02
1.486799788002161620e+02
1.469510889170792893e+02
1.460152435331629022e+02
1.455945614468183464e+02
1.442934592387627788e+02
1.449853702056286977e+02
1.453274113581553024e+02
1.443217101660744106e+02
1.438756979056379350e+02
1.558973844126520021e+02
1.522883786975677083e+02
1.453803000188822523e+02
1.386114020948390362e+02
1.388023732829992127e+02
1.364871906656202611e+02
1.358512604329677345e+02
1.344009076859321965e+02
1.327389963301226601e+02
1.322158901430664457e+02
1.322849351193098357e+02
1.305094525407790513e+02
1.300077935774705509e+02
1.319101425104494183e+02
1.350408693316560118e+02
1.347259978659573960e+02
1.361146718410836058e+02
1.364084514052177610e+02
1.356214656601621016e+02
1.383766800206078358e+02
1.398503123894525118e+02
1.341763366363240948e+02
1.349061595689390742e+02
1.328689361267101106e+02
1.352341941130451630e+02
1.384606651224839595e+02
1.360765357307047907e+02
1.344528645243062783e+02
1.326720708503019637e+02
1.311915584100787839e+02
1.304231637249193625e+02
1.316686718697312415e+02
1.322524170688950562e+02
1.350707159146765832e+02
1.354021647020146588e+02
1.351761369911315001e+02
1.344333291845646556e+02
1.357585910284353474e+02
1.341328038600469199e+02
1.336383683755832976e+02
1.362605004451579589e+02
1.358347597848858754e+02
1.138766473663284842e+02
1.399633365578884252e+02
1.365424861550326909e+02
1.361603189356593191e+02
1.393567503814876716e+02
1.364630347363468275e+02
1.370271771125065925e+02
1.346966311453634262e+02
1.345891161033567300e+02
1.332699099284165527e+02
1.327478983611551939e+02
1.317719200190597348e+02
1.325420217665289613e+02
1.367528136029306722e+02
1.377582727324861764e+02
1.375708358807752631e+02
1.383080873375454019e+02
1.371997328207599480e+02
1.402071475240126688e+02
1.405349531343038620e+02
1.399471418258098367e+02
1.326286866075982971e+02
1.328081943931800311e+02
1.380795703740755584e+02
1.441078154297947833e+02
1.419915615291194229e+02
1.383872035606613622e+02
1.362727839839561170e+02
1.355464858618384483e+02
1.366432757304960717e+02
1.362945504939363843e+02
1.376830807752781141e+02
1.391288570719778193e+02
1.372112190101799172e+02
1.364313734213723990e+02
1.359069514368237037e+02
1.345434904287188829e+02
1.368313464281777669e+02
1.375112393855131927e+02
1.361148846321558210e+02
1.361163877471600756e+02
1.382910017407923249e+02
1.322513881710869157e+02
1.319455797842103664e+02
1.279298522694244014e+02
1.262317879002322059e+02
1.297770544183406116e+02
1.366938429830146902e+02
1.384732147343455892e+02
1.373900912542653998e+02
1.372852499333130538e+02
1.369067708631919231e+02
1.375718209061892594e+02
1.362471615774568647e+02
1.357562474697998027e+02
1.350287988340043341e+02
1.356957395052313871e+02
1.348954156792912613e+02
1.368818642266857637e+02
1.365608879144355967e+02
1.364605077142715004e+02
1.366608728859967243e+02
1.369338457364017358e+02
