6.915909875074121373e+02
6.893453259988741593e+02
6.870156086943052287e+02
6.846188443518431086e+02
6.822174809083073797e+02
6.796572648901957336e+02
6.768581783997088905e+02
6.737438015723354283e+02
6.703168481507270826e+02
6.666149009297165549e+02
6.623303650461584766e+02
6.576766837239741790e+02
6.525240323790479806e+02
6.467015811639349749e+02
6.402045033319086542e+02
6.327269600854217515e+02
6.247801405957055749e+02
6.159439586236840114e+02
6.057948803072737292e+02
5.960361682640844947e+02
5.852310418736969950e+02
3.533110682318093154e+02
3.525511099715030241e+02
3.520477201469145712e+02
3.502696629818171914e+02
3.487966049878370995e+02
3.448133062712236665e+02
3.426534247892210487e+02
3.433982257527012507e+02
3.428975934162382941e+02
3.423089948450755173e+02
3.421823673089125464e+02
3.438853827006974484e+02
3.443325724657819933e+02
3.438224098300410105e+02
3.437313839449649890e+02
3.426633553468139439e+02
3.418845323022089246e+02
3.415956117601252799e+02
3.402463520964566328e+02
3.403605325056386732e+02
3.394432719122796698e+02
3.209462454155368505e+02
3.226753166163712194e+02
3.263612515993849570e+02
3.329624411507039099e+02
3.329666688667199423e+02
3.294181374852213366e+02
3.292145379091480208e+02
3.272529390322254130e+02
3.281617205247077322e+02
3.310598801372428284e+02
3.318543779173618304e+02
3.335053116330856255e+02
3.329991258545572919e+02
3.307652808992920654e+02
3.309746973472488207e+02
3.302547212030389687e+02
3.297201823433942991e+02
3.281602741280796636e+02
3.275063842638729170e+02
3.280058884887503723e+02
3.282470011349780634e+02
3.111770045783591740e+02
3.322648441906471817e+02
3.222861517865582073e+02
3.209654652900487122e+02
3.224933750887619226e+02
3.215295219138065477e+02
3.225938733266389136e+02
3.209261723575436918e+02
3.184585511661082933e+02
3.186744905124404568e+02
3.155152338201083921e+02
3.165294503969942639e+02
3.157552790061611745e+02
3.153723731391734759e+02
3.154599689265757547e+02
3.153313432272163368e+02
3.162436646649845216e+02
3.164271670558165397e+02
3.157977263308751503e+02
3.157133303090499794e+02
3.153432687906222327e+02
3.137115782183195165e+02
3.136476864382506164e+02
3.063099008672058403e+02
3.068345057563509499e+02
3.049607917893263789e+02
3.074661511906033979e+02
3.053540404844791851e+02
3.063605166364949923e+02
3.049673536625866745e+02
3.025009329743156172e+02
3.015031088181369228e+02
3.002482056222532378e+02
3.001231212949498968e+02
3.008297823575626921e+02
3.004304589538535879e+02
3.002355040418896124e+02
2.990758768501348754e+02
2.973043316727987531e+02
2.962253837556027065e+02
2.967500320676501815e+02
2.953547012657966775e+02
2.751456919307079829e+02
2.806119477029130280e+02
2.730621896804917128e+02
2.720639014925163792e+02
2.764305795755904001e+02
2.772271475813363963e+02
2.752907614710268831e+02
2.779335902603594377e+02
2.765994137178446977e+02
2.763501276515300447e+02
2.763311200671644769e+02
2.753228004048224307e+02
2.752080741652821985e+02
2.749030756921868033e+02
2.761828870060961663e+02
2.731148317892462387e+02
2.716620339648948175e+02
2.706918845777641423e+02
2.695497964469637964e+02
2.681998536332353069e+02
2.665538253905678516e+02
2.621934063964445727e+02
2.466470660514496274e+02
2.449763965206856255e+02
2.457710614280276218e+02
2.455521893423592417e+02
2.431242053109625374e+02
2.439758511411165784e+02
2.434041796262861510e+02
2.423138802779400294e+02
2.394514473542408268e+02
2.390846287710704416e+02
2.355365761836481227e+02
2.353059331523010940e+02
2.347912370287459680e+02
2.338597519207768300e+02
2.322333076322590273e+02
2.311488042560723386e+02
2.297151775753057166e+02
2.287885081818840263e+02
2.274666736375256448e+02
2.268762543747369591e+02
1.919156456377041877e+02
1.947066060803564085e+02
1.960668952087626735e+02
1.949410794214073519e+02
1.984509966097275822e+02
1.991025140656459769e+02
1.987610189019689528e+02
1.995036022731847254e+02
1.990852801251274684e+02
1.987300815258961109e+02
1.966545882132080862e+02
1.948641125437401911e+02
1.931666227817540573e+02
1.932635743440867486e+02
1.923940799856897002e+02
1.903581428167701972e+02
1.899981523426529293e+02
1.881439285654581965e+02
1.869069544818170812e+02
1.858903060660359472e+02
1.851090689266592904e+02
1.863782571285292420e+02
1.692839846432078161e+02
1.639272067823881400e+02
1.627237981019937365e+02
1.655764414331418095e+02
1.626200205400908203e+02
1.620180519582932277e+02
1.607332325884670752e+02
1.600906636450722829e+02
1.576300465850594890e+02
1.577984456914930149e+02
1.578866265284520694e+02
1.580497032351623545e+02
1.576212540199628620e+02
1.553433622651642452e+02
1.553006977746042310e+02
1.546337313528742072e+02
1.541692324563254601e+02
1.540623441966720861e+02
1.526250186912276376e+02
1.512431328446570262e+02
1.244906926120978596e+02
1.399081254458843091e+02
1.338861803341310406e+02
1.374391042519745270e+02
1.353815131291253806e+02
1.327402167746429029e+02
1.318611246972721176e+02
1.308020219944266103e+02
1.305775416707908505e+02
1.288592566806559034e+02
1.290897396235905887e+02
1.296092148106289699e+02
1.282559756721567794e+02
1.282402268226694275e+02
1.273529158044763108e+02
1.270225439005778014e+02
1.270416089254239864e+02
1.264233994348937955e+02
1.264378948594764154e+02
1.258428145114439474e+02
1.257391722469613740e+02
1.074137046574801104e+02
1.205664867167200214e+02
1.185929933304052781e+02
1.161495508145405182e+02
1.145824447717595689e+02
1.118461346146920476e+02
1.108369449904957946e+02
1.122567641891038761e+02
1.096317406510467976e+02
1.097310926988606212e+02
1.088894538010601423e+02
1.083984759959979556e+02
1.087086139289682905e+02
1.087307975211645186e+02
1.084251816173839700e+02
1.081952500172099576e+02
1.082129020539769328e+02
1.078226224186764597e+02
1.069998373219424934e+02
1.063395275504327770e+02
1.059044635511011592e+02
8.965844881618502882e+01
9.734223096449903778e+01
9.896651455152249355e+01
9.644238179302938363e+01
9.512613671578601782e+01
9.495884943343348539e+01
9.576772176781305745e+01
9.433597022891105155e+01
9.317502683007199948e+01
9.545708351602226571e+01
9.608507913317130544e+01
9.509131801457374422e+01
9.587338751569667750e+01
9.517823418553203396e+01
9.524596125807323688e+01
9.470323810250623353e+01
9.361580079660264175e+01
9.386281018325456671e+01
9.388312684154361420e+01
9.362085614790770194e+01
9.342655947837342012e+01
1.063647124067097991e+02
8.900307277437248388e+01
8.971632025239256336e+01
9.032134761135226597e+01
9.104164764221347639e+01
9.222602919940437971e+01
9.077158943417485659e+01
8.817945429230353227e+01
8.873277562392658524e+01
8.787174593644341769e+01
8.582808305241965741e+01
8.598938411734049225e+01
8.637114440195698251e+01
8.573302617643869894e+01
8.574216280737525153e+01
8.559868419721723853e+01
8.513682082723589417e+01
8.479305909932143948e+01
8.522024783015207561e+01
8.529432728216958992e+01
8.517811429657072608e+01
9.447610520462311001e+01
9.120750945443194269e+01
9.015322083676885256e+01
8.880142705535368464e+01
8.689512378839795304e+01
8.409576453108047644e+01
8.424354521787850558e+01
8.175644716169360038e+01
8.125613135018434718e+01
8.203428943115829952e+01
8.195216265673909106e+01
8.204461105910645813e+01
8.238719662678784061e+01
8.184776920101379005e+01
8.100430067938717116e+01
8.098565418556066220e+01
8.100940001127557366e+01
8.078380069876001812e+01
8.010548995162562846e+01
7.962749250821720182e+01
7.906753443124129888e+01
