2.427869272269910539e+02
2.467339197830705757e+02
2.425132051633744084e+02
2.336750984633194150e+02
2.318709917010709489e+02
2.319916712308026945e+02
2.296013999104387722e+02
2.289819269871784968e+02
2.277704646417534775e+02
2.257098550378650827e+02
2.213414952079336331e+02
2.179854286288550895e+02
2.136715765138742995e+02
2.081453542425035153e+02
2.039551660971473268e+02
2.002817775929801201e+02
1.954942202300720169e+02
1.909241594352139657e+02
1.862284655727701193e+02
1.823520640794842791e+02
1.790700392793271476e+02
1.141662967363224652e+02
9.420736604149668381e+01
9.193752425729302047e+01
8.782399387833407900e+01
8.245303860774421878e+01
8.117652695651753447e+01
7.841024071816720209e+01
7.744523639372447121e+01
7.431936245423774778e+01
7.113279971712555039e+01
6.781889932668570964e+01
6.566911190645791407e+01
6.455646365539685405e+01
6.392569545187566860e+01
6.199394332661718465e+01
6.109025161165924800e+01
6.011063850233048811e+01
5.883773769120269037e+01
5.810088106589225987e+01
5.694146922921354559e+01
5.541622216692705649e+01
2.492053718796511674e+01
2.386067712533513330e+01
2.797121616772232144e+01
2.578553204843680646e+01
2.563699092296051774e+01
2.525073020929960776e+01
2.418502190821903852e+01
2.285102548005621159e+01
2.298223512374648791e+01
2.271380041745270972e+01
2.213371140669952553e+01
2.226586386716489230e+01
2.227168834866994374e+01
2.264383489615201484e+01
2.334035281556878871e+01
2.315252673096405900e+01
2.366464824867905747e+01
2.369985801602943454e+01
2.370446474950262328e+01
2.367850567079123891e+01
2.349814169931393337e+01
1.482398678526821811e+01
1.864858857689360150e+01
1.592588207070251194e+01
1.660635408203411245e+01
1.771718156049145421e+01
1.700907165077152428e+01
1.634228022792502344e+01
1.595110197528633833e+01
1.627326665567382946e+01
1.655531018625347528e+01
1.630905165609418006e+01
1.611057384803356030e+01
1.661300503716655541e+01
1.601504297159658918e+01
1.587699437520155854e+01
1.614803960251887105e+01
1.656429105273404545e+01
1.663989631818411752e+01
1.670296583195742812e+01
1.649811501089014243e+01
1.628585499028571704e+01
1.047269930122608095e+01
9.911556416072816234e+00
9.007466900278060962e+00
9.018771401869933868e+00
9.445855321048545861e+00
8.837523445931712018e+00
8.573951180395081195e+00
8.542924101402283199e+00
9.077622719158691567e+00
8.949554342685630104e+00
8.783222818653296571e+00
9.052400639976795560e+00
9.352391220747513501e+00
9.529655483978396902e+00
9.809341735413591223e+00
1.000162237054726333e+01
1.027765949412961355e+01
1.003308162740361631e+01
1.033673835151730280e+01
1.031815985504990785e+01
1.030152239455442853e+01
8.466585016318212809e+00
6.708436418231750409e+00
7.795480151514927236e+00
7.657360124117339240e+00
7.170637438709658085e+00
7.877704396215453819e+00
8.422104374616131039e+00
8.181131270569458991e+00
9.022918024203045562e+00
8.817959092167509283e+00
8.677994493157179079e+00
8.881348649603156176e+00
8.752659672395402879e+00
8.780045570157083645e+00
8.605770627012832463e+00
8.569621368519694471e+00
8.461677909637590034e+00
8.927490709328502305e+00
9.091973909849278002e+00
8.959567079587046123e+00
9.051249332781633683e+00
9.929113001962626583e+00
8.633569630979462062e+00
7.797740339441125990e+00
7.874370329486870546e+00
7.623129691240036365e+00
7.319183316230620129e+00
7.623841176755393079e+00
8.212209847923402251e+00
8.312787668720460488e+00
8.010719322057406444e+00
8.304700438756380976e+00
8.070721820445713846e+00
8.091935016947045867e+00
8.159893735771941436e+00
8.035171334213936589e+00
8.062136674169634531e+00
8.017068132817792403e+00
8.094580214913740690e+00
8.106584090519955765e+00
7.979850592246699570e+00
8.000479060649892560e+00
6.973396028611741571e+00
7.686034246708842055e+00
7.690495357264349963e+00
7.281828757505341088e+00
7.130253002532851880e+00
7.241536933686674615e+00
7.440448984479235861e+00
7.044192662706031172e+00
6.909754118133354162e+00
6.638046170019535452e+00
6.680145603279595612e+00
6.474607218722316482e+00
6.263723998688180750e+00
6.193759256076657671e+00
6.187586399842909479e+00
6.086813544160492029e+00
6.179459214433744130e+00
6.020432415278418325e+00
6.203919565397331581e+00
6.175111040272051710e+00
6.243627960689821066e+00
5.125718113458614944e+00
5.690529176388018584e+00
5.332399739884940537e+00
6.160301573328319513e+00
5.773710507453303720e+00
6.182759904559420150e+00
5.717741408372220668e+00
5.380060856816524684e+00
5.248641846487659635e+00
5.224095352165110562e+00
4.963403940916158774e+00
5.284527226585649551e+00
5.515459039994979662e+00
5.617135508677713496e+00
5.465560213164886605e+00
5.463309245580604490e+00
5.294674530228142828e+00
5.411635834013802437e+00
5.533128011183744199e+00
5.494577966200901997e+00
5.508758756041888027e+00
3.617926561724985834e+00
4.870035677690462528e+00
4.270112951428020054e+00
4.747864791146336749e+00
4.716634311497576171e+00
4.366127847449359223e+00
4.352469445899108891e+00
4.246172224173916376e+00
4.019796932271741063e+00
4.191648710292523283e+00
4.220027052774533161e+00
4.376759186586346217e+00
4.264632218101622740e+00
4.315357385848861860e+00
4.629625334954184268e+00
4.467258360876360079e+00
4.492015720268182299e+00
4.394447493316884668e+00
4.394339573291879297e+00
4.470723230422129824e+00
4.438479219585269142e+00
