6.915558538972907172e+02
6.892055078888013213e+02
6.869545713920945218e+02
6.845427587096955904e+02
6.820548135988927925e+02
6.796296405303970687e+02
6.767096476526730839e+02
6.735550472594431994e+02
6.702363167382395659e+02
6.666827270930859868e+02
6.625038051079122852e+02
6.578429453295285612e+02
6.527688204980705677e+02
6.466471046040683177e+02
6.403316212103467251e+02
6.332437526085792570e+02
6.251442740648792551e+02
6.161761367041964377e+02
6.069071503803779706e+02
5.961499276229800444e+02
5.857645040941009711e+02
3.778873596017008367e+02
3.681341234703787109e+02
3.639977055984425078e+02
3.605413725502939428e+02
3.561444705488472096e+02
3.540866038503747859e+02
3.517911338438054258e+02
3.562483908146290901e+02
3.542981944759816884e+02
3.489980050441529329e+02
3.476726704195241382e+02
3.469843023560046618e+02
3.463392982996368232e+02
3.451858546039952671e+02
3.436103668272998561e+02
3.435101027225068151e+02
3.429632869454334809e+02
3.417178408192288543e+02
3.414906340536770699e+02
3.403150278915949798e+02
3.384396457399583369e+02
3.301276575106857081e+02
3.332449702436206280e+02
3.274009432387145466e+02
3.336832013493869340e+02
3.404213477462722608e+02
3.394119996553533838e+02
3.358779038076856409e+02
3.345958157631191057e+02
3.331807005846875995e+02
3.323934923074753556e+02
3.309934798048911375e+02
3.300444519389491234e+02
3.319549347414024965e+02
3.304975176365991842e+02
3.308684656562223267e+02
3.319143744654305692e+02
3.301943781034502194e+02
3.292142634451584513e+02
3.288864541569839162e+02
3.299402688192575965e+02
3.291504011381906594e+02
3.219039629705545167e+02
3.166239771160199439e+02
3.214920699533200832e+02
3.213675636806148077e+02
3.177802518569822041e+02
3.196952567540109271e+02
3.194810610403818032e+02
3.235088227363895044e+02
3.226867082359455594e+02
3.227052160516407184e+02
3.228215147973783132e+02
3.230124169139763239e+02
3.235422899846360565e+02
3.206188230907599177e+02
3.207613904764953645e+02
3.199926384128008863e+02
3.189378534302812795e+02
3.189595137824693438e+02
3.181448436685852243e+02
3.192431732214674867e+02
3.205692377701839177e+02
3.235370997739111090e+02
3.107105423063497938e+02
3.119926251274143283e+02
3.105298450956368015e+02
3.077847122867850658e+02
3.116632475528126065e+02
3.138508348220796620e+02
3.134696199323011570e+02
3.121866267918659332e+02
3.142439163511803031e+02
3.140245173653938764e+02
3.149104304352165400e+02
3.145246135066806801e+02
3.144146156419838007e+02
3.119341290205096584e+02
3.103821635835041661e+02
3.113779306867438663e+02
3.110280885465008964e+02
3.120526483218907288e+02
3.120564862664484735e+02
3.115575880700096150e+02
3.018360695266959510e+02
3.078903277247720212e+02
3.081813388737068067e+02
3.073437653658356794e+02
3.084534006200040608e+02
3.084181993970090616e+02
3.050639931408797452e+02
3.045793424343032143e+02
3.003852062063144217e+02
3.017338112848349283e+02
2.990205436003784030e+02
2.996677131969653374e+02
2.997967600980269367e+02
2.994662717465188848e+02
2.994532366099192018e+02
3.002161004604099617e+02
2.997207910337872363e+02
2.999529701853984420e+02
2.997344369992296720e+02
3.000725461155604989e+02
3.005524463086635478e+02
2.783373594278145902e+02
2.726620342591356234e+02
2.851438657943489261e+02
2.976166010702542053e+02
2.948025559938149627e+02
2.944887608491635547e+02
2.930144602414031851e+02
2.919722011478184527e+02
2.917320317409894983e+02
2.897275143788204446e+02
2.898165664440962246e+02
2.868431127434411678e+02
2.879004338822438172e+02
2.880703564329108985e+02
2.878731710638818413e+02
2.867350978535386616e+02
2.875543892655984450e+02
2.892139205755448188e+02
2.900993700189962965e+02
2.895913188992876712e+02
2.892904609173260724e+02
3.006445164762661761e+02
2.887781644942845674e+02
2.875082233561407747e+02
2.856886911206071886e+02
2.879756875318223024e+02
2.850681177068350962e+02
2.802059406137329347e+02
2.814275306352719213e+02
2.830736161193993894e+02
2.832920483667433587e+02
2.830049850443996888e+02
2.833551215016592550e+02
2.854648754175778436e+02
2.845688176934251032e+02
2.833203325643406743e+02
2.798419268874371255e+02
2.802120799624789811e+02
2.791174196812663695e+02
2.784323425566984724e+02
2.777093473382905131e+02
2.776855686534983079e+02
2.637484881290386056e+02
2.742909651427583526e+02
2.718827317615551351e+02
2.718964371204888266e+02
2.723941281712878890e+02
2.720961011844809718e+02
2.692606583164626954e+02
2.705257151439428185e+02
2.709502961649461099e+02
2.714592458198965801e+02
2.729297408092621140e+02
2.727730853079424378e+02
2.723664225696028893e+02
2.723968269643398799e+02
2.706984134900231993e+02
2.705717788305722138e+02
2.697480063501178620e+02
2.695376908642463718e+02
2.686853436197575888e+02
2.683394155863489345e+02
2.678774834534863771e+02
2.782350316821834895e+02
2.702932534009181609e+02
2.596888809672589673e+02
2.643416989439085114e+02
2.658628357069125059e+02
2.627336820531065200e+02
2.635697666502429684e+02
2.661389568128350902e+02
2.668860974398244821e+02
2.664976912160947222e+02
2.648650144647402271e+02
2.651478640851825048e+02
2.647497188536341355e+02
2.647794716001914708e+02
2.630666623874981269e+02
2.625635934565296452e+02
2.616033252877696782e+02
2.599811496243210058e+02
2.600939020198478602e+02
2.593537234333189758e+02
2.586212147279431974e+02
2.432842646581186727e+02
2.534140716285655799e+02
2.455729066675092156e+02
2.481238718826988077e+02
2.470147441259495338e+02
2.473785766154114185e+02
2.483973006480771062e+02
2.482591487379564512e+02
2.481912209095284254e+02
2.487252586990425129e+02
2.478766627716837547e+02
2.485155498226804127e+02
2.503663326667003446e+02
2.478467735525856028e+02
2.480637578695614138e+02
2.487252784916769315e+02
2.501474846984324927e+02
2.504665389247039116e+02
2.499461304754182436e+02
2.505541314010248470e+02
2.506467451260535029e+02
2.578804082316308950e+02
2.587537218987769165e+02
2.584179129113571776e+02
2.531418109470511126e+02
2.552926056451956356e+02
2.537627930770836429e+02
2.510119283159421286e+02
2.515889478863486488e+02
2.501163850509091446e+02
2.500527309798848705e+02
2.479402963910937387e+02
2.476101894360333233e+02
2.466025661720071014e+02
2.462248404940714579e+02
2.461121974716879208e+02
2.445950118713658981e+02
2.451643302211883793e+02
2.450730980546944409e+02
2.448028403626686327e+02
2.445989927956770487e+02
2.445929059157377310e+02
2.753208307846100524e+02
2.719957824965863438e+02
2.550996308991583419e+02
2.575629025737994766e+02
2.511994528963051607e+02
2.482449622332975139e+02
2.480985888211566532e+02
2.438375730921246713e+02
2.423439397331569864e+02
2.412917830294272221e+02
2.409252188486476882e+02
2.411771658155268767e+02
2.408637062504188293e+02
2.391527026946710635e+02
2.399898705975264761e+02
2.396674011907664692e+02
2.398095229010409639e+02
2.392617555387182335e+02
2.398078217069070774e+02
2.392272234543538048e+02
2.394392223766780603e+02
2.357432732762872831e+02
2.368796464853550674e+02
2.427370129576545708e+02
2.388455418971595350e+02
2.400261519396498500e+02
2.407425578191256648e+02
2.401708780293339771e+02
2.385534048395761033e+02
2.377984209389236128e+02
2.358577431199252032e+02
2.355511845923609826e+02
2.342548862254085407e+02
2.332773926122067394e+02
2.337418658715574793e+02
2.332519750321252729e+02
2.341176206949203333e+02
2.348004249066104308e+02
2.337535679262155384e+02
2.340235523314791237e+02
2.350721395465969010e+02
2.347180756250310480e+02
2.406927703690636235e+02
2.353133952810387655e+02
2.341572973376880782e+02
2.340006189990347423e+02
2.303370971785533357e+02
2.287003462710646033e+02
2.301969448598411248e+02
2.313451402562614589e+02
2.317955262747174459e+02
2.302196282902732491e+02
2.296919992905856418e+02
2.298426870193257230e+02
2.302343967878490787e+02
2.315344789467928877e+02
2.312485409625037960e+02
2.294263777531328969e+02
2.296051936056003058e+02
2.297765656213603904e+02
2.303372454339120452e+02
2.299023753704828437e+02
2.302050442427437531e+02
2.030938997824397916e+02
2.213293056968933286e+02
2.228433553722293539e+02
2.244345277966515937e+02
2.261439239894650086e+02
2.280893166481792775e+02
2.302256127112136426e+02
2.295990293687077326e+02
2.310487781624435968e+02
2.296449549566810333e+02
2.303328469568961054e+02
2.291288480267303953e+02
2.290025984588601204e+02
2.284261821171406552e+02
2.277488857248471845e+02
2.263702006076555051e+02
2.266647094595376188e+02
2.269396231045823242e+02
2.272368703723531098e+02
2.280558928318078529e+02
2.280645864319680527e+02
2.082130552767756058e+02
2.116284246261783721e+02
2.199417726721175939e+02
2.220981238567442233e+02
2.258956884416194839e+02
2.288186418469144030e+02
2.264467365115668827e+02
2.262629662460417990e+02
2.259571221652570614e+02
2.263308974244646947e+02
2.260316148206864000e+02
2.254639199767009927e+02
2.251629128656120145e+02
2.253224903905314420e+02
2.261940180774224132e+02
2.267573110895473008e+02
2.260598466385290237e+02
2.255259563115737365e+02
2.257662203019345952e+02
2.255444452941156896e+02
2.261252380158213384e+02
2.288523303579774506e+02
2.365107467068515916e+02
2.380107293436437033e+02
2.380592698394233366e+02
2.361366935141990950e+02
2.321527559311344930e+02
2.323669788024061802e+02
2.302601899970780437e+02
2.302306814271823043e+02
2.293267785298009755e+02
2.284808084426493338e+02
2.269287738629678870e+02
2.270401225005409742e+02
2.271417533449039468e+02
2.258683603179961779e+02
2.259692086892771101e+02
2.250012923248722529e+02
2.237105439354501186e+02
2.241837883451689777e+02
2.236732874948992844e+02
2.234407175721869123e+02
2.135505071060669309e+02
2.239371155898855079e+02
2.245837560144331633e+02
2.274216088998864507e+02
2.271305145962009817e+02
2.292292225508290642e+02
2.277486599194085670e+02
2.283359663794675214e+02
2.280050407777454780e+02
2.263208592553123424e+02
2.233333957432451768e+02
2.250575589752186829e+02
2.229721820355608770e+02
2.237405733109645212e+02
2.232516075256513659e+02
2.223001421391745112e+02
2.226187622394330674e+02
2.226500830960147255e+02
2.229828344057952449e+02
2.218028676674301494e+02
2.218899284970030408e+02
2.068734581378351720e+02
2.301306581275104577e+02
2.230656538851818596e+02
2.218603581819285182e+02
2.202797803293939580e+02
2.229939436113132842e+02
2.239873890295968692e+02
2.242563891655727559e+02
2.243735515745930797e+02
2.242689879107378204e+02
2.230686877878533494e+02
2.210508545014700701e+02
2.212331320869106150e+02
2.205939557063915402e+02
2.199748309786581331e+02
2.201656361275437348e+02
2.206432541973623529e+02
2.209674063717397132e+02
2.216200391554264968e+02
2.213358485708283467e+02
2.212965375808551016e+02
2.232193030559440956e+02
2.249092847398595438e+02
2.272672930590951239e+02
2.190278060456825813e+02
2.202890362317794768e+02
2.219730619447186371e+02
2.218719939199940825e+02
2.204478852777760380e+02
2.204106868474661667e+02
2.205192570122426332e+02
2.204771350837393697e+02
2.203832245505880110e+02
2.209214906934479643e+02
2.199363750966779776e+02
2.192093476790839475e+02
2.186067685296009699e+02
2.188546082818071739e+02
2.182319018615237383e+02
2.180041396570141501e+02
2.186679640710675869e+02
2.192123565376718943e+02
2.251408603351992497e+02
2.193850747597181794e+02
2.215807491678880581e+02
2.180091734823530771e+02
2.210156877593080083e+02
2.202039725508062418e+02
2.205326534573663650e+02
2.216524849704698568e+02
2.205095614105853770e+02
2.188999059191106937e+02
2.188648507724558101e+02
2.176551835334586542e+02
2.171838516486417632e+02
2.170911147366743990e+02
2.177981282857991232e+02
2.172866201592228776e+02
2.169793753721003498e+02
2.166438354036752685e+02
2.169118727561869662e+02
2.175425650033026557e+02
2.191977026467755820e+02
2.172193444978261141e+02
2.245586172124671407e+02
2.302156510152684916e+02
2.284079438114870015e+02
2.282489848031057988e+02
2.242161552811156184e+02
2.241763713576397095e+02
2.221976045722486504e+02
2.204964867629312266e+02
2.216716891848172963e+02
2.200677863793052040e+02
2.200369132218214645e+02
2.214051537444438793e+02
2.212391067868372261e+02
2.205633578536588857e+02
2.198363267958243625e+02
2.198711678459104633e+02
2.201614700075588189e+02
2.194506160289801926e+02
2.187970346407129512e+02
2.185405179378580272e+02
2.220656303695242855e+02
2.297370550157113200e+02
2.229529494344681950e+02
2.195897964275150400e+02
2.177100722024931656e+02
2.151847718328777717e+02
2.141609555753313430e+02
2.162170897366854092e+02
2.170461483710330981e+02
2.169095866019135599e+02
2.175387024717341262e+02
2.175322525861216718e+02
2.169511558899135935e+02
2.179709788509688622e+02
2.170209214184107509e+02
2.174425036510770894e+02
2.163052127409266348e+02
2.167466418515463999e+02
2.167062185309363826e+02
2.171580214896229393e+02
2.176238639220465529e+02
2.066903973777832562e+02
2.130286924255509575e+02
2.178047072199010188e+02
2.156270536004146265e+02
2.135821740186771933e+02
2.177701768882841975e+02
2.190512932143122100e+02
2.174068503861009560e+02
2.191489690035855062e+02
2.189067577737175725e+02
2.181458217156463775e+02
2.182150883185388182e+02
2.176092286412534236e+02
2.176234620848363477e+02
2.169906680948431301e+02
2.172432521086566339e+02
2.174423470111004519e+02
2.170858257425668967e+02
2.171582033229304045e+02
2.171304477505161401e+02
2.175298458705616724e+02
2.238291911679055772e+02
2.179165606925167253e+02
2.184299187476599968e+02
2.149724474630337170e+02
2.214422726580596077e+02
2.189023212236973848e+02
2.165326598854499025e+02
2.160165340868321380e+02
2.165861124472798167e+02
2.168258062427596826e+02
2.167547558189925496e+02
2.172140579052525027e+02
2.170559058731300013e+02
2.185715611364771007e+02
2.182621189084878495e+02
2.180411599246739058e+02
2.180169162464890746e+02
2.189492200578564507e+02
2.184346509187664651e+02
2.180129646519549169e+02
2.173701296257547995e+02
2.284150158871114513e+02
2.236410098676538780e+02
2.213283632870841302e+02
2.235251290647823339e+02
2.172500016387093922e+02
2.153373337713759099e+02
2.165989659171005997e+02
2.175527200969908392e+02
2.164359322766004539e+02
2.183870412268589405e+02
2.190563776475883344e+02
2.180520569208512427e+02
2.183104189968252626e+02
2.190213033128561904e+02
2.185515215992968763e+02
2.177766243853677963e+02
2.179053506919769632e+02
2.171785410157853278e+02
2.176631575688803082e+02
2.178998931533399173e+02
2.175666288295363131e+02
2.254012147787906315e+02
2.268401424576945260e+02
2.164370096963031642e+02
2.139166576967696187e+02
2.163473280453975747e+02
2.168544629276719036e+02
2.170171966262253136e+02
2.163659875256369105e+02
2.145946388872718842e+02
2.163127149750496301e+02
2.173718724572295002e+02
2.166278235335759064e+02
2.163011362777358784e+02
2.159293462974593751e+02
2.159686718156480936e+02
2.153461692248340569e+02
2.165882920911668066e+02
2.164216636452266300e+02
2.165387153218198648e+02
2.167075176122891946e+02
2.165669969049190229e+02
