7.196351280628100540e+02
1.380417823700501685e+04
8.519478125583122164e+03
6.284126025744287290e+03
5.043867093325357018e+03
4.255365586078933120e+03
3.708480288269000994e+03
3.306608914900960826e+03
2.998589906468999288e+03
2.753310819021731277e+03
2.551041896382508185e+03
2.379222122379731445e+03
2.240223292992526694e+03
2.115215336838040002e+03
2.010725024070479776e+03
1.918471241878593901e+03
1.838593558335136322e+03
1.766406539754660116e+03
1.700860444777424163e+03
1.642602498216301001e+03
1.590957750191940477e+03
5.639699506838379648e+02
5.668014346288305205e+02
5.670520767735034724e+02
5.655886442634578088e+02
5.692682773922290380e+02
5.675162017729397803e+02
5.603074816026473854e+02
5.593074037166232984e+02
5.623130914608916555e+02
5.614825953440533794e+02
5.591306461429098817e+02
5.586584478308582220e+02
5.575156696633797537e+02
5.555701789076925934e+02
5.535420491353570469e+02
5.513964367257854065e+02
5.498239743334230525e+02
5.463301126309290794e+02
5.422697560073887644e+02
5.372556283722025228e+02
5.322777150330942959e+02
4.444312617391200888e+02
4.085128587821820361e+02
4.053302697680675237e+02
3.886270697851920772e+02
3.774758036192496888e+02
3.735547989272259315e+02
3.621453833859524707e+02
3.498671827468693323e+02
3.439041160107184965e+02
3.379950601789979601e+02
3.291640813949027233e+02
3.206677609139052834e+02
3.154625000751647121e+02
3.209064057355407158e+02
3.322732578599133717e+02
3.293303495908726859e+02
3.355944210484958035e+02
3.398738709686306265e+02
3.473738181363451645e+02
3.517952347757064331e+02
3.504643072443996630e+02
3.172400503563793563e+02
2.789498235231009176e+02
2.819061323210507908e+02
2.771952696494372503e+02
2.708580662153684102e+02
2.663020018019619215e+02
2.672230079650386756e+02
2.717006296585516907e+02
2.687245516069604037e+02
2.624675395980438566e+02
2.655955349904903073e+02
2.650788564752495517e+02
2.684326791140925366e+02
2.687852026380490997e+02
2.696180914558867130e+02
2.639998358104714953e+02
2.583810501130639636e+02
2.537684806429754474e+02
2.500049271598081759e+02
2.459163731714243966e+02
2.416363263597456239e+02
2.161442208563397571e+02
1.974602667407665990e+02
1.979837667843063969e+02
1.894537445106707878e+02
1.862878627947625887e+02
1.870678483465444515e+02
1.851844224023765548e+02
1.855914219190672725e+02
1.809591726363807709e+02
1.795243542462507946e+02
1.779590893731092081e+02
1.751008344215163675e+02
1.725506720106617990e+02
1.712704592796608551e+02
1.684617744335608620e+02
1.658910596312877317e+02
1.626906179467130471e+02
1.611244230128315280e+02
1.590363835972799791e+02
1.561163020076340615e+02
1.559803104750623390e+02
1.425691868096312760e+02
1.151530466920045086e+02
1.317900742918737649e+02
1.300473179927730314e+02
1.257536593423896534e+02
1.261213669001097060e+02
1.258279700592124613e+02
1.248799609908126484e+02
1.252043509379550272e+02
1.306454977018565842e+02
1.360372890526782612e+02
1.348869009372296830e+02
1.346067502502595516e+02
1.341462916219948056e+02
1.339100435897500461e+02
1.342773017229378922e+02
1.314820203284222089e+02
1.308049277555284675e+02
1.283183875742123803e+02
1.286679642138128941e+02
1.282851179909341113e+02
9.594566601153361773e+01
8.651107210775271028e+01
1.014564801795313826e+02
1.019067897046440265e+02
1.002249226601176133e+02
1.215927339713390722e+02
1.387489228578809843e+02
1.392529046829901347e+02
1.378251984591370274e+02
1.412068076931062706e+02
1.388014666855443124e+02
1.390788124837146711e+02
1.382729899578503989e+02
1.365992165076807510e+02
1.446067968983394394e+02
1.464976318111693558e+02
1.532292401209718093e+02
1.531065384846750987e+02
1.539266291738855728e+02
1.536680451920752830e+02
1.521577376164788120e+02
1.275695956297341525e+02
1.282378449174209436e+02
1.220025610680204835e+02
1.239904935505896759e+02
1.144609452013850870e+02
1.100506955558708029e+02
1.058843350893466209e+02
1.017941634975690022e+02
1.048637904753070558e+02
1.029276931492763936e+02
1.018290510616089648e+02
1.013423793000152671e+02
1.055646398293056336e+02
1.081060334089967370e+02
1.072421880924499646e+02
1.091910671021281303e+02
1.070946551212234255e+02
1.063571734217188407e+02
1.055554173999957044e+02
1.052185659807604026e+02
1.039945394017485540e+02
7.217076310352196344e+01
7.843443967244006387e+01
8.215628958754115274e+01
8.522157515696362395e+01
8.375398293377664061e+01
8.161523720283133798e+01
8.058157943724604877e+01
9.251414152121810730e+01
9.813251305121778501e+01
9.881000925364355680e+01
9.654915343806246142e+01
9.997506927278315914e+01
9.745583917285318876e+01
9.781063727226846538e+01
9.810858681731953368e+01
9.673112384962597332e+01
9.685496553132198017e+01
9.631208005292984353e+01
9.572495554309510624e+01
9.530826236797358320e+01
9.470449741579935221e+01
7.665664510288738143e+01
8.644457973899241665e+01
8.280752119357340746e+01
7.954198974832245028e+01
9.164376847741559118e+01
9.076911019629552868e+01
9.263245152697071205e+01
9.170398272903557313e+01
8.863840092471136245e+01
8.976442411323087356e+01
9.090712675126994213e+01
9.056693746883256324e+01
9.053647361304942365e+01
8.928298598544969877e+01
8.757276529762644657e+01
8.782847852173188130e+01
8.653132955376439384e+01
8.491593706044612588e+01
8.522970453164656135e+01
8.393855703495249543e+01
8.268110842342697708e+01
