9.969134686671936834e+02
9.920362287386979006e+02
9.875346789551516622e+02
9.828666504066214884e+02
9.781295246429265262e+02
9.729993210365629466e+02
9.676084891301512698e+02
9.619156894577813546e+02
9.556838793300465795e+02
9.487523923291849997e+02
9.411311079018969394e+02
9.329045491058244579e+02
9.236689648861004116e+02
9.138372631963636650e+02
9.032960796337799820e+02
8.913410984287546626e+02
8.790506764391519710e+02
8.650689605248574026e+02
8.511325433649270735e+02
8.406638450424383109e+02
8.303252401208078481e+02
6.454914475671582750e+02
6.265574712567032520e+02
6.310127686409202852e+02
6.254698980256116556e+02
6.277299066855206320e+02
6.223969180877173812e+02
6.265162729419974994e+02
6.249406320288852612e+02
6.247003311784015978e+02
6.234432948907077616e+02
6.236837795413772483e+02
6.228249959863617278e+02
6.241106714245995590e+02
6.243444360045498343e+02
6.223693965912198109e+02
6.195688229488969228e+02
6.191272454556328739e+02
6.186694792563047258e+02
6.166247024327059307e+02
6.161944557523044068e+02
6.155619811580127134e+02
6.037055852714850062e+02
6.099941788440129358e+02
6.061183153398216064e+02
6.127789675513597558e+02
6.110512837999864360e+02
6.059949942166152823e+02
6.017601278045625577e+02
6.006806055729887248e+02
5.994824613002655269e+02
5.981012419093556218e+02
5.955762113703639216e+02
5.969056243554266530e+02
5.981636098747917458e+02
5.975750451598767086e+02
5.962633313035156561e+02
5.960320302214615822e+02
5.949954184871220377e+02
5.949274434676735837e+02
5.946550989876856192e+02
5.936561748194818620e+02
5.942039097629741491e+02
5.905565376831241338e+02
5.831488563618570424e+02
5.723589425464515443e+02
5.782272840825023650e+02
5.793270797494094495e+02
5.777622702295933550e+02
5.771274025880334193e+02
5.776119608439956892e+02
5.753715852137639786e+02
5.751102457029876405e+02
5.746744944138565643e+02
5.753742391264129310e+02
5.743523944296565560e+02
5.730367189389266969e+02
5.704498664082528876e+02
5.691337623459886572e+02
5.693659727368691392e+02
5.692531368963808518e+02
5.669429587627769251e+02
5.656035790331404769e+02
5.665922899835715043e+02
5.535777454504507205e+02
5.540239104981336595e+02
5.549146543698933556e+02
5.524148096224499795e+02
5.495220553707640647e+02
5.512456545321390422e+02
5.445856403874909120e+02
5.413546328488133668e+02
5.428903904605068647e+02
5.425678331497739464e+02
5.412113555688320048e+02
5.403245620540583332e+02
5.402040726508068929e+02
5.409219952919376055e+02
5.399228165393307108e+02
5.396315215452792700e+02
5.385213590441339875e+02
5.370262351791321862e+02
5.352505643892611715e+02
5.339951713621485396e+02
5.346119204843033685e+02
4.964177454841410508e+02
4.906488456089692249e+02
4.971854378271157202e+02
4.982005546829985860e+02
5.019624671934052458e+02
5.018200075726452383e+02
5.057665860752047706e+02
5.029144656577395835e+02
5.033805686819093239e+02
5.022870855776606049e+02
4.987795056795890218e+02
4.988031925187660818e+02
4.970393877711410937e+02
4.964300802741245775e+02
4.979533807735651294e+02
4.970635600991827232e+02
4.955304855695997048e+02
4.949054214614106968e+02
4.943715682900456159e+02
4.940858168397966210e+02
4.916517273125081715e+02
4.741491867963517279e+02
4.693908724410140962e+02
4.601590759949173730e+02
4.651228232431324727e+02
4.668290072430808095e+02
4.659775917735444182e+02
4.661074954520666438e+02
4.644779148150404353e+02
4.619856314804503654e+02
4.599488059215148610e+02
4.578739102166751991e+02
4.583643028411859746e+02
4.593160125021802855e+02
4.588762734705277353e+02
4.583923574496739661e+02
4.561330665171515193e+02
4.541917123345385221e+02
4.524158899399921552e+02
4.503489046296717220e+02
4.496763544355246722e+02
4.491635768016021757e+02
4.455058991474434151e+02
4.380149953752649594e+02
4.369294770659218443e+02
4.347871543860382531e+02
4.309716464181027504e+02
4.255402750829645129e+02
4.241422516884798597e+02
4.222052648129832733e+02
4.209575489834579685e+02
4.176136353017216152e+02
4.164937408825227294e+02
4.154548074433499210e+02
4.150986097909545265e+02
4.136652110799366824e+02
4.138616971592392133e+02
4.120580560249865698e+02
4.110564438164465741e+02
4.106197218924552317e+02
4.100771526917988581e+02
4.097265337978618049e+02
4.100247224214239736e+02
3.766231061046158288e+02
3.846376082969746335e+02
3.825010674748664883e+02
3.872596499813986952e+02
3.842445491584344950e+02
3.833962169048645592e+02
3.839872955738445057e+02
3.840027867399958268e+02
3.814364154451763511e+02
3.803859240796616632e+02
3.810904776469434410e+02
3.804326739613233030e+02
3.794547419081241628e+02
3.785531994164444427e+02
3.785537734100651619e+02
3.776584765855819228e+02
3.776821004046622647e+02
3.753355688422828962e+02
3.753958665667126411e+02
3.753471186586131125e+02
3.754766495092413834e+02
4.109252003747154731e+02
3.805783881633655596e+02
3.536079867542413808e+02
3.539826153328244231e+02
3.624422530428072378e+02
3.660505823039244433e+02
3.599321116655940500e+02
3.600637265828185036e+02
3.586568020642105239e+02
3.565931981446154282e+02
3.514665296205400864e+02
3.510257634880567252e+02
3.526197825854766279e+02
3.526981318126028100e+02
3.516858584264731462e+02
3.513810006688007093e+02
3.512541680804644670e+02
3.507018413053647805e+02
3.491803602476096557e+02
3.489016448657977207e+02
3.486777650764714167e+02
3.677781161246703050e+02
3.609569062671738493e+02
3.533844311399264484e+02
3.464930693567582125e+02
3.439918532637153703e+02
3.405851210777525466e+02
3.394846035031098950e+02
3.357600776924310821e+02
3.339706396602832115e+02
3.327481614926618363e+02
3.314244539778511012e+02
3.302077972303995352e+02
3.307264729773171439e+02
3.297714382260056141e+02
3.312922970726456242e+02
3.310127972279263986e+02
3.299245130429721371e+02
3.289360669024700314e+02
3.294471787607738520e+02
3.299124735001165050e+02
3.289118456550278893e+02
3.049201843856634468e+02
3.152010081416126468e+02
3.113564480420819223e+02
3.192299752171563227e+02
3.231189193147851597e+02
3.188577124391483153e+02
3.175371327593935007e+02
3.168813610246149324e+02
3.187069101529186810e+02
3.198300564764534215e+02
3.184575677434743284e+02
3.177535337707199687e+02
3.167632870459581795e+02
3.169335064217365243e+02
3.170710739634569677e+02
3.170692067401751046e+02
3.162122126733201526e+02
3.162267707266991010e+02
3.155739784251433662e+02
3.153471819047542795e+02
3.144958000956878550e+02
3.291268085713788878e+02
3.229257147288258238e+02
3.144974488774238921e+02
3.060545066518685076e+02
3.028867562699166456e+02
2.985838627619665431e+02
2.990654194713038692e+02
2.997867314558649241e+02
3.003111513968790973e+02
2.983529321539680268e+02
3.005996876813799759e+02
3.000847002027388157e+02
2.995810911632479474e+02
3.004055988420410586e+02
3.017394312680416988e+02
3.040307491478403676e+02
3.036302089852504196e+02
3.035517501178249518e+02
3.034478412544275443e+02
3.043244615612245525e+02
3.046724824785685541e+02
3.049967378753545404e+02
2.969510136068795418e+02
2.867113670820542666e+02
2.864969999774284588e+02
2.978166396519786758e+02
2.997666614986405875e+02
2.998248980544422579e+02
3.031423870585617806e+02
3.020105879133810731e+02
3.000039963888974057e+02
3.009987500146939965e+02
2.993739484144123821e+02
2.983325999002178719e+02
2.981865971157059789e+02
2.972722274221291627e+02
2.963047127682441442e+02
2.970015718020581517e+02
2.975681126202298401e+02
2.964507391356151516e+02
2.956156598716964936e+02
2.951766655523704230e+02
3.386198813687612414e+02
3.014473152741916238e+02
3.088302530942499402e+02
3.080517854642132534e+02
2.988582040374227518e+02
2.958054938414529715e+02
2.970430325293307305e+02
2.961900692343373294e+02
2.946640025472647721e+02
2.948102277387366144e+02
2.976856026988429562e+02
2.983525256567853035e+02
2.969458224630669179e+02
2.956080652313549990e+02
2.942763701034630799e+02
2.933240185248037619e+02
2.904952748753734681e+02
2.899484021484835239e+02
2.901952028280803688e+02
2.905678275258781582e+02
2.897738083838552825e+02
3.144252408712571878e+02
2.803099229773676484e+02
2.894202738330432680e+02
2.886191144415560643e+02
2.853095233367048991e+02
2.837508288085253412e+02
2.812283614140707755e+02
2.832174069979556634e+02
2.830121029265760626e+02
2.848025464071677106e+02
2.857866947532853032e+02
2.857384088568868492e+02
2.865638966695747740e+02
2.849413271996760955e+02
2.834523419345987350e+02
2.858374736788302926e+02
2.861958765432232781e+02
2.852835436571242553e+02
2.848107944340188169e+02
2.845876885807832082e+02
2.838491281334186169e+02
2.947002658465124796e+02
3.137576256978227320e+02
3.005751473394369668e+02
2.937422835725788559e+02
2.887797090229235550e+02
2.901120988386774684e+02
2.844305472529543408e+02
2.820479260722486856e+02
2.816415597710159204e+02
2.803833602828898961e+02
2.803206282763999297e+02
2.801871231160931188e+02
2.808672638469602703e+02
2.793669530647579791e+02
2.790841223784846648e+02
2.802048210585865604e+02
2.788180456100206470e+02
2.791320071834082341e+02
2.788165369346024818e+02
2.794674512976739607e+02
2.807926334551500531e+02
2.655866443033460769e+02
2.802830789672680680e+02
2.781232430015018622e+02
2.828310428142430055e+02
2.856820470594698804e+02
2.862288231301895962e+02
2.863572088488726877e+02
2.837698303206960304e+02
2.837282759806163313e+02
2.823171585536765065e+02
2.821195234843956996e+02
2.809338989232491599e+02
2.795911766448643903e+02
2.792873984170115591e+02
2.777568878194276749e+02
2.767634305064150908e+02
2.756763245434035525e+02
2.748714918024736562e+02
2.751710957194797516e+02
2.761228218826636294e+02
2.772385758998368033e+02
2.947457867155989106e+02
2.705601141524226136e+02
2.653323172599367012e+02
2.648170968251262138e+02
2.706441235912365642e+02
2.695467517238258210e+02
2.680119807691039000e+02
2.721945278702097539e+02
2.711081155126458953e+02
2.738112080255873479e+02
2.726486397845168312e+02
2.740893819400440634e+02
2.744237734278542007e+02
2.727789188541896124e+02
2.723769837143810264e+02
2.736394294251277302e+02
2.739018687781532435e+02
2.744664859171766125e+02
2.757544845800989037e+02
2.765650853377192107e+02
2.763859086595424515e+02
3.296255141848470771e+02
3.054657852810688610e+02
2.972201970259155814e+02
2.870244049478276338e+02
2.780805106655488430e+02
2.752806080297695530e+02
2.775468190425787611e+02
2.799587270501938860e+02
2.766747028650748348e+02
2.767124127760200736e+02
2.747000236110413880e+02
2.757632844757974340e+02
2.746856226602214406e+02
2.739528262435658235e+02
2.727097258435493927e+02
2.728905937447040628e+02
2.727823932120933250e+02
2.730766242112122200e+02
2.743363917262954033e+02
2.756902153057302485e+02
2.750690588667961265e+02
2.588028817413314755e+02
2.795531049550034481e+02
2.733228332571733858e+02
2.721852072584487132e+02
2.729727022214270846e+02
2.828191116857609018e+02
2.806450810370259887e+02
2.761340461831169364e+02
2.759093979457910564e+02
2.736575191023656544e+02
2.726110957612349353e+02
2.744977368546970524e+02
2.727759062831243000e+02
2.719861997904578743e+02
2.711064520612411570e+02
2.704758807461827814e+02
2.718892899114702573e+02
2.719744805237499463e+02
2.733739055665185447e+02
2.737016888523433522e+02
2.730582452337638983e+02
2.662558568215174546e+02
2.792792949461357352e+02
2.786060357701515500e+02
2.744489207908938511e+02
2.866525975277347129e+02
2.850609107599934759e+02
2.795177092233836333e+02
2.783066003494978986e+02
2.755005323134288346e+02
2.772883688813284948e+02
2.751127123162506791e+02
2.754151893438902903e+02
2.743684031830001118e+02
2.738485335383603001e+02
2.731037882786458795e+02
2.736233953927037987e+02
2.727851571582056636e+02
2.725965733966643256e+02
2.719317502190290270e+02
2.726231939734067282e+02
2.732230661156491465e+02
2.707959584633208578e+02
2.762993014513046433e+02
2.749611272325607274e+02
2.763860991547603021e+02
2.718578924371897756e+02
2.699751719827444276e+02
2.744917468394509683e+02
2.729583527267967611e+02
2.700518754992426125e+02
2.679936104757517228e+02
2.676020836705404804e+02
2.700666770736908120e+02
2.695362064575919021e+02
2.696713595323947175e+02
2.681519619291926801e+02
2.693667585387105419e+02
2.692585467318295400e+02
2.700554945035817127e+02
2.703107392933216033e+02
2.709175470857589971e+02
2.712471211431421239e+02
2.787494331442256907e+02
2.729843651887443343e+02
2.669993282001751709e+02
2.658524925145759426e+02
2.671521729586753509e+02
2.749188702917888349e+02
2.741296025511181824e+02
2.725108566930064740e+02
2.718627866849639076e+02
2.734311143405228677e+02
2.728608057717415818e+02
2.741190599709265143e+02
2.742346553400398079e+02
2.750821365245287211e+02
2.755748539939350508e+02
2.738679040283963673e+02
2.742589395467157942e+02
2.742752668355934134e+02
2.739022189821261577e+02
2.724222365818085905e+02
2.719581390445242164e+02
2.391970058180224044e+02
2.536564795601046285e+02
2.513268593312621704e+02
2.582957051633106289e+02
2.643144308933921707e+02
2.633377348597759351e+02
2.652197442813995849e+02
2.643896882511214130e+02
2.675765682820521647e+02
2.692424166545469575e+02
2.694958626532276753e+02
2.672022420677818673e+02
2.686608578652271717e+02
2.700322662039050670e+02
2.706416205432772699e+02
2.706273116614413539e+02
2.709654859223036851e+02
2.714715843494977321e+02
2.718353363303088486e+02
2.709792333662015267e+02
2.703698242646103154e+02
2.965214043773381150e+02
2.848608025219418778e+02
2.753799877092113206e+02
2.732491853069994363e+02
2.662980035830249221e+02
2.670521876523873743e+02
2.645849995732451134e+02
2.657759991788333309e+02
2.642632302418894028e+02
2.659146178292070317e+02
2.685852489026372609e+02
2.677025531634324125e+02
2.680246922854352647e+02
2.684495049968302283e+02
2.670503573060631197e+02
2.678763839247309306e+02
2.683727755154202441e+02
2.690083609533883759e+02
2.698685741073983877e+02
2.710219811544916979e+02
2.708927968667927075e+02
3.350678649700865890e+02
2.903390537399093319e+02
2.887856638114928955e+02
2.820428482534305203e+02
2.756128596973878189e+02
2.771717660563348318e+02
2.733930767299726767e+02
2.739359555676645641e+02
2.740706251346011868e+02
2.746256727842089163e+02
2.725487167250666403e+02
2.724844688627681535e+02
2.728309697693629801e+02
2.726759264534313729e+02
2.725382859427602966e+02
2.716303550290403450e+02
2.714691338164669787e+02
2.720408092270467932e+02
2.728304705261363097e+02
2.712017171437751699e+02
2.709833637319191553e+02
2.710145093872646953e+02
2.827135678366558977e+02
2.767282462047660943e+02
2.737444709941509586e+02
2.723005801775701116e+02
2.704977973489206420e+02
2.694912834493791252e+02
2.664944477219186751e+02
2.661156922654217851e+02
2.641698123178828155e+02
2.661003161689026228e+02
2.636946304520485000e+02
2.668157179299873860e+02
2.685781577743626372e+02
2.678745480788101645e+02
2.675492881478196523e+02
2.692415873620176967e+02
2.687216815310850961e+02
2.687589198151977712e+02
2.684527772588494940e+02
2.698650740468078766e+02
