9.968877776665206056e+02
9.923691142762517075e+02
9.878174293528443286e+02
9.831791383063499552e+02
9.782483074513862675e+02
9.732112692820868460e+02
9.676005760497148458e+02
9.617596545054888111e+02
9.554628311985630944e+02
9.484077301939915969e+02
9.406335265352663555e+02
9.323793810968173830e+02
9.231001897420810565e+02
9.131224836792114274e+02
9.018223210442228037e+02
8.908250138443794413e+02
8.780788653204622278e+02
8.653156946125660625e+02
8.522696096152028531e+02
8.409693409737419643e+02
8.299287645700471785e+02
6.748781818404281694e+02
6.628858307426452257e+02
6.444913888465830496e+02
6.412041614432125698e+02
6.450887281674383757e+02
6.383329276500511469e+02
6.287371257314100603e+02
6.274738530970895454e+02
6.276126397409514084e+02
6.260488380621104625e+02
6.250707856809125360e+02
6.235360904252388536e+02
6.231689938322343778e+02
6.212536403103858902e+02
6.193949679067525267e+02
6.197163618201635700e+02
6.157607532141055344e+02
6.167548406435552124e+02
6.159644100555373143e+02
6.157856467440607275e+02
6.155899393842350946e+02
5.781216377756059046e+02
5.862009430151319975e+02
5.792314877096893042e+02
5.817129879472064431e+02
5.879857882806639964e+02
5.887448295980108242e+02
5.854084927781738088e+02
5.889576795411283001e+02
5.869292524403282414e+02
5.870079651968881080e+02
5.869965555313173127e+02
5.887726214781624776e+02
5.893356795458429360e+02
5.890427245309080035e+02
5.876183094941674199e+02
5.871751817086327492e+02
5.872686906256099064e+02
5.884530930433118101e+02
5.871990054331570263e+02
5.877171517697463514e+02
5.877235308895269554e+02
5.954036271611643087e+02
5.788934917596083096e+02
5.745929260976633941e+02
5.650583749640143196e+02
5.678804648300306326e+02
5.635236399354621426e+02
5.616088172900783775e+02
5.619113694591372905e+02
5.633689126938930940e+02
5.597952702092513846e+02
5.593670078309156679e+02
5.595614490543892998e+02
5.562006195208998633e+02
5.551977918337776146e+02
5.549418250432793229e+02
5.525487804799862488e+02
5.504523745963723513e+02
5.477575586713093116e+02
5.484284168953882954e+02
5.469203158239000686e+02
5.456024124001074824e+02
5.041147394166717390e+02
5.040505185593144688e+02
5.139271784094547684e+02
5.142706683729705901e+02
5.129794299785608018e+02
5.078309571028819960e+02
5.088720496253457100e+02
5.075157371945942941e+02
5.043913130896763164e+02
5.008312897805200237e+02
4.954988903335251962e+02
4.938347966716349333e+02
4.923042083932319883e+02
4.912940330631465713e+02
4.896294211877419116e+02
4.867869513565520947e+02
4.843143452302475112e+02
4.797227411558392873e+02
4.781033068370476826e+02
4.746292536150414776e+02
4.718611877983022396e+02
4.174154412523000701e+02
4.158728790411324212e+02
4.157994065081899748e+02
4.165441957373398623e+02
4.025157084478388470e+02
4.023244875409892529e+02
3.962629895699727172e+02
3.945331815090553391e+02
3.903842834739548948e+02
3.856250089142431534e+02
3.843193215565844412e+02
3.845225614562604051e+02
3.838393898248195910e+02
3.815251901737480580e+02
3.793865957456284832e+02
3.766954341446820536e+02
3.739238228547429230e+02
3.728250781952821740e+02
3.698000762132837167e+02
3.681020016988250063e+02
3.665003881326056216e+02
3.259072784152464237e+02
3.085279863447306639e+02
3.158479294633337418e+02
3.182544666783890648e+02
3.093529450123292577e+02
3.057849274433963274e+02
3.013803469754435014e+02
2.991283707322938312e+02
2.978959201170633833e+02
2.974662283053449983e+02
2.950746761877242079e+02
2.936092957599967690e+02
2.932715510472325491e+02
2.939808555612149235e+02
2.901058028295861391e+02
2.892384489718107830e+02
2.864532250407751803e+02
2.835756531552100341e+02
2.810530907640457485e+02
2.790681326936755227e+02
2.773705816082945148e+02
2.173500387632495574e+02
2.365425555522010370e+02
2.435937076310888472e+02
2.400805698642506627e+02
2.354979183411282690e+02
2.312477394886152240e+02
2.294297982011628676e+02
2.296056236279968061e+02
2.305305379443493905e+02
2.307395036156319748e+02
2.334900689685373152e+02
2.322781533686076614e+02
2.314711133207704847e+02
2.301282528577393407e+02
2.280071476730423967e+02
2.267992309173910996e+02
2.265183781946895181e+02
2.266373519386669955e+02
2.273690878121173853e+02
2.267373437273173806e+02
2.263944651526721827e+02
2.234016168163613543e+02
2.163472699547214120e+02
2.161448635139943519e+02
2.123915054648801970e+02
2.057300419872766497e+02
2.076413537776673479e+02
2.038597897272318562e+02
2.058898138942686273e+02
2.031212623058574707e+02
2.025001615605342238e+02
2.010357840578398623e+02
2.005794050395975319e+02
2.029258114946305795e+02
2.037138618162254602e+02
2.056246247899741491e+02
2.060681485574181977e+02
2.061042344086271498e+02
2.036139328152580106e+02
2.020918986476801251e+02
2.118422608939197573e+02
2.115595472403914243e+02
2.463209345212343351e+02
2.439239638163632833e+02
2.342952777495947316e+02
2.417146889025017060e+02
2.291764433357326993e+02
2.189227698258856947e+02
2.156273428495311464e+02
2.102486498956651246e+02
2.116316426827665396e+02
2.063965201615044691e+02
2.038504754123771647e+02
2.055674226209458197e+02
2.037126220385539170e+02
2.017419014639484658e+02
2.010825597713166530e+02
2.020482429764905987e+02
1.998415141327872107e+02
1.990578252288334227e+02
1.998842717870112722e+02
1.987778008351272092e+02
1.966001788949283196e+02
2.017071331780724108e+02
1.918390908263215238e+02
1.930945469003364110e+02
1.829310041977967387e+02
1.845876160818724543e+02
1.784841718735526968e+02
1.800850793891199828e+02
1.808511927386606999e+02
1.801842271242597917e+02
1.807532818730530266e+02
1.815724120608448402e+02
1.818398590013541423e+02
1.795653369325943061e+02
1.804101533762542147e+02
1.797735753920611330e+02
1.792152134815936790e+02
1.771652204009169509e+02
1.790153249082050024e+02
1.840983537614534100e+02
1.858159848776058141e+02
1.856702017938577285e+02
1.704645426776901331e+02
1.793199277788406221e+02
1.789458078694570702e+02
1.720349137645200415e+02
1.786779162328874406e+02
1.781810487897249118e+02
1.758426528288951545e+02
1.841770620107724596e+02
1.810847655154538529e+02
1.795603453902871252e+02
1.792823416073035787e+02
1.844039143718918297e+02
1.843234751220553278e+02
1.832665402252645492e+02
1.830137226380594768e+02
1.819330806916455856e+02
1.808203241785811031e+02
1.809875908328079106e+02
1.801963425525615037e+02
1.853343054484822119e+02
1.841797279810878081e+02
1.604327870958301219e+02
2.066021468109278487e+02
1.943396291172523718e+02
1.923400930265016484e+02
1.923059400599352387e+02
1.879264324505827517e+02
1.846283005558652803e+02
1.821836969374603825e+02
1.794163422399162755e+02
1.777469540723323291e+02
1.780772059005265930e+02
1.761691138650834034e+02
1.784454431324892596e+02
1.774180379657422577e+02
1.767145253102198694e+02
1.776245169381661810e+02
1.771920830754100962e+02
1.762105881149779805e+02
1.757552091446476368e+02
1.762662755999909621e+02
1.752309766931686568e+02
1.521589078926079708e+02
1.436665936638071059e+02
1.481579715597625579e+02
1.536448922827476622e+02
1.699940830227215542e+02
1.700520800765013689e+02
1.699391509095003130e+02
1.679983114519541232e+02
1.680500448653463366e+02
1.675596418625695776e+02
1.653380345803329305e+02
1.657330597377463732e+02
1.669571423383386275e+02
1.669765612103247179e+02
1.662820263176955677e+02
1.682022309067976948e+02
1.664805078286022706e+02
1.666163135311522581e+02
1.674532981385732739e+02
1.665851443480808030e+02
1.680864277554169917e+02
