2.444708961614087173e+02
2.440812190578160141e+02
2.390665754429133472e+02
2.342956403737626374e+02
2.318655543579662037e+02
2.303064767916287963e+02
2.263089838944868006e+02
2.232959516021402351e+02
2.193752953380767110e+02
2.141145573703192326e+02
2.121045126859088441e+02
2.109041862805797507e+02
2.081940392669035873e+02
2.036955522173158499e+02
1.983514388575242151e+02
1.935001646363733698e+02
1.882405082363038105e+02
1.843575626314879230e+02
1.793663361793844899e+02
1.746526404307943778e+02
1.697719883535936276e+02
6.860691012926595533e+01
7.079489227866616829e+01
6.370430867350521709e+01
6.212334981590642258e+01
5.975958606243386839e+01
5.770295287753927482e+01
5.706623397498096040e+01
5.717488036595735679e+01
5.698826210681338011e+01
5.571963734954113079e+01
5.470669503357572694e+01
5.250499466420205152e+01
5.126703269325550849e+01
4.986498486670112840e+01
4.914205172578564174e+01
4.743162352693357775e+01
4.614696026681386343e+01
4.496566203597356548e+01
4.409099988626185507e+01
4.278532727308199668e+01
4.167058413608211254e+01
1.887002940824870478e+01
1.687199800711466224e+01
1.613344416953535543e+01
1.807836495707318747e+01
2.022613389933036743e+01
1.909229304181850040e+01
1.877797763516888097e+01
1.869971849360727845e+01
1.873807328209868217e+01
1.867068941529852566e+01
1.961837644023288973e+01
2.008429023783208223e+01
2.014718623614382409e+01
1.999247403521399136e+01
2.003794592749802206e+01
2.016439198723921677e+01
1.982138679022674310e+01
1.996049763561577350e+01
2.014957462770727759e+01
1.961117377253943062e+01
1.946575393823506062e+01
1.274642706112534540e+01
1.189854914666379315e+01
1.242995232848892151e+01
1.249947421894371580e+01
1.166694541655674477e+01
1.154058886966447339e+01
1.103915406226463247e+01
1.105653015985865828e+01
1.072342054762450836e+01
1.085897404901857577e+01
1.088715538006328565e+01
1.110125177992484069e+01
1.087852275025470838e+01
1.104919665332667833e+01
1.059867532212691188e+01
1.070015882013405140e+01
1.080803607481615458e+01
1.088701934855363618e+01
1.098617037570217292e+01
1.124816476981781221e+01
1.130361930799633186e+01
5.802248459277359771e+00
7.513081859916997729e+00
8.001204785669216335e+00
1.048307873367789256e+01
1.036605749036402813e+01
1.023047977049927404e+01
9.866375283667492724e+00
9.198616990396251580e+00
9.123262111507351335e+00
9.065067361248450695e+00
9.102630194934221208e+00
8.762946940052730227e+00
1.017183688538328923e+01
1.011597603632110598e+01
1.019220063301050061e+01
1.024619816892600532e+01
1.013413942257821354e+01
1.035920340739854062e+01
1.031097741105141985e+01
1.027965314931820373e+01
1.039712757697668799e+01
1.714933545865542541e+01
1.216214370785242060e+01
1.296351383145417735e+01
1.234455864184493379e+01
1.050838549900172936e+01
1.116539230509778591e+01
1.056940737941813779e+01
1.020762686598491342e+01
1.027601874070333032e+01
9.892541867531971178e+00
9.726608367786139908e+00
9.876091929600434582e+00
9.537575184428890296e+00
9.530054144290343032e+00
9.329806264290018802e+00
9.246145404749238850e+00
9.442618985233549367e+00
9.420257992378973100e+00
9.271972842243782154e+00
9.223833961390241143e+00
9.142798201202726460e+00
8.558959986164078160e+00
7.606318330839843433e+00
6.566526969196559982e+00
5.638152975714967319e+00
5.484471752583836235e+00
5.410584281171802346e+00
5.156826272527182731e+00
5.195999039552639864e+00
5.702211022666140217e+00
5.963404088612518805e+00
6.583806963207941898e+00
6.837227578912846049e+00
6.785275738566176607e+00
6.866051462329123112e+00
7.089120914802595763e+00
6.990457610825828283e+00
6.824174842152742393e+00
6.847284654710744434e+00
7.031439536600307072e+00
7.014943189655276967e+00
6.887353534431615465e+00
6.118540938785312022e+00
6.372959940569101533e+00
7.821808594090135180e+00
7.310066335723524489e+00
7.706678824435662101e+00
6.813992691413159442e+00
7.654308926812634972e+00
7.123418276432439633e+00
7.511054339648066680e+00
7.036060955217780410e+00
7.004528552985193279e+00
6.626817440770206957e+00
6.682264335289052504e+00
6.816553542666234478e+00
6.990668987903455367e+00
6.852311172208389145e+00
6.753099199368028493e+00
7.108688927744137409e+00
6.995372636457177329e+00
6.943283485799251586e+00
6.755656243149866569e+00
1.202304031739443957e+01
6.966961491699983355e+00
5.976323978789535474e+00
6.654331859521555259e+00
6.427162919926748152e+00
6.540722155109764735e+00
6.214123426446325205e+00
5.769195482990105539e+00
5.959178872902841206e+00
5.771648547664402606e+00
5.542734366281609759e+00
5.202590959682453331e+00
5.300788637432781059e+00
5.198485928482136309e+00
5.180601120776893609e+00
5.057887471378744060e+00
4.991769809863625618e+00
5.060043401060191570e+00
4.949218697702489678e+00
4.884038609338531955e+00
5.074020980529715175e+00
2.726108962391784019e+00
3.058741303703726544e+00
2.918888180790132569e+00
2.498089763632864724e+00
2.556780608585258463e+00
2.429463124045328826e+00
2.629547930814185364e+00
2.699250365012726860e+00
2.857637107512804864e+00
2.949567389442873555e+00
2.912178459376170814e+00
2.762336459355086316e+00
2.842573451406913865e+00
2.803614403391111232e+00
2.844102686529147661e+00
2.739160065114385034e+00
2.713216668820746857e+00
2.974036923028354984e+00
2.961864376158577894e+00
3.020055587771997452e+00
3.102165469320875335e+00
