1.722905487444690493e+02
1.709600716192197751e+02
1.695933601796900803e+02
1.682179961626176805e+02
1.668295705374554814e+02
1.653165266200999781e+02
1.637279810747110673e+02
1.620390998187693867e+02
1.602094624028877945e+02
1.583391290741024591e+02
1.562535484379641275e+02
1.540024466746189375e+02
1.514982498709341598e+02
1.489824480446073096e+02
1.462145387341664104e+02
1.431851294444003884e+02
1.401964422047893493e+02
1.375813883453108701e+02
1.350175743080089319e+02
1.328853104945593770e+02
1.310791922013415558e+02
9.812902785961810537e+01
9.509353939088458674e+01
9.160389094957787393e+01
9.220207686938118741e+01
9.157594177601336582e+01
9.085303785720736869e+01
9.056608213374481409e+01
8.985944121909081161e+01
9.040759637327667519e+01
9.088031674534300919e+01
9.074569438347246830e+01
9.061288125639336499e+01
9.040622506643121881e+01
9.000220398309932079e+01
8.989026519810083471e+01
9.039125049444024285e+01
9.025833441186846073e+01
9.020239195403038934e+01
8.996912180035684514e+01
8.977198409809504653e+01
8.975589803256430343e+01
8.357690165911247959e+01
8.539792076086907002e+01
8.515645194177646715e+01
8.534927914139461791e+01
8.561374894442143102e+01
8.566232146943281123e+01
8.579009538323100514e+01
8.619242938533254517e+01
8.683545248043766662e+01
8.574641026063035554e+01
8.574977260035794302e+01
8.566448375930819736e+01
8.543374171436450126e+01
8.570558272231536989e+01
8.547963626148451510e+01
8.528864515062541329e+01
8.540681371387493925e+01
8.525371455025774026e+01
8.531960396669823865e+01
8.495823790797257402e+01
8.458080032136790294e+01
7.944961292466375369e+01
7.646096355919301857e+01
7.846078614781129090e+01
7.957019601028572708e+01
7.954825316360137322e+01
7.848029107289377748e+01
7.837725313392334670e+01
7.899548033852158824e+01
7.798576276700481458e+01
7.700528828337500897e+01
7.679922338142925753e+01
7.721494290534171512e+01
7.712880607193356752e+01
7.705899239791506261e+01
7.673496053881784462e+01
7.671798554570517581e+01
7.609223829235932612e+01
7.563357550144209540e+01
7.538150781432693748e+01
7.526886303206561024e+01
7.506661387192362156e+01
6.459967468911729327e+01
6.714673989283801347e+01
6.852207175149582952e+01
6.729005444664308300e+01
6.702357282685362350e+01
6.670760869966447615e+01
6.602959282938546437e+01
6.525243921537419567e+01
6.492483684874027006e+01
6.446850336731357345e+01
6.367081435577982518e+01
6.303734750270204756e+01
6.246140290631684167e+01
6.191485859306988715e+01
6.148463631574799138e+01
6.099424524164781758e+01
6.064105306484722746e+01
5.997676992455469502e+01
5.940650824016174170e+01
5.889993512778266194e+01
5.829513464909263831e+01
4.569228758300582172e+01
4.710787697780655492e+01
4.497051561464353853e+01
4.365139601010175596e+01
4.366272616705672505e+01
4.362359233689436167e+01
4.342022701793860762e+01
4.349397203482831742e+01
4.320884210595244923e+01
4.267497557214630177e+01
4.207161847969084079e+01
4.158327162435691093e+01
4.106379294002131530e+01
4.048784667229535472e+01
4.019719857243041616e+01
3.957517580624381281e+01
3.911603279933087407e+01
3.883725688097553785e+01
3.851621078504366835e+01
3.829389124897717522e+01
3.781577102792268619e+01
3.421150392453776590e+01
3.121267889558171760e+01
3.111123572266060933e+01
3.034238822230276256e+01
2.901244576004863873e+01
2.891580878066901406e+01
2.868361408030876092e+01
2.860329042093530560e+01
2.815805816925102079e+01
2.829636303762530147e+01
2.790959817517779840e+01
2.799654584242446376e+01
2.784760062181331364e+01
2.783183707014833530e+01
2.739437052825595487e+01
2.716126757602891573e+01
2.695966265461935407e+01
2.670007118940502266e+01
2.652959545543869524e+01
2.631170953918273625e+01
2.604138360685998776e+01
2.391572763005897428e+01
2.303257924005529844e+01
2.344851146556893795e+01
2.323846892798247410e+01
2.249454962287546067e+01
2.214516702578447394e+01
2.216643488939783779e+01
2.181939908527800753e+01
2.173425693370216649e+01
2.140771076227522585e+01
2.135693322918001513e+01
2.128237953673055927e+01
2.120070992045471314e+01
2.117132591470211977e+01
2.117905358244166791e+01
2.107106654479031960e+01
2.093228196219030579e+01
2.109080722597188640e+01
2.100337983409412601e+01
2.077633750608566388e+01
2.073796278746405619e+01
1.357552827957307606e+01
1.665634658022208470e+01
1.751913738611000326e+01
1.835858740614744278e+01
1.812624474772845318e+01
1.893867498783824743e+01
1.866532649126511245e+01
1.849674234534689532e+01
1.856510296682783689e+01
1.833558311715988154e+01
1.853983527127335051e+01
1.809162023558564059e+01
1.809942259441285017e+01
1.796653653969153908e+01
1.801054872355818759e+01
1.781526706443414554e+01
1.787644903493905346e+01
1.770343702459078727e+01
1.774585510864894289e+01
1.762214866432385207e+01
1.767024993864433569e+01
1.655689273358862934e+01
1.698824936095404681e+01
1.642988087978247336e+01
1.660497048551665600e+01
1.615316064713482547e+01
1.596044178155042026e+01
1.602901901956468222e+01
1.668963769575556810e+01
1.643948593860695695e+01
1.621106541807700197e+01
1.644777186744658337e+01
1.618585552455519405e+01
1.624672343114661999e+01
1.604074305627555574e+01
1.615175998824042836e+01
1.603448508089148916e+01
1.582148273342075662e+01
1.575177938848516312e+01
1.564595290512118098e+01
1.551821572410904260e+01
1.543893177851580845e+01
1.371254729126391325e+01
1.550980146832673157e+01
1.484064923911728862e+01
1.524714635645836047e+01
1.459183126457047486e+01
1.545748219759155262e+01
1.530395088271633064e+01
1.513061708529158444e+01
1.512306713922243695e+01
1.503490770618573436e+01
1.499183635170541073e+01
1.500410927280936768e+01
1.473183394332821905e+01
1.468881315690166112e+01
1.440079340358602344e+01
1.438807878183171773e+01
1.423859269217926204e+01
1.424071081910022230e+01
1.413509261296717590e+01
1.408205441366524724e+01
1.416860235144393343e+01
1.383468307456234214e+01
1.429725494107740857e+01
1.332279277336910539e+01
1.233340495783236790e+01
1.315395589615402372e+01
1.324393664443730501e+01
1.348518208448195210e+01
1.325667109142923650e+01
1.323643169356291516e+01
1.313266390130313255e+01
1.315674033769773388e+01
1.311372754965476517e+01
1.293603444926392676e+01
1.299614806905510989e+01
1.305439613719962466e+01
1.296427977254245967e+01
1.308993702529779490e+01
1.298049587373028402e+01
1.282783140312959880e+01
1.297951324583089772e+01
1.302587146691801401e+01
1.311048143960834800e+01
1.316143038408044497e+01
1.351063527001069531e+01
1.339733773337536249e+01
1.329134769791821036e+01
1.288939915621167209e+01
1.261894813850237185e+01
1.267265433439085598e+01
1.285196632525139293e+01
1.263178717793497796e+01
1.277971490376125097e+01
1.249131874943576470e+01
1.232122596470919262e+01
1.229357562162790707e+01
1.225160435339871690e+01
1.210943282885867234e+01
1.194328510247923347e+01
1.199614985331876937e+01
1.210635853946926233e+01
1.230868460583165813e+01
1.222513536457862138e+01
1.490183483961186539e+01
1.337670620251280162e+01
1.182344600752675667e+01
1.122842976138021953e+01
1.101269351811352237e+01
1.135246942264606851e+01
1.087204901272176727e+01
1.068304106172302603e+01
1.061346125457988521e+01
1.070336476855825758e+01
1.080896729199707273e+01
1.086596248610682203e+01
1.090903202967720809e+01
1.094468222248804778e+01
1.090201141581692923e+01
1.113109824157165839e+01
1.108493779245058874e+01
1.119929944423796009e+01
1.134604997750370714e+01
1.145127158203196061e+01
1.139251283514146174e+01
