2.510985821158479894e+02
2.549192606421197240e+02
2.524288994029829212e+02
2.503378701705382525e+02
2.483391453122212624e+02
2.477573617216294792e+02
2.477419558032936209e+02
2.471847623104990532e+02
2.473586007831990798e+02
2.459190225433822832e+02
2.451796283367028195e+02
2.439515073815468327e+02
2.422323201903104177e+02
2.406511214113376411e+02
2.398178868193948006e+02
2.384406501279627548e+02
2.378593126477438773e+02
2.366869234284509957e+02
2.361731975186530690e+02
2.351785308518727220e+02
2.333341070961682817e+02
2.084886904321713814e+02
2.052975860666400649e+02
2.111663573333176203e+02
2.119440147486508579e+02
2.131268481797194170e+02
2.104896389186283159e+02
2.129829277851308973e+02
2.161620944094638617e+02
2.156024551279705292e+02
2.177901630471880594e+02
2.171274149306399579e+02
2.173167753939955276e+02
2.175457633953285494e+02
2.182693861826870716e+02
2.182362521363737358e+02
2.178265947789782899e+02
2.180637493819078543e+02
2.171844471102317300e+02
2.167371046072751710e+02
2.172432268994010087e+02
2.165471320265497468e+02
1.918115012444382046e+02
1.986378815699490872e+02
1.988656243520335636e+02
2.041185021842321419e+02
2.014588256967184918e+02
2.025347349143577844e+02
2.058242069216192647e+02
2.041859982583901569e+02
2.053434945863274947e+02
2.044482002439724511e+02
2.026059060888898955e+02
2.026206449632577744e+02
2.023444113407184091e+02
2.013386069588551948e+02
2.007282989379193907e+02
2.001136389437452863e+02
1.989820196816855855e+02
1.977308775224724684e+02
1.966143832049514799e+02
1.959707929730915623e+02
1.946772688749763347e+02
1.623976819264029814e+02
1.614119184362766646e+02
1.621988386918739309e+02
1.562723033403631518e+02
1.578895741464678792e+02
1.545438988596910121e+02
1.527898160929171638e+02
1.505030492463442897e+02
1.485773314022324598e+02
1.484260746596643230e+02
1.463349265155449075e+02
1.444112920126400468e+02
1.425776402147779152e+02
1.416635469155059184e+02
1.391323382237189890e+02
1.378340107929440421e+02
1.353965382353082987e+02
1.338982752128098923e+02
1.319451077760752185e+02
1.304723896609163205e+02
1.287838632940699313e+02
1.052731563222489086e+02
9.422471402395306939e+01
9.498812897362955709e+01
9.549586920216566455e+01
9.625630538811792292e+01
9.445097392121685687e+01
9.162266749263994825e+01
8.956288960992186787e+01
8.832977229737430491e+01
8.856418140892354529e+01
8.790315483597508717e+01
8.583734072662747394e+01
8.624177921492560017e+01
8.694522003006217403e+01
8.675634057837568491e+01
8.650697273879340798e+01
8.633911626334295875e+01
8.544175699437109017e+01
8.467811164025314952e+01
8.415896275037600560e+01
8.392478740389428538e+01
8.470775122282361735e+01
7.646444607949803185e+01
7.260988860093287656e+01
7.366763338973932207e+01
7.485595130905527128e+01
7.417123660968093191e+01
7.385966473331690452e+01
7.327695994058234419e+01
7.342762513132340985e+01
7.321584455047641882e+01
7.511694430440176973e+01
7.558902760202249738e+01
7.479674073754776487e+01
7.424885119404669354e+01
7.334821284170018885e+01
7.294848200812816685e+01
7.175302812851695933e+01
7.174429277202297328e+01
7.156484131249574432e+01
7.126510339660147508e+01
7.121486084618175028e+01
5.375566874606802514e+01
6.582423600740007430e+01
6.170551680455776022e+01
6.126789670167406143e+01
6.192045422717161784e+01
6.395376274876661427e+01
6.195135643864585262e+01
6.399564628897370966e+01
6.319625150929629598e+01
6.250075600958204092e+01
6.131427201741477973e+01
6.180560214270612818e+01
6.154824862694093213e+01
6.209656095671952869e+01
6.278388641633091538e+01
6.216758560568484171e+01
6.264805303447554508e+01
6.253839310572335108e+01
6.297729846873448878e+01
6.273211120500637605e+01
6.267779059153598809e+01
5.603140697583121721e+01
5.232195739560662417e+01
5.324696789675829933e+01
5.431851585879566358e+01
5.502474402745886550e+01
5.592418791291481739e+01
5.522825837700289497e+01
5.533252528280296900e+01
5.504341376438095779e+01
5.570903873350057012e+01
5.795113290328816191e+01
5.737714412032449474e+01
5.759701041383377884e+01
5.777250478594633165e+01
5.727416671104565893e+01
5.836231486367969268e+01
5.807661383544976985e+01
5.794845705595639629e+01
5.740261691936718336e+01
5.767387207462741117e+01
5.733968356345014428e+01
6.037861540354831646e+01
5.328066275860989265e+01
5.316024547012385426e+01
5.556971013841619111e+01
5.363200922648687197e+01
5.367738553092726050e+01
5.374148190274046044e+01
5.324284918974814218e+01
5.302910158226617199e+01
5.404561538679420352e+01
5.459821783124693440e+01
5.409953280898519523e+01
5.498447271922427859e+01
5.468844038678069808e+01
5.491987996913038472e+01
5.487262776347857596e+01
5.459444478392794053e+01
5.395220609694887060e+01
5.356044800218244717e+01
5.317379798336585850e+01
5.297501175270451057e+01
5.931475218855013054e+01
5.298460040269413440e+01
5.702228896131327929e+01
5.748235032688644708e+01
5.518069049452343222e+01
5.363753100136597851e+01
5.350100593702295271e+01
5.288432384044099166e+01
5.205589177766810138e+01
5.036504310092686865e+01
5.036646351949950429e+01
4.932186104988642938e+01
5.011574974695007256e+01
4.989779592980134026e+01
4.997674609535736323e+01
4.980051134923603229e+01
4.975761342889408922e+01
4.952891588414007629e+01
4.975242900153712355e+01
5.064015185688680987e+01
5.048021837458909999e+01
4.699613596305960073e+01
4.802921966211855676e+01
4.948128469458701773e+01
4.822781004975506391e+01
4.749568774035212471e+01
4.720893311854723606e+01
4.722183139594497447e+01
4.818808488479877639e+01
4.788028084949981178e+01
4.743483184548872345e+01
4.717022025448249423e+01
4.662858588202438170e+01
4.674810644598792919e+01
4.701237528506207752e+01
4.686858226835077090e+01
4.727605262359707439e+01
4.714841786285946768e+01
4.702243695010236735e+01
4.692264805111673809e+01
4.686038230727628928e+01
4.664308724591316491e+01
3.786928853534851669e+01
4.243367784374972018e+01
4.128360204347981721e+01
4.378095596250575738e+01
4.410696197120036288e+01
4.333352500803466967e+01
4.286835775218535360e+01
4.536752152841933849e+01
4.597464530958252027e+01
4.573296345511949568e+01
4.502804046093178414e+01
4.523049602011631976e+01
4.463524195348459500e+01
4.407789732093095125e+01
4.395537264900364249e+01
4.338570238326644102e+01
4.321271858681453892e+01
4.386847329072744373e+01
4.400471624970783324e+01
4.413810073371305265e+01
4.419344539699097396e+01
3.668150593120191871e+01
3.700572880439134593e+01
3.907119541831551146e+01
3.967560137241328988e+01
3.945110146726541700e+01
4.019505388153356762e+01
4.104722294333819832e+01
4.143571518764149886e+01
4.182466464833656516e+01
4.124450592296645368e+01
4.179255975527212996e+01
4.141214318121861027e+01
4.155788355988018168e+01
4.168603935783337278e+01
4.218412427253333163e+01
4.206228917749515261e+01
4.235628599557583129e+01
4.217522741081037907e+01
4.292261124455460219e+01
4.264199118600283356e+01
4.248991197435545075e+01
5.583021479685270094e+01
4.186277499537136038e+01
4.128305045504872339e+01
4.001976198199702850e+01
4.050368191119640215e+01
4.083995104946359334e+01
4.191822717361632300e+01
4.112003211361383137e+01
4.197055402947752611e+01
4.146505009868193525e+01
4.117846631261627266e+01
4.080203320187407456e+01
4.100716544401393548e+01
4.091344212269044789e+01
4.104765886617331461e+01
4.170587127236363045e+01
4.122601672725276956e+01
4.103593120721582466e+01
4.089612752127843720e+01
4.036141914163822264e+01
3.988608829385486843e+01
