1.723337836366039824e+02
1.709551221431263173e+02
1.695991787387781642e+02
1.682232375317989295e+02
1.668745984756407665e+02
1.653691594449294087e+02
1.637029603702544591e+02
1.621497592904495946e+02
1.603673735556830877e+02
1.584784049076499741e+02
1.563714523089944635e+02
1.540743560701427270e+02
1.516628503761684499e+02
1.490495216808539567e+02
1.461192148683907419e+02
1.430223075289092947e+02
1.400718461736226175e+02
1.374928399008861959e+02
1.350281982819638529e+02
1.326498197677842086e+02
1.308805314220295770e+02
9.823713239363354432e+01
9.729419997842683188e+01
9.645193574260498792e+01
9.753708071830139659e+01
9.602723395376784765e+01
9.476141749893446331e+01
9.422708223488804435e+01
9.312303289955814023e+01
9.187264913418728440e+01
9.177424364312852845e+01
9.114568828693418823e+01
9.047134856378055190e+01
9.068128042649958331e+01
9.069838433007090828e+01
9.068426502369233333e+01
9.078675946129284569e+01
9.046887460119053515e+01
9.047653591964866848e+01
9.025603178384011471e+01
9.003140131562420834e+01
8.985636791042411176e+01
8.385541871393297697e+01
8.189148666301090884e+01
8.366975431368814498e+01
8.440184537147827371e+01
8.433931739095952196e+01
8.494018794209526391e+01
8.537324494351575765e+01
8.531759310468608248e+01
8.608532715212675157e+01
8.664829144153247853e+01
8.631511033085985218e+01
8.599158890249127296e+01
8.595655900595352250e+01
8.594295819707664918e+01
8.565617875594585939e+01
8.526680863296614632e+01
8.491998288801171668e+01
8.484251050833425722e+01
8.500355903861228057e+01
8.491919259650879326e+01
8.479284023633310596e+01
8.593279949496557890e+01
8.101776784425443623e+01
7.944722586887066029e+01
8.252931654156137142e+01
8.232305776690404286e+01
8.098709591441802047e+01
8.063651281391484815e+01
8.030314192041539911e+01
7.978686479294987066e+01
8.038586995361229981e+01
7.984801222659183395e+01
7.967632956245745390e+01
7.928802910731711506e+01
7.872808591909787879e+01
7.847067846208820185e+01
7.819566388387099209e+01
7.779495619581560106e+01
7.744842141880880604e+01
7.732214819480223866e+01
7.684183764666073557e+01
7.637578072003398688e+01
7.057820915378022164e+01
6.746651414119591550e+01
6.775794099794603653e+01
6.661653277077445523e+01
6.618372138058015253e+01
6.608449612071237311e+01
6.525045762422612938e+01
6.540772297490809706e+01
6.535960477453981810e+01
6.457549758851872923e+01
6.436759309512108018e+01
6.387868392830262820e+01
6.351248012262075804e+01
6.297247480970916200e+01
6.241347313659507279e+01
6.221082421931782847e+01
6.192124816262305131e+01
6.128574659104352662e+01
6.068746137144528774e+01
6.021803904559487108e+01
5.965999662028703909e+01
4.806815150005483872e+01
4.834988162977219162e+01
4.741550800077638428e+01
4.725377737365202080e+01
4.665240170864559133e+01
4.685750367100061453e+01
4.642977328115823354e+01
4.560044074657830748e+01
4.485622896723767639e+01
4.489276691722818668e+01
4.448119600133902196e+01
4.411528500273832520e+01
4.350021433196122445e+01
4.296652302377485455e+01
4.253993365510638114e+01
4.220589095014879888e+01
4.192529511139149179e+01
4.143474619360711841e+01
4.086922570059176252e+01
4.064700764756772600e+01
4.037916673024708558e+01
3.418060872827719265e+01
3.347277341860585409e+01
3.196716785513289594e+01
3.162981174712774646e+01
3.181377005561024518e+01
3.200215644439442997e+01
3.206284185936505793e+01
3.196654110972170670e+01
3.175340231624776521e+01
3.126991840537172251e+01
3.078356845969738487e+01
3.083394946905405831e+01
3.037991762089395920e+01
3.000559298048290913e+01
2.992032931343960911e+01
2.984310381128950240e+01
2.966878830182301385e+01
2.943164785650169790e+01
2.910476995858245530e+01
2.896327194665545335e+01
2.868024180361747355e+01
2.757703919671747173e+01
2.318449702757390440e+01
2.495242069440896415e+01
2.470672739646974136e+01
2.501378756563602224e+01
2.527859703239694156e+01
2.507952299736491497e+01
2.462411987226179733e+01
2.436454370109904843e+01
2.444368820940810139e+01
2.416390213072201121e+01
2.410248676582179783e+01
2.406956452058504681e+01
2.414997857952002391e+01
2.397325454104504772e+01
2.399417685552650426e+01
2.379293895114377477e+01
2.378349854644496020e+01
2.357820977362299431e+01
2.355699379779572311e+01
2.352291252961126844e+01
2.266683915795787740e+01
2.262431254952621984e+01
2.144131368869958720e+01
2.127220015906509332e+01
2.127659400404455425e+01
2.092342147811739750e+01
2.083728952426691095e+01
2.078757442299381353e+01
2.071731378807275092e+01
2.072172219951369954e+01
2.049042265428153087e+01
2.024566677983603213e+01
2.024851907266737072e+01
2.037157996984332442e+01
2.066972500610292229e+01
2.061883554525294571e+01
2.033542235239277929e+01
2.025588962287674022e+01
2.019994791652182187e+01
2.025279317002310719e+01
2.025562573768415930e+01
2.010147328020845237e+01
1.950227351603405168e+01
1.782019050143918903e+01
1.828027843489649129e+01
1.798875839747003980e+01
1.854426988196556891e+01
1.876103435437337907e+01
1.910901532279143211e+01
1.871544474956282755e+01
1.840532515128196067e+01
1.839232421259012540e+01
1.852163424111046908e+01
1.842512176264619228e+01
1.825283479508413365e+01
1.828642311132196596e+01
1.845069421864060288e+01
1.816487835154218189e+01
1.798272543466897488e+01
1.785074899543821658e+01
1.792704746512485414e+01
1.788040383805105193e+01
1.320316724624803584e+01
1.666147710860292719e+01
1.746895291896321112e+01
1.705378276858307629e+01
1.644846002983782896e+01
1.689918750354825860e+01
1.727363501511667820e+01
1.729224371197397403e+01
1.728935041021383512e+01
1.709090123807564865e+01
1.670183072620067577e+01
1.674347594580298804e+01
1.652211330342016282e+01
1.629649307918246492e+01
1.630620873115239888e+01
1.627338973236712150e+01
1.615889845104804934e+01
1.606871204929431229e+01
1.600636405629907699e+01
1.597283793950920305e+01
1.591552073655779509e+01
1.912419383783584337e+01
1.481405703953674369e+01
1.458808326702476421e+01
1.462158951410077634e+01
1.417632784398185919e+01
1.440704989920247314e+01
1.455603074878491299e+01
1.469160931602686482e+01
1.496991289337921671e+01
1.498706916443349435e+01
1.506702279586874660e+01
1.503891210763163500e+01
1.491643818985940229e+01
1.498630295161030368e+01
1.487373896806372819e+01
1.506967914559847088e+01
1.492119728157813441e+01
1.494405720770061130e+01
1.491247562717598285e+01
1.474013112207149945e+01
1.451731293940162182e+01
1.523253292492090694e+01
1.306737475015018113e+01
1.412834405463767240e+01
1.379127413664245694e+01
1.381439413682789485e+01
1.413910269570091138e+01
1.370423650644797320e+01
1.343442842073016230e+01
1.358422109880311446e+01
1.357421308220093259e+01
1.400808892058453026e+01
1.402414208818397867e+01
1.399104100512734128e+01
1.407204260832182285e+01
1.404793973314340860e+01
1.383256182250938693e+01
1.380203005737206112e+01
1.364172702471781484e+01
1.363256401344773394e+01
1.369345742952804912e+01
1.368238851786212251e+01
1.272947672488388093e+01
1.293039706560728952e+01
1.338803137036553892e+01
1.371462731008380942e+01
1.343584805673039462e+01
1.367487702281712991e+01
1.352775320693210048e+01
1.318073578622861142e+01
1.301706856115324484e+01
1.297097651999297341e+01
1.289120604401050230e+01
1.277334744582744541e+01
1.295432484528935824e+01
1.306641646118291966e+01
1.299825049761000528e+01
1.305473167634720788e+01
1.311717858396889369e+01
1.297186260797169588e+01
1.294286001766579552e+01
1.284482793294466596e+01
1.284584580516296448e+01
