6.915974581226059854e+02
6.891124862185474740e+02
6.868773989257350649e+02
6.845663949195509304e+02
6.821783959611440196e+02
6.795148116180522493e+02
6.768140918901350460e+02
6.737690721253952688e+02
6.704785620566975695e+02
6.667160409022270642e+02
6.626343185277578414e+02
6.579474415803300644e+02
6.528022141211912412e+02
6.472310589006669943e+02
6.409416974516217351e+02
6.336110627179325547e+02
6.254146177231124284e+02
6.164268467902552402e+02
6.066684892363766721e+02
5.965496561585866857e+02
5.852408728873391510e+02
3.393115799476157690e+02
3.575835760485216497e+02
3.488371632612276585e+02
3.515053289235571015e+02
3.469116310581081279e+02
3.475847138182871277e+02
3.467488814124567398e+02
3.483301899342076808e+02
3.467502945973500914e+02
3.446385501468641337e+02
3.443394591019257405e+02
3.411636316655569203e+02
3.406043340571495150e+02
3.424662922535666780e+02
3.433358974722428343e+02
3.421816620628387682e+02
3.421072186578448964e+02
3.420894837492465967e+02
3.409821069449411652e+02
3.402179897460620168e+02
3.389902486892755178e+02
2.986785078252907510e+02
3.208042109357129448e+02
3.317676843582577249e+02
3.353832037666138035e+02
3.303433466711142046e+02
3.308618505135700048e+02
3.314629384257895595e+02
3.321906819229115513e+02
3.315393250423109635e+02
3.302351631072965574e+02
3.312160977515782747e+02
3.319059905127181764e+02
3.312507434931115426e+02
3.314996064770120370e+02
3.327000065290964699e+02
3.321912639134195615e+02
3.321432425167211022e+02
3.319635571325154046e+02
3.315812109538948675e+02
3.304119691323694497e+02
3.303588717171311941e+02
3.035603257290489410e+02
3.176753268973500326e+02
3.294251033785572531e+02
3.228623801392188852e+02
3.196303805711873451e+02
3.225860571291113956e+02
3.209653675005384912e+02
3.215897436706577537e+02
3.227209524192167009e+02
3.221278675761294039e+02
3.231063516574966457e+02
3.221031465516035155e+02
3.202407085418173551e+02
3.201017911953940143e+02
3.201823132470523205e+02
3.192904641288973266e+02
3.184091439482810415e+02
3.197667847932250993e+02
3.198552067692608034e+02
3.200023599722160270e+02
3.209189159342404878e+02
3.553362589375429934e+02
3.333233951929666432e+02
3.230978294955779120e+02
3.221609987441620433e+02
3.217095896740344756e+02
3.233088464665841002e+02
3.182192280927343404e+02
3.153039043471062541e+02
3.147374964257045349e+02
3.156170852091798906e+02
3.158070095256090895e+02
3.141995264133822161e+02
3.132503480233847881e+02
3.132169128516849241e+02
3.128565867496380406e+02
3.136031126680674106e+02
3.123834235463544928e+02
3.127322021008052957e+02
3.117877409516796092e+02
3.116886117892784682e+02
3.111269729502312202e+02
3.086068898705278798e+02
3.091538523857281007e+02
3.080366539785582063e+02
3.020012165843442062e+02
3.008344374135521662e+02
3.056146481174306473e+02
3.044596368693925115e+02
3.041936604226254985e+02
3.020519017329808094e+02
3.010335290881105834e+02
2.982985941893879840e+02
2.982867474266730596e+02
3.002424344668153253e+02
3.004016162867809498e+02
3.004602397262288491e+02
3.011301313898376861e+02
3.008478261045416389e+02
3.004344580030318639e+02
3.002421727981873687e+02
3.000657979212891178e+02
3.003224268052921389e+02
2.956078141105615487e+02
3.071345681423295559e+02
3.004195917902554811e+02
2.988176507956641217e+02
2.999506286202263823e+02
2.969444571162086959e+02
2.934700707762237926e+02
2.900126144977741660e+02
2.914886615215081633e+02
2.927640981296924565e+02
2.913376519471049733e+02
2.896216024038150181e+02
2.909525204309906599e+02
2.918995376474138652e+02
2.910271663942472173e+02
2.905833228941206130e+02
2.907731275800682056e+02
2.905391974173448375e+02
2.899391791156278941e+02
2.895086371914134702e+02
2.884600350935666597e+02
3.117977176155145003e+02
2.912864401038236224e+02
2.891901438752488502e+02
2.864644511576276500e+02
2.837781533582107727e+02
2.814842245498174407e+02
2.805358803614731755e+02
2.782233044633939585e+02
2.759345040707418661e+02
2.780833636530496733e+02
2.766752408670578234e+02
2.783597733925118973e+02
2.805659934755524318e+02
2.812854782345235094e+02
2.790869942485263095e+02
2.785390519860105201e+02
2.785388115625234491e+02
2.775097019923729249e+02
2.763575392968958795e+02
2.772223759122919660e+02
2.780050891716783212e+02
2.682870673383786766e+02
2.731036037676212800e+02
2.646694223232340732e+02
2.697879188636806589e+02
2.695708080928618529e+02
2.667583854618970349e+02
2.672482079945216356e+02
2.691443686690763002e+02
2.688151741544405127e+02
2.698981870607551059e+02
2.713602710903703610e+02
2.703595506031306854e+02
2.690207870032316464e+02
2.681835152318989799e+02
2.677704603015566818e+02
2.687971900471465005e+02
2.690853798421907186e+02
2.683380677047487097e+02
2.684024022565884025e+02
2.670314668171168364e+02
2.676679794884516355e+02
2.600573083547647002e+02
2.581072157581564852e+02
2.667112933859343684e+02
2.668621958288716769e+02
2.708555292869896221e+02
2.672810069538824678e+02
2.666756974656536272e+02
2.672164863539494490e+02
2.640710049303609708e+02
2.656580078823918143e+02
2.631796343986174520e+02
2.604380978284398225e+02
2.594198015770950860e+02
2.596484465791925231e+02
2.594756636251331088e+02
2.602213971843223703e+02
2.596144200283430905e+02
2.588876472754317319e+02
2.580373973095301494e+02
2.572891029768147746e+02
2.571867186844025355e+02
2.389741420230753874e+02
2.568613495849989476e+02
2.577969467396317782e+02
2.529440602432537730e+02
2.527098563684804162e+02
2.491743294598322223e+02
2.491328113687324901e+02
2.478642989582297389e+02
2.481221753084695649e+02
2.491395484403408034e+02
2.491315851535927948e+02
2.488205239033321732e+02
2.489871038733998319e+02
2.489140245943090122e+02
2.510073368288600761e+02
2.515048442637496464e+02
2.515557520798711550e+02
2.515452989182528540e+02
2.517566934637125371e+02
2.514806196589558738e+02
2.494993009466796536e+02
2.335721377419604892e+02
2.523310997438798609e+02
2.514649966199558833e+02
2.479840755568316979e+02
2.471896048371967822e+02
2.443337428286439774e+02
2.405009022882001091e+02
2.427825084576123800e+02
2.429056564693026701e+02
2.430049574012359699e+02
2.436370040745979964e+02
2.426725589721321796e+02
2.415099192075567203e+02
2.423274962256275842e+02
2.434428846713211669e+02
2.441941718682077465e+02
2.434053525971518184e+02
2.429440676834281589e+02
2.430681003176761124e+02
2.431453929746170957e+02
2.430714488185494133e+02
2.436980520619846402e+02
2.407019439954681275e+02
2.327825886659771299e+02
2.333297037071063187e+02
2.355486271831143767e+02
2.361164083556771516e+02
2.364258099946111429e+02
2.349677984064222755e+02
2.334292708802406366e+02
2.339348505492378081e+02
2.352838834007147852e+02
2.362804912786277214e+02
2.362363203085411953e+02
2.378984847349561846e+02
2.383892888890038648e+02
2.379271150825761936e+02
2.381686500035190761e+02
2.385358787743894027e+02
2.373813453922817018e+02
2.374006463483519553e+02
2.372783802091737755e+02
