9.969264059989830002e+02
9.921199434976554130e+02
9.878277321574252028e+02
9.831587832619402434e+02
9.783960387218809274e+02
9.729984739123747204e+02
9.677619079002241733e+02
9.619210040510499766e+02
9.557433184010664036e+02
9.486166011062580310e+02
9.408534604049748395e+02
9.324265601908067538e+02
9.234615847215306985e+02
9.134250363732822962e+02
9.019976149039433722e+02
8.897936250165427055e+02
8.776946920582529401e+02
8.646781226646749019e+02
8.522167694463430507e+02
8.417083766370475360e+02
8.318334408584723860e+02
6.427095870001758158e+02
6.587989538525011994e+02
6.389738273551737393e+02
6.387691818846446949e+02
6.385665340113388311e+02
6.258486010476871115e+02
6.264796715537327145e+02
6.232728457557584534e+02
6.219892052363809398e+02
6.213939412735750238e+02
6.229012273858508024e+02
6.207755969800222147e+02
6.196429777418151161e+02
6.219341016041107650e+02
6.227157662470204968e+02
6.196574690378366768e+02
6.177749809837736166e+02
6.186554789835416841e+02
6.167259192641303116e+02
6.164587567620665141e+02
6.145891121048201740e+02
5.717064563490756655e+02
5.856674809702435596e+02
5.861680170499947735e+02
5.820883769807422823e+02
5.840447381919243526e+02
5.857493885339955568e+02
5.869189990645220405e+02
5.869377371538455463e+02
5.843818012300727105e+02
5.824952481842485668e+02
5.819103032230541430e+02
5.836311936073205970e+02
5.831300282579095438e+02
5.822993681842121987e+02
5.841643796080421680e+02
5.846241803830929484e+02
5.841635678814525363e+02
5.835103078448133829e+02
5.838935566316323502e+02
5.832476952450550698e+02
5.831631750755601615e+02
5.694915777614540957e+02
5.510574673353877415e+02
5.448190064459521409e+02
5.560478414991414411e+02
5.582828951609386650e+02
5.547313056682058914e+02
5.523011922639874456e+02
5.518121289938590053e+02
5.490603168254665434e+02
5.488907817424718587e+02
5.485450420216623115e+02
5.440455391795475180e+02
5.413543805031148395e+02
5.406077394795511282e+02
5.393879986699739675e+02
5.374620423284283106e+02
5.340374182528322535e+02
5.316584395223648016e+02
5.290212660690641542e+02
5.263014147200664183e+02
5.261861489582086051e+02
4.924610907469375434e+02
4.826138346521344715e+02
4.790310321492312369e+02
4.751704227882519831e+02
4.652712347652117160e+02
4.619217551688539061e+02
4.590520350633549356e+02
4.576314171827420978e+02
4.551514115444383606e+02
4.522034398602739316e+02
4.477110476430946164e+02
4.425510028498648012e+02
4.397199300862898212e+02
4.379785688607577754e+02
4.343619923393900422e+02
4.309351001548988052e+02
4.276579488071566857e+02
4.251144618211359898e+02
4.222772250899778328e+02
4.206651932434751870e+02
4.181844359747607314e+02
3.659510875842153723e+02
3.498794542629833018e+02
3.486968730912040542e+02
3.448664056197783339e+02
3.441933234622679834e+02
3.413275073976085991e+02
3.384600558007538780e+02
3.350777709823785244e+02
3.331941740592528163e+02
3.294589416816523340e+02
3.247131340756601503e+02
3.198996861016570392e+02
3.174852516118992298e+02
3.127986824812859936e+02
3.094018761093708463e+02
3.064364597820699032e+02
3.035874192092969679e+02
3.026974320146119339e+02
2.995807733851584658e+02
2.971040130203198828e+02
2.940177017787927412e+02
2.376700569151975060e+02
2.406982795722021535e+02
2.571634848742900203e+02
2.536624693404102118e+02
2.472658758739412974e+02
2.433246552292980027e+02
2.443400800672709465e+02
2.436250160300069467e+02
2.401237982024132407e+02
2.380495668399138367e+02
2.352235694713931480e+02
2.357436450218656319e+02
2.356006574256925319e+02
2.349330014444408050e+02
2.326662419020990455e+02
2.322373779184874820e+02
2.310009265659259654e+02
2.301978566079402810e+02
2.280533594095995795e+02
2.264637247267291400e+02
2.263341624850930032e+02
2.521053828525720633e+02
2.222822824435137363e+02
2.176357023268505486e+02
2.194232878525578769e+02
2.116354571415760120e+02
2.084910661697986995e+02
2.068112302880064135e+02
2.032782365756209799e+02
2.007657258133400546e+02
1.971532991444075549e+02
2.047900145804894407e+02
2.049244550819905157e+02
2.056198853058192526e+02
2.052893256232329975e+02
2.021452453592738152e+02
2.018759749036491939e+02
2.028387288261672552e+02
2.040503413610547057e+02
2.040270192049924276e+02
2.034259741033736759e+02
2.022838883335371065e+02
2.239854620546007595e+02
2.021933856527479350e+02
1.961227253429771338e+02
1.883157617014420282e+02
1.872731641177682604e+02
1.851863350590719222e+02
1.841772644181470753e+02
1.838521162891748872e+02
1.867901686811559330e+02
1.865786676100992736e+02
1.856868561750462732e+02
1.850232212772415608e+02
1.859583435034623449e+02
1.871479068901164169e+02
1.854814817625269825e+02
1.870570412421941455e+02
1.848734532109286590e+02
1.839368411625279123e+02
1.831108124756824225e+02
1.819064154858872371e+02
1.801061814986848901e+02
1.840127404294354676e+02
1.731910138084604114e+02
1.721472568784562895e+02
1.623705209158514720e+02
1.742042250869923237e+02
1.737233905309438740e+02
1.726879513848566887e+02
1.717795797988120512e+02
1.706196678460337353e+02
1.703052030916889521e+02
1.710914929561294855e+02
1.694147715845547850e+02
1.681322159859522003e+02
1.653468998520197033e+02
1.678208493671372139e+02
1.672103646530694334e+02
1.665495399797356981e+02
1.675708752505344137e+02
1.675242435215918704e+02
1.660688026819517802e+02
1.658278967209082282e+02
1.760149439121633463e+02
1.484347941658114962e+02
1.532599794357590497e+02
1.473548846295288399e+02
1.440959687068412620e+02
1.396353526330169359e+02
1.436404111154154748e+02
1.444750953254593639e+02
1.431221027815275306e+02
1.468247868075250437e+02
1.488017236337382485e+02
1.491208157314416951e+02
1.522131883058108031e+02
1.524452634853942072e+02
1.508305031707183446e+02
1.544017950402468102e+02
1.538334060993617811e+02
1.535328123170467052e+02
1.537212513209210840e+02
1.535148455622161237e+02
1.553160186936992773e+02
1.490759701872045184e+02
1.463615505464891271e+02
1.577675878309200641e+02
1.526771145910943233e+02
1.495688419825055178e+02
1.478802012068269960e+02
1.461969033605216453e+02
1.478120954824494788e+02
1.487431549525900607e+02
1.474032777456150711e+02
1.475040881982081089e+02
1.477186128372123619e+02
1.484756618089809592e+02
1.461094656367098708e+02
1.449503040628390238e+02
1.432966593103586490e+02
1.430763891514363877e+02
1.433481682195572944e+02
1.474748294071974328e+02
1.479841233206220750e+02
1.483730097236127108e+02
1.468370409270490313e+02
1.415533877136910519e+02
1.356788731927158551e+02
1.335034184026063429e+02
1.429873888231768149e+02
1.464064771814878156e+02
1.447154828166196410e+02
1.469882520539092639e+02
1.517789186262366457e+02
1.542135068690440107e+02
1.520334775928948829e+02
1.513015368159946092e+02
1.490499012571520154e+02
1.471194331381559266e+02
1.467742403233018820e+02
1.462105714374136483e+02
1.452443074797198790e+02
1.438041000701513497e+02
1.422412082592023239e+02
1.412538934793527403e+02
1.405884178126104587e+02
1.021274938003726476e+02
1.273061791227329280e+02
1.280594096108013105e+02
1.294645281966164703e+02
1.293166483348709903e+02
1.311853605902941240e+02
1.293281477220296551e+02
1.307570259251807272e+02
1.308729955819794952e+02
1.309357042558972353e+02
1.309569244182035845e+02
1.294402495588115585e+02
1.279700180080971705e+02
1.291073185475533194e+02
1.286157320609370629e+02
1.361930016181949554e+02
1.358267829739005492e+02
1.368633071925883939e+02
1.372533662287796403e+02
1.377171429498300483e+02
1.371171910081908436e+02
