2.361846309149539707e+02
2.448787065993507213e+02
2.496607441771801064e+02
2.472589658298583117e+02
2.478579583829857995e+02
2.484449170402702123e+02
2.476772471763408419e+02
2.470810042683403651e+02
2.448359850999076173e+02
2.444007028121411906e+02
2.438565331555209923e+02
2.415695481685000061e+02
2.405855010272277923e+02
2.403966023444135658e+02
2.397485536039037015e+02
2.379708849724949573e+02
2.366769163869883812e+02
2.356131545846364190e+02
2.346770004271104142e+02
2.341181128676084313e+02
2.342551936837490700e+02
2.104766290231934249e+02
2.077360425283564780e+02
2.138641101567244220e+02
2.078432214275515264e+02
2.112448752552406859e+02
2.148730752512324216e+02
2.151883463741220339e+02
2.156987827521639076e+02
2.154188605580628462e+02
2.176116368645063801e+02
2.171149772247427734e+02
2.179563243015236083e+02
2.186025389120752038e+02
2.179395273141871883e+02
2.180113979086545157e+02
2.174694433232722304e+02
2.164850797744925046e+02
2.170436006795138155e+02
2.171570488478626544e+02
2.171105638576312344e+02
2.175413615390045550e+02
2.259856792680537865e+02
2.231699740295470633e+02
2.159308696879232627e+02
2.139276425804271184e+02
2.147402406321125454e+02
2.114704304719325023e+02
2.101940507436040377e+02
2.115086790915168251e+02
2.109301757100907366e+02
2.109644882856392485e+02
2.093527642917840126e+02
2.081536701260675954e+02
2.070784515664169589e+02
2.068977871667431145e+02
2.052749999637950680e+02
2.041380591699126796e+02
2.045591837757560540e+02
2.034967177056683454e+02
2.018817828289086265e+02
2.011512685558636804e+02
2.007494762057503124e+02
1.777694908701449208e+02
1.759559195685057205e+02
1.746703867367120324e+02
1.751095099370488697e+02
1.772802941547660680e+02
1.739536964598725319e+02
1.726155600717582104e+02
1.705296804873004817e+02
1.703688273942258604e+02
1.696080923717972269e+02
1.679219145416055028e+02
1.656706669310165125e+02
1.641245379557909700e+02
1.623931733493463128e+02
1.611610365628592660e+02
1.595377370225432117e+02
1.581143904920705836e+02
1.566914355512342354e+02
1.549092298596050910e+02
1.532437929035975515e+02
1.514615329025980657e+02
9.930427879356889775e+01
1.091919695451322099e+02
1.100053813061927031e+02
1.115032305103698747e+02
1.086786518572313582e+02
1.078319932735336835e+02
1.098386670520866346e+02
1.092492248096924925e+02
1.081500190894197289e+02
1.071231695626815110e+02
1.061973417060911231e+02
1.044789263893124343e+02
1.036594443906252394e+02
1.031184931047801570e+02
1.023805201660632775e+02
1.014630241907621837e+02
1.008820778098187674e+02
1.001288526338112206e+02
9.931038680469121971e+01
9.816769080659740609e+01
9.826252693807975902e+01
8.719169434093323900e+01
9.453391898742853527e+01
8.589442656212983707e+01
8.308773603470440605e+01
8.693620509264708573e+01
8.686855351212041398e+01
8.639167659929023557e+01
8.637497143517953191e+01
8.677178565156319223e+01
8.708152098779478933e+01
8.624444003260168756e+01
8.583969555045383970e+01
8.534300559264757169e+01
8.510580756087344412e+01
8.484596658709421035e+01
8.470762709348869635e+01
8.407906262209006343e+01
8.321781420114227501e+01
8.240232204373292291e+01
8.264624572357466548e+01
8.229544089810424623e+01
9.440511780476479942e+01
8.321631069752419307e+01
8.147588186923485409e+01
7.920391177764220458e+01
7.825084836526637844e+01
7.938272961642212522e+01
7.779035391821258827e+01
7.752490440916439240e+01
7.631727032929038046e+01
7.646558465787158809e+01
7.611016656916531531e+01
7.503922158714982515e+01
7.406051670118320374e+01
7.379590058055815405e+01
7.449761169463901922e+01
7.365738305733295022e+01
7.379436954344413380e+01
7.374932132303162291e+01
7.441735350488320933e+01
7.414801024563415410e+01
7.390636641559973441e+01
7.332532658136334192e+01
7.234261062943807019e+01
7.782422972519979965e+01
7.574781950885471815e+01
7.268508921170587200e+01
7.354148583062665523e+01
7.316818924640564603e+01
7.158467966668790439e+01
7.191530839821665211e+01
7.079432365454643161e+01
7.060091678624000622e+01
7.006090234260851446e+01
6.972433231407238452e+01
7.003868443854065617e+01
6.947647265928881666e+01
6.987753140989899237e+01
6.937682536593180771e+01
6.909434006955031293e+01
6.898271907834109129e+01
6.855389851712239135e+01
6.824917802976709424e+01
7.204524205001871451e+01
6.809588979416805898e+01
6.532593900494651962e+01
6.958801758592069575e+01
6.802044065762201797e+01
6.936166912581454369e+01
6.865166500711171693e+01
6.730934732599655490e+01
6.668747598756044681e+01
6.659940973307281809e+01
6.637258836110383697e+01
6.626891686786979108e+01
6.576097535835455687e+01
6.542799148382519547e+01
6.543073176805830826e+01
6.501067932786480696e+01
6.493203564882237799e+01
6.451103541509844774e+01
6.416457131731942809e+01
6.519339669291768757e+01
6.500886964283509428e+01
6.505830720947039936e+01
7.853391840662129653e+01
7.359908127819073798e+01
6.964803610216637253e+01
6.988187835290803207e+01
7.029954414439730215e+01
6.760728707030554574e+01
6.632465684587096177e+01
6.518772078132229808e+01
6.472595269493413639e+01
6.439865611905206322e+01
6.374408534250349589e+01
6.336880402157671455e+01
6.338324998355000872e+01
6.348164180725189709e+01
6.355430944263640924e+01
6.284124063522595094e+01
6.230332769780439861e+01
6.196557074073747629e+01
6.193438627034559119e+01
6.183425425316590918e+01
6.564234918639662908e+01
6.359000318437442445e+01
6.008488248823960021e+01
5.930979577709643991e+01
5.774473649622652971e+01
5.770525689271813974e+01
5.724720614992651946e+01
5.734799086837548998e+01
5.980175061791168645e+01
6.074619720740801654e+01
6.124999158206413341e+01
6.100896145230456113e+01
6.065292578373586707e+01
6.150220402910074569e+01
6.070015098141169574e+01
6.152954909096390423e+01
6.074438765338594237e+01
6.095984833111181445e+01
6.086076907726735641e+01
6.017254735341529681e+01
5.959859837686855144e+01
7.187250690018333898e+01
6.691954401529802965e+01
6.224040020583961308e+01
5.873375084306661620e+01
5.874617554855321799e+01
6.193374780240532118e+01
6.072181218961132743e+01
5.955191236974462043e+01
5.838414554104909371e+01
5.823033072428282964e+01
5.759602808042244249e+01
5.704489464735578963e+01
5.690177425868236583e+01
5.774120468991298338e+01
5.788122113358051735e+01
5.757442251568403435e+01
5.725387317050541469e+01
5.679781764607709960e+01
5.656177137385242304e+01
5.710362336992675125e+01
5.719005977148810160e+01
6.482269239266432237e+01
5.517058643349359670e+01
5.470700555811600196e+01
5.577903628588818918e+01
5.529180991468517448e+01
5.426194864108705218e+01
5.337781764814463514e+01
5.276408937815931921e+01
5.325017911136560400e+01
5.307382344574960342e+01
5.422629371101496787e+01
5.612841424187845973e+01
5.648094534876940997e+01
5.670622247301079710e+01
5.659316048645157338e+01
5.612273311462264047e+01
5.585444004726571876e+01
5.661622980289361351e+01
5.625361984950021821e+01
5.604093365481916322e+01
5.585930784428034457e+01
5.144010638795833756e+01
5.711064189016760650e+01
5.700224479130718436e+01
5.688579118321796813e+01
5.654539612263661041e+01
5.647683681950941548e+01
5.615243850364754508e+01
5.555906523125705121e+01
5.468132438478917123e+01
5.491748575743834238e+01
5.443677635115456326e+01
5.406658403620593845e+01
5.393507774997344484e+01
5.472786366520954715e+01
5.449422175549530323e+01
5.462409232950967208e+01
5.483281088675623494e+01
5.444090651076270149e+01
5.421434098236331067e+01
5.388431496936092202e+01
5.380361606084671422e+01
5.463245790795973278e+01
5.500149006973629895e+01
5.376632754893989841e+01
5.425838723028748234e+01
5.426825127788509917e+01
5.431262350406225892e+01
5.402571477809768652e+01
5.260309140144197215e+01
5.255130824540045609e+01
5.209487072638506788e+01
5.332792312888162201e+01
5.442591586965144046e+01
5.523480847347323675e+01
5.497338764862729477e+01
5.533384941040431215e+01
5.513277259626995175e+01
5.494333898218704348e+01
5.432761132813769933e+01
5.404647764571787860e+01
5.382015962778760354e+01
5.375468286567164000e+01
4.500267311101980283e+01
5.631120873311714803e+01
6.090648824529009886e+01
5.775948834327851245e+01
5.632813340662708157e+01
5.512795573162705409e+01
5.419055936283593411e+01
5.249579024737461452e+01
5.227735404123220775e+01
5.209886642828134740e+01
5.194709073040252179e+01
5.293341836997344529e+01
5.260083123936088612e+01
5.172101718169907514e+01
5.149932001189638697e+01
5.135766741827591630e+01
5.173577118873862446e+01
5.168202853006450681e+01
5.197360978716508129e+01
5.200172876409763489e+01
5.194331950256658104e+01
6.061854883826326557e+01
5.824033595215508541e+01
5.530771224500319505e+01
5.325394374533961184e+01
5.268371869739461033e+01
5.167180326501951271e+01
5.375550006086821497e+01
5.260692063713645439e+01
5.229603345865992026e+01
5.173667874818438861e+01
5.239032557504608434e+01
5.184175912672769471e+01
5.106629609811445647e+01
5.094663460882510009e+01
5.057384561731802108e+01
5.052145418063180671e+01
5.124712382279594181e+01
5.105974398239352752e+01
5.153150763835800774e+01
5.138154739315573494e+01
5.111753554744103667e+01
4.552585668940417207e+01
4.639967805652297983e+01
4.620583449658889919e+01
4.642503050170724066e+01
5.001006015507361724e+01
5.001624164258934258e+01
4.913174623795998741e+01
4.902227826922133147e+01
4.844130622642869355e+01
4.856601994433499669e+01
4.776782256191807363e+01
4.810621534309851910e+01
4.814557513595259053e+01
4.804147291064941783e+01
4.801190234947809898e+01
4.884054647901125179e+01
4.856434422526051264e+01
4.894098474829183942e+01
4.849626519434530536e+01
4.880790497430561459e+01
4.888691195709133552e+01
4.351445757687356775e+01
4.674251947495996262e+01
4.962707452760263038e+01
4.885009093530969437e+01
4.867097428923479896e+01
4.944873032310108840e+01
4.962684401414076518e+01
4.922772437227192910e+01
4.967098584171395004e+01
4.906484231815225883e+01
4.905944505565881286e+01
4.842277200207644938e+01
4.795152678274618552e+01
4.820061077005948391e+01
4.769424296111913719e+01
4.817375611840643046e+01
4.820507152291728659e+01
4.822351167195432708e+01
4.852240495752501914e+01
4.859358103480406044e+01
4.831388136989203730e+01
5.647269765363022032e+01
5.019420945087274788e+01
5.372717564926718126e+01
5.181884447997051524e+01
5.200993000675488531e+01
5.391636867649586407e+01
5.324585319868715061e+01
5.200694928850189314e+01
5.109735354710455368e+01
5.107134975783952768e+01
5.093395768171698279e+01
5.041310706245312900e+01
5.035094934789597687e+01
4.986849521529631346e+01
4.947087642927596818e+01
4.992303031278805747e+01
4.987014839413163259e+01
4.924615948838990676e+01
4.934951109830340243e+01
4.947423795167555483e+01
4.946492614317364911e+01
6.557289826045717973e+01
5.037023795426492256e+01
5.226868318712727302e+01
5.265727354547400552e+01
5.184371331560165430e+01
5.063902632608434118e+01
5.004411017708157061e+01
4.891273689319047691e+01
5.006982799214659252e+01
5.057962893645457569e+01
4.998372448995419148e+01
4.913810466303349500e+01
4.968241720678577167e+01
4.920576231055309080e+01
4.894127741250200359e+01
4.854564085981498067e+01
4.784775883016183684e+01
4.775383567025102849e+01
4.766786535264940028e+01
4.754790563478110244e+01
4.732947945363616071e+01
4.807575223904417783e+01
5.055463158035596649e+01
5.210952344288437388e+01
4.898716992400062509e+01
4.793175870932372362e+01
4.706458003068812701e+01
4.679257641393910916e+01
4.743592462959139056e+01
4.712889695739649198e+01
4.654334558038366509e+01
4.599527677215177590e+01
4.608014448236161087e+01
4.605565580710658935e+01
4.612758040618072641e+01
4.609354356421803800e+01
4.620563311173903287e+01
4.619568282510054757e+01
4.660730091528571961e+01
4.661906791184282639e+01
4.623204200480858361e+01
4.612442273389451231e+01
5.537882731342328668e+01
5.209622712989529703e+01
5.157412237903162833e+01
4.993426270268653155e+01
4.882847099763256438e+01
4.735156748910238633e+01
4.783631338223480611e+01
4.861375631683607423e+01
4.767451071783684569e+01
4.710531829705512052e+01
4.738193714657018063e+01
4.768953336379242813e+01
4.733132600142560875e+01
4.797322950919261331e+01
4.798088796142781831e+01
4.857885040644040942e+01
4.820644807426841538e+01
4.777489000735452862e+01
4.765451061975048930e+01
4.735293761562412129e+01
4.740515145307000466e+01
4.252976394009403549e+01
4.331399291334335544e+01
4.385205195809045620e+01
4.331807912543492733e+01
4.422933705177803887e+01
4.525552430035546081e+01
4.586136802986283811e+01
4.618443901803041030e+01
4.555517211958436974e+01
4.522340779447041115e+01
4.475499348778770070e+01
4.517927688700881816e+01
4.581455648617451004e+01
4.597049339271590185e+01
4.559687588740207076e+01
4.587066504106677201e+01
4.602476381885373513e+01
4.570072504284331671e+01
4.669602797774211211e+01
4.648404047048317977e+01
4.656051051764196558e+01
3.809971022277575514e+01
3.940613173798453062e+01
4.070465151624684808e+01
4.220002702023342067e+01
4.301224961802213187e+01
4.600255359448134840e+01
4.620792918979703501e+01
4.603270685135443330e+01
4.551814392054981795e+01
4.533531074778696990e+01
4.493641932119183480e+01
4.475500054064724509e+01
4.479397688581892112e+01
4.502095598704257640e+01
4.516249919930007195e+01
4.549093795699157994e+01
4.528171727350375164e+01
4.597468580662624049e+01
4.588619004302483262e+01
4.576994489296276214e+01
4.613995231040095746e+01
3.973156238076465741e+01
3.919292015930140138e+01
4.181958386980806353e+01
4.442458785173933933e+01
5.002100517425073889e+01
4.949708469929107224e+01
4.945739733818225403e+01
4.785443765197850041e+01
4.697225300668959136e+01
4.627158693808252821e+01
4.625908135970620094e+01
4.619545568010929060e+01
4.669009668578500083e+01
4.665177490052539611e+01
4.635194606031396347e+01
4.631779273869047131e+01
4.619805221691181885e+01
4.709770026524807207e+01
4.708930050871714457e+01
4.664004913811385222e+01
4.692993640312056414e+01
3.795138272424835435e+01
4.482490350027333648e+01
4.558580632879390748e+01
4.709204396012378879e+01
4.622836604169886954e+01
4.614842861762166848e+01
4.494380268649651100e+01
4.537604750015660926e+01
4.471249910514224979e+01
4.474957136738861863e+01
4.546684895783359082e+01
4.519625528772181156e+01
4.488832020705089576e+01
4.461519269736328397e+01
4.398156740866333081e+01
4.403225130910865914e+01
4.442688054361001804e+01
4.439447614459798785e+01
4.402760972984863486e+01
4.396928410787733554e+01
4.478984306530065851e+01
4.841587765987524961e+01
4.374361147911320558e+01
4.686264049716086788e+01
4.910030728919294063e+01
4.714524106456216401e+01
4.703445959321866354e+01
4.719050881766447247e+01
4.667297014703439118e+01
4.649653708988016376e+01
4.630371909593765878e+01
4.579273610642665204e+01
4.584236496106573355e+01
4.563723694341886983e+01
4.529543533036225966e+01
4.483446437816304098e+01
4.439709685392490002e+01
4.413491174172845177e+01
4.407491376188910692e+01
4.459752130595495601e+01
4.511953923538620614e+01
4.503978314247068226e+01
