1.724041124611350142e+02
1.708953392192991316e+02
1.695669110578263314e+02
1.682581026179513231e+02
1.669216904819264187e+02
1.654808301492123519e+02
1.637967747541687800e+02
1.620499375516484406e+02
1.602317781539244663e+02
1.582923540403753009e+02
1.561975914294282575e+02
1.539202984573148569e+02
1.513761131243672082e+02
1.486832645948440472e+02
1.458614282526989143e+02
1.431739810180409904e+02
1.403548259867090735e+02
1.377357904538962430e+02
1.351767089242430870e+02
1.328545446227919911e+02
1.309762396833242235e+02
9.870795527140288073e+01
9.642375467560455604e+01
9.542730612151200376e+01
9.457837519792047942e+01
9.555601846612846373e+01
9.343047247165286251e+01
9.265380762848050722e+01
9.157408873769550439e+01
9.113577247809251958e+01
9.122346740251860808e+01
9.093856479962444439e+01
9.076554824120609055e+01
9.046908251654949140e+01
9.044073974374111913e+01
9.032667273388042872e+01
9.031542300943689838e+01
9.014661979723902618e+01
9.044659276268387771e+01
9.032496949077922466e+01
9.039176554683773190e+01
9.006381755856011750e+01
8.275878313605841186e+01
8.259051884438736124e+01
8.640634418462271071e+01
8.662788933258808299e+01
8.696540590616599786e+01
8.617365022622584547e+01
8.708140846858934481e+01
8.680856511360360628e+01
8.664603521965813115e+01
8.688825511671464596e+01
8.671058088961234489e+01
8.629199554989118326e+01
8.604392092718192941e+01
8.641702247363119227e+01
8.576150016070614868e+01
8.571387228199787955e+01
8.540364029719391681e+01
8.548950876554610545e+01
8.533681872112117617e+01
8.511204402065159513e+01
8.466116814689915770e+01
8.078028852538152194e+01
8.297665184949453021e+01
8.078235001796365111e+01
8.176406526778477257e+01
8.160100456020617798e+01
8.103375517867625888e+01
8.065791242367998848e+01
7.970106662067063041e+01
7.929858331951673733e+01
7.970035119095204834e+01
7.947907796744650000e+01
7.879250624073898734e+01
7.844468982764031750e+01
7.775956050754921023e+01
7.764709424560318496e+01
7.727973075400488767e+01
7.655075281065938952e+01
7.638355635179483727e+01
7.608797597752752040e+01
7.558847780096485280e+01
7.524758545156760192e+01
6.403334775749614494e+01
6.641474781853666798e+01
6.468722404884535138e+01
6.464080338786610014e+01
6.508337583815605853e+01
6.519720338241360480e+01
6.497240024410096737e+01
6.502502747542854422e+01
6.406654973235819739e+01
6.343127973776445572e+01
6.302673909280122899e+01
6.250227283853335791e+01
6.229910414759770276e+01
6.156281385743194079e+01
6.122237648713932856e+01
6.085287367951308113e+01
5.982609549614039679e+01
5.945784023903321724e+01
5.887089869297276579e+01
5.869958695099426649e+01
5.836714986478905587e+01
4.657529209264331627e+01
4.470593551048182235e+01
4.493224281457136726e+01
4.434141581345013350e+01
4.476968690430602749e+01
4.514302862989482890e+01
4.468110833981435093e+01
4.388872885975785465e+01
4.348563068122165021e+01
4.317031878977983439e+01
4.280106211865283683e+01
4.245689356219401134e+01
4.210724613245063352e+01
4.193030400413633174e+01
4.174136180299741739e+01
4.149768808261159592e+01
4.090339460441254715e+01
4.071205983779073279e+01
4.046151151407061519e+01
4.003867055306458411e+01
3.953549332905325997e+01
3.246267079310412385e+01
3.149799657013019782e+01
3.006101836559039597e+01
3.025189660932563385e+01
2.976764575935269619e+01
2.992164804785004861e+01
2.973042887462073836e+01
3.000964106918461738e+01
2.992146340125563597e+01
2.972485566201780927e+01
2.975146962537878537e+01
2.978573731685528969e+01
2.957247699788399586e+01
2.941923129304257856e+01
2.902470326193367356e+01
2.886053519104525478e+01
2.857563033273660835e+01
2.837586327837829003e+01
2.837239679532721581e+01
2.803566085115715723e+01
2.789706724772207025e+01
2.980809412023041460e+01
2.507531871257181422e+01
2.455082323398092825e+01
2.432816015106423535e+01
2.399547521802055172e+01
2.377612160884097747e+01
2.370758026696372767e+01
2.346858512812530861e+01
2.371154915133650931e+01
2.417838726525000581e+01
2.414111980280259218e+01
2.382287072358207425e+01
2.366851903987972605e+01
2.376990828214356455e+01
2.362905277386266079e+01
2.331812203621325708e+01
2.320581713207857177e+01
2.293145889834698536e+01
2.293055537982952430e+01
2.273406152068523411e+01
2.260182906741213671e+01
1.695212104182763824e+01
1.846067243967361904e+01
2.000007377337947290e+01
1.981617586948140541e+01
2.025408561169724564e+01
1.932838021186420718e+01
1.963058305065817777e+01
1.923642146199442493e+01
1.946691232859810583e+01
1.961443086113459344e+01
1.975903572595129631e+01
1.946148354704372707e+01
1.943093102568002806e+01
1.936173140486847544e+01
1.924837113691001278e+01
1.915108321780639855e+01
1.921392699864447096e+01
1.920144357466660168e+01
1.928276503803473219e+01
1.915535122780381982e+01
1.926336814921389262e+01
1.907234790828361426e+01
1.776620027495433973e+01
1.786001266479458494e+01
1.907205982997447791e+01
1.848520173509212938e+01
1.849563684309084621e+01
1.852960234463590439e+01
1.828367545644827175e+01
1.829485694346362834e+01
1.819206864042476468e+01
1.805903290981689935e+01
1.803236042427127117e+01
1.793443311426274889e+01
1.782437904626296898e+01
1.753309410034906790e+01
1.740748198871317243e+01
1.735487026855871662e+01
1.735779208282290753e+01
1.729082593127524348e+01
1.726316415234830259e+01
1.710515207583311792e+01
1.943556834458014748e+01
1.656935302774884633e+01
1.686958301629653079e+01
1.701905111843398188e+01
1.659872866181817486e+01
1.632680866915932327e+01
1.628053325748511782e+01
1.616651021156331325e+01
1.630550878116768487e+01
1.609109678984100000e+01
1.581152005875307687e+01
1.574070459606335959e+01
1.569101912089130302e+01
1.555074544630937261e+01
1.575179989495938671e+01
1.560027540525944012e+01
1.549285107474438306e+01
1.549316940357728001e+01
1.551648015026599658e+01
1.541938414100203758e+01
1.546223479838221770e+01
1.216817957608173195e+01
1.524631795434634363e+01
1.566389955572384096e+01
1.566497658454499309e+01
1.509745953704230104e+01
1.489389365357349426e+01
1.505988240795750954e+01
1.497869603253298365e+01
1.508597469543398972e+01
1.490788789687312388e+01
1.497846990469501449e+01
1.494626802625370665e+01
1.479774691388958807e+01
1.473719650104626311e+01
1.459904947302276490e+01
1.460143079094925156e+01
1.450331355663015032e+01
1.442409846442941479e+01
1.444204998419760777e+01
1.443728637191950881e+01
1.428819970345975321e+01
1.412153473195718512e+01
1.553214836687384093e+01
1.428715354532530490e+01
1.390040101306058062e+01
1.438080310211459789e+01
1.443239549145528144e+01
1.423698387406537158e+01
1.400611257498185758e+01
1.397254748022402637e+01
1.389078224854943855e+01
1.369184317058355305e+01
1.345134026573648534e+01
1.351883047175137875e+01
1.331839372032823299e+01
1.326604146134449280e+01
1.322958164570159312e+01
1.313925989265146832e+01
1.332815116193386906e+01
1.330752527472276903e+01
1.319881378290971874e+01
1.303672698246969297e+01
1.325426320241672684e+01
1.214604715984042471e+01
1.146583106489241821e+01
1.227390462968822504e+01
1.228228558951063754e+01
1.246435480181156130e+01
1.217042607413806721e+01
1.249762392252690368e+01
1.263989457089928869e+01
1.254951831812884500e+01
1.224309769330638886e+01
1.237208574589797472e+01
1.260405629291865282e+01
1.262074920533088296e+01
1.247026263670928792e+01
1.247825569704583515e+01
1.263398055864074720e+01
1.257557586907884684e+01
1.254067049559021996e+01
1.273208701451827451e+01
1.271986043783567233e+01
