1.723460102975410564e+02
1.708991558016157342e+02
1.695849045321151323e+02
1.681777432702653243e+02
1.667710718322377943e+02
1.653026735977942678e+02
1.637030215703976239e+02
1.620111396487895661e+02
1.603058061928025211e+02
1.584399248011850716e+02
1.563853694908949876e+02
1.540986051982630443e+02
1.515152271030624433e+02
1.487778798617960376e+02
1.459113334809641174e+02
1.429633990741729690e+02
1.401430008527156303e+02
1.374266844325561010e+02
1.349116563310205663e+02
1.328231157185626046e+02
1.309088085678172888e+02
9.386380223348865570e+01
9.375274574879135514e+01
9.272715246100989361e+01
9.328796748067730960e+01
9.367649526752174438e+01
9.214556213911568250e+01
9.146590005996228001e+01
9.228464635213390466e+01
9.121985692769806064e+01
9.085395026471393010e+01
9.127253306674127487e+01
9.120950529598961509e+01
9.142029161243362978e+01
9.104267696537229426e+01
9.092045903821839659e+01
9.081127129173633250e+01
9.059482824040090065e+01
9.032789771430647363e+01
9.004888927845198054e+01
8.991134602946121390e+01
8.998156963969672972e+01
9.104929304123329814e+01
8.658072264351257274e+01
8.693219058070840788e+01
8.885557883814506397e+01
8.839391220873085331e+01
8.896415481968305983e+01
8.849113652776847516e+01
8.779618582599410104e+01
8.745285730862649132e+01
8.770383880419299771e+01
8.693821158112257308e+01
8.720029996331079758e+01
8.692763629711326701e+01
8.746976568897747484e+01
8.746236623973335611e+01
8.744037524199202949e+01
8.714449409735894392e+01
8.698469509334606187e+01
8.692919383979256054e+01
8.669576083949480960e+01
8.641374086038665325e+01
8.346281058560694532e+01
8.468784388319963341e+01
8.210623227178993488e+01
8.176866364985255586e+01
8.169676580382241582e+01
8.235041629980177902e+01
8.197884668085531246e+01
8.172502483289132158e+01
8.157481552339251607e+01
8.160942205944954253e+01
8.185693045309855620e+01
8.193618686822617292e+01
8.178031895718142152e+01
8.181438258968714194e+01
8.167583117049152008e+01
8.148099903689181644e+01
8.163171188654123966e+01
8.154908355773962114e+01
8.151956553974272879e+01
8.152086372911158207e+01
8.160162727996483056e+01
8.125338577976020815e+01
7.657635968449575614e+01
7.849342720379456750e+01
7.843984239625791588e+01
7.869682389416057333e+01
7.896732678881409129e+01
7.901803212120901776e+01
7.850851253875273983e+01
7.802625492840698485e+01
7.797395302699457886e+01
7.777934565328457950e+01
7.721708141853746099e+01
7.721329022959902488e+01
7.729284845073533461e+01
7.708751877946760089e+01
7.667967760795438892e+01
7.607502559811575793e+01
7.613514111892905589e+01
7.644458769549851240e+01
7.637531818049193078e+01
7.600598117161209188e+01
6.984336083214864743e+01
6.907054144059783596e+01
7.137593888818032895e+01
7.072007450499211245e+01
7.193687675158938077e+01
7.126806044097955350e+01
7.138729715768890571e+01
7.111515658469946288e+01
7.097336730375506875e+01
7.060485318448687053e+01
7.109696003288701149e+01
7.064775478182269808e+01
7.049151485967625774e+01
7.019718434803959894e+01
7.017143440496572282e+01
7.028307701421452691e+01
7.015441430038677595e+01
7.007376109637041850e+01
6.966902885746884522e+01
6.939692942756560967e+01
6.909245264299607925e+01
7.099320398639346763e+01
6.516946940583380865e+01
6.370818228067230393e+01
6.361271890701992504e+01
6.372613831252863292e+01
6.255602656233747894e+01
6.233247172525237545e+01
6.331710644711755265e+01
6.316180745136060892e+01
6.272519294023040715e+01
6.279096604267390092e+01
6.238668885912678519e+01
6.205324569001913915e+01
6.158450250121342151e+01
6.197280019468832535e+01
6.195450792337524604e+01
6.206044893805744778e+01
6.213859575239678179e+01
6.193263886362650084e+01
6.186991971444412286e+01
6.170548896181022513e+01
6.144308817760246910e+01
6.010550809813086204e+01
5.747358688741988431e+01
5.718577410070209055e+01
5.714768470172260351e+01
5.747936606047465347e+01
5.713174907662785529e+01
5.719791400692784578e+01
5.710641118646846337e+01
5.690573710604966351e+01
5.644116683249984590e+01
5.657861795305056773e+01
5.631417048392377467e+01
5.632700297034275394e+01
5.606328609678536878e+01
5.576013601121579910e+01
5.576006100436742230e+01
5.548410728642904388e+01
5.566773883081227581e+01
5.553280188184516675e+01
5.520952556986863868e+01
5.707889123685798438e+01
5.187144535816880619e+01
5.288901605302019959e+01
5.204324197434277011e+01
5.180750046120385832e+01
5.166297735095219679e+01
5.265808859227603023e+01
5.237198022789095120e+01
5.214519698100913558e+01
5.201384645032938181e+01
5.164393405171070128e+01
5.125782802063262267e+01
5.099181009076643534e+01
5.088658977831924091e+01
5.098147374859705394e+01
5.080985711649419301e+01
5.054094511511115684e+01
5.067763726300652394e+01
5.046817450728545396e+01
5.015404795887236133e+01
4.985106740832875971e+01
4.970460181930306476e+01
4.649821557636674640e+01
4.744345517222408404e+01
4.659283203219955993e+01
4.713274422189439150e+01
4.643635642971889865e+01
4.634624211801789784e+01
4.588668351432281867e+01
4.611714692031894458e+01
4.643855835691660872e+01
4.651846109146484309e+01
4.678545629936042616e+01
4.630167533762464416e+01
4.634677913431062990e+01
4.626552502134861555e+01
4.618072752187968888e+01
4.586047159962760134e+01
4.579907874776952781e+01
4.585314247576973656e+01
4.576018317778839872e+01
4.559299338026449533e+01
4.144892869885579501e+01
4.314033407721009894e+01
4.329464225518940879e+01
4.347659610551623643e+01
4.339255860473249982e+01
4.377893658627263562e+01
4.370490276817825048e+01
4.340193158559738862e+01
4.383979825219716986e+01
4.381292968894852180e+01
4.344396237755044865e+01
4.318947506745509202e+01
4.318784997602951847e+01
4.298909753359915698e+01
4.293077314895775487e+01
4.301380329106420675e+01
4.294809982081083888e+01
4.290804479973218122e+01
4.278322312616690937e+01
4.255774421015576081e+01
4.258302929224994671e+01
3.830790111845671220e+01
4.112045201156061580e+01
4.076728473656763896e+01
3.970653912832617749e+01
3.965071229819893261e+01
4.101704324458210493e+01
4.134047734961962561e+01
4.085017590542250332e+01
4.072028039007544464e+01
4.014148073294674646e+01
4.034175576819072973e+01
4.047850869506904559e+01
4.054094843494198841e+01
4.043943669928689388e+01
4.025946344785997866e+01
4.050745333362073808e+01
4.037081060630710283e+01
4.030844095535788796e+01
4.028707159136595095e+01
4.040133604344717355e+01
4.017380574055188447e+01
3.857811260082529969e+01
4.065352790767714453e+01
4.057399130084697703e+01
4.012110959449520209e+01
3.948043800560039784e+01
3.943452982612073043e+01
3.951145914055314989e+01
3.948691696830113784e+01
3.913540065588860983e+01
3.926133243831755948e+01
3.895963688902525490e+01
3.900313907643227651e+01
3.907926854463861588e+01
3.890759512576511980e+01
3.872452345789587014e+01
3.862272316477874057e+01
3.879431642141950221e+01
3.844401333056639203e+01
3.850285103641135720e+01
3.830481250715940433e+01
3.843324885125887391e+01
3.410253036483743472e+01
3.512059741420336678e+01
3.599336953745351053e+01
3.594137893616630208e+01
3.641087348771528553e+01
3.669698173322940704e+01
3.756454623604577847e+01
3.740773581407524517e+01
3.718771202183874180e+01
3.754804726462913322e+01
3.743399991513598479e+01
3.767524175990710944e+01
3.778993996285323220e+01
3.765417344197934568e+01
3.759126574445822655e+01
3.744661707851913235e+01
3.753750207476700496e+01
3.740662337007954363e+01
3.719983779384575939e+01
3.729876310330453038e+01
3.730897482094912476e+01
3.829973519422308925e+01
3.687033128489480305e+01
3.541024623386395120e+01
3.562299330203810399e+01
3.524445965503011280e+01
3.539722352995135424e+01
3.573251117817281397e+01
3.608658484765817320e+01
3.605151755072508735e+01
3.607733337251101347e+01
3.603880451198702417e+01
3.627533268953570200e+01
3.642843791722949476e+01
3.637364599376755336e+01
3.636275875292351856e+01
3.626837874476237999e+01
3.628844349706772476e+01
3.631827075377832159e+01
3.639224964328172263e+01
3.645048116175397723e+01
3.629997117054356437e+01
3.898650465295288825e+01
3.663387091830735898e+01
3.542870099160737851e+01
3.506947629696353630e+01
3.522158113190305073e+01
3.525416974719382068e+01
3.481238621164310842e+01
3.540357774468562013e+01
3.512458866639359911e+01
3.523873570706801672e+01
3.518166785207629488e+01
3.498676572856034994e+01
3.522307528105615404e+01
3.532969434155364752e+01
3.542160267071834312e+01
3.565246276518053037e+01
3.570936522356610965e+01
3.557784132689371859e+01
3.547004102517364288e+01
3.563432245300674595e+01
3.554792532615672229e+01
3.119157010829450627e+01
3.357098066754851828e+01
3.547077308193039613e+01
3.494445548065024809e+01
3.481147660898810159e+01
3.515659478680429828e+01
3.540134775374644960e+01
3.521781335835019178e+01
3.489907892659746125e+01
3.536655274932769544e+01
3.541449495614870813e+01
3.521899614742363127e+01
3.508775264663165672e+01
3.509139707304497335e+01
3.519366264142347234e+01
3.509834472909074776e+01
3.512493159234892914e+01
3.518940939084041730e+01
3.527625839779816630e+01
3.528681816077429545e+01
3.520797036381701872e+01
3.086605760066744608e+01
3.375046598248331975e+01
3.450812166107495926e+01
3.586782857663263258e+01
3.574631792265849839e+01
3.539758077806430947e+01
3.530282379012411553e+01
3.519030682262251730e+01
3.484204842661203116e+01
3.496796141804941982e+01
3.518055667354083482e+01
3.521429795417089537e+01
3.510794153609328561e+01
3.502965477166354447e+01
3.521266409286725008e+01
3.492230029810200165e+01
3.470797743176257910e+01
3.464748267045996499e+01
3.464245713548048400e+01
3.467768849520700059e+01
3.465678784139440438e+01
2.982330834713039991e+01
3.252133389752320625e+01
3.290576490451421421e+01
3.334007692022362335e+01
3.330188709771146449e+01
3.335092590858601369e+01
3.347979046812537263e+01
3.398038916854505231e+01
3.420432622055340488e+01
3.396409266406730865e+01
3.443854224380509521e+01
3.410251622687629691e+01
3.389918929683977211e+01
3.384145087475764768e+01
3.390578246745184288e+01
3.404233745254540366e+01
3.436896314798106289e+01
3.442150017542707729e+01
3.442356231182941428e+01
3.427589942114767041e+01
3.422623170418073357e+01
3.343808118271584107e+01
3.361396371023561613e+01
3.492794401580510311e+01
3.514484721641171916e+01
3.428861765727452138e+01
3.435527380585599388e+01
3.451980665449814012e+01
3.472095807873010642e+01
3.441020423181441146e+01
3.428145628094219433e+01
3.415577584180448412e+01
3.418518398343611864e+01
3.413453856755395321e+01
3.418790790145246916e+01
3.407209890022093646e+01
3.398043960620127990e+01
3.416969231344747016e+01
3.419257614733994188e+01
3.429164005598969567e+01
3.431450097739339355e+01
3.414394762815832962e+01
3.525968409894952060e+01
3.387319220859947677e+01
3.285291072806534629e+01
3.310226167221272675e+01
3.358538518854206245e+01
3.374998481767867986e+01
3.399831724185433046e+01
3.438644341198972398e+01
3.433953245741900417e+01
3.429514061586186102e+01
3.409342607515008439e+01
3.409930027592066182e+01
3.404213101471511749e+01
3.412315477150577436e+01
3.417677078680850400e+01
3.409437881083391630e+01
3.418109593170679972e+01
3.404010237653513116e+01
3.410577722846023363e+01
3.413585992573008099e+01
3.408504835687470091e+01
3.381677702092515858e+01
3.351423767757911776e+01
3.326921957307779820e+01
3.263486205243224703e+01
3.289310134089907223e+01
3.351801148666474717e+01
3.419760624065580856e+01
3.394596490549182732e+01
3.369642497692652228e+01
3.369226144439736714e+01
3.366059561456459193e+01
3.369011871660186586e+01
3.363475095497398826e+01
3.379004766384481684e+01
3.393323445082833700e+01
3.390482637873072491e+01
3.403485767379895321e+01
3.377562738752336458e+01
3.370525081870687245e+01
3.363718108918326521e+01
3.368300102182228528e+01
3.644525227138496604e+01
3.305647821992265989e+01
3.248802016583275076e+01
3.244703464128501480e+01
3.312112771471245054e+01
3.302170625019091688e+01
3.328678658337609875e+01
3.335694376361795577e+01
3.336105084950622057e+01
3.325415786846517108e+01
3.323873544430521321e+01
3.304459459895279139e+01
3.327775680823731363e+01
3.344633916984052036e+01
3.364435597642416553e+01
3.351469459877787926e+01
3.362833525955960567e+01
3.350110667844759860e+01
3.350587201663633152e+01
3.363789309985972409e+01
3.357838888568929292e+01
3.500386934049467413e+01
3.403593998736231185e+01
3.420529867937378299e+01
3.353926257437135661e+01
3.397718469780031825e+01
3.397495653187079512e+01
3.415143625899226265e+01
3.394937026566136495e+01
3.394746103247797464e+01
3.412478375122959307e+01
3.410237992994746747e+01
3.398691348426783065e+01
3.365718241478772654e+01
3.361482214372466615e+01
3.353104317397877310e+01
3.339908609896070857e+01
3.331269689950965329e+01
3.348827817615336500e+01
3.362480567550512944e+01
3.357930068420597536e+01
3.354964942901081315e+01
3.155358472635813172e+01
3.212808361095898135e+01
3.298241074156551633e+01
3.374583360155850897e+01
3.379783705434696373e+01
3.322800325144172007e+01
3.310477430961219625e+01
3.308640883404698485e+01
3.290160458034937818e+01
3.324368570511820309e+01
3.328869709024981205e+01
3.359544930583388123e+01
3.344879687247626521e+01
3.362813658241629611e+01
3.368670457489648129e+01
3.382379062892213994e+01
3.377133220968007521e+01
3.362595384083979155e+01
3.365276753680368671e+01
3.350490243745353780e+01
3.349358535143178983e+01
2.970996088850009187e+01
3.340064203421983535e+01
3.308556950255199069e+01
3.318938213259783510e+01
3.338370158820104905e+01
3.378398772827825525e+01
3.398912106984366943e+01
3.353843386248070857e+01
3.367725845995832401e+01
3.380274266576373776e+01
3.373014930010556611e+01
3.386928350834703139e+01
3.403647707108147102e+01
3.421433102799545622e+01
3.400317572008591327e+01
3.384862446688691051e+01
3.391361020240882596e+01
3.364228115256948115e+01
3.372019959383689525e+01
3.360882825609337488e+01
3.346775181847892355e+01
2.963770183897171506e+01
3.216850625292413923e+01
3.203518322711709487e+01
3.227181488274017340e+01
3.240405914343749316e+01
3.259980632153188651e+01
3.273130191951064205e+01
3.242075359305614057e+01
3.297235740706975804e+01
3.287910635968866302e+01
3.314893003289184037e+01
3.314761417052299208e+01
3.310573986229501031e+01
3.326610918097630076e+01
3.334989733485733865e+01
3.328079834316594088e+01
3.330335155736840136e+01
3.320378265640179904e+01
3.332788722847016061e+01
3.345159951128894704e+01
3.334410689688891694e+01
2.926188837304083279e+01
3.395611058960096784e+01
3.434287985916745356e+01
3.412866077137606879e+01
3.463534502970210838e+01
3.499836106412702463e+01
3.469581263382585234e+01
3.414024712389521454e+01
3.424970803634344918e+01
3.381558959557722233e+01
3.350752784673139928e+01
3.355230324025365007e+01
3.328651372715759749e+01
3.337991746332826182e+01
3.322399083856175395e+01
3.303608903258481888e+01
3.307960074117099225e+01
3.325025866108681782e+01
3.333641713920376048e+01
3.326968288348359692e+01
3.343739543456678831e+01
