6.915000681945267615e+02
6.892729858290564380e+02
6.869352621325939481e+02
6.845441965811696718e+02
6.820584247861889935e+02
6.794365402013515904e+02
6.767510047570342522e+02
6.736942626851015348e+02
6.702454532215708696e+02
6.665841219519367087e+02
6.624809074449182162e+02
6.578655986284439905e+02
6.526405420211287947e+02
6.468135279271551781e+02
6.406526448417375832e+02
6.336795767418815331e+02
6.258320704401053263e+02
6.168637709864677845e+02
6.071097469688492083e+02
5.970593881123985511e+02
5.866599558708714994e+02
3.524841572360005557e+02
3.481362067023501936e+02
3.478404691576176333e+02
3.426084733082847720e+02
3.454292783063652905e+02
3.493280401150793750e+02
3.564965355121985340e+02
3.568891747809355479e+02
3.524261703835327921e+02
3.483867878757325798e+02
3.471540842534403168e+02
3.484327018545455985e+02
3.468792198604691635e+02
3.467904662457781342e+02
3.452916503102022148e+02
3.446867161646337649e+02
3.446501957409597594e+02
3.436982382967660214e+02
3.443841536382753930e+02
3.425885060334378522e+02
3.405646898580989159e+02
3.006473744817727720e+02
3.043237442849462013e+02
3.176432865903032621e+02
3.187079495861663077e+02
3.231738939718708821e+02
3.251996213303426089e+02
3.259091405025033623e+02
3.248658811379131635e+02
3.270402317436160047e+02
3.281168299540663043e+02
3.281898880824456342e+02
3.287997479646762145e+02
3.296785573376412799e+02
3.283831306783245054e+02
3.291068918856516348e+02
3.286045347255993647e+02
3.267298809195562512e+02
3.266615841201511330e+02
3.264816193052195104e+02
3.250795818683413358e+02
3.263354584652674930e+02
3.537688227193752368e+02
3.214605009621045042e+02
3.294779882019614661e+02
3.272069804613153678e+02
3.216903021286157127e+02
3.223042984649526375e+02
3.211749940612492082e+02
3.225241458338046527e+02
3.217274324258241336e+02
3.202862760812370198e+02
3.197010473646146238e+02
3.168182957763304444e+02
3.147229402770541924e+02
3.149247814736776832e+02
3.128999426680655347e+02
3.115816365478825105e+02
3.126237431893878806e+02
3.123571799383876737e+02
3.119924687277285784e+02
3.113900263073632573e+02
3.117718700917407659e+02
3.014670711834727399e+02
2.821705329655212040e+02
2.972180430981714494e+02
2.974116357354654951e+02
3.008590775998394520e+02
3.017062868516163689e+02
3.009598537070315842e+02
2.993151891584142277e+02
2.985414623704700148e+02
2.970394575131496708e+02
2.995550494930911896e+02
2.989600906068199606e+02
2.970133525308340268e+02
2.952557871403933518e+02
2.923927389663815575e+02
2.912678429617945426e+02
2.902460180505439098e+02
2.897207419952213741e+02
2.886962299993893453e+02
2.876616826203942310e+02
2.864648658342985073e+02
2.476616233159951719e+02
2.622774640279184837e+02
2.548026155195058209e+02
2.628454975235160305e+02
2.566767438079763792e+02
2.591086230007030053e+02
2.594466168969668161e+02
2.575259795816222095e+02
2.553967574342620139e+02
2.546276313606552151e+02
2.531713459120800280e+02
2.541187783809694452e+02
2.507574960912218955e+02
2.502144749292898211e+02
2.483018375433225344e+02
2.465382566460866940e+02
2.453201892431533793e+02
2.434320411972841498e+02
2.427209998576440739e+02
2.410986929672368433e+02
2.404675786181626620e+02
1.943032011167308042e+02
2.011631250177107688e+02
2.095088903046340647e+02
2.060256476289723651e+02
2.009913040812505471e+02
1.993611348255659834e+02
1.978713029073626046e+02
1.965421988123212884e+02
1.946344708887064598e+02
1.939723198323832207e+02
1.948639158444467512e+02
1.921463908944443801e+02
1.913506683593713547e+02
1.898786444222932346e+02
1.879353279895573792e+02
1.872271642570465531e+02
1.857936322717388862e+02
1.841436138148258692e+02
1.827733318649558782e+02
1.816930387740824528e+02
1.805416183436556139e+02
1.566580389993503672e+02
1.511730068522259671e+02
1.461035306797120654e+02
1.473402477051683377e+02
1.457514484764593590e+02
1.442265842776469356e+02
1.429795846150123850e+02
1.410236815420262531e+02
1.411712885367810202e+02
1.401180476857857968e+02
1.400870863086393570e+02
1.392147615828990297e+02
1.383258801065503860e+02
1.377313006779811531e+02
1.369729160542261184e+02
1.362986416479361083e+02
1.354638797549898186e+02
1.343539423563817650e+02
1.333266864558869997e+02
1.320901853139831701e+02
1.303757262672077673e+02
9.807496076954716102e+01
1.095112391914726118e+02
1.027750608648247095e+02
1.012465656945927606e+02
9.810903983136510931e+01
1.001365125007835388e+02
9.841612171173989054e+01
1.010659329325761178e+02
1.016971520597538472e+02
1.024296605365157973e+02
1.012916414933211939e+02
1.014533619870482681e+02
1.011419208129905201e+02
1.008239771972582446e+02
1.005542645599665121e+02
1.001307774821114975e+02
1.000662080205143241e+02
9.911803828292396190e+01
9.882342326956410261e+01
9.726731998676554269e+01
9.743851468066702637e+01
9.318910693337275575e+01
8.613981128411562338e+01
8.604565408209043653e+01
8.627592974502005063e+01
8.367332430503890350e+01
8.210815042527765684e+01
8.306261790369320863e+01
8.379619435251868254e+01
8.229604632646771734e+01
8.179707727050535482e+01
8.075338650995800549e+01
7.968047559462949891e+01
8.093160514502821457e+01
8.149706033198462762e+01
8.175483020985048199e+01
8.144079879569916613e+01
8.086302301600981934e+01
8.003405563560362168e+01
7.956005511901484795e+01
7.942849753181759809e+01
7.908855935815120120e+01
7.182456927446065720e+01
6.549325088533076666e+01
6.560222453597819481e+01
6.857182788068345758e+01
6.966747016770082723e+01
6.840306202164893534e+01
6.837601409975582101e+01
6.778916471381396036e+01
6.869945249377266805e+01
6.931998077892743026e+01
6.904213108282316114e+01
6.930261446611231690e+01
6.900067033194717681e+01
6.840633251056424058e+01
6.877212594797435941e+01
6.826100077274122668e+01
6.868753346926425252e+01
6.888340744614342270e+01
6.951757537954701149e+01
6.972261352667838707e+01
6.982224571441207672e+01
7.179075874320056982e+01
7.936040076901348073e+01
7.404074082680848790e+01
6.934494254500641830e+01
6.825982512010115499e+01
7.038535797818707351e+01
6.979132921435420656e+01
6.919289888412093603e+01
6.849956343291471228e+01
6.659802370948699490e+01
6.611784896637982456e+01
6.470315143868724306e+01
6.365708759462790312e+01
6.456608487956505371e+01
6.377792279728155478e+01
6.366577326445526097e+01
6.287692673963319123e+01
6.256020263891194588e+01
6.236711004405580638e+01
6.211109917413316595e+01
6.182454720684705052e+01
6.407297625489152892e+01
5.877119973392202468e+01
5.792986038250496961e+01
5.592109667972768960e+01
5.929596311740360903e+01
5.810415795801973360e+01
5.804180377930343582e+01
5.837949939043981828e+01
5.799166881459861855e+01
5.687136755123312781e+01
5.703929860600143087e+01
5.746617469897871189e+01
5.743274440987426743e+01
5.776590701108397496e+01
5.810660681399871663e+01
5.799523911733523107e+01
5.744706030275612108e+01
5.733509772938462135e+01
5.683430118787449459e+01
5.701087847593371549e+01
5.666280180431255076e+01
5.683008118030377886e+01
5.457423029481006438e+01
5.425725454900847922e+01
5.809188020850750434e+01
5.890688987496874063e+01
5.817845037532760699e+01
5.715731906794392359e+01
5.576365418199555535e+01
5.593006897666123223e+01
5.504556978100239206e+01
5.510096449398364626e+01
5.453945131770342414e+01
5.500239355021761867e+01
5.464144658805712140e+01
5.328498540040972387e+01
5.336133932509419964e+01
5.272618361941667331e+01
5.212641056862655375e+01
5.240276317058679467e+01
5.312204381731005753e+01
5.335817189107277869e+01
