7.237074435437073134e+02
1.547765124208170164e+04
9.522670556881463199e+03
6.999867740582938495e+03
5.599923595195048620e+03
4.709297043394353750e+03
4.091857110265766551e+03
3.638554469381447234e+03
3.289856118074993446e+03
3.007895743971680076e+03
2.777540034182257386e+03
2.587878034868792383e+03
2.425805024192092333e+03
2.289514768877622373e+03
2.171279276147776272e+03
2.067112551586057180e+03
1.976107618865925133e+03
1.894727609930511790e+03
1.822124617643594775e+03
1.756323431667788782e+03
1.698136849198015625e+03
5.575989980613160242e+02
5.561133814690761028e+02
5.624796079739879815e+02
5.511392058499662880e+02
5.500944457552469657e+02
5.399284572314093111e+02
5.368594809835221895e+02
5.313785908949912482e+02
5.309017800411108965e+02
5.279337413636844758e+02
5.266480484818762307e+02
5.206156984216058845e+02
5.158963963833649586e+02
5.105791660415450224e+02
5.057038348992835495e+02
4.997129953909319511e+02
4.942122511070128894e+02
4.881359376825063237e+02
4.839464905515095552e+02
4.788680276251940313e+02
4.720538175121433255e+02
3.155350895970619263e+02
3.245298285464374999e+02
3.282858336668811035e+02
3.276376930070813387e+02
3.243609571384602077e+02
3.180696445611011995e+02
3.169516002743093850e+02
3.239031200780099198e+02
3.301390746714154147e+02
3.268362706724060445e+02
3.277464826764277177e+02
3.295341617647542876e+02
3.326461812862000897e+02
3.292333695742717055e+02
3.313534251515473557e+02
3.322912691434873409e+02
3.368263255105923690e+02
3.401628840003660343e+02
3.386247214629037217e+02
3.391838951101432826e+02
3.444093135101967391e+02
5.086869946098702258e+02
5.390743584730699922e+02
5.439749147035688566e+02
5.335547065232834711e+02
5.113174680271333159e+02
4.826432233900711708e+02
4.557933952158609259e+02
4.394751091971428423e+02
4.326020156381258062e+02
4.242287864861090156e+02
4.138062032482948780e+02
4.078693517688948305e+02
4.026998780603690307e+02
3.945615660005468612e+02
3.846615318357117985e+02
3.769242802155477534e+02
3.677830863680682683e+02
3.598047511350690684e+02
3.528983385312388350e+02
3.468794709820917319e+02
3.407242331577179471e+02
2.749932339958352259e+02
2.328669161220194894e+02
2.283696152617327471e+02
2.188456316356335094e+02
2.202110651124349658e+02
2.171996618348904917e+02
2.102695783393599811e+02
2.097785216570907210e+02
2.118786342445857258e+02
2.122980902892753079e+02
2.111210328445520190e+02
2.088190885907190761e+02
2.083260230384618126e+02
2.074513381659552067e+02
2.061863888816557733e+02
2.081814186920639145e+02
2.076578027010126277e+02
2.059619408825937512e+02
2.053065641957312550e+02
2.033351800033094605e+02
2.010028718580556415e+02
3.518002313055247328e+02
4.929745160583681240e+02
5.401792053013780333e+02
5.547112881368980197e+02
5.624606833098265497e+02
5.652176920538335025e+02
5.675618634218252510e+02
5.663176318176238055e+02
5.632685420778387879e+02
5.578461284087778722e+02
5.506331259693847642e+02
5.419300340725837941e+02
5.322362892632141893e+02
5.206040273932851505e+02
5.118483586063484836e+02
5.029868480818259968e+02
4.961646362738115954e+02
4.893939817672147115e+02
4.827017595692003056e+02
4.750335207545447815e+02
4.680461883596333337e+02
3.197373297643767955e+02
3.190812321060399768e+02
3.103422073985150291e+02
3.101471472682619037e+02
3.124875623483897016e+02
3.057159877527548701e+02
3.091586857411112987e+02
3.126431852499003980e+02
3.071304819737615048e+02
3.026959133854305719e+02
2.994855756147874786e+02
2.972903952888328263e+02
2.965306659712036890e+02
2.954077393941796572e+02
2.923087638329098468e+02
2.890460707682073007e+02
2.870604211780125752e+02
2.845950717682264326e+02
2.817648279275143750e+02
2.778978768120439327e+02
2.761889998712551915e+02
2.322819645205998995e+02
2.150738245771678692e+02
2.065386317719263616e+02
2.039896262703792047e+02
2.056542226416713675e+02
1.984376580221041593e+02
1.946102782055958471e+02
1.974323643320784356e+02
1.951999536958719546e+02
1.948299006158705708e+02
1.924282954754153820e+02
1.917813314305994652e+02
1.943387016180497540e+02
1.936096747378923908e+02
1.961227698676620150e+02
1.953385235356772682e+02
1.929954760122684547e+02
1.913015561304471532e+02
1.945453988772451055e+02
1.951412737824794874e+02
1.945214966223419708e+02
1.691377263781801616e+02
1.793497567144579250e+02
1.779556383908200701e+02
1.793996524991403305e+02
1.760286105525074731e+02
1.739641340637236624e+02
1.719028262413799837e+02
1.698900746621586393e+02
1.681710494433278029e+02
1.707615898944903279e+02
1.681532637798887606e+02
1.682152811109748427e+02
1.652859507748999022e+02
1.638504618265869226e+02
1.658977940204399601e+02
1.652157152681185721e+02
1.637188646046748772e+02
1.627286823248258258e+02
1.631850274530833644e+02
1.613667518233347096e+02
1.616191273117837852e+02
2.343054802958655500e+02
1.605064124178534541e+02
1.647900790113152141e+02
1.594645370279096426e+02
1.598960389115840144e+02
1.602031030727475809e+02
1.558700632315546954e+02
1.539000389561679754e+02
1.500500409674455398e+02
1.530226006855083369e+02
1.507597895104614167e+02
1.510302433726408253e+02
1.486622482135873611e+02
1.469521842117852088e+02
1.457217160441120996e+02
1.443207841704457053e+02
1.447927114794312331e+02
1.441435360034474797e+02
1.443609182047878789e+02
1.425102465325273329e+02
1.423575683480788712e+02
