1.723614051559675318e+02
2.770373870833623755e+02
2.089509190029599210e+02
1.882277359836754442e+02
1.764546844325774089e+02
1.671009302565913117e+02
1.556941213717366850e+02
1.482189014525243920e+02
1.414870006974614682e+02
1.362076295853409249e+02
1.318218458343791610e+02
1.277064838518367651e+02
1.248248876254090334e+02
1.221903621201821153e+02
1.196697340401871941e+02
1.177223571362933541e+02
1.157182035254283363e+02
1.138215777533895192e+02
1.120197274044530928e+02
1.108070925231056805e+02
1.092541200191032118e+02
8.674917438504469658e+01
8.048487337637961048e+01
8.011290112747953174e+01
7.734885064843474822e+01
7.594459881381239086e+01
7.393061031000435435e+01
7.192138693704750096e+01
6.947323553558869946e+01
6.736268974646445429e+01
6.562199660660812128e+01
6.446398845163724900e+01
6.303581970385533140e+01
6.131411304867737044e+01
5.959657698680547355e+01
5.845018117035201755e+01
5.725497211509154738e+01
5.649435129084797325e+01
5.569165308070689946e+01
5.457190441984732843e+01
5.342606664732450383e+01
5.228921193177024662e+01
3.549862621797414874e+01
3.201389895790558171e+01
2.898871449598304295e+01
2.814414534684476976e+01
2.749205379339696975e+01
2.739542464506316932e+01
2.639942326154993779e+01
2.587118608526221308e+01
2.474725558204457698e+01
2.364474900326435147e+01
2.331390588958137045e+01
2.280150320617438453e+01
2.221478808961847662e+01
2.172151431707848701e+01
2.159065165207853454e+01
2.144043058091777709e+01
2.132591737012771915e+01
2.110867398364839786e+01
2.057076208322705568e+01
2.046596936302069381e+01
2.028757845013172556e+01
1.824900605731968994e+01
1.391282437311245346e+01
1.387246762061527328e+01
1.266044972394482038e+01
1.258311864799664193e+01
1.280202472767597044e+01
1.269924414857630168e+01
1.222335171702156664e+01
1.172448338534275614e+01
1.148137671488705180e+01
1.120046194537545148e+01
1.104087382700861575e+01
1.148603407417984457e+01
1.136215958646832114e+01
1.127085947875341354e+01
1.156080147829658600e+01
1.140223919284298582e+01
1.122606815380989786e+01
1.128610781997683254e+01
1.123449991349956889e+01
1.113655919940616101e+01
8.938614296803743642e+00
9.039934034434780941e+00
8.322993221429761945e+00
9.123619596315629465e+00
8.749983777078243818e+00
8.942671143052271177e+00
8.807715267780498181e+00
8.658286219284411445e+00
8.618482824419384514e+00
8.429620155918875923e+00
8.484108833548594575e+00
8.383096525406669386e+00
8.142838401125676029e+00
8.023390186937858104e+00
8.171852962218615346e+00
8.106170561404747232e+00
8.013765624698171663e+00
8.310274261079154456e+00
8.181395567782045575e+00
8.129106975192524231e+00
8.012778847894399092e+00
8.244494958728317613e+00
8.181378816579451652e+00
7.968408736268449921e+00
7.256392942978096450e+00
7.083849856468832584e+00
7.346855708875406066e+00
7.245953731396381770e+00
8.151625958050773946e+00
7.962414357233401851e+00
8.770582826792653108e+00
8.975921767662313755e+00
8.982988219572748179e+00
8.749186321667217214e+00
8.732835276251977419e+00
8.619244772699675039e+00
8.353965750586352712e+00
8.259338415239511733e+00
8.068337858678741981e+00
7.928251595303682286e+00
7.775234503945699593e+00
7.623760723565061959e+00
6.889669164100020282e+00
5.872226635915062332e+00
5.734717879664840368e+00
5.442904340082067804e+00
5.037244879708636880e+00
4.893463176049197116e+00
4.832874138602693215e+00
5.566611395062420087e+00
5.447009838554591532e+00
5.472677869743145962e+00
5.443489999383526623e+00
5.475544973088360301e+00
5.508908883215720032e+00
5.464844185966004630e+00
5.457045830935148167e+00
5.409780809350407615e+00
5.332078096102633502e+00
5.298699338889170996e+00
5.395673571166109461e+00
5.307076228005221274e+00
5.252203468546406739e+00
2.355776261464329835e+00
5.730782061120947901e+00
5.326495439697638723e+00
5.536920236913910998e+00
5.423606365639884075e+00
5.423501564906951344e+00
5.230068640169194261e+00
5.026192010777326580e+00
5.179276508608188223e+00
5.119050449190489793e+00
5.132406463574842093e+00
4.965335404921299656e+00
4.871647561491695200e+00
4.770136002706864886e+00
4.652055043527465017e+00
4.615846822254849435e+00
4.599829510849372305e+00
4.822378136385924385e+00
4.787340755370680156e+00
4.714188266630663371e+00
4.625435091725576875e+00
2.345780903367114867e+00
3.595019337224700795e+00
3.288170949078426997e+00
3.371388014857193749e+00
3.933498943889228272e+00
3.691792913200038218e+00
3.579452487843052033e+00
3.682136692724621962e+00
3.760505006207193635e+00
3.976278382893801755e+00
4.157456509920918641e+00
4.098218927090655050e+00
4.111260712617511359e+00
4.185806234519312774e+00
4.263824891304689224e+00
4.190813955753196929e+00
4.217153833309094324e+00
4.169307800794328500e+00
4.206505508732545806e+00
4.129620551810468498e+00
4.172156816669730262e+00
1.737336238329016513e+00
3.509411358051860663e+00
3.726805930169279524e+00
4.019261198858793627e+00
4.162722599201870821e+00
3.957270228264333500e+00
4.186756414944141191e+00
3.998246409992869399e+00
3.875510421079882306e+00
3.779815583270403678e+00
3.647167917536482395e+00
3.788550751053140875e+00
3.800545312802241948e+00
3.745099042867177097e+00
3.802105242353641668e+00
3.820809639807419611e+00
3.766180258514907564e+00
3.676393047743963471e+00
3.626361867620714996e+00
3.619129950593452438e+00
3.579432877189449247e+00
