6.916071396079331635e+02
6.892524854677926669e+02
6.870883817143023862e+02
6.847855839735656218e+02
6.822762461046563658e+02
6.794498231175142564e+02
6.766793464157527751e+02
6.737417933951902569e+02
6.704506914208661783e+02
6.666093232092539438e+02
6.623564123105805947e+02
6.577499364136289159e+02
6.524350898704784640e+02
6.467387067080222778e+02
6.405066016163385711e+02
6.332624784205495416e+02
6.253890203840990125e+02
6.166267730416223003e+02
6.062704650806815607e+02
5.958907704636268363e+02
5.853488456422849140e+02
3.832136502395441084e+02
3.646090666076432285e+02
3.571370205624805862e+02
3.525519401435602163e+02
3.444602430489005087e+02
3.406490144569251015e+02
3.388980061327133058e+02
3.422180981289457122e+02
3.451390988778998121e+02
3.448030139576661099e+02
3.428976430014425318e+02
3.428210721844484397e+02
3.438180587377852930e+02
3.409152202227024304e+02
3.411999849699736842e+02
3.409856257188048403e+02
3.404685737677132806e+02
3.412200724897064106e+02
3.407020776857979172e+02
3.403949459838039502e+02
3.390889422041614125e+02
3.536956322599559712e+02
3.418742923608730280e+02
3.417234746640046410e+02
3.356533343713620070e+02
3.355034245304498199e+02
3.343711904132036352e+02
3.326850243822056541e+02
3.311481413928919437e+02
3.322464163256475445e+02
3.310392039843295038e+02
3.302810734128559602e+02
3.292827076260992385e+02
3.290230069874455126e+02
3.285109150066456891e+02
3.278417160189271158e+02
3.271452858769612249e+02
3.281262402614087250e+02
3.283389977115581928e+02
3.293215807608750652e+02
3.288862274457717945e+02
3.276315137151522663e+02
3.115020466311337941e+02
3.235346738680673297e+02
3.170463612084582792e+02
3.219665944535978497e+02
3.207011920392924367e+02
3.223150919913479129e+02
3.216917044133625154e+02
3.229615209815027015e+02
3.229840778362025731e+02
3.221093032564801319e+02
3.218274763720080500e+02
3.212083543098277119e+02
3.203134241579119248e+02
3.197980519984549233e+02
3.187512559735722562e+02
3.177393978084793957e+02
3.159149296267083287e+02
3.149198178306057230e+02
3.160823447347916613e+02
3.164722074362694570e+02
3.154382987850199811e+02
2.776619738282600451e+02
2.946683908339388154e+02
2.931684774497537092e+02
2.947322597661834038e+02
2.991861101975398469e+02
3.008321347571968545e+02
3.039586999016465825e+02
3.049861090348848052e+02
3.023778307292673730e+02
3.019675551796862010e+02
3.006015434745183939e+02
3.007642635478086959e+02
2.981678918764889659e+02
2.996898763899799292e+02
2.995617181767686930e+02
2.989111875590065779e+02
2.968120141266401220e+02
2.954873053108676118e+02
2.969122559122935741e+02
2.962753569263560394e+02
2.956961241223555135e+02
2.728398086162126219e+02
2.727419638837691309e+02
2.750077454695214101e+02
2.771088104459744272e+02
2.812641132225926981e+02
2.778202395661389232e+02
2.779417435693999892e+02
2.741046234239319119e+02
2.753170281131400543e+02
2.750636405714338366e+02
2.761719022504495342e+02
2.741055287385213433e+02
2.729907324821377301e+02
2.707703406103591419e+02
2.699033416177407503e+02
2.695970319017467318e+02
2.693001127781071773e+02
2.698226525594048439e+02
2.684492712143080553e+02
2.680455204564888163e+02
2.671425444006379166e+02
2.351445475143761428e+02
2.391079584916847125e+02
2.337496884447999719e+02
2.340797979921633498e+02
2.356751314870463716e+02
2.336986495789841456e+02
2.357123455277864821e+02
2.331587361397888856e+02
2.330773631931513137e+02
2.331796784401595914e+02
2.320749139831195578e+02
2.301817359068045050e+02
2.313845851688293465e+02
2.319275970487628626e+02
2.321400639097329872e+02
2.321594037100769867e+02
2.300029664459224250e+02
2.293739292974863417e+02
2.292328112522798165e+02
2.282082189108869272e+02
2.274596766122963345e+02
2.226117114198431750e+02
2.061785566274618020e+02
2.014353716161861314e+02
1.961727806271941290e+02
1.959223544269626132e+02
1.994441082836762860e+02
1.967268260495333436e+02
1.942161192826770559e+02
1.942369993781620394e+02
1.936324937499294379e+02
1.942649614514521943e+02
1.933391244889198219e+02
1.927149097097017147e+02
1.914720855938414275e+02
1.904330746717170939e+02
1.902316348809461601e+02
1.898421333205908184e+02
1.886238947172068663e+02
1.871638934485533241e+02
1.868999673101912151e+02
1.862087603089444769e+02
1.725497228373564838e+02
1.775213414880540483e+02
1.706141913864715605e+02
1.682464378466152084e+02
1.680058029243742794e+02
1.660660711278233350e+02
1.637884118690894013e+02
1.612014083943518870e+02
1.580267216448022793e+02
1.573395540743469496e+02
1.568078290179897465e+02
1.565039880277449527e+02
1.551163430243401251e+02
1.553566308899559374e+02
1.542859022700338301e+02
1.528210017402313383e+02
1.520624490829702609e+02
1.526046240736801280e+02
1.518329985336846732e+02
1.511409244228802891e+02
1.509232095740657940e+02
1.234888028191356852e+02
1.328835140300541298e+02
1.316810711036834505e+02
1.290447648055766763e+02
1.297411952788237670e+02
1.292738750054558636e+02
1.299079946857398227e+02
1.295677432201268857e+02
1.302747395822634644e+02
1.300552763100004086e+02
1.304329708195122066e+02
1.294777986188121304e+02
1.301025342390060473e+02
1.283363060308869308e+02
1.286482605281601082e+02
1.282924836090814154e+02
1.278282983936063175e+02
1.273173848565902517e+02
1.272189177380121663e+02
1.261280686107017601e+02
1.253863669064274546e+02
1.199589612054240035e+02
1.138825431068792966e+02
1.151368748899188574e+02
1.111175873387907700e+02
1.065014106965224556e+02
1.065582254205394435e+02
1.074470035950744062e+02
1.089220436147716384e+02
1.089556142005667851e+02
1.084438199937601865e+02
1.082230312058110542e+02
1.083785126931213370e+02
1.081666177068333496e+02
1.077478080244232643e+02
1.075771662578028725e+02
1.084616475077965987e+02
1.076907357974112216e+02
1.077302743906252971e+02
1.074736189594080145e+02
1.069952246779106844e+02
1.060913380663275376e+02
1.062676226999351456e+02
1.027198810539724434e+02
1.013767468220552246e+02
1.013666975755176480e+02
1.011264860420557312e+02
9.839570983798637371e+01
9.816030945381352524e+01
9.625044992315910974e+01
9.445577322242148455e+01
9.487778973102834357e+01
9.414965072836660909e+01
9.450481548877299076e+01
9.454663100841425205e+01
9.402907097067267728e+01
9.398587938868885772e+01
9.403515473758976384e+01
9.356658541958195485e+01
9.309774922001352593e+01
9.272729581265494403e+01
9.297297519021795154e+01
9.296655785310960596e+01
9.624457489608245453e+01
8.685226522717333353e+01
8.473008371019511742e+01
8.580446679724074954e+01
8.908934954444900711e+01
8.871055175630937129e+01
8.732459579174131648e+01
8.718740208276892645e+01
8.831823562601765332e+01
8.784966931970117798e+01
8.712110684984118336e+01
8.771979482928836092e+01
8.732437145750714080e+01
8.771461674927330421e+01
8.775775859213204910e+01
8.771545246175607247e+01
8.720887498815318395e+01
8.738150238521161839e+01
8.675682700843032080e+01
8.609312968622151629e+01
8.573853560478914915e+01
8.348154143153408313e+01
8.925320764466884782e+01
8.511934354867635477e+01
8.486809935368019353e+01
8.595251923840054076e+01
8.317662481498514637e+01
8.269795129292035085e+01
8.335817713188370703e+01
8.435052824869816845e+01
8.379929682313802175e+01
8.331559685446043773e+01
8.283125762239909307e+01
8.236849658658198337e+01
8.228509979238869221e+01
8.176042592893620053e+01
8.144324437157405328e+01
8.049701694666656238e+01
7.992543792895338584e+01
7.993086821791044372e+01
8.006147059512484532e+01
7.996598838307167512e+01
6.062336525498876938e+01
6.829180765376811735e+01
6.671740767706064901e+01
7.063368380452658357e+01
7.309849474958927829e+01
7.378608597249964873e+01
7.632297938098294310e+01
7.643553523104475289e+01
7.631493070029625869e+01
7.647342723412322130e+01
7.616451253835809609e+01
7.432822751387884352e+01
7.373585248832948480e+01
7.398582792514511652e+01
7.375372934570074790e+01
7.350867835874595357e+01
7.441410542818181284e+01
7.458326121956588395e+01
7.418064992615366293e+01
7.496844088019238939e+01
7.474484748134511847e+01
6.612229163838529189e+01
7.228396512718778411e+01
7.714828527530758606e+01
7.388761661391396274e+01
7.371083911241380804e+01
7.372856758461163906e+01
7.281926536486214729e+01
7.203426456546365841e+01
7.254054096183018885e+01
7.332947119915563405e+01
7.337481416577391258e+01
7.386085714660362100e+01
7.344265407622479813e+01
7.316501351898374139e+01
7.258638151625683577e+01
7.290639317864312829e+01
7.238931883077528084e+01
7.282530791389056901e+01
7.230363812421590808e+01
7.182974123417861279e+01
7.185167131873188850e+01
7.584457524570183296e+01
6.734669878476148597e+01
6.808056007194359438e+01
6.940446525287427448e+01
6.711851823277842755e+01
6.877056916136378106e+01
6.936428199302025632e+01
6.897765949443345335e+01
7.063476309939137820e+01
6.986853195313760523e+01
6.950279975920612685e+01
6.879564228629482159e+01
6.871199042168071003e+01
6.913593292606186935e+01
6.940077782502528692e+01
6.986350208804594786e+01
6.901972125419429460e+01
6.890357661914914900e+01
6.886232228761600993e+01
6.855992262638457646e+01
6.847698219312133006e+01
6.411068746011467567e+01
6.839413483734199417e+01
6.479544133372134240e+01
6.754675276056482858e+01
6.637163417184510195e+01
6.860377588868956877e+01
6.723039007606982409e+01
6.688356087186292598e+01
6.740963127928021947e+01
6.661144237592245076e+01
6.630154403969767429e+01
6.628568176202763595e+01
6.619206181546306311e+01
6.635275651120234386e+01
6.665753010986530569e+01
6.743532916405209221e+01
6.646388703681080301e+01
6.672649783020848702e+01
6.619360355919661743e+01
6.622622566536009003e+01
6.611940092319704831e+01
5.711158782912327325e+01
6.534867683103195191e+01
7.009685745137218760e+01
6.684495625181860134e+01
6.530160436479401653e+01
6.455416233100467593e+01
6.458488268147452516e+01
6.539120530446083990e+01
6.562024338427835346e+01
6.562437864034434654e+01
6.486602923293010292e+01
6.492131214623982771e+01
6.472201129931004004e+01
6.418985705556772814e+01
6.396441636143627818e+01
6.438234841241623485e+01
6.408935946741529222e+01
6.398861778282716273e+01
6.381230113672938131e+01
6.362996225953612850e+01
6.421444815925903526e+01
9.688971946849716232e+01
7.312870021113074870e+01
6.980645113509888233e+01
6.758429595905415965e+01
6.619646850361134227e+01
6.418458057722318699e+01
6.348185626846125018e+01
6.342757488768083363e+01
6.267546053068887346e+01
6.212485127877268809e+01
6.217298933671785477e+01
6.158010942218074035e+01
6.196070960979199782e+01
6.172313021248420029e+01
6.180213479751233763e+01
6.163872742896921153e+01
6.042730964203164490e+01
6.018758276151613984e+01
6.071776776095185113e+01
6.109730184930342034e+01
6.119085345596365499e+01
6.236061364816600872e+01
5.939895540369164451e+01
5.955089128566407908e+01
6.145963809215731288e+01
6.153472202099595734e+01
6.000905916914551597e+01
5.874995119357766526e+01
5.869199058112720735e+01
5.798840667881604816e+01
5.798278508416340316e+01
5.797843568935551417e+01
5.911040451355125924e+01
5.912868474176600841e+01
6.073477547048431546e+01
6.061432464714967949e+01
6.024244317310772345e+01
6.029221421848176021e+01
6.055194109075745246e+01
6.102061369597627305e+01
6.097479519403841408e+01
6.058227872623916710e+01
5.361539246945623916e+01
6.047827235228892562e+01
6.245781170743399002e+01
6.072367122087588598e+01
6.002570936603506624e+01
5.844732791564863561e+01
5.812178632287593416e+01
5.812217038617647802e+01
5.761976890722853994e+01
5.736726719315470291e+01
5.802403513095595855e+01
5.847582480991530218e+01
5.794597807403015111e+01
5.825357065525233935e+01
5.897630260152264725e+01
5.903270947482518238e+01
5.944509627922062123e+01
5.965438650634929729e+01
5.948394856161090871e+01
5.954705415999096374e+01
6.022407091558755354e+01
5.657140321705425379e+01
6.124742890757022451e+01
5.664636429332778533e+01
5.524960283709695119e+01
5.502069241961978463e+01
5.462379583270211469e+01
5.639164625260033858e+01
5.647254410897981103e+01
5.597255230295753137e+01
5.692041145720508410e+01
5.697419629229831628e+01
5.586022312112798716e+01
5.662632612633147033e+01
5.693086518218042613e+01
5.628741102889657810e+01
5.712465765154292541e+01
5.760447545027394511e+01
5.791154199702354788e+01
5.765675041772169607e+01
5.742463975598432313e+01
5.784985775161426602e+01
4.874823305949981744e+01
4.633195559317398704e+01
5.381692692626459973e+01
5.154041417559668758e+01
5.424381930882325520e+01
5.433462998569892477e+01
5.315020402332221039e+01
5.519945285250690148e+01
5.498713152940004534e+01
5.424884146607197266e+01
5.364963678112938794e+01
5.414060972063848709e+01
5.495332772457140180e+01
5.509109326434106180e+01
5.452011064831185649e+01
5.557023461770600647e+01
5.529275260562990724e+01
5.502552787281490509e+01
5.560338190576385387e+01
5.597954532459137056e+01
5.561024677695412066e+01
5.525338747561939812e+01
5.842673167061474260e+01
5.981042914075581507e+01
5.995406477540348078e+01
6.168633014602283993e+01
6.011008504751157488e+01
6.018885039910938417e+01
5.924761746949202745e+01
5.916832816716789267e+01
5.853027313993545278e+01
5.765692024189866061e+01
5.807454432818727952e+01
5.796556437663311101e+01
5.819893574243813106e+01
5.729740508162814905e+01
5.686816847479506265e+01
5.677222494433316768e+01
5.623539289718317491e+01
5.600846064075881259e+01
5.627308881499562432e+01
5.653584919672133680e+01
6.489139749403369706e+01
5.255959090760088515e+01
5.193838114988403021e+01
5.077270442486255320e+01
5.097925516860986050e+01
5.138362991896248388e+01
5.123214517751799946e+01
5.296059037904068845e+01
5.381403448102441445e+01
5.533129860265243138e+01
5.590635909420004879e+01
5.614491538103964530e+01
5.522113204447332890e+01
5.517606757690653296e+01
5.562265831515120595e+01
5.618160396088886444e+01
5.593943385138055646e+01
5.609601108299895600e+01
5.614100364503887874e+01
5.599145450706045324e+01
5.625022206865261154e+01
6.775285338568615146e+01
6.053373779683263933e+01
5.890262964692698944e+01
5.938998543662246732e+01
6.129952208724884599e+01
6.093829898211645002e+01
5.912439920815632632e+01
5.773057999988249378e+01
5.878202455911016955e+01
5.707573765524640663e+01
5.784089304234128548e+01
5.667007566071661984e+01
5.643527701064414970e+01
5.669977920154364170e+01
5.624757664531369983e+01
5.647633039184660930e+01
5.633597382502880890e+01
5.618199914353434110e+01
5.613550861291355432e+01
5.623806282885906427e+01
5.617481918085974257e+01
5.588292934424750769e+01
5.262250401322328486e+01
6.024571950039969437e+01
6.222538398884888977e+01
5.934907939940005406e+01
5.830466358603035104e+01
5.709538616776532649e+01
5.606242239031619334e+01
5.522645765362576498e+01
5.398859570845249323e+01
5.492770524011918098e+01
5.550246461828692901e+01
5.500749148676373323e+01
5.515955552839305653e+01
5.504626787083748241e+01
5.414534623042700190e+01
5.415815569708595234e+01
5.458649962081759810e+01
5.466251269505674770e+01
5.465560414493469921e+01
5.434964420665728824e+01
