7.224520931828863013e+02
7.200688273639899535e+02
7.179008535305497389e+02
7.162611787457593664e+02
7.144945461178843971e+02
7.117898561639030959e+02
7.092368929793524330e+02
7.065784338886076057e+02
7.032540921771956164e+02
7.000883106311650863e+02
6.966687046036947777e+02
6.932440281063697967e+02
6.886938249345704435e+02
6.844110279814306068e+02
6.793162851527168868e+02
6.728998445856311719e+02
6.679175476223006171e+02
6.620992585124784000e+02
6.567370457613905046e+02
6.519464404426830697e+02
6.497281670831291649e+02
5.850085153149261714e+02
5.586991104370579251e+02
5.635309175299013305e+02
5.665846009013400817e+02
5.639631497248002461e+02
5.669544667691372979e+02
5.648729423513884740e+02
5.632319364133123827e+02
5.619816639964871001e+02
5.624847187293974002e+02
5.606938671189742536e+02
5.594092772318973630e+02
5.591008362991673266e+02
5.599668532397195122e+02
5.595559472960876519e+02
5.591716330842526759e+02
5.590696627057586738e+02
5.590817005469303922e+02
5.580765401623361868e+02
5.566476246054659214e+02
5.555116402535702491e+02
5.484430109840702698e+02
5.407179635343545669e+02
5.536109935812953609e+02
5.421786081676106051e+02
5.438760486785906778e+02
5.423236378357107697e+02
5.394321495073746746e+02
5.405396378478167208e+02
5.377084717806441176e+02
5.372412621573462275e+02
5.339203101611443572e+02
5.326653709392005567e+02
5.326317261626528534e+02
5.320570580198331072e+02
5.320582863806810110e+02
5.309958566405268812e+02
5.303667254164697624e+02
5.277956000908740180e+02
5.252135194085553849e+02
5.242996760494979753e+02
5.224658281536222830e+02
4.766860418327421485e+02
4.677708982827507498e+02
4.729502995855791596e+02
4.659798924315538784e+02
4.723196181290585400e+02
4.696185155997519018e+02
4.679020653319315670e+02
4.653301062365363805e+02
4.655751623262081580e+02
4.642192766376271038e+02
4.624213335976796770e+02
4.603570776929134354e+02
4.579856593434849970e+02
4.542455792892733371e+02
4.516158994663455246e+02
4.492184879870085297e+02
4.463830543110656208e+02
4.424185445447644156e+02
4.402170888946993159e+02
4.355323851978686207e+02
4.315789246477300480e+02
3.294985046589553122e+02
3.370774565791433588e+02
3.296230088004305117e+02
3.293792142722795688e+02
3.314830819112136169e+02
3.244570433336393194e+02
3.204148583465499200e+02
3.172844642670085591e+02
3.138588069690399607e+02
3.120277760757365968e+02
3.071414254569884292e+02
3.022233610067680729e+02
3.011609167175875541e+02
3.002168580826345874e+02
2.974633602391585327e+02
2.941242437341372806e+02
2.902113515604502254e+02
2.876621861506918663e+02
2.844776051020680825e+02
2.813580653385705546e+02
2.785050032975644854e+02
2.120639712390431555e+02
2.379653693576274236e+02
2.338146187316861813e+02
2.373270890844346184e+02
2.460192911463878715e+02
2.390502662952738433e+02
2.326214707184999213e+02
2.259400038819452448e+02
2.296551053097123543e+02
2.252882797827350032e+02
2.233990396787232839e+02
2.216008008588572693e+02
2.235183643364805732e+02
2.211607247785921118e+02
2.209498590784843657e+02
2.188009624405113982e+02
2.171099240155806740e+02
2.151151378571175883e+02
2.142033339442556610e+02
2.125647562222481213e+02
2.115069806595417106e+02
1.887461613230441344e+02
1.854575133714595268e+02
1.845713395512698582e+02
1.752027868277108666e+02
1.742396499492573980e+02
1.711159950600323612e+02
1.718809510791261630e+02
1.733391242654379027e+02
1.810402324550899777e+02
1.815697732001228815e+02
1.844458668825083407e+02
1.824101550840530876e+02
1.912542841033003356e+02
1.898107228665835464e+02
1.902479344492248572e+02
1.896112960716988596e+02
1.889523744223093047e+02
1.931013197950043434e+02
1.914209372704213195e+02
1.921676582476982844e+02
1.921912146051585353e+02
1.951440150643773563e+02
1.775286165870207924e+02
1.667626154397432288e+02
1.717678660441763725e+02
1.862644908191816171e+02
1.861417120152566440e+02
1.861975935985545618e+02
1.882624362003604688e+02
1.858128116405347043e+02
1.840035042836192360e+02
1.828278577623064223e+02
1.857080210203581316e+02
1.837957246858365465e+02
1.822046125259362270e+02
1.809407497923317862e+02
1.802709349250638695e+02
1.784266307740545585e+02
1.777219720286819609e+02
1.769726613997701463e+02
1.777782643027542235e+02
1.767224592942057484e+02
1.613693588074412162e+02
1.725907702315142842e+02
1.761347248334867288e+02
1.735829047478569578e+02
1.639236365681360610e+02
1.604501726682056244e+02
1.627334810471038224e+02
1.582262244652391132e+02
1.573025358201061294e+02
1.571204746054900454e+02
1.586281027406224950e+02
1.559675264269196475e+02
1.557574046418920375e+02
1.551384286485520079e+02
1.550298733060399456e+02
1.550143269396680807e+02
1.550280916764025676e+02
1.537922754310005189e+02
1.530030254916539718e+02
1.526940619338104170e+02
1.526425504688429555e+02
1.765019326992498350e+02
1.613463400245260857e+02
1.498731895264542402e+02
1.504654239320616682e+02
1.457226506741714900e+02
1.461196673390741125e+02
1.420756708193686109e+02
1.433994119497099575e+02
1.462722985904103723e+02
1.445940663632825078e+02
1.442259777856363314e+02
1.440995134642489290e+02
1.504363015376058001e+02
1.501706379672117748e+02
1.508202116007169877e+02
1.514012867890538701e+02
1.501069039665843832e+02
1.517947263335812522e+02
1.513548983474423153e+02
1.505878801040396127e+02
1.501700206883619728e+02
1.236711798417371426e+02
1.307731742447027443e+02
1.385733797790189215e+02
1.415717003978998321e+02
1.392776952487319875e+02
1.371810185653907581e+02
1.371180360437721504e+02
1.341894307687603600e+02
1.388457839796593021e+02
1.366548862553697745e+02
1.351290283551492735e+02
1.347212758018614807e+02
1.344385697479565636e+02
1.338180797600634264e+02
1.325033023071796663e+02
1.320871508255119977e+02
1.334836137965348541e+02
1.336987704432067972e+02
1.347655600210680973e+02
1.345671378791541315e+02
1.330337047347974249e+02
1.194006736953956533e+02
1.328820914505455448e+02
1.379287317670878963e+02
1.335783132323550433e+02
1.360960499326642719e+02
1.309927918510040286e+02
1.284123900998103807e+02
1.310520340628370377e+02
1.304760560327865733e+02
1.312371454786325842e+02
1.309735318774833388e+02
1.297117654411586614e+02
1.282873700586089001e+02
1.285305275065312856e+02
1.322456099695027945e+02
1.313121623343460840e+02
1.323533736729332873e+02
1.318369222617178877e+02
1.307013590581275082e+02
1.289396649913584838e+02
1.305007535605657836e+02
1.002029026471292639e+02
1.205137292509783293e+02
1.334714708050810543e+02
1.357152050504310239e+02
1.414284755131807003e+02
1.348519795290881405e+02
1.333600489493591112e+02
1.300658035320161048e+02
1.279209446661206613e+02
1.293229935465628557e+02
1.279117096892895802e+02
1.275904211763955232e+02
1.251036376286830318e+02
1.232676160610839844e+02
1.218592640658598185e+02
1.242692760351743289e+02
1.242306380246301671e+02
1.236516703889812447e+02
1.233625862740817638e+02
1.225323623430582529e+02
1.218481139503609540e+02
