2.411004785825925296e+02
2.498694220186092423e+02
2.511211479312359245e+02
2.490361404648625125e+02
2.485232381714076553e+02
2.450109750666575223e+02
2.436160089848141581e+02
2.425145825854864370e+02
2.420601348240094808e+02
2.416429911862599624e+02
2.415440629381755571e+02
2.404628687344796845e+02
2.394592781612601584e+02
2.384196629606211388e+02
2.369449487781324137e+02
2.364563209231194207e+02
2.355422428244529556e+02
2.361132314170673681e+02
2.348602675160866227e+02
2.352726005697792004e+02
2.344868589912622951e+02
2.070607361542225249e+02
2.209041736698872853e+02
2.287484752181923113e+02
2.257197503770864841e+02
2.250693450225507206e+02
2.246125751170249032e+02
2.241320065045627530e+02
2.226898629198223034e+02
2.223512040563379628e+02
2.212861112900038734e+02
2.205190075240557803e+02
2.218347914317805021e+02
2.217688326996640171e+02
2.211120723517281590e+02
2.202361348381876098e+02
2.196469282957069993e+02
2.189618736150692655e+02
2.191256395319936132e+02
2.185478186026884657e+02
2.173697404287933068e+02
2.173570248212145088e+02
2.031484323885321430e+02
1.968919520679893935e+02
2.025464918464712127e+02
2.040447245099770157e+02
2.074458623677293474e+02
2.073110370960528428e+02
2.058600825612627716e+02
2.055871931151041281e+02
2.041841362392466976e+02
2.055888484131141070e+02
2.039208803357342674e+02
2.041446221077638938e+02
2.038899932899828684e+02
2.041704210965576181e+02
2.043557106762682452e+02
2.034950772069610423e+02
2.027123701573134440e+02
2.008841213861360018e+02
1.989793288405579119e+02
1.982833693601058371e+02
1.978305515573803746e+02
1.818444184364877856e+02
1.733782669123461631e+02
1.664739218879314251e+02
1.646513245611533023e+02
1.654605548250786455e+02
1.630235560504569889e+02
1.643524835099098595e+02
1.612692657004223520e+02
1.590580787914126972e+02
1.582237124564056217e+02
1.573717362335542020e+02
1.554938278679020414e+02
1.543949138131637824e+02
1.523019170579592867e+02
1.510243833817214067e+02
1.492875613492257969e+02
1.478039292069198325e+02
1.453968767809664655e+02
1.428449890254710226e+02
1.410264457406904626e+02
1.390835186264563959e+02
9.849919975131696503e+01
9.340138865104643173e+01
9.629150766327867927e+01
9.736228506782251202e+01
9.886095774085141841e+01
9.656567986458927066e+01
9.531708546619353228e+01
9.573798484075261683e+01
9.525621965209047914e+01
9.452697118752608674e+01
9.457016034560923856e+01
9.305084124234579690e+01
9.235209722163232016e+01
9.119421972392204623e+01
9.006536080576819359e+01
9.026316668860758341e+01
8.943604987831798780e+01
8.873436470677404486e+01
8.885031009482997888e+01
8.753786502041739936e+01
8.708003138122359132e+01
6.597180473356411312e+01
6.785908856457237448e+01
7.069816478038886487e+01
7.029575241351192005e+01
7.124828295926694466e+01
7.270499658516811792e+01
7.422825786351137367e+01
7.523862521529694902e+01
7.506577266486137034e+01
7.525999132451167384e+01
7.580685128941442485e+01
7.477825267044680402e+01
7.452528978234037993e+01
7.440490262470662230e+01
7.389255983487804258e+01
7.366508101042035150e+01
7.279579153011850678e+01
7.253038970249252770e+01
7.232904624605198762e+01
7.227742040022666004e+01
7.263879006624075885e+01
6.823655465844515788e+01
7.424398053696235422e+01
7.780969708360893833e+01
7.838225111916527510e+01
7.617273399815648816e+01
7.421942914631259214e+01
7.274611055125421899e+01
7.169052133711730335e+01
7.028666785550529994e+01
6.988919874137374677e+01
6.873018671795038870e+01
6.835588978591172804e+01
6.725771353511082395e+01
6.648280757472531377e+01
6.685075112808110021e+01
6.641050099113714111e+01
6.629598347522785673e+01
6.601351941962082037e+01
6.609257700222059384e+01
6.545067913982677510e+01
6.458914678878853977e+01
5.078144501159982838e+01
5.199494496977143143e+01
6.302420076392411374e+01
6.381266916061674976e+01
6.268866330941075660e+01
6.058970482644858890e+01
6.133112187417587791e+01
6.167770144414353695e+01
6.120910060934623687e+01
6.151700628294469908e+01
6.070194181579180537e+01
6.130779402321324056e+01
6.091327698968188997e+01
6.111080696239613985e+01
6.073328410376938535e+01
6.085514444164540038e+01
6.012741977846570052e+01
5.991093787385711522e+01
5.935741776115064994e+01
5.941738314034401469e+01
5.974624997622674272e+01
5.833725984089343797e+01
5.396344025840210890e+01
5.153426228375313656e+01
5.254473746467881767e+01
5.480713389720701656e+01
5.492590430206087859e+01
5.489666915606079556e+01
5.549190276273173339e+01
5.737227222224419165e+01
5.612637807831200121e+01
5.572157984698568356e+01
5.621018836321439949e+01
5.590525733507155337e+01
5.560452665771447300e+01
5.502634221377362422e+01
5.469873942022668700e+01
5.440825504571341042e+01
5.424957292462715941e+01
5.453919449173454126e+01
5.453659644812066176e+01
5.439102997802287831e+01
5.457102196112575854e+01
6.070644079963461337e+01
5.797102020651384890e+01
5.775698879875660197e+01
5.640897173185414459e+01
5.399192594106493459e+01
5.315300022112230494e+01
5.449251785748569432e+01
5.409431922360304412e+01
5.393752251825863908e+01
5.353672528765723371e+01
5.289348262747153484e+01
5.174088802222186700e+01
5.187681176497338242e+01
5.131876329795039027e+01
5.107144084790125760e+01
5.086588538950584848e+01
5.111390460607128716e+01
5.088070673218796003e+01
5.087616853420969676e+01
5.072549657023937897e+01
4.563944667545629841e+01
5.218032699191707735e+01
5.037267322729609020e+01
4.815358972814023986e+01
4.841391180465171828e+01
4.845889195028227903e+01
4.663494120938578646e+01
4.747718925160899772e+01
4.665370790911116217e+01
4.655820624694344900e+01
4.608643105241658589e+01
4.607748670500502897e+01
4.649935066219963176e+01
4.590815185479484484e+01
4.563712110973818881e+01
4.570944690358286522e+01
4.602085904153014440e+01
4.551533634628545144e+01
4.569653982825855820e+01
4.648803669616089707e+01
4.657281349886254418e+01
4.459499477247842236e+01
4.718107625531273897e+01
4.573981899907434467e+01
4.602191996447503186e+01
4.697225823132182398e+01
4.681410534647376664e+01
4.635304254106628008e+01
4.606403602286495413e+01
4.578166828438155989e+01
4.628496641114602994e+01
4.632219431626636208e+01
4.617835045975642316e+01
4.593196874330688217e+01
4.614199326301144310e+01
4.571633698416772518e+01
4.560605681979115644e+01
4.520199070690397036e+01
4.537462774476570360e+01
4.499860473371811054e+01
4.525092347323220565e+01
4.549507254982934512e+01
4.445080785635678211e+01
4.394291373620674079e+01
4.509633117312660744e+01
4.328495491124184014e+01
4.310105849026137292e+01
4.337175414302966203e+01
4.252796039045763621e+01
4.221156310343664586e+01
4.265184286323360396e+01
4.256818492169352908e+01
4.245765616655860697e+01
4.241525185864054492e+01
4.193086566972015561e+01
4.211950436918975527e+01
4.183659007433536914e+01
4.204604101826344476e+01
4.232972180447139010e+01
4.271427981576966459e+01
4.255095649724231066e+01
4.214563588543420991e+01
4.177384800140493581e+01
4.443505979896669089e+01
4.569005794139985710e+01
4.326998220279124752e+01
4.231527542954535193e+01
4.335643506531196323e+01
4.189725333284890496e+01
4.159983377564416429e+01
4.271656475299915456e+01
4.285669352176784486e+01
4.223635594274161775e+01
4.213593709745814664e+01
4.203779361445918283e+01
4.235476105735614993e+01
4.198506006884109354e+01
4.190364354601167918e+01
4.149411325919623295e+01
4.099906185314920748e+01
4.092780636665811755e+01
4.113689750479223761e+01
4.124556573104981538e+01
4.114458876799995579e+01
