1.723855382013104816e+02
1.709622969052767871e+02
1.695900221156724399e+02
1.682262661791443747e+02
1.668608375550238350e+02
1.653462865250903633e+02
1.638437209134691557e+02
1.621121405445745154e+02
1.603342124212833255e+02
1.583363694489358977e+02
1.562122577399217676e+02
1.538339446134030766e+02
1.515743532579126907e+02
1.487790457477089774e+02
1.459274394135285036e+02
1.429893270506297824e+02
1.399357632247348988e+02
1.375302013717655996e+02
1.348001628013972493e+02
1.326336701938844556e+02
1.306087465812597941e+02
9.083628728129318119e+01
9.112996892834121354e+01
9.204182612861406199e+01
9.021750127027878818e+01
9.122601174609734187e+01
9.067350513703038928e+01
9.098376007346031713e+01
8.962113606983483294e+01
9.010443612109644107e+01
9.027249851543544423e+01
8.985529515923417421e+01
8.976082339299649959e+01
8.996334081222732948e+01
9.012917543117346497e+01
9.034445266650892847e+01
9.022453489101617663e+01
9.002061750680216790e+01
9.027732405549588179e+01
8.999302152200367289e+01
8.967181430365189954e+01
8.967203765632091006e+01
8.374480890086246632e+01
8.335326575410992689e+01
8.771034584146480029e+01
8.783543478908511304e+01
8.707886043672868936e+01
8.760982607864880833e+01
8.773993702055192045e+01
8.742300775930797840e+01
8.759171794818550438e+01
8.707745544815092842e+01
8.698142131090939699e+01
8.699021156833225632e+01
8.661824035614210970e+01
8.670270175370700372e+01
8.676882301784860374e+01
8.667413936109710448e+01
8.623308032753605801e+01
8.612785825809497453e+01
8.578567494853962216e+01
8.552854463805552143e+01
8.500698133863073735e+01
7.794175173753593810e+01
8.083126952885524474e+01
8.309735695680524259e+01
8.119815799937558154e+01
7.998228981613044652e+01
7.918047848116063392e+01
7.934837654188726219e+01
7.917636702076207200e+01
7.892028242102807667e+01
7.953287768157561288e+01
7.928365216507916102e+01
7.921957397408563395e+01
7.884815359013508385e+01
7.849530691703105845e+01
7.847630303836609755e+01
7.826355568252358808e+01
7.788741584940889595e+01
7.784883637539856238e+01
7.779201429744414042e+01
7.779173439451200522e+01
7.771087492482654113e+01
7.889017488558626212e+01
7.510968742533833620e+01
7.528340038725482941e+01
7.449701035368580904e+01
7.360154486634071702e+01
7.278416861285778339e+01
7.192758271184796115e+01
7.079778802245252223e+01
7.059601133976745757e+01
6.980959715346604355e+01
6.953528457267836416e+01
6.898329693489009173e+01
6.895617000372097039e+01
6.849820660643597137e+01
6.786800310281645920e+01
6.767499762810047059e+01
6.716766131585480082e+01
6.668775887211189968e+01
6.635094072946449728e+01
6.569839516731879314e+01
6.527618512715800136e+01
4.940676310911312186e+01
5.196843029109398060e+01
5.118624505862035790e+01
5.293216943665490959e+01
5.362142257303789705e+01
5.360172492917856601e+01
5.329640872125229123e+01
5.272194835776393518e+01
5.266108402305282965e+01
5.241406559639641927e+01
5.218101945662724717e+01
5.151671782575268566e+01
5.127863502310683685e+01
5.100486118802330537e+01
5.076900656432432868e+01
5.047477118859391965e+01
5.018385984130544131e+01
4.966608072341745839e+01
4.937784726446400185e+01
4.907531196347269997e+01
4.876818297328458129e+01
4.412588231170586539e+01
3.942588143925502919e+01
4.051220500787304246e+01
4.000058862789384051e+01
3.977027646319888277e+01
3.928796928137936817e+01
3.877276767643409272e+01
3.904790272791204586e+01
3.901671173781455337e+01
3.863576360063952109e+01
3.812621928911215718e+01
3.762139619094535448e+01
3.726977252574268817e+01
3.731400916153964431e+01
3.704334740568496898e+01
3.702850923714004949e+01
3.664794730038514103e+01
3.619994247140408561e+01
3.608815974360327061e+01
3.570854290020546529e+01
3.536781670216903706e+01
2.977959408429278199e+01
2.894219058835349756e+01
2.793461621413892004e+01
2.863646311134063893e+01
2.930460715741999778e+01
2.986163380530041067e+01
3.006926106088342365e+01
2.973523230701333020e+01
2.942859373676404999e+01
2.967459219145858640e+01
2.965039319020032593e+01
2.913323230242455963e+01
2.925457324669516979e+01
2.896647590435819808e+01
2.868321400544846611e+01
2.898334154854764577e+01
2.871501793263069047e+01
2.855439221558943430e+01
2.834577202269650797e+01
2.828861809384832426e+01
2.824413268387505482e+01
2.419470105345448019e+01
2.500867836487108775e+01
2.553112110029120529e+01
2.557674496496790439e+01
2.575284732557370404e+01
2.666134440713199183e+01
2.699985607546429733e+01
2.661332975851571803e+01
2.609741176727824907e+01
2.576552180007853821e+01
2.542004913459845028e+01
2.496435798897930880e+01
2.460892826217818907e+01
2.425376809844033943e+01
2.423352322557497729e+01
2.418631102889615292e+01
2.410901394383415663e+01
2.391059610244787237e+01
2.394668303745187643e+01
2.377414157678307660e+01
2.393262588964065074e+01
2.376388925128021157e+01
2.028041022565732732e+01
2.171244054594788153e+01
2.148143383917660287e+01
2.209455191691916198e+01
2.279268383023891786e+01
2.277903391982266967e+01
2.204160397770777635e+01
2.190150199144010656e+01
2.197917919763541050e+01
2.169489099713014824e+01
2.210716939172636586e+01
2.209242389696323627e+01
2.196502608753185726e+01
2.192979482928197044e+01
2.196776212157247343e+01
2.179783685818796002e+01
2.179572275730716413e+01
2.175336083100389217e+01
2.162287813306003414e+01
2.171976788085299503e+01
2.586950413366283641e+01
2.047512504528443600e+01
2.119998104042253217e+01
2.134638533415569839e+01
2.087252687017184272e+01
2.073225371490256563e+01
2.096201027704035980e+01
2.050035723023151490e+01
2.046330107785813723e+01
2.024279891709500134e+01
2.028826150479153512e+01
2.029921069477126494e+01
2.002471589478622960e+01
2.048900459807315855e+01
2.019859973815457721e+01
2.009616949213481263e+01
1.998482226522828853e+01
1.975276775848665523e+01
1.973016504719836561e+01
1.981377438573626293e+01
1.964405190202165485e+01
2.036452799444332484e+01
2.062863329459888462e+01
1.995862169559557131e+01
1.941989206484758057e+01
1.938370785948166741e+01
1.913410033794694343e+01
1.925425293813515282e+01
1.948383698963897004e+01
1.946317670618900308e+01
1.933494441676816678e+01
1.919041956537988725e+01
1.890299626978852032e+01
1.879593921471479945e+01
1.885159294843413136e+01
1.892030554549089771e+01
1.878985408998341100e+01
1.887356451033380722e+01
1.884770928037987403e+01
1.865533772980325011e+01
1.870216966091449962e+01
1.853190015611936303e+01
1.655602552018034146e+01
1.601864924384528521e+01
1.666688415122817801e+01
1.706277972083529093e+01
1.687156760600103667e+01
1.697609794687875606e+01
1.685742949394217050e+01
1.702109257204443793e+01
1.733807999047098747e+01
1.688725643583629932e+01
1.720858551493795474e+01
1.748658462385559531e+01
1.735378624299119821e+01
1.725516785939599984e+01
1.720384320973700554e+01
1.722611204587573042e+01
1.729233507811283133e+01
1.718005229136828049e+01
1.714144205580858937e+01
1.730272736519258459e+01
1.733409705705992465e+01
1.562964921025127119e+01
1.611942184777195664e+01
1.560777122129455918e+01
1.631208694677878768e+01
1.700774022257252582e+01
1.678188728316348133e+01
1.649332528546023724e+01
1.699334458289712302e+01
1.692063720607182375e+01
1.703074327858633552e+01
1.713492596199302298e+01
1.707426070307678501e+01
1.737611645878368449e+01
1.695068543084415325e+01
1.686993857294630317e+01
1.676387891544363384e+01
1.652593045606707278e+01
1.651022480251575075e+01
1.663922754574068463e+01
1.666736317556700442e+01
1.659854828705708130e+01
1.269720611016055756e+01
1.566122346092603834e+01
1.522401440514130222e+01
1.592917092196748996e+01
1.548750471542213880e+01
1.495279763030513465e+01
1.553193635205443179e+01
1.582849985722664243e+01
1.594166553703134959e+01
1.622296276349660005e+01
1.593237103704858626e+01
1.586910610291775647e+01
1.559290777183632670e+01
1.544635897469281183e+01
1.567913885012020181e+01
1.578272258072354717e+01
1.576454855312240433e+01
1.565052005457673268e+01
1.561917159514413989e+01
1.561132269291278263e+01
1.552725255157584705e+01
1.054700296384832825e+01
1.426511547106072264e+01
1.473257373100504886e+01
1.537631562528983409e+01
1.540822354275830008e+01
1.565644361553771091e+01
1.525279746109723256e+01
1.547184859485994401e+01
1.510824309013371725e+01
1.518883778567702159e+01
1.505108770545712105e+01
1.506284943587793634e+01
1.499186861765821277e+01
1.526022711960988865e+01
1.507319678117508666e+01
1.507109235993064367e+01
1.509769667605794297e+01
1.521381176214570985e+01
1.534834056381608214e+01
1.526822075158710490e+01
1.521921544927157299e+01
1.521698064170925235e+01
1.220368387522212039e+01
1.354540065838017071e+01
1.412602167556996413e+01
1.416224474931809318e+01
1.415851701977780408e+01
1.394917336672064856e+01
1.454955988593383687e+01
1.452016332089077721e+01
1.450582359800821131e+01
1.436782232263059278e+01
1.428553800375942018e+01
1.433339188523234498e+01
1.433564586027823218e+01
1.431650790607380053e+01
1.447469872406927394e+01
1.466534516893199225e+01
1.482905548585255140e+01
1.475167781711868820e+01
1.468796865617475156e+01
1.470853241899807173e+01
1.352429902410570506e+01
1.746481610875967760e+01
1.729091252383335942e+01
1.706033678930008435e+01
1.624709094969731638e+01
1.538126328606460191e+01
1.610362728477370453e+01
1.618705751418734451e+01
1.568584761660639870e+01
1.531253782620174597e+01
1.492374579910702259e+01
1.465612927217270922e+01
1.471850655979921108e+01
1.491925397079406856e+01
1.473372155243684389e+01
1.461198934581790176e+01
1.447690186833764159e+01
1.435286457815399963e+01
1.431426792890749056e+01
1.458342799975049253e+01
1.461854651877562539e+01
1.440976436801758176e+01
1.582779531345401480e+01
1.556958837711401245e+01
1.429740269887743942e+01
1.401308281764511854e+01
1.408619997881309693e+01
1.406761073753032854e+01
1.379460905272505400e+01
1.363999670488855465e+01
1.370302746276448858e+01
1.366499733153255569e+01
1.376799349020915209e+01
1.383086023929419994e+01
1.400643440424274999e+01
1.409159921571002094e+01
1.388530526173440371e+01
1.391094325998141024e+01
1.402697038070851754e+01
1.404334379663482224e+01
1.394954258018036874e+01
1.394846375659973070e+01
9.459093138205586726e+00
1.395223794921622940e+01
1.426803029537730261e+01
1.441572804318887968e+01
1.469085491930403897e+01
1.451861017365136597e+01
1.404328998952626328e+01
1.406974228019168827e+01
1.404377080326652916e+01
1.416998036434112684e+01
1.428572465969693717e+01
1.436590246965292827e+01
1.429306528675617649e+01
1.411872510753800114e+01
1.422206671031286085e+01
1.423933816541741670e+01
1.435999526889135147e+01
1.413822366899128546e+01
1.413915776392668633e+01
1.400543082197158817e+01
1.386487150819681347e+01
1.289030681476510765e+01
1.283712481312053733e+01
1.391103401847210463e+01
1.365950538046174323e+01
1.419242941990727402e+01
1.415561908114869993e+01
1.367718676552856216e+01
1.377060076131504474e+01
1.397500477620023496e+01
1.394926342967804445e+01
1.395468112868629973e+01
1.375917940113454385e+01
1.358382701229202816e+01
1.356279582611943191e+01
1.356963891172902414e+01
1.355511268458023189e+01
1.352842643096765940e+01
1.371772406622786633e+01
1.380279459768345163e+01
1.376111785646467389e+01
1.371096082052342346e+01
1.535526587259247577e+01
1.509071817085642664e+01
1.391130234787501685e+01
1.412427718533227328e+01
1.379314298312842979e+01
1.395308043793326647e+01
1.423181012179457383e+01
1.383355573468431565e+01
1.379008493472709773e+01
1.345175315685421680e+01
1.347764485988140670e+01
1.353079897060207237e+01
1.341602225734776077e+01
1.333796737129289767e+01
1.340901503464871958e+01
1.340746307370014989e+01
1.329051400002348515e+01
1.335357547413517132e+01
1.335687324556539579e+01
1.333477198282020915e+01
1.330153757115741620e+01
1.100016539688315120e+01
1.422682603846789640e+01
1.377403576745313529e+01
1.399708299944308010e+01
1.406907074251546774e+01
1.411364331470762146e+01
1.390652396528762225e+01
1.350093682663246675e+01
1.372183459857107124e+01
1.353486121829832634e+01
1.357136085528881964e+01
1.330188520880905223e+01
1.326040144439182455e+01
1.304948350160581683e+01
1.296043444176214088e+01
1.302798099082338901e+01
1.288216805772151119e+01
1.282298728075200778e+01
1.301770763293271926e+01
1.308691128332339382e+01
1.308723569242005524e+01
1.855799616602653401e+01
1.319991662537224641e+01
1.321399849039776875e+01
1.258926338314751092e+01
1.237512363175046559e+01
1.221316694954675519e+01
1.261259046666847183e+01
1.317461306367624729e+01
1.314810273132799878e+01
1.320806639847983810e+01
1.351442931969599393e+01
1.359577070606596294e+01
1.390683116711373835e+01
1.385603575094062023e+01
1.366445221707294699e+01
1.356414834707214290e+01
1.342189115712128178e+01
1.325070447818417030e+01
1.330138642812875993e+01
1.314942121918428342e+01
1.309749707582531997e+01
7.994334471500106787e+00
1.180616651169688858e+01
1.150041691218322626e+01
1.210783191307887741e+01
1.257409429106049181e+01
1.256457181126219069e+01
1.262108179897714244e+01
1.272132872085114919e+01
1.296075629745894808e+01
1.275539213165733265e+01
1.264811186772987028e+01
1.281425327017431925e+01
1.267530522950356442e+01
1.299922087918962532e+01
1.297617975335259821e+01
1.300005622451925369e+01
1.289418807552871016e+01
1.302978012089794646e+01
1.298021519906862054e+01
1.292915084911784618e+01
1.290432434133646922e+01
1.473004428353533513e+01
1.291095758238504132e+01
1.200516104382282201e+01
1.194468931954078350e+01
1.233095756217549521e+01
1.305052415387653930e+01
1.271936433635769426e+01
1.257126292026604197e+01
1.249851185622742911e+01
1.240933443908691736e+01
1.258543924315979190e+01
1.253241156753258601e+01
1.250462886865695999e+01
1.258114841338400502e+01
1.260933365013840124e+01
1.260887167826562205e+01
1.259752849448170942e+01
1.283327630124550112e+01
1.274669150411702212e+01
1.287405646941496684e+01
1.276873954939322964e+01
8.909499718451876049e+00
1.248991767367974326e+01
1.266137920625270574e+01
1.238869614132606145e+01
1.211241570141995183e+01
1.236970271470174332e+01
1.218233057319862311e+01
1.211402681331881759e+01
1.222319437685829335e+01
1.220762919253657053e+01
1.216916405304762527e+01
1.210265040405969827e+01
1.213868687475404684e+01
1.231096777091053696e+01
1.269226908814535193e+01
1.268722020758979241e+01
1.286469424025996133e+01
1.288948685311893350e+01
1.273399098825973397e+01
1.274003429157508371e+01
1.274330168428502574e+01
1.172569638121104596e+01
1.198521347183753072e+01
1.244672893003803793e+01
1.222067362251818068e+01
1.218304351021878418e+01
1.288697152001417656e+01
1.251290080841999419e+01
1.271871247904485358e+01
1.277743415483646139e+01
1.301209676436423912e+01
1.298626791047874107e+01
1.275083533446104234e+01
1.268811479096167716e+01
1.257412116099647115e+01
1.256273473844306032e+01
1.245332016717123480e+01
1.239041446570970173e+01
1.256310206033373866e+01
1.246245644293016852e+01
1.254243210350368010e+01
1.262599694615021484e+01
