2.461374407792390855e+02
2.378772977315373396e+02
2.337148756175790538e+02
2.380712875643702375e+02
2.325330688217462694e+02
2.284722860708249357e+02
2.252392669456818908e+02
2.236643740068928139e+02
2.180793737112593362e+02
2.146746992219453318e+02
2.124579703710795400e+02
2.146413076411522809e+02
2.142846118796661017e+02
2.129572169331949567e+02
2.103512243909028996e+02
2.071209694285090563e+02
2.040098510289312799e+02
2.008949316999675716e+02
1.972136486644661204e+02
1.925608820488072865e+02
1.888193187717545243e+02
1.007881274121103559e+02
9.380385933959837530e+01
9.194696106930362589e+01
9.014416804505361824e+01
8.609813575297141597e+01
8.340741280745994857e+01
8.187883843411033524e+01
7.936943412354796124e+01
7.655038882615598084e+01
7.395300786679706562e+01
7.067651972788178227e+01
6.800169488464167955e+01
6.622587813812000945e+01
6.424389629343151853e+01
6.263129550838815618e+01
6.094902033923955997e+01
5.924449338304416557e+01
5.773071413054606182e+01
5.612012690140172566e+01
5.427512754169179487e+01
5.259603378853344680e+01
2.868994170855218329e+01
2.639346750276546061e+01
2.881501593986368803e+01
2.763440746961258654e+01
2.716192163714008601e+01
2.648127749861265201e+01
2.717860243530674325e+01
2.672503299442610469e+01
2.582460316399865619e+01
2.592998652442748053e+01
2.461215591579698625e+01
2.361498881142765072e+01
2.332344232835396625e+01
2.344002510387888449e+01
2.299447173445467385e+01
2.270077401293132624e+01
2.217854150580870609e+01
2.177803452659886574e+01
2.126026077740351639e+01
2.090682713118975755e+01
2.056100641047771660e+01
2.330963145571130113e+01
1.631627366494003795e+01
1.491597734463832481e+01
1.400764738181887203e+01
1.218628635345893585e+01
1.215403616588397817e+01
1.159304341855477283e+01
1.336492098180979582e+01
1.458649604778798903e+01
1.577622450087104866e+01
1.629765206002420186e+01
1.680797273433415739e+01
1.740150012533155177e+01
1.736180690066002796e+01
1.674844262829696362e+01
1.648863245986656167e+01
1.605416265739714987e+01
1.594004651346669021e+01
1.619703619353089508e+01
1.581100356572124888e+01
1.559138746857657587e+01
9.007500040672738351e+00
7.604251062848446097e+00
8.984777428286697898e+00
8.225460524359172965e+00
8.315636812425099222e+00
8.321770092968819199e+00
8.411608263396272989e+00
8.653225844497114849e+00
9.496401975384657135e+00
9.351755210421046627e+00
9.467142577695661032e+00
9.286804535207238587e+00
9.183028329107415288e+00
9.204554625807872981e+00
8.969627404620489131e+00
8.998336627136858112e+00
8.706050309866977699e+00
8.756597272990710223e+00
8.908663496665461423e+00
8.877099070512519674e+00
9.069431503860577948e+00
8.285751917413934464e+00
8.646861485535005443e+00
1.064692438760077664e+01
1.036816585010450886e+01
1.008208430641851017e+01
1.003218714011668844e+01
9.801118227133267524e+00
9.647234277445104311e+00
9.289009475552434836e+00
1.035927562170911820e+01
9.800354497250143737e+00
9.554378832318253245e+00
9.273747916313469730e+00
9.686498565397053895e+00
9.471743537566572613e+00
9.449800966423122617e+00
9.326664472884901969e+00
9.101757070447826337e+00
9.095615725737713930e+00
9.061728497791230907e+00
8.839857244043185958e+00
9.713679587150389594e+00
9.652931669868575426e+00
9.829800305330692822e+00
9.703595759511452812e+00
9.758368398388935105e+00
8.748197753360699380e+00
9.246410237140253230e+00
9.368032142164336662e+00
9.751125414837195748e+00
9.366555678971158372e+00
9.380019960966547998e+00
9.045382079982243084e+00
8.796395033597082858e+00
8.507654295722153037e+00
8.379487473835771638e+00
7.982349716958123231e+00
8.331208881392502263e+00
8.078189415773683990e+00
8.125199310377192674e+00
7.937332150127388353e+00
8.037384999701243871e+00
7.151928458700088420e+00
5.032964153126895823e+00
4.984776572074315126e+00
4.535035287929927605e+00
4.548713972849720122e+00
4.598829538101202985e+00
5.217603571979324784e+00
4.834407603182756752e+00
4.742630852763014992e+00
4.442364362016591350e+00
4.362474842619246118e+00
4.129452344134612929e+00
4.070201775811649547e+00
3.955822136677480838e+00
4.259045845847556855e+00
4.166326209477401399e+00
4.205578459983585482e+00
4.388701244048747618e+00
4.248920378670018039e+00
4.204375160236222264e+00
4.115707766956274938e+00
5.605044541724728546e+00
5.645037162747212456e+00
5.872093074577445115e+00
6.273284571825392675e+00
6.813954434350171674e+00
6.052748817860238439e+00
5.446266010618329823e+00
5.225728540670205646e+00
4.719341444363944760e+00
4.590328636017562580e+00
4.716338164282019463e+00
5.321346647822526421e+00
5.510525088978900143e+00
5.350681204942134173e+00
5.510446847227022715e+00
5.744280136765926414e+00
5.845128788767799399e+00
5.738297385109899729e+00
5.646158217745027130e+00
5.542159471706553653e+00
5.649973298992671644e+00
3.545334451817350629e+00
2.763749270512490863e+00
3.213991261739985283e+00
3.088980711389491152e+00
2.705806077089452977e+00
3.389098937674338341e+00
3.507191662506345953e+00
3.608752225466714592e+00
3.581518729683571767e+00
3.636618933280428401e+00
3.459453649644641526e+00
3.536155372320349155e+00
3.552172219752341764e+00
3.424756804554693002e+00
3.482170103941679695e+00
3.751557409486892869e+00
3.895691592399612713e+00
3.897503396425900934e+00
3.874148817489369456e+00
3.923249942985063132e+00
3.901160898715299030e+00
