9.969151937038060396e+02
9.922592436589841327e+02
9.878223594106543715e+02
9.830553714280271151e+02
9.780766742817370414e+02
9.732057176147536666e+02
9.678581378325125115e+02
9.619133161053077856e+02
9.556668850082439803e+02
9.493224411086183636e+02
9.417121906751940514e+02
9.331107637883865209e+02
9.241520193996873331e+02
9.139340569058731489e+02
9.030857841730426117e+02
8.898464122532221836e+02
8.771762900412552426e+02
8.633947192750952127e+02
8.513619503246507065e+02
8.395145715011650509e+02
8.290169540824368823e+02
5.730438834949954980e+02
6.371799387881884513e+02
6.368316824714011091e+02
6.322179590231338580e+02
6.274241480119504786e+02
6.228622365448189839e+02
6.216337676540812254e+02
6.211469445098583719e+02
6.181587643793779989e+02
6.173576603498004260e+02
6.169058331932189958e+02
6.161269087105577000e+02
6.143996556498943846e+02
6.151385872727744299e+02
6.138767012379357766e+02
6.146332888231833067e+02
6.136609303806666276e+02
6.136879042025764193e+02
6.145094191009212636e+02
6.142111972502118533e+02
6.136955441318973499e+02
6.140997849863858846e+02
5.858565992056851428e+02
5.940570952225876908e+02
5.899341179213349733e+02
5.931183813857323912e+02
5.957848166275882704e+02
5.957949377113460514e+02
5.946899052516694155e+02
5.950080162959346808e+02
5.944033015327653402e+02
5.931708830063183768e+02
5.899270854263661477e+02
5.898435549679812766e+02
5.894076397619483032e+02
5.891403023691948420e+02
5.878225515879260001e+02
5.880896174042659368e+02
5.881463668863664225e+02
5.872824460971942244e+02
5.868853782605614242e+02
5.842081504406002068e+02
5.738054778563420086e+02
5.709617603001596535e+02
5.629215438533203724e+02
5.653040469841495224e+02
5.599497574365257151e+02
5.562730644536906084e+02
5.543096494344714529e+02
5.522168596742747013e+02
5.477177493865948463e+02
5.448974188285121727e+02
5.445873278148095551e+02
5.439427317086627909e+02
5.403888191341578704e+02
5.403195951733699758e+02
5.396595921537299319e+02
5.394753861860974666e+02
5.372872783815691946e+02
5.362933224794450098e+02
5.345445161375923817e+02
5.343080185474233303e+02
5.327689472477413801e+02
4.955820289071450020e+02
4.746480212875180769e+02
4.692013749417830013e+02
4.782218976154941856e+02
4.770915272435001384e+02
4.727171546406063385e+02
4.698423596909590856e+02
4.691262800904746655e+02
4.662400048836443602e+02
4.626392651189626690e+02
4.578418264391445405e+02
4.561225175610506426e+02
4.529727386878903417e+02
4.496702588276373262e+02
4.460949450029816603e+02
4.425205819354912364e+02
4.385647298472106286e+02
4.359070017411242475e+02
4.320551866442477831e+02
4.289087367982563137e+02
4.259804267613633328e+02
3.612716543074795368e+02
3.307476089721037624e+02
3.257278940804753233e+02
3.323620019189976915e+02
3.298358305197859295e+02
3.317743870941239379e+02
3.309260232075499175e+02
3.256607240147458810e+02
3.254299194950297078e+02
3.199344713342625823e+02
3.157208924480108294e+02
3.140199296605023846e+02
3.105024501385415192e+02
3.080121733880301917e+02
3.070977946738860851e+02
3.050110331693770718e+02
3.023838518661112289e+02
3.035038192146603251e+02
3.024225355522297036e+02
3.004698163553582617e+02
2.981675257713413316e+02
2.322713124214380969e+02
2.442761506055514360e+02
2.379879688413480778e+02
2.314665673033977384e+02
2.347350875381479796e+02
2.338630164334996380e+02
2.327156741756047609e+02
2.349949016924662715e+02
2.334629687922718233e+02
2.340188803943081837e+02
2.345770077789116783e+02
2.334700502638577575e+02
2.296456938867504505e+02
2.280497557477735597e+02
2.322527786845608944e+02
2.334060300102563588e+02
2.343056615626247208e+02
2.330785475647797966e+02
2.349336066932989979e+02
2.359439778655800808e+02
2.348396337214314542e+02
2.116607815198430558e+02
2.231087784123619429e+02
2.215679667458302902e+02
2.286022398586333111e+02
2.184141444976178263e+02
2.183618056640666794e+02
2.142420067222356579e+02
2.120835319558096330e+02
2.087596865503916490e+02
2.093566278587171325e+02
2.090332144173647180e+02
2.069545267281484371e+02
2.072145184239643925e+02
2.040287735828283360e+02
2.031347870738706831e+02
2.010984043478998160e+02
1.991117166404144143e+02
1.983739505292601280e+02
2.056916638929146472e+02
2.066551981318177127e+02
2.093813029451068530e+02
1.688527512450047539e+02
1.827707008615101358e+02
2.184926046690564476e+02
2.109941313696304803e+02
1.999216644820602085e+02
1.967684424941096211e+02
1.971251796775680134e+02
1.965722550063146628e+02
1.932736052231977908e+02
1.917492805694806179e+02
1.894757504241726735e+02
1.889614803489690757e+02
1.889439564048988700e+02
1.897251597667404326e+02
1.901729755852416304e+02
1.897581735558914602e+02
1.907120810408383136e+02
1.921289568996147068e+02
1.907710094093181397e+02
1.898420658229755418e+02
1.908976178050433816e+02
2.098829072239946072e+02
1.813580123842099283e+02
1.793709261224119587e+02
1.761917083519983009e+02
1.843405217740684350e+02
1.778325579989733569e+02
1.766795175521676526e+02
1.817293728652332732e+02
1.794786819774615765e+02
1.780789816432920531e+02
1.782691521149760661e+02
1.776695286648266858e+02
1.762381746678358354e+02
1.767334293049363509e+02
1.753480669537432561e+02
1.743721454824397199e+02
1.763978458997684129e+02
1.758263506430510574e+02
1.744870076253346838e+02
1.760982314266495905e+02
1.762019237520570130e+02
1.646892212051029389e+02
1.569724172731940541e+02
1.616864968988378166e+02
1.615724085161964467e+02
1.608423233959717038e+02
1.612025177931209043e+02
1.738547487637992504e+02
1.763798509296442774e+02
1.757376334513408835e+02
1.772721410858138142e+02
1.741721222290919968e+02
1.743049706657125171e+02
1.717355105122441330e+02
1.687322413152918443e+02
1.693611958396856778e+02
1.679974739843542011e+02
1.668846215545484029e+02
1.674657130713576692e+02
1.669419802559164907e+02
1.661477026202564673e+02
1.659524424078899187e+02
1.385568254089337472e+02
1.596464223244691993e+02
1.564676412654367255e+02
1.594804427194415268e+02
1.566056544885660458e+02
1.514958902933029776e+02
1.532222204622261188e+02
1.496254700274916729e+02
1.458863858754835690e+02
1.462624299614283530e+02
1.472733452343760518e+02
1.471776556229292225e+02
1.471739214636316433e+02
1.473283631380595864e+02
1.515059283246967823e+02
1.509188019497471203e+02
1.503248681846278600e+02
1.512505196172793660e+02
1.514778900801185841e+02
1.532699106053260891e+02
1.557887175061303253e+02
1.524009325409280962e+02
1.532086605448452872e+02
1.857682173088280422e+02
1.775774877529335924e+02
1.655799863327879677e+02
1.614545233209119885e+02
1.591237917833510664e+02
1.575716096485441824e+02
1.582194820271987226e+02
1.595976140169171629e+02
1.606264618455421385e+02
1.588807260834655892e+02
1.572459608508458189e+02
1.549727483229740415e+02
1.545816383425243714e+02
1.536135807990532669e+02
1.545348995668836380e+02
1.529194257618727306e+02
1.529034859736139538e+02
1.526403840136568988e+02
1.517910331261511772e+02
1.456334288865842836e+02
1.359941812043656455e+02
1.371700445146726111e+02
1.400115709015185246e+02
1.406158765103774329e+02
1.387962004144496575e+02
1.388253211994650655e+02
1.385773202775027642e+02
1.375273447109001097e+02
1.372683696730078111e+02
1.371523750407323519e+02
1.381281681007528164e+02
1.374159565103601608e+02
1.404117852486764377e+02
1.404886161679871748e+02
1.410117858022584016e+02
1.434316368571639941e+02
1.435832838468571993e+02
1.429321522016948620e+02
1.416919852318012261e+02
1.424639763021817487e+02
