7.189585339911898245e+02
1.778811214523704257e+04
1.091433147608987383e+04
7.993518467917360795e+03
6.372764175874806824e+03
5.342926723948121435e+03
4.628831127471526997e+03
4.104653518532899398e+03
3.702572457579956790e+03
3.382580418498394465e+03
3.118572398092162530e+03
2.899192775281654576e+03
2.715681684438334742e+03
2.557566400406210050e+03
2.420458047567731228e+03
2.300812449295397073e+03
2.195176855578144568e+03
2.103481886422721345e+03
2.020522431588680320e+03
1.946129802778160638e+03
1.878510066473058032e+03
5.754308191953498408e+02
5.663450120771418597e+02
5.556392172833736822e+02
5.571364592453927571e+02
5.562357264863353521e+02
5.569934434511328618e+02
5.525422026919495693e+02
5.500226775168962376e+02
5.484882167439640170e+02
5.448803252643247106e+02
5.393987295167381717e+02
5.369487623723673551e+02
5.338949113873184160e+02
5.318408652643951200e+02
5.282854550024828768e+02
5.236459231971069812e+02
5.177627877614245335e+02
5.141311471014258814e+02
5.123439330521616739e+02
5.083313795643537674e+02
5.024820325010419992e+02
3.609295701581788762e+02
3.382499967740359921e+02
3.683858557389528983e+02
3.912273333574361800e+02
3.903848025667692241e+02
3.790094653340818809e+02
3.675304282052474605e+02
3.614035142203172200e+02
3.544613712500701581e+02
3.488899092886398989e+02
3.537935516919935139e+02
3.663446500212122032e+02
3.746196832889403936e+02
3.714904295492477218e+02
3.721399528898670042e+02
3.683274011688423570e+02
3.655352224058559045e+02
3.608907912519339334e+02
3.551920133307195329e+02
3.516062251993735117e+02
3.473888270986950602e+02
2.788422253960641228e+02
2.257183805901289873e+02
2.182699183859702714e+02
2.072804217457070024e+02
2.157133031476115832e+02
2.130633218992747970e+02
2.077524504075117591e+02
2.054676423928450504e+02
2.065830527449163299e+02
2.006175708192895968e+02
1.984174664054856976e+02
2.001090465428005984e+02
1.986606948952099287e+02
1.964998996034676111e+02
1.928098608362784603e+02
1.915868210900376312e+02
1.919970936336158616e+02
1.897326064267820698e+02
1.882543226756272929e+02
1.869205809385788086e+02
1.857543263325214298e+02
1.521547591569567430e+02
1.394448087592889465e+02
1.349576238754772817e+02
1.313916730151055106e+02
1.331395298561498066e+02
1.294179316352937406e+02
1.260500674313314846e+02
1.294001266345542263e+02
1.363198471049975637e+02
1.370502010471155359e+02
1.351937336284108540e+02
1.354575370953564573e+02
1.354365292612542930e+02
1.329271971616785493e+02
1.313184715294720206e+02
1.305363357510538265e+02
1.281470621806726058e+02
1.301052634992090020e+02
1.326706387768496143e+02
1.323979184542329790e+02
1.318302076970278449e+02
1.632986667217594459e+02
1.496731060354886154e+02
1.314959400671708920e+02
1.214379449135260671e+02
1.250035565725135456e+02
1.244668045312673854e+02
1.231028998132152310e+02
1.197016228627992120e+02
1.166250837067143067e+02
1.113861324217615021e+02
1.089209909302179682e+02
1.059240861889383609e+02
1.041181850694413527e+02
1.038497681658331118e+02
1.088528056447921699e+02
1.203819692527166580e+02
1.218362791935779370e+02
1.248148700431749489e+02
1.270410796175168713e+02
1.288623305301726987e+02
1.313495351825454520e+02
1.373273451423098663e+02
1.239562868389076300e+02
1.444112649020696892e+02
1.339155949002190482e+02
1.303183164025790859e+02
1.199884392674480438e+02
1.223415691559027607e+02
1.191086189843047123e+02
1.174294466515993491e+02
1.133043788666526694e+02
1.131875336447464377e+02
1.108860254361289606e+02
1.081508294033608450e+02
1.050332479432650388e+02
1.030515268058948095e+02
1.007563675182275347e+02
9.945618343282829699e+01
1.012736972688415165e+02
1.027197530612375971e+02
1.029818304421115869e+02
1.037000122070852939e+02
7.495503591013624600e+01
9.696281978292658721e+01
9.816405717273573828e+01
8.892539484178547582e+01
8.559760940235739213e+01
7.966724688598569060e+01
7.952516909806571732e+01
8.116791437205489501e+01
8.005789940901033219e+01
7.629920981855062223e+01
7.428257282950906415e+01
7.201970981320195619e+01
7.340681381774993497e+01
7.340661221206337927e+01
7.276195402958950353e+01
7.170879834951011844e+01
7.209370477950287182e+01
7.111848134986445302e+01
7.209301840187181654e+01
7.395759667333456377e+01
7.634803397858846097e+01
8.369200984796289333e+01
9.651499454800072897e+01
8.930895626575251356e+01
9.719633153917229151e+01
9.141430947585523370e+01
8.925813867170262483e+01
8.543090579539143903e+01
8.389258651714534665e+01
8.037659871524635946e+01
7.776606522150026990e+01
7.547471619331277282e+01
7.651673214820510793e+01
7.842107435741972665e+01
7.704784877685996491e+01
7.488127054671345206e+01
7.299719969098751449e+01
7.323200810807118444e+01
7.252979500641394850e+01
7.085025225242571878e+01
7.168723421307953458e+01
7.121547450103420829e+01
5.927643318079479684e+01
5.614497018923115945e+01
6.090351058815720364e+01
5.778440599558236102e+01
5.770774279849105426e+01
5.604520154825712552e+01
5.279168534593971884e+01
5.315194299828320368e+01
5.209273717226362521e+01
5.140500308787698458e+01
5.526864796251390288e+01
5.720441722439161936e+01
5.645986207912854837e+01
6.275166484676596212e+01
7.226972504604695757e+01
7.366441217605272129e+01
1.034708218557535417e+02
1.302116211332953810e+02
1.540620866314937700e+02
1.751316118597330274e+02
1.957899288417103492e+02
