1.723972626006857922e+02
1.709828384091139810e+02
1.696991528344036908e+02
1.683349800849588860e+02
1.669211317001060024e+02
1.653772630976712605e+02
1.637550354402335984e+02
1.620548488130578733e+02
1.602920212243143965e+02
1.582582541945064349e+02
1.560910505444954595e+02
1.536651753665759088e+02
1.511532273835438502e+02
1.487162945459091645e+02
1.459678027842953156e+02
1.431220701823856700e+02
1.401399227075548026e+02
1.373185346447865243e+02
1.350033602160062003e+02
1.328179633673255751e+02
1.309955201726358780e+02
9.166397813543309780e+01
9.125669130038517096e+01
9.251632492111109229e+01
9.070643507037583220e+01
8.954674881477514248e+01
8.923594551392059770e+01
8.971636246156663219e+01
9.105082944621371155e+01
9.117749792004686071e+01
9.133158481493400416e+01
9.169208699955636632e+01
9.120141815036060962e+01
9.077483228287394468e+01
9.041133532240631610e+01
9.046577973303737963e+01
8.998347480233969975e+01
9.028863139599118881e+01
8.994282443896729262e+01
8.981333630507157295e+01
8.978221704878514231e+01
8.943667837581489266e+01
7.889740804507664507e+01
8.189227810412877773e+01
8.262766408559076581e+01
8.384961490968881037e+01
8.479648512007106831e+01
8.600067619055030832e+01
8.610915530708432186e+01
8.546927338806860064e+01
8.582594723826920813e+01
8.559277126778005140e+01
8.507663965224253388e+01
8.502691592285968625e+01
8.494287355344772550e+01
8.507725424951847515e+01
8.490277265309366328e+01
8.508618920558188847e+01
8.466680447238127272e+01
8.421666008471279952e+01
8.375626371735842213e+01
8.385482827601289557e+01
8.384803269672798365e+01
7.903738124050329361e+01
7.696578753275124996e+01
7.839904787374911166e+01
7.683650490447186598e+01
7.597018955445354038e+01
7.579746494390299461e+01
7.692731079288505214e+01
7.713927896758538338e+01
7.613643749592785070e+01
7.635578650238457499e+01
7.637813383729978511e+01
7.595055724540172548e+01
7.576785963054193473e+01
7.531230005957337426e+01
7.498332254683856490e+01
7.442538027125119982e+01
7.436661933200139174e+01
7.378033438826581403e+01
7.345232172411093075e+01
7.286777119689818960e+01
7.215655045909183229e+01
6.576557851921384668e+01
5.870262499173059467e+01
5.958728459541828215e+01
5.891908459238862150e+01
5.817117209991901206e+01
5.770189647999765725e+01
5.783464973753572735e+01
5.768851381329971417e+01
5.738212395516119813e+01
5.676239565376923935e+01
5.597298474309177863e+01
5.534529677105487622e+01
5.455084306985978060e+01
5.404200250637477154e+01
5.334781743081386196e+01
5.292699441127303572e+01
5.227226388754154840e+01
5.156872790515973293e+01
5.085510588130640031e+01
5.032822020126504015e+01
4.975937488454760427e+01
4.209834723408019386e+01
3.784777673733497494e+01
3.664258496530345610e+01
3.602308979644143960e+01
3.566154711090502616e+01
3.535758958766800930e+01
3.475978935154598304e+01
3.402749455933567901e+01
3.365220997800076930e+01
3.341772723823154223e+01
3.338975044398164727e+01
3.269438895469297535e+01
3.246761374075620665e+01
3.217786916840757527e+01
3.157700768821260340e+01
3.115272450202896337e+01
3.073063267733808246e+01
3.032145733109640773e+01
2.988833955285659627e+01
2.965384127307997986e+01
2.931498552214121034e+01
2.708925390859912596e+01
2.265566622210868175e+01
2.260414458322534870e+01
2.207157118983396771e+01
2.152891579652194309e+01
2.175876598101361736e+01
2.176639432581381683e+01
2.177257820171882230e+01
2.170912902703625136e+01
2.151433204183998882e+01
2.130986857714269078e+01
2.120472716792654211e+01
2.126226506702345276e+01
2.102747514756284630e+01
2.091639384973721860e+01
2.064532071995341411e+01
2.057889814661997008e+01
2.063375214681692427e+01
2.066276229676516962e+01
2.056022746376318722e+01
2.035773192688289868e+01
1.747071622448996564e+01
1.730805119283429860e+01
1.574600464399001787e+01
1.648027769427102029e+01
1.744477488950510136e+01
1.802946918646141583e+01
1.771059166294411469e+01
1.752656750302116251e+01
1.745841340573956657e+01
1.721913849116526052e+01
1.698376027972880919e+01
1.733160294098693655e+01
1.727448644644942988e+01
1.717904986261331146e+01
1.742217416203126490e+01
1.735810681399997790e+01
1.718578145394272028e+01
1.712565500678620367e+01
1.698576231655092528e+01
1.672454785633814467e+01
1.657921908384339105e+01
1.414769105596360887e+01
1.700823756390455799e+01
1.628722559037632323e+01
1.636734071330239715e+01
1.614669660497681036e+01
1.569960825289548190e+01
1.578724327807373840e+01
1.569133978699785281e+01
1.534821053377339339e+01
1.538309152001474978e+01
1.554355141910888172e+01
1.527444319082196955e+01
1.494649552747465293e+01
1.492829195686224963e+01
1.473770083607770509e+01
1.477017719515379035e+01
1.446356853964616995e+01
1.442938994870601377e+01
1.429113896043961773e+01
1.425638486273607874e+01
1.426750169640073374e+01
1.076985762025560689e+01
1.130767451861525252e+01
1.345737571181149761e+01
1.267540084969435732e+01
1.294337496450411606e+01
1.280884017038227007e+01
1.298084306709511715e+01
1.318955175858930851e+01
1.318962969589211376e+01
1.326646444308102701e+01
1.303628494646222791e+01
1.295717252178559242e+01
1.290572495593372970e+01
1.300106792202594441e+01
1.287557601659147721e+01
1.283076426566678307e+01
1.276834021359250038e+01
1.272918673905984832e+01
1.274518186973635636e+01
1.265791314153462288e+01
1.269573692688392264e+01
8.769055171595498521e+00
8.897800781373918610e+00
1.000945925536177050e+01
1.007333213021274432e+01
1.044713713277687894e+01
1.054771261125272730e+01
1.059818963064371289e+01
1.056439496589380234e+01
1.022654722600306876e+01
1.062378203030446500e+01
1.072578503691846130e+01
1.113929494610966131e+01
1.127454702049486635e+01
1.135615214372251813e+01
1.135106458729109846e+01
1.125651575180592445e+01
1.123482658916063492e+01
1.128783565624439333e+01
1.145700186432423706e+01
1.144024880684006185e+01
1.137792043985380985e+01
1.065553467451339031e+01
1.066600058097061066e+01
1.230180229164687056e+01
1.214658292412086382e+01
1.154724164946210330e+01
1.110974338380762561e+01
1.126538103314802974e+01
1.111027227807649709e+01
1.096426609923342532e+01
1.112507924448451035e+01
1.096902977969062043e+01
1.093055022746151117e+01
1.082619836018607273e+01
1.105774355920711827e+01
1.102649359117840966e+01
1.096917730812205427e+01
1.104109727265697671e+01
1.086954418736624284e+01
1.090694939101407712e+01
1.076835328562505545e+01
1.079210695166652734e+01
1.046016504485548815e+01
9.266501773693992305e+00
9.664535594330532220e+00
1.007806622674926444e+01
1.085061691601787004e+01
1.035251521314510370e+01
1.001681396129608714e+01
1.004768463068740303e+01
1.047820132197080767e+01
1.028190005379734551e+01
1.033835816457321144e+01
1.032369828775425979e+01
1.036545268229513184e+01
1.018363306393069401e+01
1.029571348042714440e+01
1.026266934401969877e+01
1.031085666571827986e+01
1.012565176860232796e+01
1.016240556734451239e+01
1.016815380745143216e+01
1.030655190693659584e+01
