7.227889920680150908e+02
7.193200911169241181e+02
7.169307693564705914e+02
7.144973733003233747e+02
7.128209010019503467e+02
7.102724040931676655e+02
7.076031728868540540e+02
7.050812041617911063e+02
7.021384448077031948e+02
6.995169616701487030e+02
6.960173313009629510e+02
6.921138733461426682e+02
6.883043937466763964e+02
6.837574874253210737e+02
6.800448220076568759e+02
6.750692667590042220e+02
6.695708744565747566e+02
6.633663495833204706e+02
6.586695859502431176e+02
6.556462845580472276e+02
6.505108734883052648e+02
5.546988215155645321e+02
5.509362894400637742e+02
5.646048566556911510e+02
5.686865611922631842e+02
5.689179916032254596e+02
5.718735871720467685e+02
5.690305870104058386e+02
5.674997876157680139e+02
5.677251608794027788e+02
5.695635061672157917e+02
5.687936922545486595e+02
5.659087834282545373e+02
5.639343368650885395e+02
5.628311576158113212e+02
5.620322953540644448e+02
5.611404234036638172e+02
5.589465485166488179e+02
5.568331526896266723e+02
5.556108908267539164e+02
5.550162912171647349e+02
5.533826228722693941e+02
5.446961006138865287e+02
5.419487980545994787e+02
5.373499963728487501e+02
5.412249428985647910e+02
5.442574400150775773e+02
5.439362153120727044e+02
5.414605205239400902e+02
5.398652112353271377e+02
5.387023788814350382e+02
5.347105641256436002e+02
5.332736504851361587e+02
5.325685384167718439e+02
5.304597676193728830e+02
5.286419572299854508e+02
5.284028172625924071e+02
5.257815155148493886e+02
5.227003114457365882e+02
5.214056122082973843e+02
5.206263591830206678e+02
5.183623133658114739e+02
5.166060143399101889e+02
4.434490366026524271e+02
4.453018437197519006e+02
4.614977043456278807e+02
4.580899988053863581e+02
4.585708650730976501e+02
4.547371644200104583e+02
4.535414191801621655e+02
4.512380324865642365e+02
4.490893240070576553e+02
4.477045831787654038e+02
4.442901568168998665e+02
4.400572239800677607e+02
4.361232129651173750e+02
4.338039709008405680e+02
4.308664427865685411e+02
4.268973619336528031e+02
4.230794416575259902e+02
4.197108034262698766e+02
4.159245628320107926e+02
4.109325328663118739e+02
4.072556154457288926e+02
2.924525998599166314e+02
2.975228090977803390e+02
2.971505244642249863e+02
2.961097399086121413e+02
2.909364565019969291e+02
2.814747692802141614e+02
2.791571387425761941e+02
2.783369903957577094e+02
2.759079339030043343e+02
2.745509584952430373e+02
2.762194662065191437e+02
2.746876865443437623e+02
2.734182273461026966e+02
2.715622912466935759e+02
2.681674689616445448e+02
2.651076162611475979e+02
2.614839940609336963e+02
2.586692375611613102e+02
2.555514619038379749e+02
2.523461124707917804e+02
2.510571577562118648e+02
1.730752289064269291e+02
2.094003766648386318e+02
1.993799813234735154e+02
2.016384458937712907e+02
1.982111235326716496e+02
1.993582455392816826e+02
1.995629978081181832e+02
1.943758902990562660e+02
1.928795447673980448e+02
1.915567069450442546e+02
1.904730512545441172e+02
1.884996203316895560e+02
1.875793004871177914e+02
1.860428200865860049e+02
1.854277265348443109e+02
1.881064713229732206e+02
1.876691331530225852e+02
1.881448605585217422e+02
1.875629426468138092e+02
1.841642334559695087e+02
1.951385027601948821e+02
2.353261516557458890e+02
2.426286688665800284e+02
2.453125174726167188e+02
2.348755586321253475e+02
2.349461159951723630e+02
2.203897229736103043e+02
2.103999153126847830e+02
2.073301990465027984e+02
2.015156622288517099e+02
2.005057882035990531e+02
1.968343293494119735e+02
1.959794420816651268e+02
1.958844665076064189e+02
1.949211782707552345e+02
1.929120095063992721e+02
1.920702971364483744e+02
1.901731841909671346e+02
1.885026953991373091e+02
1.858426016149705617e+02
1.840001235735583123e+02
1.818684221009120847e+02
1.424360009240430429e+02
1.509287210631253799e+02
1.435306401677475776e+02
1.445624722506024113e+02
1.441947678396930712e+02
1.478043343400924812e+02
1.492833550649119729e+02
1.494672353901110000e+02
1.485072108557752415e+02
1.474993541200706488e+02
1.471818908270616646e+02
1.463515878768744756e+02
1.511129900873590657e+02
1.516420550679762584e+02
1.529405624321459527e+02
1.526866677341421621e+02
1.533869502243577188e+02
1.527983378347681764e+02
1.580241851934496253e+02
1.577758980559890460e+02
1.573612378451584277e+02
1.599366457175100322e+02
1.518586045657605439e+02
1.420282131446974461e+02
1.422899724334460529e+02
1.527810660320776606e+02
1.515122082372950558e+02
1.537833437237704004e+02
1.559282483884522037e+02
1.563189256077614857e+02
1.542265005093756827e+02
1.602837512287335073e+02
1.583679348906511564e+02
1.590385773708039778e+02
1.582470334479489793e+02
1.564290057681592145e+02
1.557121538967076333e+02
1.535787678006588806e+02
1.531251264195866497e+02
1.531349429577832382e+02
1.519620810354242337e+02
1.517160349932010490e+02
1.254482741297957205e+02
1.234928741362049038e+02
1.254865567820003491e+02
1.302879780535909049e+02
1.334166172348498947e+02
1.381729341126810198e+02
1.367826890543835816e+02
1.387528576589788258e+02
1.360297360617314268e+02
1.369163688034787469e+02
1.395487845442839046e+02
1.414847021107812850e+02
1.422327374772705184e+02
1.409086617669758255e+02
1.403148847303922082e+02
1.396874705986367644e+02
1.391049953179812633e+02
1.384991826812618001e+02
1.366712892385221778e+02
1.356386824047182813e+02
1.356646617061093423e+02
1.188302052443682868e+02
1.223088151154144185e+02
1.684744842379177783e+02
1.588818458096951360e+02
1.554586695200343911e+02
1.538654551221165434e+02
1.487182039430414591e+02
1.464448469216343369e+02
1.450204351245045302e+02
1.447952021457479361e+02
1.424439846407883294e+02
1.410271822905458521e+02
1.394896121948006282e+02
1.386539702815806265e+02
1.365711906760362524e+02
1.349851174583195927e+02
1.366150663487373436e+02
1.391621248939798932e+02
1.388385246066451089e+02
1.408662353441145001e+02
1.407576316937654042e+02
9.539958163143410275e+01
1.308235046384765212e+02
1.296541631496837965e+02
1.252930789958465283e+02
1.252691398625085100e+02
1.284424589177737346e+02
1.286634560002692638e+02
1.286377454228593535e+02
1.284339906122985724e+02
1.285358476932170220e+02
1.293354529111051079e+02
1.365253759991535958e+02
1.361773719545099937e+02
1.369004284882217917e+02
1.363638160116510960e+02
1.342809767822586196e+02
1.338801641059437202e+02
1.334123597526487401e+02
1.331455902622680298e+02
1.311288738342014994e+02
1.303162379412865732e+02
1.128112487164668210e+02
1.144703384681454281e+02
1.053118234949705680e+02
1.097288163288064879e+02
1.077764381558445166e+02
1.200596438327613953e+02
1.217222738432026006e+02
1.238335169786066956e+02
1.230219444111880449e+02
1.209180104852735127e+02
1.236286634833084008e+02
1.243747955012267568e+02
1.226004475723411389e+02
1.214915495460842436e+02
1.211260599588056976e+02
1.215747161056484060e+02
1.219864177246852819e+02
1.202055339089385910e+02
1.196012170645441302e+02
1.192625897729633238e+02
1.179911672953760871e+02
