2.528045811738425925e+02
2.365766598639953884e+02
2.266898483718326816e+02
2.219867860866546323e+02
2.229305036920844145e+02
2.234604346459150293e+02
2.227649275358027126e+02
2.206332558946808149e+02
2.182018208510967270e+02
2.153927321627590459e+02
2.114149098374892048e+02
2.075536593569634078e+02
2.037474864609373242e+02
2.006351493215761650e+02
1.964971450520544920e+02
1.922633378576601899e+02
1.886711440656720526e+02
1.843775336968872693e+02
1.786428940161247567e+02
1.732468504009231651e+02
1.684650092639442960e+02
6.241206709330872116e+01
5.635238382930307921e+01
5.376784440062281334e+01
5.602347533339217733e+01
5.844005995159236733e+01
5.906711656904603558e+01
5.618438343010841862e+01
5.431941260211406330e+01
5.170490955942695877e+01
4.962430438939876609e+01
4.781026359241515422e+01
4.601986990239335285e+01
4.474991752293576752e+01
4.300248403127542929e+01
4.399127533877164353e+01
4.307220020265842919e+01
4.245347573407760677e+01
4.295380130254591222e+01
4.266152042988277771e+01
4.192485773263391735e+01
4.093232246374967787e+01
6.378054411933543122e+01
3.617492984009965795e+01
3.046888153855234194e+01
3.010744193027892734e+01
2.907559273754486640e+01
2.701094408674935465e+01
2.561618281546774156e+01
2.470937440305758059e+01
2.359696178099443031e+01
2.292594635893327748e+01
2.273796703608531899e+01
2.267367395085249271e+01
2.269888548450772703e+01
2.176839079704196322e+01
2.124901593438968561e+01
2.086640783048774495e+01
2.031338480898429566e+01
2.013972687118914706e+01
2.038202176942980870e+01
2.063214708801123365e+01
2.041692484466193847e+01
6.754620801252957385e+00
9.699283661677627677e+00
9.472289849841777354e+00
9.616533212102014616e+00
9.701239324100860983e+00
1.009302592457934900e+01
1.021242110142252457e+01
9.732782737475357493e+00
1.093053152418421625e+01
1.118282795262815910e+01
1.157815612362585078e+01
1.160744259357262820e+01
1.160854755539647343e+01
1.179836177312062695e+01
1.185223973851843837e+01
1.226967403354186992e+01
1.195218759005076592e+01
1.178199427160653556e+01
1.167339678151780191e+01
1.149995588453591999e+01
1.158403994482839039e+01
5.235071406473789324e+00
7.221790890039610389e+00
8.189013145226194723e+00
8.277786922021498128e+00
7.711117806471709635e+00
7.671715580269932389e+00
8.883309371717080793e+00
9.190460019712682893e+00
9.220864437567703575e+00
9.997572499963935044e+00
9.828644773637140730e+00
1.026272753405620897e+01
1.056104409091908636e+01
1.040997768605009099e+01
1.035746320957890276e+01
1.055909975577709936e+01
1.037144984948059800e+01
1.034500316978577317e+01
1.022401135264161098e+01
1.005080570438997256e+01
9.899127146422129542e+00
8.536328628276514507e+00
5.625310149424326056e+00
6.393809502925557275e+00
5.600160240891407959e+00
6.034142006359270560e+00
6.254089996794503392e+00
6.162922721990096164e+00
6.449340494391160306e+00
6.617946666524080257e+00
6.895553787075351160e+00
6.801619079531413092e+00
7.294751622784430900e+00
7.112473291945700993e+00
7.252002528211081156e+00
7.224395781417820572e+00
7.230228565031357135e+00
7.077401066374537919e+00
7.192346544967917588e+00
7.047749438617347373e+00
7.121384291930407784e+00
6.915066456773836912e+00
1.797981371059098166e+00
3.140785707691972295e+00
3.961324211748462609e+00
4.147903075846268273e+00
6.311243032998765656e+00
6.705591129668612815e+00
6.799128384975290373e+00
7.088938328181920490e+00
6.561480098564295815e+00
6.686541093193395291e+00
6.976954731791240150e+00
7.002375557080245727e+00
7.168088433488502886e+00
7.232062560219672420e+00
7.127761018035213780e+00
7.224481868324615697e+00
7.008704245488880602e+00
6.800598744923525452e+00
6.732065801148126027e+00
6.563753867100130535e+00
6.542759965029549818e+00
1.219822941906638292e+01
6.459494396561577645e+00
4.842782243719716995e+00
6.108203674027183894e+00
6.115470059338666609e+00
6.126091732167863846e+00
5.705929352309878411e+00
6.152884228067733829e+00
5.788806377887316224e+00
5.701063878301463994e+00
5.772330211461389915e+00
5.616398991630477511e+00
5.780787786865793976e+00
6.056541437458936805e+00
5.993196050401971675e+00
5.993385489925220355e+00
5.793167888529586307e+00
5.798441405160754236e+00
5.765609894018952630e+00
5.776998707505409669e+00
5.795918855444543993e+00
5.623846520282564043e+00
3.802842519558393253e+00
3.762600895704310666e+00
3.533792955722517615e+00
4.281196930791474564e+00
4.495257051313143570e+00
4.149360313905875230e+00
4.333125977155730446e+00
4.500946542974487485e+00
4.773827324432677877e+00
4.896394797675123201e+00
4.858104677164258867e+00
4.709748420157902515e+00
4.587739181701838476e+00
4.694744527727481298e+00
4.561118854358437780e+00
4.412611050253127942e+00
4.274400475336526561e+00
4.331585675420109638e+00
4.275800332164354955e+00
4.200307758590079210e+00
1.607978649022999917e+00
1.617870837100056303e+00
1.820595338954448694e+00
1.754355579610572313e+00
2.593510525604154626e+00
2.601685766469693295e+00
3.355488232260196213e+00
3.234532365122929409e+00
3.206507340333454081e+00
3.226853118940288034e+00
3.260332571880443453e+00
3.535817473274399880e+00
3.544235689800137923e+00
3.621074289331789764e+00
3.543721418753650987e+00
3.661969389120282692e+00
3.751193311973979316e+00
3.683947179939465411e+00
3.606873032132659862e+00
3.709343330841424979e+00
3.678024330403916853e+00
