1.723136710010217030e+02
1.709204152011654116e+02
1.696280074615193314e+02
1.683259288449978044e+02
1.668776109136656487e+02
1.654373714979678596e+02
1.638768576689746510e+02
1.622656029594089659e+02
1.604120297525026615e+02
1.583701266270629731e+02
1.561825303932420184e+02
1.538427920148928365e+02
1.513394708061136384e+02
1.486477711373299826e+02
1.458089347405743865e+02
1.429433725052548425e+02
1.400942603438019773e+02
1.374751878032058983e+02
1.349701855952400820e+02
1.327036689138331553e+02
1.309423553088094820e+02
9.671659009182231159e+01
9.973283147059817111e+01
9.659547104257757155e+01
9.462788428135623064e+01
9.390892131173428936e+01
9.375863359507521011e+01
9.305731050542303251e+01
9.223820994201642520e+01
9.223366824851433421e+01
9.216053901922276737e+01
9.199163562103531433e+01
9.144877666812504913e+01
9.106097530937353213e+01
9.102422443697818721e+01
9.061056837909509909e+01
9.006455019734283951e+01
8.968359406174067772e+01
8.945498123130171564e+01
8.936551267957142386e+01
8.942257455029975688e+01
8.964992721899434969e+01
8.490382924676151788e+01
8.854198234137096790e+01
8.919705925932495916e+01
8.735635492703420368e+01
8.809990597328484796e+01
8.739450834685482050e+01
8.684328249866493366e+01
8.655786816473545286e+01
8.639216849408134635e+01
8.617747731081767881e+01
8.583431764712516099e+01
8.612001786035435202e+01
8.609789346707887603e+01
8.565252668690111193e+01
8.573365283652412927e+01
8.571314092927616457e+01
8.545792831032940740e+01
8.510727997203328243e+01
8.500367638651999869e+01
8.475990757469679693e+01
8.447739764914858540e+01
8.077783895206016496e+01
8.200485604134908613e+01
7.901478980333432389e+01
8.072027247421867457e+01
8.063453452573470770e+01
8.045735438991270883e+01
7.951721855508873205e+01
7.873965010841908452e+01
7.881793221978523434e+01
7.807092944931117984e+01
7.754699403278053182e+01
7.801072047415750887e+01
7.782778418009223742e+01
7.747664430133164615e+01
7.714732447647516267e+01
7.681151646387564824e+01
7.638033128663047933e+01
7.581722497342472877e+01
7.586869382436346143e+01
7.573162565777253974e+01
7.550776634179604230e+01
6.421173807561567060e+01
6.729196330217681066e+01
6.964292610025923125e+01
6.846088341732875904e+01
6.731583978015802927e+01
6.669692872376900539e+01
6.608787711123798658e+01
6.610309974054497673e+01
6.598669253087602726e+01
6.552766791676022251e+01
6.500855173317346214e+01
6.461817205653426299e+01
6.359344400021873156e+01
6.282435750841454336e+01
6.271672599061997744e+01
6.191448535619591809e+01
6.126058107214867476e+01
6.089686192904223816e+01
6.022744958107819002e+01
5.988544412742349721e+01
5.927556313482599393e+01
4.967512861301437965e+01
4.739454911399648296e+01
4.637596819532428327e+01
4.513036314994330667e+01
4.392472452382636305e+01
4.330016352029401361e+01
4.313903489707221439e+01
4.360495453077820116e+01
4.374357343142302312e+01
4.303641276540272997e+01
4.276813539406748532e+01
4.262937870846423039e+01
4.221850285452930507e+01
4.189821531423725531e+01
4.162044220304187547e+01
4.136434069130952196e+01
4.099476515699451085e+01
4.063088274617838636e+01
4.023229900541186765e+01
3.989650481103538482e+01
3.962789062162767806e+01
2.835034061525151117e+01
2.765147349025757606e+01
2.979780451050035239e+01
2.957405772045447634e+01
2.954906204838171035e+01
2.956320891870235101e+01
2.939608493416009694e+01
2.905240180077077383e+01
2.877629251559089951e+01
2.847412275360473899e+01
2.836146353212161486e+01
2.839531582811128629e+01
2.839265148673471018e+01
2.822743836963524089e+01
2.797073582384977541e+01
2.753843829180690150e+01
2.741375987547117177e+01
2.719176603882202770e+01
2.705695744893035837e+01
2.707191397358403862e+01
2.701616881237585588e+01
2.135632740002451868e+01
2.126647168363487594e+01
2.256365269816424046e+01
2.292618873706022242e+01
2.378793135271659764e+01
2.353039029310847496e+01
2.394055073912172205e+01
2.352015444185905579e+01
2.333406938357285298e+01
2.304456923418669234e+01
2.311744287970159561e+01
2.301938915320489443e+01
2.263411428271197678e+01
2.248653826390722799e+01
2.233094344174767798e+01
2.200725546586556547e+01
2.187223913309614076e+01
2.177855500881731388e+01
2.177773891273706397e+01
2.166843147732557995e+01
2.157284289020017809e+01
2.991433219259099374e+01
2.149159911301804726e+01
2.057205820917927852e+01
2.001545049275816623e+01
2.000681389345976058e+01
1.932117242423608161e+01
1.929785813708157960e+01
1.911714645112545341e+01
1.902104816635571183e+01
1.864972335987929597e+01
1.858839974474175705e+01
1.880689954519990437e+01
1.868427849453492229e+01
1.870900776682491085e+01
1.889428816798077904e+01
1.877506622060212038e+01
1.883337231994217120e+01
1.864001119925773864e+01
1.846639374988059856e+01
1.840628684663806425e+01
1.822811380981538321e+01
1.739570273216644836e+01
1.864091101611609247e+01
1.730907207675080173e+01
1.686043214029761117e+01
1.649425125012958304e+01
1.621856106784879614e+01
1.670382954005318865e+01
1.639504053859050714e+01
1.688516937074012247e+01
1.673123318050234687e+01
1.659912221519299891e+01
1.646757037007521518e+01
1.650298409509201392e+01
1.623213395779981383e+01
1.631266847813346743e+01
1.621045279680026141e+01
1.608088466183323462e+01
1.588130586441765679e+01
1.576037743575688133e+01
1.606400847999068304e+01
1.599074799654965595e+01
1.590851240102612429e+01
1.423823042447184228e+01
1.592408811063486773e+01
1.543879846412302648e+01
1.544407888409077856e+01
1.565881768718138467e+01
1.571526666906428638e+01
1.601235146059486070e+01
1.610700556677083739e+01
1.572438357286480937e+01
1.572085974763057692e+01
1.547609624446128329e+01
1.540135592709406076e+01
1.531876371906798617e+01
1.519346503601499343e+01
1.498869597511343699e+01
1.490006865101167044e+01
1.466066309535332124e+01
1.457833905927809859e+01
1.454354148610866382e+01
1.457311394594069753e+01
1.999636781283735587e+01
1.778568006321686923e+01
1.516189320755092140e+01
1.457850861523500008e+01
1.451767823265590174e+01
1.409212710446493233e+01
1.414545210245352536e+01
1.404398477363014841e+01
1.420227529822752288e+01
1.405302656642617087e+01
1.395361362762516322e+01
1.373659031120432594e+01
1.363312113209473608e+01
1.358474225199844909e+01
1.356996706065417690e+01
1.333308366110947496e+01
1.336790760701093106e+01
1.327490007074468714e+01
1.317942006145957912e+01
1.316755103667206406e+01
1.324036462697967487e+01
8.088575258760133835e+00
9.594236743126868916e+00
9.674676963139347663e+00
1.220546613137272729e+01
1.268906462994566553e+01
1.249376936850941355e+01
1.233087424428088319e+01
1.251018283110344598e+01
1.275305492987900102e+01
1.279250264558918637e+01
1.269890028571560947e+01
1.268800948361461067e+01
1.261601322156128191e+01
1.265468110482670028e+01
1.258590455146711484e+01
1.281362594226591334e+01
1.266990427308253864e+01
1.261553064726193973e+01
1.271449747999134772e+01
1.262298764280111385e+01
1.259151749421002542e+01
1.049967953044734692e+01
1.187245477152776907e+01
1.120079375276528388e+01
1.203643692281997879e+01
1.211942057361840241e+01
1.200151802657578415e+01
1.163906975043356340e+01
1.174080781938940454e+01
1.161567513609530167e+01
1.182632581245728787e+01
1.205854461681406065e+01
1.197934077369411909e+01
1.202837378434583115e+01
1.202387805096535267e+01
1.212518460095150097e+01
1.196107743496531306e+01
1.202528991375367262e+01
1.204644186103555015e+01
1.196762450522131616e+01
1.194798576190216011e+01
1.196831930203805783e+01
