7.209081763492616801e+02
1.024711827665878991e+04
6.393829839201404866e+03
4.764631079094030611e+03
3.862621304325725305e+03
3.287325094445600371e+03
2.889073795117986265e+03
2.596891654399160416e+03
2.371655507649775245e+03
2.190804165924394965e+03
2.040396048013553354e+03
1.914473516709839487e+03
1.809926396745717284e+03
1.718294256049731302e+03
1.639841089611418965e+03
1.571998646234384978e+03
1.511301185654269830e+03
1.458447761441319926e+03
1.408755765141580241e+03
1.366364392147440185e+03
1.327661944174078371e+03
5.503823652045576864e+02
5.618460538608233037e+02
5.680279659132144161e+02
5.646181157523748197e+02
5.602150654951667548e+02
5.591440577093903812e+02
5.593074871015485314e+02
5.591748441275719870e+02
5.595983064563886273e+02
5.565917725422648346e+02
5.533580767312217858e+02
5.527545298262638198e+02
5.499724536136011466e+02
5.470010179979399254e+02
5.421952349520132657e+02
5.378070356745560048e+02
5.339020242400390543e+02
5.287321085934636358e+02
5.231821851419452969e+02
5.179072031518409176e+02
5.126417490996432207e+02
4.172936680615447358e+02
3.960753385897873500e+02
3.786422859294400496e+02
3.638348432489187871e+02
3.613161570877173858e+02
3.560789893360961287e+02
3.533530215403706052e+02
3.432740739269479491e+02
3.440666935369910107e+02
3.496725110645430163e+02
3.498192020295625753e+02
3.513786516969511240e+02
3.505032534592125444e+02
3.558071885454014023e+02
3.596190651998621206e+02
3.588674051144146233e+02
3.562927023513476001e+02
3.515819683019975059e+02
3.485250002294424121e+02
3.450541208530493122e+02
3.431435233126304070e+02
5.496082711770472997e+02
3.648015407447043685e+02
3.437916889778898053e+02
3.321055959925399179e+02
3.181404837092864000e+02
3.123745954449768760e+02
3.101722576020640645e+02
3.048489861381410719e+02
3.005085822322035369e+02
2.963321847269930913e+02
2.890209205589337671e+02
2.815580141666272880e+02
2.723054091662920086e+02
2.668002390292373889e+02
2.639388172235185266e+02
2.604400023345925206e+02
2.563593120043464637e+02
2.542631255163377944e+02
2.546285582221019013e+02
2.534144270168114019e+02
2.512460601048119315e+02
1.771398057498744265e+02
2.338957150738777955e+02
2.101432488966489132e+02
2.097009016306027149e+02
2.082716596266854481e+02
1.997835887801824128e+02
1.951933246037009155e+02
1.941631962567469145e+02
1.911157747424718139e+02
1.876593066385121631e+02
1.942818616746905604e+02
1.924733729439472540e+02
1.893594058607938848e+02
1.878769371657319027e+02
1.865740469237989032e+02
1.855775210120376357e+02
1.842702199974147561e+02
1.814244322288688807e+02
1.868784470828867654e+02
1.885264428082945187e+02
1.886355907726932628e+02
1.569070051712199927e+02
1.763392730719135102e+02
1.717907494629865255e+02
1.789512735668838843e+02
1.768039635160990031e+02
1.718469913069726829e+02
1.694347650720901299e+02
1.651851411409119805e+02
1.606246866605797834e+02
1.557665700151489432e+02
1.527515239554621758e+02
1.506947395389508983e+02
1.497361099008633971e+02
1.491873193544483911e+02
1.484832174739302388e+02
1.469625869938803930e+02
1.453326481067774409e+02
1.438946919516010610e+02
1.414323770583459918e+02
1.413764719274992672e+02
1.404926016587964455e+02
1.499058389262040976e+02
1.201027574487243186e+02
1.198216323225874049e+02
1.155856544675060888e+02
1.253514029290019209e+02
1.245012636150117515e+02
1.248232738584980837e+02
1.237579488538788297e+02
1.223272790759263557e+02
1.199342473315306137e+02
1.208639891238721731e+02
1.194015604054524289e+02
1.182111542795358758e+02
1.197886615130605179e+02
1.203952580402643235e+02
1.193406191127056530e+02
1.182251952875594725e+02
1.183787439529124157e+02
1.182538633241006067e+02
1.166358472741019625e+02
1.169514048973185396e+02
1.137916484860956814e+02
9.981429385525437681e+01
1.020881898533827297e+02
9.648084999417029906e+01
9.725839273958823128e+01
9.821245226661575600e+01
1.154522152900822647e+02
1.165790735251098909e+02
1.135618219565049571e+02
1.145996891350127811e+02
1.123784194045265963e+02
1.121900493738798872e+02
1.108004522067806477e+02
1.097411536248618944e+02
1.142439800554474658e+02
1.152076237503383425e+02
1.161079836895473534e+02
1.160462493965028727e+02
1.150415217348702868e+02
1.160611926453328522e+02
1.162560953610944949e+02
9.276301370765813203e+01
1.085532094693238747e+02
1.015016232797993752e+02
1.053131644002738909e+02
1.023137591711211769e+02
1.041849373599014683e+02
1.052947772205477150e+02
1.038454675356804842e+02
1.076855775032629765e+02
1.055009110972649609e+02
1.030539833619627785e+02
1.019825129079113566e+02
9.997128509381352046e+01
9.870394850091372518e+01
9.703400909243484307e+01
9.606643511036209304e+01
9.566051411791971759e+01
9.478900341294105658e+01
9.475105278935204467e+01
9.627733483237031464e+01
9.707057592645530519e+01
8.530372844791935449e+01
7.262815498324513896e+01
7.664274407911491949e+01
9.000939080796190694e+01
8.608199793152269308e+01
8.870806887084511061e+01
8.769452252823892024e+01
9.626557014837106863e+01
9.505888312602679946e+01
9.621923689906655852e+01
9.470046924049935910e+01
9.506254381421211974e+01
9.519955500193323417e+01
9.476561512885393768e+01
9.441382912163228980e+01
9.344621401296109298e+01
9.344404058153280346e+01
9.155742639175092279e+01
9.186090914448531919e+01
9.118775391796323504e+01
9.285823718147803163e+01
