6.915082323582146273e+02
6.892360611112068227e+02
6.869831581703795109e+02
6.845485178086354381e+02
6.820881884662441053e+02
6.794177339994433851e+02
6.766805733874974749e+02
6.735508761493948668e+02
6.703340418331458750e+02
6.668588922699127579e+02
6.628379614741483010e+02
6.583846766093279257e+02
6.531456200280259736e+02
6.472323262428409407e+02
6.408602746978486948e+02
6.335783055869518421e+02
6.254813778930974877e+02
6.163722592658576787e+02
6.066035116566409897e+02
5.960493330955517877e+02
5.849887991557010309e+02
3.603747329875773175e+02
3.608217322551751067e+02
3.597588766698736436e+02
3.577505398167946282e+02
3.571192786034205255e+02
3.445516288639428808e+02
3.472416476804810372e+02
3.472869306596281831e+02
3.451660028335476795e+02
3.442246319543945674e+02
3.453217946809519390e+02
3.459793407625260215e+02
3.441592149750491103e+02
3.438984264501256121e+02
3.426875618541657786e+02
3.428099957365236037e+02
3.419237748056922896e+02
3.414532031424070624e+02
3.411009140098535113e+02
3.402694443613228827e+02
3.398618884625741430e+02
2.931123330202951820e+02
3.098843712483214290e+02
3.148081689978458257e+02
3.315358263805987349e+02
3.342642189002182249e+02
3.299199780830027748e+02
3.298143099952072816e+02
3.339844054307044985e+02
3.342138433517029057e+02
3.330007269927212974e+02
3.346610566286784660e+02
3.343074826548186138e+02
3.351522356881517339e+02
3.327673768456899097e+02
3.320664244542259098e+02
3.308810874744954731e+02
3.312350895499720878e+02
3.301516760956945973e+02
3.303922505707426467e+02
3.302645021116642852e+02
3.289100094125226974e+02
3.298396779868467092e+02
3.409217168355170315e+02
3.314247446475158654e+02
3.305561601581933360e+02
3.329339860663055219e+02
3.281446390784712435e+02
3.298280277335398978e+02
3.299043547572717330e+02
3.273424284545285445e+02
3.246404784566400394e+02
3.238264246987409365e+02
3.234857893821903190e+02
3.224884891811207126e+02
3.224481759661392175e+02
3.211098735636412584e+02
3.194932568333378526e+02
3.177640647536033498e+02
3.178716850114913655e+02
3.171917009411401978e+02
3.158761060354365782e+02
3.157632111673256645e+02
3.288708893594462097e+02
3.190604761739787705e+02
3.130293208952856503e+02
3.053130716764932231e+02
3.045115400742102452e+02
2.998838798955662241e+02
3.020705253709699605e+02
3.046522287219477789e+02
3.024431924828700176e+02
2.999696362665599736e+02
2.998448808570238953e+02
3.001728881915057059e+02
3.000391516614108696e+02
2.994936184802317030e+02
2.986905958374866259e+02
2.973004862934220682e+02
2.962813828359105059e+02
2.960188482142937687e+02
2.968051835194632417e+02
2.966286964525575627e+02
2.965263836452051578e+02
2.851143902605699623e+02
2.912627604694029060e+02
2.837794729266281024e+02
2.792528689281007246e+02
2.805438780478011154e+02
2.751264127075809256e+02
2.762215000150899300e+02
2.768856569078296843e+02
2.772291291133922186e+02
2.759887340008237402e+02
2.742981585421946420e+02
2.739829660957117312e+02
2.738644989069335338e+02
2.737189627186263579e+02
2.730340146442371747e+02
2.725288084844484615e+02
2.714351520627226364e+02
2.717130856468479578e+02
2.715279699025466016e+02
2.695385463531260370e+02
2.685302151199161358e+02
2.541936021057502444e+02
2.549472210931131428e+02
2.558414774722045877e+02
2.531678307249585202e+02
2.546882431753481626e+02
2.500957672463401877e+02
2.502067140297988885e+02
2.484838688733783840e+02
2.451403267721132977e+02
2.421084619202457020e+02
2.404449249245975011e+02
2.389455167544773531e+02
2.377193730923381167e+02
2.373195498718820318e+02
2.366567252821643592e+02
2.354102511498857950e+02
2.339884760212741810e+02
2.332597474555101087e+02
2.321190279956875315e+02
2.305388832514965713e+02
2.296260621552435452e+02
2.224963013318708533e+02
1.997311417561175801e+02
2.058664993496736884e+02
2.068889293043840496e+02
2.026714921253920920e+02
2.043234397628163777e+02
2.045270419955775765e+02
2.029789902456357993e+02
2.009049147558806681e+02
1.981547697315773746e+02
1.969623282781014098e+02
1.960992007506820300e+02
1.951351604195531877e+02
1.935837164563652095e+02
1.925124887003369167e+02
1.913408620202360737e+02
1.911077944001668527e+02
1.897509134678091129e+02
1.888633857747919080e+02
1.878877781596740135e+02
1.869067023388861344e+02
1.469278974681859609e+02
1.566419324923159309e+02
1.572432626424499915e+02
1.554584052368587095e+02
1.603388066454477041e+02
1.576246490220701730e+02
1.580054482277767818e+02
1.573288052458233608e+02
1.580486061890486269e+02
1.568653767225938793e+02
1.568737454330127434e+02
1.558895131988915352e+02
1.559778095900736048e+02
1.558001882304055528e+02
1.561242884277420444e+02
1.555141242099004444e+02
1.554491769647159458e+02
1.552264624271878688e+02
1.541367193926759001e+02
1.531292380677462859e+02
1.520101701915532715e+02
1.288466421372744435e+02
1.353635161569611967e+02
1.361655178627359817e+02
1.348333208371892908e+02
1.323208000364998895e+02
1.323906353755372436e+02
1.322797165181387697e+02
1.314733479890150818e+02
1.314536070082127139e+02
1.307058015075139394e+02
1.309108859126716595e+02
1.296361019596671156e+02
1.297680713236347572e+02
1.301610829892132699e+02
1.301428854786869636e+02
1.288543175094411879e+02
1.284615743839002846e+02
1.275376725306687860e+02
1.271895007269058055e+02
1.271478571697471409e+02
1.263978269258594054e+02
1.115423718203145569e+02
1.182385684216296227e+02
1.144796534084229904e+02
1.128800437532731138e+02
1.121639318987853500e+02
1.084284095223177502e+02
1.087664963803699010e+02
1.095004247972480158e+02
1.110601506860131877e+02
1.097509430673082136e+02
1.099667616018666649e+02
1.094663661224458195e+02
1.091963324213980542e+02
1.098173157076944335e+02
1.096768347805090542e+02
1.094771860518643365e+02
1.096481773639200696e+02
1.092286629871713330e+02
1.086077961627669879e+02
1.079445585120056137e+02
1.077946581500473116e+02
1.108107537075771916e+02
1.001588704685353406e+02
9.467999872862000643e+01
9.694811580547612095e+01
9.526117238123332243e+01
9.463146263487186616e+01
9.590215312377181078e+01
9.512264526595802749e+01
9.410482354879003708e+01
9.296675429036903893e+01
9.315615268157041839e+01
9.321576261952426989e+01
9.319382989469242773e+01
9.343000925798494904e+01
9.302070746219590092e+01
9.303639062317820674e+01
9.404791277141805494e+01
9.409449980166131411e+01
9.391830203575256064e+01
9.379205033691953020e+01
9.426802728697637690e+01
8.191600152826016767e+01
8.809938632068026720e+01
8.776142624733685693e+01
8.788727362424700118e+01
8.720903964937481589e+01
8.610525338762872138e+01
8.458367334180206853e+01
8.522437845190688677e+01
8.671785312220984565e+01
8.679137457183966831e+01
8.664250660761238976e+01
8.733015346990234207e+01
8.699157593512060771e+01
8.592597283339156888e+01
8.640107952563450056e+01
8.625243667081656440e+01
8.619936019515665748e+01
8.559840006100128562e+01
8.539939555116337999e+01
8.484133447248788684e+01
8.475263569437770172e+01
8.508609689006297572e+01
8.671173903491278168e+01
8.315615782225061992e+01
8.808705821991553364e+01
8.623537741259291067e+01
8.555047432758824755e+01
8.528079928559589007e+01
8.498856648593594798e+01
8.230665413661813545e+01
8.106606150223160512e+01
8.092455595393758472e+01
8.049921252018161510e+01
8.135496225469745468e+01
8.119812010581988204e+01
8.112565839196074080e+01
8.032011670435107931e+01
7.981467407394592328e+01
7.994258756184308368e+01
8.045599132264013065e+01
8.055291748100999882e+01
8.031647312181668497e+01
