2.619613031251585653e+02
2.288741226324439424e+02
2.277829420706758867e+02
2.273265329933120142e+02
2.245609386995757291e+02
2.198412574256928167e+02
2.166261820428971703e+02
2.132660453715340623e+02
2.103879538482761973e+02
2.054592660600023066e+02
1.999295254407139169e+02
1.931282181939574230e+02
1.881062928857100474e+02
1.833462340864492717e+02
1.801967770924727859e+02
1.777524598024396596e+02
1.755023015645642772e+02
1.717125788070756016e+02
1.696337105661346243e+02
1.662235001481067229e+02
1.626455191058791740e+02
6.892802702464896925e+01
7.500637535647022958e+01
6.985121164925546111e+01
6.557301246056084665e+01
6.181186530337902951e+01
5.937451233643191983e+01
5.615923466285158838e+01
5.470178916536954006e+01
5.295242991090967166e+01
5.066317978685950152e+01
4.868042571729610302e+01
4.725224956039136970e+01
4.644046185265052884e+01
4.527056597223125323e+01
4.425713811211140580e+01
4.352480946417607299e+01
4.243901368593022738e+01
4.164036470676743562e+01
4.055560631191904264e+01
3.996846330803094105e+01
3.950724263275689907e+01
2.395960397146970422e+01
2.256728920260123772e+01
2.068737908839887396e+01
1.981370033964112309e+01
1.939471003560746354e+01
1.931884036224360202e+01
1.875552494810620274e+01
1.872203383182434422e+01
1.905302384585473519e+01
2.000379490450679043e+01
1.917566478434959265e+01
1.980618249603512382e+01
1.998661069353422093e+01
1.979343357106077050e+01
1.944224729828568954e+01
1.914706310279778378e+01
1.948159715965176986e+01
1.924866716665571076e+01
1.956785682605164212e+01
1.962269739813071467e+01
1.941847132245460372e+01
1.226274227627590285e+01
1.490000580569346056e+01
1.316170934122376224e+01
1.267420865097338201e+01
1.250282601835016294e+01
1.251639031749259701e+01
1.399117228736419882e+01
1.332751377619387334e+01
1.295108540802368147e+01
1.301074612918849382e+01
1.327374666263172820e+01
1.304554036422841001e+01
1.299962216098180789e+01
1.247494703158393214e+01
1.277137389033412695e+01
1.253594616777482429e+01
1.256351339140425161e+01
1.269476355972044956e+01
1.238696879895676695e+01
1.266355743043292570e+01
1.295419539404429088e+01
1.230627778879519596e+01
1.184187119588398218e+01
1.107977896830636944e+01
1.030596309706995761e+01
1.020405770853937355e+01
9.955272983376573848e+00
8.856956466563724817e+00
8.805457036041325125e+00
8.316261509147228281e+00
8.663718869766128705e+00
9.365451274533405979e+00
8.992568824607891642e+00
9.347812046352125037e+00
9.496074913530062389e+00
9.737999092457952699e+00
9.626683640418479015e+00
9.323999145121193877e+00
9.472163393982684809e+00
9.613462906113474205e+00
9.895030365496564784e+00
9.741154726858852086e+00
3.065638010431710470e+00
5.331015878576782718e+00
5.284408043402505584e+00
5.009206830970867053e+00
5.060325075362320568e+00
4.897873682756204161e+00
5.517388942361053594e+00
5.367885067918418684e+00
5.804299613200561758e+00
5.850457556166513307e+00
6.310510834897407051e+00
6.597765157426155547e+00
6.403731233516107402e+00
6.325830967383511805e+00
6.546500890449238774e+00
6.492881115509991474e+00
6.469337535554628538e+00
6.287402965546987410e+00
6.445332030605364082e+00
6.562678937753124053e+00
6.592548861929202531e+00
5.691359581122952704e+00
8.673791904947275810e+00
6.250530989533305437e+00
5.590521374322299231e+00
6.603358073525547489e+00
6.723918986408926379e+00
6.508578026183257315e+00
6.884108948345322609e+00
6.723942572234909321e+00
6.573531521297593549e+00
6.435298405261318244e+00
6.621359710108968066e+00
6.669501413524477229e+00
6.347285932947372977e+00
6.227472983942321960e+00
5.931511583142036415e+00
5.860082811750722875e+00
5.957725821687417600e+00
5.858217821375058421e+00
5.916937262815284093e+00
5.860194000399039815e+00
5.836759200685450288e+00
2.716665907528182711e+00
3.828447818344878240e+00
4.084466220153161409e+00
4.220915327176252063e+00
4.121679027889071811e+00
4.292000550014215321e+00
4.357145456089877911e+00
4.364418205604417622e+00
4.339387391687951734e+00
4.436852447118918796e+00
4.780002914122392532e+00
5.034176021903820519e+00
5.195840585552785384e+00
5.023768067287288197e+00
4.997490160119096636e+00
5.031276018419221785e+00
5.048902468391633924e+00
4.894604995383922130e+00
4.797913404999969877e+00
4.713307678915150234e+00
6.270163919124135177e+00
4.282407146556890254e+00
3.945735236800346879e+00
4.714255968543223929e+00
4.077144884975033357e+00
3.436712735262311025e+00
3.527498808187619073e+00
3.237715346832104490e+00
3.315230748879432809e+00
3.256485007105564211e+00
3.179076938213741599e+00
3.093988419276246571e+00
3.354194554320717447e+00
3.615726400677351293e+00
3.477351785118847349e+00
3.433481316914376524e+00
3.506896165533784693e+00
3.550417368746712654e+00
3.579269132148432675e+00
3.542462814186864595e+00
3.618400847466659798e+00
1.117464497834060655e+00
3.176849246329298104e+00
3.246369774767410732e+00
2.929808317408636231e+00
3.285492402086056973e+00
3.835649341941080870e+00
4.190007390429123291e+00
4.534293078227292995e+00
4.982476954403058045e+00
5.089106832334001851e+00
5.259259977739464631e+00
5.007078939019497632e+00
4.784146557438861080e+00
4.687723998942274761e+00
4.613546574264219657e+00
4.553318805270659020e+00
4.449640315916081335e+00
4.337678313082611758e+00
4.217625817259653687e+00
4.134296997915616778e+00
4.079086678701877133e+00
