9.968888485150021097e+02
1.065913259296798424e+04
6.682779337724246034e+03
5.037930348776569190e+03
4.129287047425587843e+03
3.551348666703782783e+03
3.150116546407881287e+03
2.854040742056359250e+03
2.623284168683017015e+03
2.432727189879156867e+03
2.267132017630923201e+03
2.132340896033836998e+03
2.013112896656308067e+03
1.913088822856844217e+03
1.825840228890364642e+03
1.749824576044407422e+03
1.683616223319885421e+03
1.624219247550271348e+03
1.570250919153493214e+03
1.522036866155507369e+03
1.478224255964013764e+03
6.127733713626948884e+02
6.092571782107393119e+02
6.180000336571986281e+02
6.130978094657871225e+02
6.174548345895052535e+02
6.156652129357972854e+02
6.122860706586686774e+02
6.117574797703024387e+02
6.093527232247161010e+02
6.063600014839240657e+02
6.019404779774584995e+02
5.974098881933683742e+02
5.917861286937264822e+02
5.868174695081899017e+02
5.808127038591420614e+02
5.754101809495690532e+02
5.698407076215742109e+02
5.633752838377746457e+02
5.566364839190333669e+02
5.491073568766561266e+02
5.414286739246088018e+02
3.553420037590331617e+02
3.754386235305023547e+02
3.656217728441876602e+02
3.664503884521085411e+02
3.568270040891341068e+02
3.490316836684076520e+02
3.441954824424431081e+02
3.412736693736453617e+02
3.358385780820568129e+02
3.294622260195471881e+02
3.252823952367419338e+02
3.202609945235415694e+02
3.145227027090714387e+02
3.098342477767594687e+02
3.045970165603061446e+02
2.992952979552637203e+02
2.932621756417834717e+02
2.889716669280072097e+02
2.873738170194230861e+02
2.952360570944335336e+02
3.136957861162413224e+02
9.415816510777533495e+02
9.491919834861071195e+02
9.473438001921316527e+02
9.358949341626203022e+02
9.039807916286118825e+02
8.527977822890615016e+02
8.236892395251655898e+02
7.857391422978776063e+02
7.549812127289017099e+02
7.338160186864439538e+02
7.291052025920472488e+02
7.214657642384804603e+02
7.176010318752331614e+02
7.118526323540736485e+02
7.023923930374273823e+02
6.941375610061091948e+02
6.879700866905958492e+02
6.797843617319222176e+02
6.740912929321185629e+02
6.659124918139269766e+02
6.598892200099794536e+02
4.976504643285812790e+02
4.636508426855812672e+02
4.505913631622884168e+02
4.401727183467613145e+02
4.371680400452898425e+02
4.343718313629132695e+02
4.254327185836861531e+02
4.277537454992375388e+02
4.245589639078825712e+02
4.191795064842007150e+02
4.212878486871456971e+02
4.156323294830661439e+02
4.143891366820615758e+02
4.114470685802087360e+02
4.079989391152972189e+02
4.044547446842661884e+02
4.008760061357594964e+02
4.024754738342742826e+02
4.028345404336387787e+02
4.005709223675215753e+02
3.980663920957258597e+02
2.991222681155725809e+02
3.070657638237877336e+02
3.028007506161699780e+02
3.200618972700338531e+02
3.173351882393050118e+02
3.109736011050607090e+02
3.133082482670504874e+02
3.210315970592121175e+02
3.288319964832296023e+02
3.314232067201371592e+02
3.288825791094322426e+02
3.277845591663433993e+02
3.255938540345043180e+02
3.230380406277856196e+02
3.203454665444666603e+02
3.165255651462813375e+02
3.129563014201901296e+02
3.092762187428959351e+02
3.061639900020712730e+02
3.046108018954618615e+02
3.041829762687789298e+02
2.677013702686994066e+02
2.661633784256658828e+02
2.669480921334986760e+02
2.580184001737679864e+02
2.504029361571334960e+02
2.445405983281290787e+02
2.448962671701378326e+02
2.407401802469043162e+02
2.365826797678428761e+02
2.386181837342953145e+02
2.346800141865854528e+02
2.336607441041539346e+02
2.303733365306674443e+02
2.297761610346671262e+02
2.268073016953698300e+02
2.274558391460689393e+02
2.267525239129739418e+02
2.274904645585164928e+02
2.263228042584205753e+02
2.242017121977964678e+02
2.219117442904941981e+02
1.794793618965557300e+02
1.711821544928203878e+02
1.635186844792625891e+02
1.685315505503923532e+02
1.615054647924186213e+02
1.634441736382885892e+02
1.608492485813566191e+02
1.591473843563087200e+02
1.563521376580161757e+02
1.629994551695766347e+02
1.666755585882918922e+02
1.668899855086379205e+02
1.651036460648581681e+02
1.649191134053640155e+02
1.644511065415213125e+02
1.647142954725763389e+02
1.632877945525835628e+02
1.627888512636295673e+02
1.614142603006390857e+02
1.618959292475629752e+02
1.616063347544047417e+02
1.191753040461840669e+02
1.311032968147883082e+02
1.281393399829457849e+02
1.328611019139276550e+02
1.343442920870828345e+02
1.292176427089322601e+02
1.263913922910171834e+02
1.296951756877216155e+02
1.295696677083193720e+02
1.277388644152047874e+02
1.264210788961754872e+02
1.246777305075445241e+02
1.242152303444843113e+02
1.231144211950485214e+02
1.243366592003840339e+02
1.224901943782429754e+02
1.212061072730107725e+02
1.201123541349543018e+02
1.181401853090314233e+02
1.168889305642196348e+02
1.152980225577150009e+02
1.293701770129750912e+02
1.089052165652817195e+02
1.000762166671985511e+02
1.095372847616464185e+02
1.040137672828468283e+02
1.026830909555011004e+02
1.009211190440494619e+02
1.010548997916657612e+02
9.947433266145250741e+01
9.668723994066004934e+01
9.504721083657635461e+01
9.336544538481261668e+01
9.205590964228399287e+01
9.177291918333594367e+01
9.188005953199922260e+01
9.495849489756579942e+01
9.345715890657073999e+01
9.367986642654662433e+01
9.275310904586410743e+01
9.257799700478537375e+01
9.137183555339193219e+01
