2.536027211959237775e+02
2.554360601900238237e+02
2.560316753221254658e+02
2.524176506896526462e+02
2.504643084943857332e+02
2.499099341475712208e+02
2.491908184084986431e+02
2.474972745335095681e+02
2.465542845107648020e+02
2.458573617046951370e+02
2.450303148045905743e+02
2.436316726771176491e+02
2.414366522082842437e+02
2.400505812312723322e+02
2.381851361804716589e+02
2.372867321967599139e+02
2.358425792334004996e+02
2.346570631762208450e+02
2.345538993528196841e+02
2.345845880234554670e+02
2.341515617740950290e+02
2.096098559555329928e+02
2.290366600029948074e+02
2.232824683128737036e+02
2.202574244629903717e+02
2.212662737734571294e+02
2.187477470478426937e+02
2.186022580628893763e+02
2.173572691434903277e+02
2.168053923182165477e+02
2.178605954505440820e+02
2.176406615150203265e+02
2.185390107270938245e+02
2.191814143141854458e+02
2.189528750364400196e+02
2.186088971518163930e+02
2.184385534660312373e+02
2.186279944492001164e+02
2.187893553143100291e+02
2.190681280465786642e+02
2.190327540063578056e+02
2.180284741046362740e+02
2.026644169083216980e+02
2.084078376588065566e+02
2.071911752635101891e+02
2.137133719481193168e+02
2.118875411573885401e+02
2.117224538170431458e+02
2.104767730312133267e+02
2.094046291926536583e+02
2.079483293161572988e+02
2.083964917719639232e+02
2.077485132942641997e+02
2.071087882362837433e+02
2.059681729260954626e+02
2.059540294064549357e+02
2.049763349307058604e+02
2.044548924523632536e+02
2.035346958959896142e+02
2.044879493438304507e+02
2.032211468371975798e+02
2.025881077924725560e+02
2.015310750858511426e+02
1.966611220672792797e+02
1.771413646097713581e+02
1.743688370490283148e+02
1.769104347890057340e+02
1.743879612220203796e+02
1.752920635478623694e+02
1.718981361955860052e+02
1.708418617672528228e+02
1.695711738280223244e+02
1.677598536558634237e+02
1.662188402411592563e+02
1.643851283937499375e+02
1.622617683327497105e+02
1.609484065208947072e+02
1.591019096390475625e+02
1.584858999911596982e+02
1.568010364559059155e+02
1.555387251020368069e+02
1.542477270115773820e+02
1.527318206713209747e+02
1.514327063250729850e+02
1.172296520456386020e+02
1.113954441625899250e+02
1.141253982058519085e+02
1.103687732936566590e+02
1.102086825421204850e+02
1.098546619074244148e+02
1.098251972466253221e+02
1.081254443158705101e+02
1.076659207735235526e+02
1.047497529928575517e+02
1.039405951371973202e+02
1.030335191377410808e+02
1.019167282855596426e+02
1.014880800940962331e+02
1.009870631122747966e+02
1.002200421541439113e+02
9.889178339859384437e+01
9.832257992379226152e+01
9.813043536515606036e+01
9.726847132833776755e+01
9.641145730896487009e+01
8.469548640541562179e+01
8.445771708244336651e+01
8.486795069447350670e+01
8.358449555064218828e+01
8.277976359560184960e+01
8.685433010365385087e+01
8.573148028124229825e+01
8.444405402485746492e+01
8.391205839690000801e+01
8.315743254905568449e+01
8.288359552850427292e+01
8.125392931818097964e+01
8.030820673354654105e+01
7.962394487652825603e+01
7.966204674605096159e+01
7.879528294651179010e+01
7.884407740535037590e+01
7.911359228666189836e+01
7.873787451162293394e+01
7.942346272498977555e+01
7.927223335236146795e+01
7.811327088406210351e+01
7.188185814898555748e+01
7.269037858185811274e+01
7.207896883298299429e+01
7.328551878970928612e+01
7.290775235767479501e+01
7.652578389754964405e+01
7.554328722839647980e+01
7.433560706543788399e+01
7.463532745871154361e+01
7.403984077459202240e+01
7.352589956194202614e+01
7.342210660654477294e+01
7.382368216977599218e+01
7.303969505762067627e+01
7.282632621758681069e+01
7.239662650700952895e+01
7.232859607375483790e+01
7.206443867639671907e+01
7.174236575120242776e+01
7.135726556570267576e+01
6.990439686247157169e+01
6.207114636624253023e+01
6.409770548680214119e+01
6.539707374287129937e+01
6.447592140712029618e+01
6.648546410967463771e+01
6.576806296635398041e+01
6.557196803210693759e+01
6.576367096929870115e+01
6.661695205160135913e+01
6.702306218432214280e+01
6.651725299947871406e+01
6.647207810453114973e+01
6.616529382107142965e+01
6.544893939468303756e+01
6.715741956607362795e+01
6.783989918715701606e+01
6.788662832284009596e+01
6.788739730771578706e+01
6.745308707717208563e+01
6.726031191492853623e+01
5.858968340114854811e+01
5.807837535533549556e+01
6.542780394972358238e+01
6.659992301870875053e+01
6.569254993960217348e+01
6.487667942811266641e+01
6.387240665791789951e+01
6.338609868574386752e+01
6.331093584591221202e+01
6.321917016783904586e+01
6.337356003937424731e+01
6.414597351111625301e+01
6.356796608596324205e+01
6.290150263548745357e+01
6.267199379546431004e+01
6.303168673387089882e+01
6.297176822540766494e+01
6.317408125231624183e+01
6.346884501960997227e+01
6.337181442499398543e+01
6.321113797161351044e+01
6.622508518903173069e+01
5.729383179012909011e+01
5.850558780614218080e+01
5.669636699781131028e+01
5.697204814163107756e+01
5.639994700288066554e+01
5.648307217971103000e+01
5.711086631969869387e+01
5.849740683926054174e+01
5.765537663964048676e+01
5.833013211960725641e+01
5.802883668108307091e+01
5.833871085926519129e+01
5.873137429315860913e+01
5.866618745255869527e+01
5.858251300871415168e+01
5.891296201214741046e+01
5.938083995841926566e+01
5.906129554341320897e+01
5.926460517196664313e+01
5.867502585305782503e+01
7.061072211244359664e+01
6.283124487516808898e+01
5.954603164108318936e+01
6.079907719528093679e+01
6.195035762147888647e+01
6.075664294519741304e+01
6.009969496128169197e+01
6.116700695603459792e+01
5.977282257316478820e+01
5.921739314779854624e+01
5.927641555383102201e+01
5.979323041254432525e+01
5.893184251545400087e+01
5.845526821104252235e+01
5.801546072230989637e+01
5.800713885000271830e+01
5.838155356132430995e+01
5.801719791009481497e+01
5.743380920182087834e+01
5.717586161185390381e+01
5.682821369243094267e+01
4.587549874819784179e+01
5.185711626190517620e+01
4.978033292357325479e+01
4.926642042359299722e+01
5.085456246413784243e+01
4.998475577602221875e+01
5.013206446248812398e+01
5.099773775815226884e+01
5.239888842104388544e+01
5.259247326560716829e+01
5.228079195830610360e+01
5.271111986905214764e+01
5.325693647409270426e+01
5.382093096166585866e+01
5.384501723909763626e+01
5.354382260553180117e+01
5.365880429250410089e+01
5.339594681674051913e+01
5.341218342020798104e+01
5.379948146170172407e+01
5.412042976663310156e+01
6.343176960068987569e+01
5.276429311968832536e+01
5.235196658345108744e+01
5.330137125192618441e+01
5.463864983504412720e+01
5.278311025891222386e+01
5.265382115229743221e+01
5.192091256318298775e+01
5.178199564637364460e+01
5.147039963534088258e+01
5.139678557397448344e+01
5.112306199834537068e+01
5.229448873644980722e+01
5.217008124492637222e+01
5.167872293250674431e+01
5.172173113634933372e+01
5.152945750253277168e+01
5.199405578403118255e+01
5.225454962978960793e+01
5.223462559398097227e+01
5.218679727940887147e+01
5.396377090462058845e+01
5.425094549646290432e+01
5.265245662500057477e+01
5.427156834301421640e+01
5.286993064155417699e+01
5.110833950515144153e+01
5.111065942678137475e+01
5.105690153779350027e+01
5.110113190636530334e+01
5.095845766216289974e+01
5.131672252936399303e+01
5.134593579154680043e+01
5.132372268419332073e+01
5.129177056195240425e+01
5.079495130470750297e+01
5.052758720434667339e+01
5.068175168141890907e+01
5.089110057041699520e+01
5.060444518659989654e+01
5.100040181924633487e+01
5.074922652438794302e+01
