9.967682733060138389e+02
9.922057822635912316e+02
9.877985607623980968e+02
9.829516209800744946e+02
9.782353503434136428e+02
9.731012813997776902e+02
9.675217795355546286e+02
9.615687500027436272e+02
9.552744924893695497e+02
9.483053873214363421e+02
9.412476875764089073e+02
9.335425463771092609e+02
9.242271762806319657e+02
9.138764317524897933e+02
9.028024567415214960e+02
8.910231495055166988e+02
8.779301684889633179e+02
8.652099180979793118e+02
8.520984652869261708e+02
8.394895182216752119e+02
8.298968342571495214e+02
5.888015766497742334e+02
5.869682804971005226e+02
6.080585824970467002e+02
6.080660532684713644e+02
6.077155182597213070e+02
6.092077107120592245e+02
6.134330139269060282e+02
6.140871889634822764e+02
6.146165810098594875e+02
6.161335394758914390e+02
6.151223549747847983e+02
6.157565146928874356e+02
6.136605843381940986e+02
6.119670653008327008e+02
6.122984667848851359e+02
6.124309907207041306e+02
6.120484881163902173e+02
6.118134898212623511e+02
6.123687940189707888e+02
6.131688870410449681e+02
6.145411904297501451e+02
6.060161009294702126e+02
5.924326985063787561e+02
5.922101813447300174e+02
5.947520343614119156e+02
5.963589344818036579e+02
5.937416496510678598e+02
5.916005390177401750e+02
5.920803840726094904e+02
5.902300775772696397e+02
5.911415593213509965e+02
5.903629753716385267e+02
5.906211445263645601e+02
5.905956663556885360e+02
5.914794265309324146e+02
5.920006926677612000e+02
5.914331083496726933e+02
5.914744925812921110e+02
5.914083800713815435e+02
5.907336483883600522e+02
5.888662059348621369e+02
5.878660533394412369e+02
6.178333910624821783e+02
5.921618976487962982e+02
5.710174237868001228e+02
5.667191353319421978e+02
5.708686403309116031e+02
5.688172071593487544e+02
5.641654131354890751e+02
5.664089704829775656e+02
5.628858685780559199e+02
5.628999621221387315e+02
5.597474838291144579e+02
5.591972859719866165e+02
5.581257871054184534e+02
5.583015819690753005e+02
5.545588327963168922e+02
5.538928998216358650e+02
5.521822512856450658e+02
5.517897045651844792e+02
5.497520986277542079e+02
5.474594803249536881e+02
5.450386208895980644e+02
4.773842636347505959e+02
4.960737266486088402e+02
5.109269897241580338e+02
5.105785845702999950e+02
5.074832045797170395e+02
5.009739421774523862e+02
4.986999067064279529e+02
4.965157574080466247e+02
4.993224873084985802e+02
4.959863415654045866e+02
4.941771614518488605e+02
4.892987732822591624e+02
4.875976964225097277e+02
4.853127637085980837e+02
4.834924497598820494e+02
4.824208380071967213e+02
4.800833271128390720e+02
4.775633379418353570e+02
4.752667986633529154e+02
4.707294496962684889e+02
4.687406532698958017e+02
4.046476323852729706e+02
3.870520133466887387e+02
3.956668599968238027e+02
4.041779980163262849e+02
4.002277624468348449e+02
4.005046661849978591e+02
3.983215641391226427e+02
3.941769971778938952e+02
3.918928167953855564e+02
3.920593035723117055e+02
3.885767212623909472e+02
3.857552800054570525e+02
3.818551951782067704e+02
3.796588982142082500e+02
3.753547159612150494e+02
3.750525975544780408e+02
3.725832400614291942e+02
3.698575718390733869e+02
3.687141639981314825e+02
3.676381411609215775e+02
3.651426274274817843e+02
2.728815731412860259e+02
3.044213668786130711e+02
3.059476488202378732e+02
3.073466473742495282e+02
3.046850813199618528e+02
3.003123298945828310e+02
3.011520576184061611e+02
3.008826308440686148e+02
3.024624804969049023e+02
3.002502382143368322e+02
2.963717537968973943e+02
2.963289346585559088e+02
2.954136944063853889e+02
2.930946360188239623e+02
2.902543199798902833e+02
2.882617602812258610e+02
2.854577598333737001e+02
2.832025074501589756e+02
2.808714585210421433e+02
2.795985442073591685e+02
2.777056528763606593e+02
2.462412635219984622e+02
2.391142652132571698e+02
2.370436535449009909e+02
2.400601928746706051e+02
2.404561783315414232e+02
2.322447224681623652e+02
2.278535879617794819e+02
2.275505146938047289e+02
2.317840934479080488e+02
2.309289648336610412e+02
2.329139860876000796e+02
2.322363173696020056e+02
2.314978041116923748e+02
2.373683010382216310e+02
2.365177336139376791e+02
2.365438055047651744e+02
2.356911619139082745e+02
2.350374634311739328e+02
2.342529141730596223e+02
2.344649103022040038e+02
2.325073266721415450e+02
2.092807559213952402e+02
2.003148443445888631e+02
1.958492664006575978e+02
1.961583893653618418e+02
1.950624394683818537e+02
1.931072535061049678e+02
1.941487099837740971e+02
2.002642098297445159e+02
2.010995878704986524e+02
2.057720262818222920e+02
2.117576617926536926e+02
2.114701867357322271e+02
2.111043085951611147e+02
2.123277165425088810e+02
2.118843956266274517e+02
2.113933097801401857e+02
2.117792656956143560e+02
2.107510953313399682e+02
2.117670523662354185e+02
2.108669088004468790e+02
2.105073759742951722e+02
1.857256272233986181e+02
2.115778417220639653e+02
2.127260248180732560e+02
2.104970666403872599e+02
2.073297347154688737e+02
2.048604479634574318e+02
2.055266098393640277e+02
2.067656091704208450e+02
2.049965901721779460e+02
2.014531352565747966e+02
2.012138914915467467e+02
2.000933326123154643e+02
1.992593154716568336e+02
1.976919697506315288e+02
1.981329924159948348e+02
2.000765252964312708e+02
2.015933375104940524e+02
2.016037436414840158e+02
2.003410358095565016e+02
1.992441623947795790e+02
1.986269810314812219e+02
1.572801509181927315e+02
2.215937239258456941e+02
2.011575938680676643e+02
2.007696838564829704e+02
2.010133968925912598e+02
1.937988528165846560e+02
1.968417772951611084e+02
1.938419553201947565e+02
1.909628282400762771e+02
1.898338009216579394e+02
1.924747879436931441e+02
1.905253626001699274e+02
1.882941288226511745e+02
1.858149469527524502e+02
1.854774249712438063e+02
1.911358711306136513e+02
1.900093882518532951e+02
1.892601887675612033e+02
1.888466744167121760e+02
1.884826509247130844e+02
1.877624584180223337e+02
1.814461671109883696e+02
2.067847626667816314e+02
1.888541320160565817e+02
1.814601692425540307e+02
1.784764679421356277e+02
1.755421440438802279e+02
1.763098599047672224e+02
1.745307639134227884e+02
1.767292856510310912e+02
1.750383967727507581e+02
1.739697855540566422e+02
1.742008966655455140e+02
1.760647432861821642e+02
1.769038086063575577e+02
1.762993175797702747e+02
1.756200819816417322e+02
1.747554816825006867e+02
1.764907341687658402e+02
1.767251256616316653e+02
1.753196563157888193e+02
1.744090786815838214e+02
1.899600527996410619e+02
2.221931548819778754e+02
2.067600888806686328e+02
1.982897799615839745e+02
1.925009628506787465e+02
1.865198169780981914e+02
1.834905425121558267e+02
1.814542593947701903e+02
1.813655577295617150e+02
1.817506958006214859e+02
1.826693294169939747e+02
1.809083889945146950e+02
1.790640257251568528e+02
1.776406098197145411e+02
1.751861303007833897e+02
1.734643556208329471e+02
1.729905551145545530e+02
1.708051965825192156e+02
1.746060960669817916e+02
1.734492622820164343e+02
1.730450171960370938e+02
2.033167413000749093e+02
1.748472203416257287e+02
1.716695559026909166e+02
1.721404753901579170e+02
1.657444851066174749e+02
1.624061013694024780e+02
1.644075033269078006e+02
1.628986565305850149e+02
1.630810117659572995e+02
1.610798383838690597e+02
1.605653947551142551e+02
1.619942157294490528e+02
1.613729267645367713e+02
1.613108229242620553e+02
1.614304997283523164e+02
1.619780148646764530e+02
1.613423944928511560e+02
1.612873945124573538e+02
1.622730915390327482e+02
1.639072518380177712e+02
1.641014502077970292e+02
