7.183577442616312965e+02
7.199453068768476669e+02
7.195880120920284071e+02
7.162269342846510654e+02
7.144667999363591662e+02
7.115684834875737579e+02
7.083455799786826219e+02
7.053215360494066317e+02
7.033101329851735954e+02
7.000684412824767833e+02
6.972288661539878376e+02
6.932716313503123047e+02
6.895090517915486998e+02
6.848032042737405618e+02
6.796936828600538547e+02
6.753412545837002199e+02
6.697028738986940652e+02
6.639839754066450723e+02
6.587655036448785495e+02
6.522218246369552617e+02
6.486070653373316190e+02
5.618163462991407187e+02
5.437817568476615406e+02
5.458974278319034283e+02
5.525587697115589663e+02
5.540719427279119600e+02
5.588088210181001614e+02
5.573213554958903160e+02
5.561984724243967548e+02
5.577686449608063413e+02
5.596912628318337966e+02
5.586413978126036000e+02
5.567487248998614859e+02
5.579294853108202688e+02
5.587727647611192197e+02
5.570033593316513816e+02
5.570335551467129562e+02
5.556134167400978185e+02
5.545907680920652183e+02
5.548054212267148841e+02
5.546547316839333917e+02
5.549909931672311814e+02
5.558717812821471398e+02
5.490026453909665634e+02
5.510310147789394932e+02
5.455905499611875484e+02
5.426698061304978182e+02
5.377368756340188156e+02
5.373678124925272641e+02
5.365415953889053071e+02
5.386042828455360905e+02
5.393686954927967463e+02
5.384951381047859513e+02
5.369947141846677141e+02
5.362202381070579804e+02
5.345865411394402145e+02
5.334544751127356221e+02
5.327643039148059643e+02
5.313116451108465981e+02
5.304155702680951663e+02
5.305935209893033289e+02
5.296424715614823526e+02
5.281424944339844387e+02
5.256510305828677474e+02
5.218338344266096556e+02
5.148080563298804009e+02
5.125399673531984490e+02
5.092867962887668227e+02
5.011766392491184092e+02
4.947128399658156468e+02
4.909544818433015507e+02
4.907220122031947653e+02
4.884916077173257349e+02
4.870552788557819781e+02
4.849274848831650502e+02
4.814285422211065111e+02
4.793621425439316113e+02
4.764877952410750481e+02
4.736749305107388182e+02
4.715475912055327967e+02
4.681521514158537229e+02
4.656873791762609471e+02
4.637127765848612739e+02
4.608176370506804460e+02
4.017637724463324957e+02
3.881839110256422032e+02
3.981880739762696635e+02
3.859419066920975183e+02
3.768856670636792501e+02
3.780268658245446431e+02
3.732306837933547854e+02
3.705631404504106854e+02
3.658080960453883677e+02
3.616971732372236374e+02
3.581854794544229890e+02
3.552643999711104925e+02
3.510542090591525834e+02
3.458431105098374019e+02
3.429163667707376248e+02
3.389128826256599041e+02
3.367264438357870517e+02
3.338832401556623495e+02
3.295449321080799905e+02
3.258825611190113136e+02
3.215472357928804854e+02
2.823615556931599713e+02
2.683458450167878482e+02
2.567631481962239377e+02
2.585740367827456225e+02
2.553784900171197876e+02
2.523180159016773985e+02
2.498850822634669271e+02
2.474500458775442837e+02
2.460350999749454672e+02
2.424917453299559895e+02
2.373855646402006130e+02
2.410276233673681361e+02
2.411779796602811246e+02
2.417441368882221013e+02
2.396490510060576185e+02
2.388025050200351131e+02
2.357146512251108277e+02
2.355184464157837851e+02
2.337954657996001799e+02
2.325417920053423586e+02
2.329957123881308689e+02
2.308246931911574507e+02
2.028692215626637108e+02
2.056210112174435096e+02
2.085935507528049584e+02
2.064138391047450227e+02
2.017897880928811389e+02
1.966270443994431218e+02
1.944641858619443440e+02
1.934378744954077831e+02
1.961393105819027767e+02
1.974213220296697386e+02
1.994348000381631323e+02
2.010876496698290055e+02
2.018380153365010585e+02
1.995211805091224733e+02
1.992000765844164221e+02
1.974915509732496446e+02
1.994635433514781937e+02
1.991892889572235674e+02
1.997889362133213353e+02
1.988180714746367812e+02
1.592399329226245186e+02
2.071022557641800290e+02
2.006080958599357587e+02
2.012466795269297393e+02
1.970566862886308286e+02
1.945436062405346149e+02
1.894688648552716188e+02
1.871547541984382690e+02
1.946101134137469444e+02
1.942510754779072499e+02
1.938248205407705882e+02
1.933475262335546176e+02
1.917911760378736119e+02
1.907131757768279670e+02
1.898835157241677223e+02
1.882534154756527869e+02
1.859506666071562790e+02
1.846140294382376794e+02
1.844919874496612238e+02
1.837266884639475109e+02
1.827233227265901405e+02
1.622673040452656892e+02
2.139723106867131150e+02
2.090236466768680827e+02
1.999588939483763568e+02
1.973638854240595322e+02
1.896955875250246208e+02
1.828166757858932101e+02
1.819607370857756905e+02
1.750501693707857385e+02
1.733875030659702929e+02
1.742909756927963656e+02
1.725102636413253379e+02
1.711741337215258625e+02
1.699984999520264921e+02
1.693727330135004365e+02
1.677688753667294179e+02
1.668866389953064129e+02
1.687660627640747464e+02
1.683343827422693550e+02
1.684533115877429736e+02
1.686497342434825271e+02
1.476016164877019605e+02
1.375861869315467914e+02
1.570119474393961809e+02
1.694117298679787780e+02
1.607602580425595704e+02
1.588773038984521975e+02
1.577088273576127051e+02
1.538092810601023928e+02
1.556976313324649368e+02
1.586730042909908320e+02
1.565562141460565613e+02
1.564675078355714106e+02
1.560572676095172255e+02
1.557082372775892622e+02
1.565502347190682713e+02
1.611763643668074906e+02
1.606752300053967417e+02
1.630664743368604661e+02
1.618805795281204212e+02
1.623711745132027318e+02
1.604004441669350172e+02
1.823047842416083881e+02
1.827639365893075762e+02
1.790226196291444012e+02
1.680246845632766792e+02
1.645244599868921682e+02
1.681303391427182987e+02
1.654860118431782325e+02
1.618004372724892903e+02
1.588315427646195701e+02
1.571840706018897436e+02
1.540418138503908665e+02
1.547744174654376934e+02
1.542378627858207096e+02
1.525354524930292541e+02
1.562581884485688590e+02
1.565785223888725284e+02
1.558299953726378249e+02
1.557568126456371829e+02
1.552780658220076475e+02
1.541533952834310526e+02
1.525262526137872499e+02
1.454738929335999842e+02
1.348264908625040732e+02
1.331903673225850753e+02
1.356889405953670575e+02
1.387968213680626377e+02
1.386622663935191895e+02
1.401516033761500353e+02
1.417638742025644660e+02
1.407225652558773561e+02
1.469061419831341198e+02
1.466784708298774262e+02
1.446098743647683875e+02
1.420764125914012652e+02
1.415385026397948991e+02
1.428154202464499178e+02
1.428959419694066924e+02
1.428752786432379480e+02
1.422732808571759904e+02
1.416430275492235751e+02
1.409411206553368459e+02
1.420789752400561099e+02
1.417604579398423539e+02
1.253651991106011536e+02
1.252228390320053819e+02
1.393405598241480163e+02
1.367893292971814390e+02
1.342422819230482958e+02
1.359620542926218150e+02
1.348815563740527352e+02
1.330806130905946247e+02
1.310064168703738687e+02
1.333378654239419632e+02
1.343495799882506390e+02
1.331442116428496831e+02
1.325280506781713825e+02
1.338888968565608764e+02
1.331862529003918496e+02
1.348592822975132606e+02
1.342700008776261882e+02
1.336320237918837108e+02
1.331694149387870141e+02
1.333903277792202289e+02
1.068177511303302794e+02
1.089033276578208245e+02
1.221210649690638093e+02
1.406292826336800488e+02
1.329764173652450552e+02
1.364544855464266675e+02
1.329771597933535361e+02
1.293357557823264585e+02
1.293925987056264830e+02
1.316604870018908571e+02
1.304510545837143809e+02
1.316739461149819874e+02
1.305293161427760253e+02
1.304130345460232832e+02
1.283374771572276813e+02
1.281536675514470858e+02
1.300410912949824365e+02
1.316704345652324548e+02
1.312867600789298024e+02
1.319713091697292100e+02
1.321034760518328426e+02
