9.970373440649882468e+02
9.922977687324206499e+02
9.878555757137436331e+02
9.830710367700002053e+02
9.784066120527409112e+02
9.734018001602200911e+02
9.679189394210370665e+02
9.617563922832880507e+02
9.553036153156656383e+02
9.483707388712784905e+02
9.407168554539852039e+02
9.321458211752524221e+02
9.228695205862783268e+02
9.128394121513862274e+02
9.015089599447486535e+02
8.902772243702487458e+02
8.782037813602561300e+02
8.654733963873646871e+02
8.523424983248908120e+02
8.405954077866643956e+02
8.296601567232992238e+02
6.591511130225519537e+02
6.391503124119353743e+02
6.354833158098655304e+02
6.387680491026675327e+02
6.338230719617620252e+02
6.306031478906887742e+02
6.295615994186435955e+02
6.288072183676893019e+02
6.255763669632019628e+02
6.240097631521296080e+02
6.232669606753051994e+02
6.221503316513374102e+02
6.203511248589954903e+02
6.206978230348005354e+02
6.184756655631808826e+02
6.161918078115991193e+02
6.174818081795600619e+02
6.181455439201524769e+02
6.175762654159167369e+02
6.176443723231944887e+02
6.173364271160644421e+02
6.364982435569206700e+02
6.106656720243253176e+02
6.096114077610964159e+02
6.061052287074425067e+02
5.986210057294013041e+02
5.990594426299912811e+02
6.033711394698200365e+02
6.066593038859209628e+02
6.034984796420679913e+02
6.059884492448123865e+02
6.030596395104881822e+02
6.003622815501990999e+02
5.987719899198167468e+02
5.989121513375739596e+02
5.992932264273399596e+02
6.005231630043111863e+02
5.993608534510059371e+02
5.985619621509270019e+02
5.967756374614360766e+02
5.948916657206328864e+02
5.945986900504540245e+02
5.791570836145239127e+02
5.594246679853266642e+02
5.592357378911322030e+02
5.655633545193564942e+02
5.679253876064723272e+02
5.692819700445779745e+02
5.717391338772109748e+02
5.698242184698519850e+02
5.700307697070363702e+02
5.741383432711439809e+02
5.748618407495603151e+02
5.758632853067989572e+02
5.737484094043130654e+02
5.732173942095242865e+02
5.738441918547551950e+02
5.739263451713360382e+02
5.754970244303933669e+02
5.742522290391484603e+02
5.732443421717500769e+02
5.711053402870641094e+02
5.701108581194519047e+02
5.904299378347473066e+02
5.612730263863053324e+02
5.508948534406181352e+02
5.544613540102390061e+02
5.520322843203740604e+02
5.491785818134023884e+02
5.461726168739488685e+02
5.453740553219762432e+02
5.457185298500401132e+02
5.449346966179389256e+02
5.425241180166174217e+02
5.407191165581067480e+02
5.406501762112430924e+02
5.397200411331558598e+02
5.416589854690510037e+02
5.413282079133475690e+02
5.399635208471153192e+02
5.397502020912138505e+02
5.388728749992317262e+02
5.373781439159052979e+02
5.361859547132767148e+02
5.447113349028968514e+02
4.955175311020120716e+02
4.996732520626075598e+02
5.012533014329391108e+02
5.067062953616676850e+02
5.100895938240237797e+02
5.099247526647840232e+02
5.083623941029894695e+02
5.060109712088840865e+02
5.048835644916140382e+02
5.067951633456860350e+02
5.063017442929890422e+02
5.062674048128688469e+02
5.054007551035573442e+02
5.051825026293705037e+02
5.037255766062135649e+02
5.027450462018232429e+02
5.016218675647805867e+02
5.006444321897616874e+02
4.996376721326209918e+02
4.984995234271327718e+02
4.723540579950407050e+02
4.945218076415499695e+02
4.900747037621360391e+02
4.795960311024842326e+02
4.750311960510466633e+02
4.726955793867780926e+02
4.641772002809533433e+02
4.602436887934923675e+02
4.603564889411928789e+02
4.570681587245603623e+02
4.551570350166122125e+02
4.577684862009454605e+02
4.586256815735999339e+02
4.591030053779032869e+02
4.615146288240575814e+02
4.605309260080674676e+02
4.602166755935230071e+02
4.583251830855716662e+02
4.568835741192493174e+02
4.570842523233682186e+02
4.555514741849496545e+02
4.381112886167839520e+02
4.483530920675766538e+02
4.443477793847781641e+02
4.395807410399302171e+02
4.374137253354145400e+02
4.372449826497178833e+02
4.335736220770345994e+02
4.325363064042911105e+02
4.314779313741330498e+02
4.320513642708954762e+02
4.297428337455848464e+02
4.298418754176379366e+02
4.272159465842869395e+02
4.243143543854392874e+02
4.229561142231553390e+02
4.235355828726210348e+02
4.220685352955376857e+02
4.198953834196733510e+02
4.179873460322203300e+02
4.179812232668265324e+02
4.177289987076180182e+02
3.970340466218694360e+02
3.956929822842450903e+02
3.977533400138539150e+02
3.989884689021827739e+02
3.982034341960020356e+02
3.912270357265892358e+02
3.939599753708304206e+02
3.889476786394684495e+02
3.903993762208189651e+02
3.933250260941330225e+02
3.913801851668590075e+02
3.927258457688265025e+02
3.932965821713212335e+02
3.927942093862078536e+02
3.913732972618969370e+02
3.898921607753345597e+02
3.878632422221880915e+02
3.867852333259978650e+02
3.865077005491511954e+02
3.850744816158545518e+02
3.848057380064668109e+02
3.562995489438594632e+02
3.740887565770977403e+02
3.787030578436241512e+02
3.739495940299909762e+02
3.700197068200687340e+02
3.676843772901042939e+02
3.670782821420741584e+02
3.657067370026421145e+02
3.620113787839205202e+02
3.638220186612787188e+02
3.636095144085837205e+02
3.643982928561347876e+02
3.633027344462101382e+02
3.610750815432639911e+02
3.613535585193931183e+02
3.609913477660417129e+02
3.597920847914222122e+02
3.595122369265587849e+02
3.596859029744949225e+02
3.590813284214829650e+02
3.586647154105093591e+02
3.134959855850482882e+02
3.182276730053560527e+02
3.241422604215013052e+02
3.318524021499999321e+02
3.375120264981302398e+02
3.358702927799493523e+02
3.393321910580514214e+02
3.386071363915120287e+02
3.409212654452753100e+02
3.425452204557410596e+02
3.422847129896623528e+02
3.424718526969447794e+02
3.423018954664854050e+02
3.422545653397593810e+02
3.410255315857866663e+02
3.400462958407365477e+02
3.397546787111272124e+02
3.392217366203566939e+02
3.391749672355808229e+02
3.388749478744687167e+02
3.389246481101575341e+02
3.241020589065427089e+02
3.354966796644366127e+02
3.220456844604688058e+02
3.217592837289390104e+02
3.227203609873504888e+02
3.255112017604895414e+02
3.254054338593001603e+02
3.289596007115144971e+02
3.278226589065807843e+02
3.263189715361036747e+02
3.276876225276369610e+02
3.284004660070303885e+02
3.272750232319232282e+02
3.269198374271349508e+02
3.264147358289431509e+02
3.274977358991463916e+02
3.252578170154789632e+02
3.241453564541166656e+02
3.234762181543329120e+02
3.233058110264693710e+02
3.232394035539210222e+02
3.457000441595870370e+02
3.086857144097521086e+02
3.182807059509738110e+02
3.187791619448674396e+02
3.205935695239514871e+02
3.180879901521723809e+02
3.165322609469476447e+02
3.135087831087952850e+02
3.146658558751596502e+02
3.149831671974481537e+02
3.168208972303237374e+02
3.167469416811968017e+02
3.156068820435681914e+02
3.149361526734249423e+02
3.152674715110153443e+02
3.140817558572592247e+02
3.143797705954956996e+02
3.122062528475303225e+02
3.130217690064884550e+02
3.141825695021469187e+02
3.133426751916896364e+02
3.119465404160741286e+02
3.060801392075936178e+02
3.026239677350031911e+02
3.041550575611460090e+02
3.087098878975977527e+02
3.096172807060921741e+02
3.097114196860306379e+02
3.075002477661485614e+02
3.066456666952099113e+02
3.069908764471998666e+02
3.073614133890820881e+02
3.072462252045616538e+02
3.065324234702187596e+02
3.079747808668446396e+02
3.071388247701943328e+02
3.068088069213258677e+02
3.064369394185085866e+02
3.060565448725094484e+02
3.037882588164564481e+02
3.041164208118405554e+02
3.040512322466206570e+02
3.130493613124901913e+02
3.091050081590469745e+02
3.135764424086054305e+02
3.114378262808533009e+02
3.048108492123149631e+02
3.033286173523975435e+02
3.032637752103674984e+02
3.027184959604321079e+02
3.048234558407357895e+02
3.039399186919313252e+02
3.021396241879089075e+02
3.016212285930953385e+02
3.004375044108521706e+02
2.996613534405612427e+02
2.989705951050633530e+02
2.991842595822233761e+02
3.009583715058383859e+02
2.996899072780092297e+02
2.992827004652925780e+02
2.989114834590011469e+02
2.982338535293936275e+02
3.262050960169634095e+02
2.897332378586796722e+02
2.862821415498428337e+02
2.974068328842820961e+02
2.957978717133573241e+02
3.002316458680890605e+02
2.986266730546061012e+02
2.948484481901127765e+02
2.944304622528499635e+02
2.973663606934556469e+02
2.989415048902715739e+02
3.000840083083422769e+02
2.968836861369277358e+02
2.985480610460083994e+02
2.980604624173581669e+02
2.967746655793608852e+02
2.953475136113394228e+02
2.956301120297493981e+02
2.947901976055156297e+02
2.943982390763090393e+02
2.940150294877361148e+02
2.668334696072091106e+02
2.795527515493523651e+02
2.811267239810733827e+02
2.764855305611092149e+02
2.785689537661374402e+02
2.815458380283205884e+02
2.779788004883727126e+02
2.785666472324106167e+02
2.804488586402668489e+02
2.838355629223786991e+02
2.838914489491862696e+02
2.845484359336011835e+02
2.874253718341893773e+02
2.885878768233511096e+02
2.895959388260598075e+02
2.904983899790098008e+02
2.902062024262951923e+02
2.896210118902613431e+02
2.897480695147201004e+02
2.911049068404680611e+02
2.910199923683164798e+02
2.992452215565940037e+02
2.833577191788237997e+02
2.803753253742804077e+02
2.838036297470552540e+02
2.798499154643702127e+02
2.832162191861187353e+02
2.830515072040163318e+02
2.827466735196225613e+02
2.840758270517692949e+02
2.827025982286704675e+02
2.831916928321398927e+02
2.835826562319826962e+02
2.866116215908948561e+02
2.860565226341018388e+02
2.861419414508542900e+02
2.855039057043500748e+02
2.845215310149086463e+02
2.860030068112907315e+02
2.863330636538489671e+02
2.884179126666090838e+02
2.877406086037736372e+02
2.792573628511904644e+02
2.740842001149154044e+02
2.694865064536066370e+02
2.657207369922450084e+02
2.690563847978651211e+02
2.785250346897657892e+02
2.782223497912859216e+02
2.798331819716735822e+02
2.790162472129551929e+02
2.790475702057036074e+02
2.791506140557287949e+02
2.790368027054873323e+02
2.821465043699673743e+02
2.839157220860046777e+02
2.840794522901607593e+02
2.844533054136549026e+02
2.849007070569405187e+02
2.849975922003212645e+02
2.852952886512122745e+02
2.844786870921460604e+02
2.846818627502811978e+02
3.088178225094610525e+02
2.952691319638472578e+02
2.903015487150668719e+02
2.907613251988428829e+02
2.895157440753930018e+02
2.861045390881564572e+02
2.861266875512964702e+02
2.841774066284568221e+02
2.838248757284065391e+02
2.845445453981643027e+02
2.856040034615360810e+02
2.861772226002605635e+02
2.854871055654683119e+02
2.859005374654084335e+02
2.843897851692840959e+02
2.843965339799559047e+02
2.839343644007554417e+02
2.851608240474634499e+02
2.842376937232868954e+02
2.849062189060620085e+02
2.847688032611462745e+02
2.562822186625592735e+02
2.775925610677826967e+02
2.809566534979468884e+02
2.872246959158743493e+02
2.823408662946218328e+02
2.821822234137185887e+02
2.837368429037576902e+02
2.804143375341850515e+02
2.802469728035675871e+02
2.797257845042329905e+02
2.788951747014995135e+02
2.791636045818492562e+02
2.796001938372738209e+02
2.799114224070990531e+02
2.788751059493292246e+02
2.787510690026319935e+02
2.791537751472671971e+02
2.803085826522271304e+02
2.799128746239027237e+02
2.808583188567075695e+02
2.820843101179367522e+02
2.792058861456684440e+02
2.827959810240192837e+02
2.841189056101756023e+02
2.884230262314233073e+02
2.854465937582033916e+02
2.845429544481290236e+02
2.811766395328875205e+02
2.815851148118189258e+02
2.806441001338421302e+02
2.796544244988838841e+02
2.815996182176407956e+02
2.805351493442951210e+02
2.805168383790888811e+02
2.818349878545190563e+02
2.811534439514147152e+02
2.806930811235159808e+02
2.802588083748824488e+02
2.808581415512651347e+02
2.822299074384662276e+02
2.824183179481689763e+02
2.819910837732839468e+02
2.878227881686715932e+02
2.690349495685616148e+02
2.698103888237536694e+02
2.732490323523275606e+02
2.769110390421263332e+02
2.765473522332265475e+02
2.794494017505443821e+02
2.793775285463623277e+02
2.795925024243761641e+02
2.802870241861947989e+02
2.817328110844138109e+02
2.824701307436876050e+02
2.816489754537579415e+02
2.817882981797606590e+02
2.809430255399751672e+02
2.803595184681765318e+02
2.810356279384019444e+02
2.810150387900676492e+02
2.810863307840820084e+02
2.811884443771951396e+02
2.816538802523543268e+02
2.857703387812199480e+02
2.955396995169050456e+02
2.832311428576335857e+02
2.922955401036944068e+02
2.916502581313378641e+02
2.916182143047544741e+02
2.905551663699561118e+02
2.899085443150198103e+02
2.867524818902356287e+02
2.859304548439875475e+02
2.849616700070012598e+02
2.845364254169919036e+02
2.840534642388474253e+02
2.835666941133026739e+02
2.842679955541356094e+02
2.837077149566790126e+02
2.825990345624634870e+02
2.828046102527017069e+02
2.827272695769465827e+02
2.822253532010866479e+02
2.814161310345028824e+02
3.123830357635080190e+02
2.957631832407917045e+02
2.869464940614012676e+02
2.885415777533154369e+02
2.836273194419813990e+02
2.839738077039677933e+02
2.844919294120170434e+02
2.829234535088187954e+02
2.817839130609797849e+02
2.793854024653781494e+02
2.778683203237241628e+02
2.762326819125377142e+02
2.772604139050827143e+02
2.760220231158322690e+02
2.774872433312377211e+02
2.779414957370109391e+02
2.795361063993362336e+02
2.801702645889143355e+02
2.802016184414401891e+02
2.804899358120309216e+02
2.795292458932007094e+02
2.577735016191359136e+02
2.781300056083379104e+02
2.772809879629687657e+02
2.827834044180752358e+02
2.807031975489437059e+02
2.776445183783964126e+02
2.799480770385687833e+02
2.822704059692671876e+02
2.798165669649847587e+02
2.780470994351599643e+02
2.781096404794536170e+02
2.764977177710322280e+02
2.764827809771301759e+02
2.765953095546621512e+02
2.783436139256765500e+02
2.789813367705125415e+02
2.785680784329825315e+02
2.798857985341296626e+02
2.787718189767624608e+02
2.786259455950257120e+02
2.787469325367418946e+02
3.063947096491979778e+02
2.791927264108235818e+02
2.825144366566751160e+02
2.833180774260190447e+02
2.833062721749955131e+02
2.794450597117323696e+02
2.811879762637732938e+02
2.797254242928748909e+02
2.816163650530048699e+02
2.806600798229288216e+02
2.803330630592722059e+02
2.797984923041382217e+02
2.789969624014864849e+02
2.793221659407964239e+02
2.798743964713445393e+02
2.797229947019066572e+02
2.798330806657748440e+02
2.812291291004955269e+02
2.810108176389900336e+02
2.789245728283269727e+02
2.791840261362618776e+02
2.752402070578207258e+02
2.942930420136268594e+02
2.808293021164715242e+02
2.777046150335670518e+02
2.779365693715467387e+02
2.785096798753183407e+02
2.791911466381682203e+02
2.800533111916284952e+02
2.802999136055710778e+02
2.790533945153376862e+02
2.804447091058900696e+02
2.801235858571279778e+02
2.809358454352537819e+02
2.788595892362464497e+02
2.793341648924966307e+02
2.792995133241523718e+02
2.798123916264214586e+02
2.793683440211611924e+02
2.794407352388987533e+02
2.793333510406096138e+02
2.788545883795537179e+02
