1.723980315182151344e+02
1.709584478427905765e+02
1.696527781418433278e+02
1.682968125519914224e+02
1.668422332263635610e+02
1.654459968349345331e+02
1.638539763439242449e+02
1.622502492318273255e+02
1.604246792603367737e+02
1.584439549603934267e+02
1.563123017345589005e+02
1.539025593401531466e+02
1.513047805104815495e+02
1.488048464348599111e+02
1.459118979393248026e+02
1.428370347249652070e+02
1.401904552287823265e+02
1.374510217263074878e+02
1.349461807948037517e+02
1.325606385185627687e+02
1.301632383048788881e+02
9.431540895542515557e+01
1.017940761232358255e+02
9.836944288115410018e+01
9.816843259463541926e+01
9.614281288203541465e+01
9.491238632746494375e+01
9.371583367879122761e+01
9.352615702807553077e+01
9.275774617082829820e+01
9.271536196752906278e+01
9.245016599463437501e+01
9.206740213393133843e+01
9.198567285212166666e+01
9.189782823885930441e+01
9.177270068406660641e+01
9.162534599472657248e+01
9.113691127258466906e+01
9.098745185873843866e+01
9.072100106452244006e+01
9.059321765004743554e+01
9.034986590898178349e+01
9.458576490554824545e+01
9.185933907547558874e+01
9.310162982108148810e+01
9.014437819358589365e+01
8.918763168253848050e+01
8.937227218248291649e+01
8.874466485861249510e+01
8.832696818265677052e+01
8.736588417423850217e+01
8.709532311510771763e+01
8.680272442599596161e+01
8.689136545540655732e+01
8.697022821947085447e+01
8.739942897266885780e+01
8.744106883872126446e+01
8.735788763795150658e+01
8.766734298774098022e+01
8.723541161920962850e+01
8.698759561848130772e+01
8.673884991913102738e+01
8.661442860223185392e+01
9.391740392726923403e+01
8.708848512098381889e+01
8.656129972967802644e+01
8.504761509491900995e+01
8.556106641415924230e+01
8.566342717214300251e+01
8.506572979087242459e+01
8.463224340099408494e+01
8.409879274817318162e+01
8.370472580566614340e+01
8.311902335949869780e+01
8.294815135134741979e+01
8.279055276853046053e+01
8.310236877585155923e+01
8.299160787489192614e+01
8.319509818264977241e+01
8.315313930264797193e+01
8.309023918544420440e+01
8.287248463881891780e+01
8.257595179414521169e+01
8.241753075459088507e+01
8.216817611858134285e+01
8.296601099117104638e+01
7.998387081391159370e+01
8.014141353299490333e+01
7.875129109411331285e+01
7.829679057360809225e+01
7.841826261167736334e+01
7.941915128476202312e+01
7.938125879235040827e+01
7.884303574742342846e+01
7.873284888160570461e+01
7.881108487187231049e+01
7.858776012697185820e+01
7.807693662604101803e+01
7.784529530684342546e+01
7.752104840176770040e+01
7.737159330191121853e+01
7.742414913248728681e+01
7.733492421966037966e+01
7.710744209358016121e+01
7.707872239142341186e+01
7.399633714351952563e+01
7.464867762167874332e+01
7.634914134445750733e+01
7.476764037723852141e+01
7.412822192943319521e+01
7.431701671526339226e+01
7.388159792201666676e+01
7.297812838733288743e+01
7.241638959015044463e+01
7.286537985144263985e+01
7.277955947295154715e+01
7.231033120463412445e+01
7.203052489734251651e+01
7.201528371587016863e+01
7.161248331682124046e+01
7.137128222564015800e+01
7.113656776975632567e+01
7.109178837659568728e+01
7.080546844034984133e+01
7.064047111026771120e+01
7.073336923785925023e+01
6.823469273580727190e+01
6.402427986010485483e+01
6.516677102105252573e+01
6.572947170596745536e+01
6.604954417644773912e+01
6.574996912385283565e+01
6.607348196117618500e+01
6.629271002185660677e+01
6.609148632956213021e+01
6.566306574361388471e+01
6.553677839194051558e+01
6.606761201123129013e+01
6.601696289717000354e+01
6.586205970774268792e+01
6.570350572809699941e+01
6.573996755395560854e+01
6.523897099729509819e+01
6.474080714166746020e+01
6.437325505482296251e+01
6.474246270134457859e+01
6.431937869004718777e+01
5.740434905119448672e+01
6.030815619427793450e+01
5.902266827214698708e+01
5.858414753378698947e+01
5.958391784881970210e+01
5.964032984288071759e+01
6.040934498845034284e+01
6.053143689153422713e+01
6.036173498407003990e+01
5.979300251707956448e+01
5.951967795329437649e+01
5.951936949771351237e+01
5.950747775556630614e+01
5.963290048067306515e+01
5.945106930078439689e+01
5.934920390415803837e+01
5.915864983609297667e+01
5.908442787225578030e+01
5.895113064781619272e+01
5.859792478292472140e+01
5.834023933690304631e+01
5.427000397922024888e+01
5.378470391864733102e+01
5.424896164905761964e+01
5.408710931531974353e+01
5.535160557852397289e+01
5.541099121386409365e+01
5.494094011050559345e+01
5.471819726352225643e+01
5.463040849507519425e+01
5.458712268614274166e+01
5.416308895202570994e+01
5.433017425104081610e+01
5.453945874633561175e+01
5.404064558213263325e+01
5.420655372125261806e+01
5.407032915285884656e+01
5.372124681747501995e+01
5.361714302484513439e+01
5.342127660828275282e+01
5.337265600396776932e+01
5.329082162684787249e+01
5.352400508651051325e+01
5.337843914161646097e+01
5.255946894362477195e+01
5.044504835812110599e+01
5.028165866927675154e+01
5.042026903134516402e+01
5.028777008097326018e+01
5.080374317740303525e+01
5.107416021907174297e+01
5.094216911834288908e+01
5.106669159898983423e+01
5.061828818834577959e+01
5.051474130181107824e+01
5.055054042187686036e+01
5.018848476815519888e+01
5.020910792708968273e+01
5.017030936305692279e+01
4.976323107678990709e+01
4.945831329236006013e+01
4.953034066430670634e+01
4.928519467603233295e+01
4.959540041944212874e+01
4.900728723173865831e+01
4.766484878431501215e+01
4.732203417617691343e+01
4.746308687485127820e+01
4.723618246032922485e+01
4.748971171954499226e+01
4.740375697610808459e+01
4.746192993361739809e+01
4.755782318587548474e+01
4.733991231025508739e+01
4.721817310266879275e+01
4.701448792402788968e+01
4.695891920706078082e+01
4.696144638173520036e+01
4.697891832678364210e+01
4.702509428594674290e+01
4.686473147534800177e+01
4.645460197836843719e+01
4.628665323467674853e+01
4.619158113090961848e+01
4.285270201877649754e+01
4.270571610188383715e+01
4.219843781861872145e+01
4.195223932104527620e+01
4.194332951299446677e+01
4.319946184701557002e+01
4.376629209834481316e+01
4.416617297107962514e+01
4.400953379601050841e+01
4.379552579899186071e+01
4.401515751106904872e+01
4.425789160656219678e+01
4.391008149680278194e+01
4.366133212342335668e+01
4.376802993472136194e+01
4.365122860707877095e+01
4.375688825070194810e+01
4.389761709110940302e+01
4.410501030916158527e+01
4.404619938159698478e+01
4.385346268279796078e+01
4.119162524309741258e+01
4.381144159413020134e+01
4.228703615713230590e+01
4.192953302945143434e+01
4.284291183173260009e+01
4.238970573206659509e+01
4.291333170864954383e+01
4.332076915571337850e+01
4.333687010962864861e+01
4.323971781775975387e+01
4.308667057995332783e+01
4.315729945491251840e+01
4.282536578933469684e+01
4.289510671284030963e+01
4.256164646936950646e+01
4.247657843191013427e+01
4.234068717757390488e+01
4.241041256873493381e+01
4.237401517742206636e+01
4.227992654907044567e+01
4.217916146404495947e+01
