1.723152581517262831e+02
1.708910597877950295e+02
1.695724757501476745e+02
1.681477582168988931e+02
1.666936874872343139e+02
1.652280223058985200e+02
1.637235069326654013e+02
1.620392766249273677e+02
1.602317197686147381e+02
1.581551762191469095e+02
1.560937610280839181e+02
1.538568108387520397e+02
1.513485538018592536e+02
1.486832920704129322e+02
1.460161597305907435e+02
1.431018580151566084e+02
1.404202590415802092e+02
1.376130745807491564e+02
1.354712207195374845e+02
1.334210498095668527e+02
1.318418650152927682e+02
8.676433651550716775e+01
8.722829483673753259e+01
9.180604513749860018e+01
9.240511945782252212e+01
9.072221882560246797e+01
9.049330093956082521e+01
8.950923081539764325e+01
8.927163707448389118e+01
9.005424929068550455e+01
9.067844021736763693e+01
9.127390665777664935e+01
9.131381978911691988e+01
9.072129844988010916e+01
9.069352277794928341e+01
9.000372402812469375e+01
9.024191131714361802e+01
9.005069103982032175e+01
9.021728930083187947e+01
8.998675369346973696e+01
9.011265207863004889e+01
8.965619913726069967e+01
9.265101296894104621e+01
8.530357650822732296e+01
8.544834875680008679e+01
8.565696067822148052e+01
8.668780651258528280e+01
8.717925294622122578e+01
8.791663508933096693e+01
8.769341405688996360e+01
8.731219007892221384e+01
8.669780289284506125e+01
8.672548404375646669e+01
8.635024342631524519e+01
8.660737971229843879e+01
8.657911960450574895e+01
8.626013507518884182e+01
8.622751541851668833e+01
8.608813286757543892e+01
8.579236205969374396e+01
8.586284784452985264e+01
8.540779752900007793e+01
8.527933614666490314e+01
7.805475286373307142e+01
7.964099912695851913e+01
7.887906702559426719e+01
7.943738020463997884e+01
7.962635484278555964e+01
7.950839942362880208e+01
8.034349136413395343e+01
8.056339338224370294e+01
8.013219117673601488e+01
8.022079810945334089e+01
8.006823045439156772e+01
7.975320261913314823e+01
7.971422440810027865e+01
7.975546004903840469e+01
7.964539044770344844e+01
7.947051953055201068e+01
7.883224739035419759e+01
7.864968339476317283e+01
7.839178889395448380e+01
7.809333778939324588e+01
7.779991309326877058e+01
8.021229010576504947e+01
7.623639004633244554e+01
7.539544813203173135e+01
7.358180756527983135e+01
7.286023666137488419e+01
7.242859659709908726e+01
7.184761831405317878e+01
7.079363666376369224e+01
7.013126725380415394e+01
7.010249916213300025e+01
6.947286066669104798e+01
6.902956082962444384e+01
6.880294892123664852e+01
6.869178977467780101e+01
6.853862712818801128e+01
6.813678884562384042e+01
6.748402230434939497e+01
6.713274056054531513e+01
6.667829064528893923e+01
6.638479332124225607e+01
6.584901953793209373e+01
6.009752799983793636e+01
5.306218027408239379e+01
5.323112611203186617e+01
5.433054857406202132e+01
5.517074534143707609e+01
5.576741643124111647e+01
5.523743808194588212e+01
5.501948357853348170e+01
5.505447531761446811e+01
5.455724877719607235e+01
5.450355591362819041e+01
5.397292987580163981e+01
5.382824688261850810e+01
5.361437152111356852e+01
5.327187542337490811e+01
5.264825252103958064e+01
5.208845290936293537e+01
5.161402906955401448e+01
5.121162143945420553e+01
5.067903945643330843e+01
5.025759937819141498e+01
4.339539553650764248e+01
4.386055229886188300e+01
4.512388569306492769e+01
4.389013975315766203e+01
4.377175956569469406e+01
4.264821286883543650e+01
4.215919223283956541e+01
4.238693744431868282e+01
4.204968748827629099e+01
4.157733026972594814e+01
4.083269579452214515e+01
4.064829661116456805e+01
3.996288952180383092e+01
3.955953582543570946e+01
3.937041419495645300e+01
3.884681310373889573e+01
3.858894533728685872e+01
3.830849906795494775e+01
3.781962469000279015e+01
3.755550891544434933e+01
3.720790636723911149e+01
2.942646982639513453e+01
3.392280953977962099e+01
3.256186163115551579e+01
3.184466252400956421e+01
3.167279757834091214e+01
3.154704432786600421e+01
3.100772701564189404e+01
3.117077117044466661e+01
3.094529436863276928e+01
3.042555463080021738e+01
3.049909086059259877e+01
3.033183337608347685e+01
3.014565230965325071e+01
3.032943180815464146e+01
3.024723586020032684e+01
3.007337200995033655e+01
2.975565993392884323e+01
2.974912623931834688e+01
2.959046949498245382e+01
2.933988548469236690e+01
2.916063893376422556e+01
2.606802283160001110e+01
2.458812916312061603e+01
2.607430675022114386e+01
2.515522132111375342e+01
2.614281057802082842e+01
2.645486361597997060e+01
2.632827305040372323e+01
2.645758104999227101e+01
2.583497179677738131e+01
2.634869262468488671e+01
2.616582917021698762e+01
2.581698151233065630e+01
2.559404678958465951e+01
2.551417311535860932e+01
2.546494036637835379e+01
2.567479352494967770e+01
2.555117778819911223e+01
2.532821316486045760e+01
2.520996005653525174e+01
2.504432679293210740e+01
2.500587767426366526e+01
2.231110097241343482e+01
2.308371298928453186e+01
2.287070498695576148e+01
2.315262975770064102e+01
2.305669975786605619e+01
2.315776957168800720e+01
2.288109585508595245e+01
2.302092891708531397e+01
2.288209322244802024e+01
2.288081913686888313e+01
2.287372920467634430e+01
2.269947307450928875e+01
2.241596012626719769e+01
2.229772937023311385e+01
2.213063461462391501e+01
2.225106102065567626e+01
2.204055386275060613e+01
2.187573322689251754e+01
2.206905092457057549e+01
2.207706932276306588e+01
2.214332803075019385e+01
2.105106845001759197e+01
2.062984998905685430e+01
2.101781740035182722e+01
2.138876287622777284e+01
2.216195447017834042e+01
2.142078105172560853e+01
2.086916111043877819e+01
2.076767265293736742e+01
2.088861879257158449e+01
2.088135162518065258e+01
2.084946650093154830e+01
2.085659751479839841e+01
2.077235637233126297e+01
2.079565987065253907e+01
2.073492193743574674e+01
2.077787598041343742e+01
2.063776326062190947e+01
2.055010371983871309e+01
2.042691477445282899e+01
2.045451050744051003e+01
2.058813966138426821e+01
2.036739580459252608e+01
1.784347122002794706e+01
1.861194074558759581e+01
1.820904389638164034e+01
1.889841196796879785e+01
1.852140538998727237e+01
1.835078694734365001e+01
1.792189113604395700e+01
1.803785906057973065e+01
1.817411906723294379e+01
1.823252336624305414e+01
1.836992581994323714e+01
1.857085783943876223e+01
1.854641109649003994e+01
1.861192482690966088e+01
1.888878062856606377e+01
1.892548714865851878e+01
1.876952760202572179e+01
1.884022470177238517e+01
1.887928391177245757e+01
1.879455785628076114e+01
1.970017934058788001e+01
1.873754453422108313e+01
1.841120472419983756e+01
1.782321888863233283e+01
1.766231047078131411e+01
1.720048233814926775e+01
1.720183640141876680e+01
1.765267708208559938e+01
1.737019811583667561e+01
1.709964812552803792e+01
1.729181438449642272e+01
1.748969848618208545e+01
1.758430241971962005e+01
1.758291690781992500e+01
1.767464007366658763e+01
1.762431296644501089e+01
1.765740631546683304e+01
1.762916111076069825e+01
1.769552006671887767e+01
1.769121498226889955e+01
1.785748614877704554e+01
2.006933591924758886e+01
1.853579308377109669e+01
1.863251639697174511e+01
1.813901912454350551e+01
1.802310949873997359e+01
1.780660855583514746e+01
1.775636776708186559e+01
1.800130560426540072e+01
1.808874679975003019e+01
1.823416335054903925e+01
1.772116970306356976e+01
1.732181493261212424e+01
1.732126673050536425e+01
1.717565242223068367e+01
1.733709576019910159e+01
1.729321208256462938e+01
1.706034275106916809e+01
1.703699770344991649e+01
1.706165265553525856e+01
1.726395414814083651e+01
1.721029236719592248e+01
1.210394725496370683e+01
1.499261835972734325e+01
1.527562469738379214e+01
1.605496317037293608e+01
1.631190713819830052e+01
1.623336123728745406e+01
1.606256240501895860e+01
1.625081573309188343e+01
1.658630135209462253e+01
1.639837240379369021e+01
1.619557836031364317e+01
1.624174426832652074e+01
1.621561425651455934e+01
1.639927621524249091e+01
1.624261099050681523e+01
1.622744959883716476e+01
1.625884377363012945e+01
1.630016000505060703e+01
1.642626698247407191e+01
1.654310191717371481e+01
1.639353510260272628e+01
1.469887635374839796e+01
1.672917480214972485e+01
1.664473427459470045e+01
1.627234034273410401e+01
1.681766001570052183e+01
1.670223207453749836e+01
1.634881866779923953e+01
1.604681912566121582e+01
1.604978845666764187e+01
1.604129665531010929e+01
1.610533519320843254e+01
1.590490635066471015e+01
1.580735326552406939e+01
1.578065954056538978e+01
1.566814705791171036e+01
1.564443325140550733e+01
1.560519589800392026e+01
1.549141279217371903e+01
1.531227569391718113e+01
1.522386623435513187e+01
1.551797672388122251e+01
1.667992647113786475e+01
1.560932194937125850e+01
1.567298757108392238e+01
1.590275660121959689e+01
1.599022095175117286e+01
1.552073134517382158e+01
1.569486365564208441e+01
1.542924557724654377e+01
1.505136022897439574e+01
1.498288705653571107e+01
1.476863969091306927e+01
1.492296973165973029e+01
1.475740694788754936e+01
1.486755494015929102e+01
1.467150503497039793e+01
1.468218301703871909e+01
1.465739720926614353e+01
1.490892457213650246e+01
1.506578373996969411e+01
1.522175783099049085e+01
1.520525164712593558e+01
1.537842052453328634e+01
1.614425061524996607e+01
1.587852125187931840e+01
1.530425480519652481e+01
1.502014105372863284e+01
1.509077881359321438e+01
1.524430361984600069e+01
1.541982448000464778e+01
1.519151571099540732e+01
1.499161290405430869e+01
1.502798272937355861e+01
1.515842877999940086e+01
1.496482845563160247e+01
1.498108628927486130e+01
1.494766637339652249e+01
1.484875423248164772e+01
1.472169446398117643e+01
1.468218443352669134e+01
1.453831568404535979e+01
1.463582420021399066e+01
1.473730926834273092e+01
1.556513899822454583e+01
1.466494855482742921e+01
1.495957750191798574e+01
1.467814168006333020e+01
1.498144411223853290e+01
1.479553797652347846e+01
1.477198901252731567e+01
1.482546571056323792e+01
1.436969126494627425e+01
1.438414612136410753e+01
1.455296025167789509e+01
1.469262394743943467e+01
1.446204982337570577e+01
1.428934827731808177e+01
1.426744480013816663e+01
1.425905306694976460e+01
1.427433414659298982e+01
1.426689755845536389e+01
1.427344077740327677e+01
1.422179855136136339e+01
1.430300925402649881e+01
1.029665225002039719e+01
1.251215523676971308e+01
1.416928582925068980e+01
1.475293093545617573e+01
1.497007586033115878e+01
1.468509745223979834e+01
1.461797504602095543e+01
1.475199981242746539e+01
1.506258888568538445e+01
1.496823888921562684e+01
1.466702430679894675e+01
1.456169694433704898e+01
1.451279270807189192e+01
1.439785677999922520e+01
1.434348061735454571e+01
1.443035746964320865e+01
1.435708973632106300e+01
1.441150891785259347e+01
1.431954884575601206e+01
1.412718521133193939e+01
1.418592726953942140e+01
1.595458975079274566e+01
1.506544274719308874e+01
1.457054427951757702e+01
1.534296912664863832e+01
1.495224269542819151e+01
1.506622219082476377e+01
1.490480558053661042e+01
1.468423743828186545e+01
1.434778313690624785e+01
1.435004050652367624e+01
1.453922795578403893e+01
1.432612928673972696e+01
1.422747380541155771e+01
1.412567043182123605e+01
1.409220119122362647e+01
1.408168248258965249e+01
1.419460294740167150e+01
1.415324940448467217e+01
1.400855552975458451e+01
1.400617655436558806e+01
1.403585606250853246e+01
1.750889088173512675e+01
1.316839927625574447e+01
1.329350687929133379e+01
1.296974034152758470e+01
1.311448497270270686e+01
1.316664836012859041e+01
1.343311648867583941e+01
1.316070955356556738e+01
1.339426573007119536e+01
1.329549903604772965e+01
1.312045771089849566e+01
1.321310495565279375e+01
1.329582682478615752e+01
1.313290378893114330e+01
1.317011392885244625e+01
1.315793358478658348e+01
1.330996475014061353e+01
1.359740120660579876e+01
1.359881391513248161e+01
1.360712786215613868e+01
1.370576043500957120e+01
1.990765751296974528e+01
1.409725819194119012e+01
1.430119363276050493e+01
1.328608514907918448e+01
1.302320973067831211e+01
1.274446507154125108e+01
1.312669228743901328e+01
1.303616472512524460e+01
1.313190269599330229e+01
1.302814881067368802e+01
1.299535088333548138e+01
1.312789744566612349e+01
1.310667263947015115e+01
1.322319057145972465e+01
1.332433465046604049e+01
1.349487923723044247e+01
1.342760081275570805e+01
1.368311663607710749e+01
1.357803619539214779e+01
1.346113559817775851e+01
1.352599202155253622e+01
1.355283754722938916e+01
1.595425573708259215e+01
1.527802728736957860e+01
1.540240985377253757e+01
1.462369078858250049e+01
1.469307242313461792e+01
1.452023271996872644e+01
1.433132985913147373e+01
1.423428336513935832e+01
1.426898851753492892e+01
1.412984288505698949e+01
1.378181368226753101e+01
1.385728349316168817e+01
1.377098009135989543e+01
1.361896781610464124e+01
1.344957473006152071e+01
1.346062580749451243e+01
1.359035921561828886e+01
1.349153729295176696e+01
1.342527153271312557e+01
1.347149990596288305e+01
1.223811248782442185e+01
1.267345441065592304e+01
1.311210102050947057e+01
1.394404867350348276e+01
1.353957732996049756e+01
1.371819367106562026e+01
1.381147121438313619e+01
1.370060324291434917e+01
1.381556940753794827e+01
1.373156483190332722e+01
1.373454208439635948e+01
1.369094560660460047e+01
1.339234472143037635e+01
1.318238115462789573e+01
1.297453380486578034e+01
1.292896509756164569e+01
1.306889966836362049e+01
1.307761319253129884e+01
1.317993437308360960e+01
1.326891517566675205e+01
1.343837990026624674e+01
1.218726897606191173e+01
1.159640768632759134e+01
1.178781216920281416e+01
1.205182335201569366e+01
1.355471226050272371e+01
1.409656149241058642e+01
1.383092737504735936e+01
1.327581378549577806e+01
1.317612510763925471e+01
1.307238246996279152e+01
1.313522508321222659e+01
1.309130066503466416e+01
1.299189208255549666e+01
1.290558147793952770e+01
1.305770781073272424e+01
1.298700193493077570e+01
1.321624943408230912e+01
1.322076922500167839e+01
1.338912102735131704e+01
1.330533344559133546e+01
1.326123693453719810e+01
1.082506031703732319e+01
1.374956424273155697e+01
1.342344027177026078e+01
1.370788465719049398e+01
1.343494692383247724e+01
1.318177655039971619e+01
1.339561248237454372e+01
1.365713919729119397e+01
1.347906841552561907e+01
1.365940345192113980e+01
1.335337443749500963e+01
1.324729224850962694e+01
1.305826005719041305e+01
1.297122536736976173e+01
1.324824879331229432e+01
1.315011758450114066e+01
1.308877052351276760e+01
1.318574754176229291e+01
1.312437523997196820e+01
1.309253247015327837e+01
1.304664472684572019e+01
1.436118353921721891e+01
1.402300293296691436e+01
1.426557877438173172e+01
1.385864288071408623e+01
1.369797798564492730e+01
1.394203050754344453e+01
1.385173575433388571e+01
1.392526675641839695e+01
1.388805844275948864e+01
1.372461957194515136e+01
1.366837882797177173e+01
1.343889368127331529e+01
1.349633838290621490e+01
1.336083846477642112e+01
1.325221243842256413e+01
1.344798598212376461e+01
1.313864423435387252e+01
1.309270058707821249e+01
1.319274617382206038e+01
1.304762495153958035e+01
1.293134003692895817e+01
