2.577364118136235334e+02
2.545844433186485105e+02
2.520626244161256579e+02
2.510649604088726505e+02
2.494069233386912003e+02
2.490415483520910982e+02
2.493318106514466308e+02
2.472336304574279495e+02
2.456044700051928658e+02
2.445471131303199002e+02
2.430745704169516728e+02
2.419179949420604316e+02
2.400578682423625025e+02
2.386176857439320713e+02
2.367876913957908869e+02
2.361980648324405934e+02
2.350134067937345037e+02
2.349432621846781615e+02
2.353184630416224934e+02
2.345903205884834506e+02
2.339801825100840063e+02
2.350936231086346027e+02
2.162543442807208578e+02
2.187682159452107840e+02
2.161946364811551007e+02
2.180147652807661700e+02
2.213929620136646577e+02
2.219326993732470612e+02
2.211209722369021051e+02
2.214302339521669296e+02
2.221987960901326176e+02
2.210652502504791528e+02
2.206494361360399523e+02
2.209847642301638473e+02
2.200480246553061932e+02
2.189523590092308041e+02
2.186317230746713847e+02
2.189088166213057320e+02
2.188213076026657404e+02
2.178095095149955966e+02
2.178996876675261092e+02
2.176183087234395828e+02
1.924472594680861164e+02
2.094067985485733630e+02
2.074752274388297621e+02
2.094785763417963551e+02
2.104646760628985476e+02
2.077234438225507915e+02
2.080687769812166152e+02
2.084086032342268027e+02
2.081373785266733876e+02
2.072212292420456095e+02
2.088064959511960410e+02
2.071678605087441554e+02
2.062157498826285007e+02
2.052703851421157708e+02
2.034174115255730442e+02
2.016364284215325711e+02
2.009078630233367164e+02
1.995946054278270196e+02
1.983885150859522071e+02
1.969450046895161108e+02
1.950588602398475473e+02
1.604138202599277747e+02
1.556984455789173865e+02
1.572949165709740385e+02
1.533684781890873126e+02
1.525504468699794245e+02
1.508128420760938866e+02
1.492759051788363251e+02
1.476291645009304148e+02
1.454307251216772841e+02
1.431164631841193682e+02
1.417911844965518071e+02
1.400890686342180231e+02
1.379471830636481400e+02
1.353929462654598694e+02
1.342698849479377543e+02
1.321240027588950454e+02
1.301925654275763975e+02
1.283482220192763066e+02
1.270347151407157469e+02
1.254180926120633188e+02
1.236334051521278923e+02
7.517724920341761674e+01
9.087699875287258067e+01
8.921321870151035682e+01
8.679196037281667486e+01
8.507995123372538160e+01
8.556483884528135775e+01
8.545507516196524023e+01
8.613509840669328810e+01
8.513971629776135330e+01
8.443875738200924275e+01
8.421273457289930775e+01
8.440233760768111893e+01
8.395363174161747111e+01
8.428589742459391232e+01
8.392329137300798436e+01
8.351189315652713674e+01
8.401240214269604678e+01
8.321558330878022502e+01
8.253955825022842419e+01
8.253385071081733315e+01
8.208994818920436387e+01
6.523927453788260777e+01
7.491112254247731528e+01
7.102717167347215366e+01
7.084607334617479069e+01
7.145951494798970316e+01
7.126183065996403343e+01
7.011798327041324796e+01
7.031085574382312586e+01
7.049486690262608590e+01
6.962112032678764706e+01
7.032382012047601449e+01
7.044841431589840397e+01
6.960425886165862153e+01
6.832065185215954273e+01
6.806819547534894355e+01
6.825887338595713061e+01
6.799404437453699757e+01
6.758191537160652729e+01
6.815650199079263416e+01
6.758306176921550446e+01
6.740793589842557765e+01
5.778175415281668847e+01
6.393546051971121358e+01
6.036330216490302547e+01
5.913649912407859688e+01
5.964741592397931669e+01
5.758936890252573448e+01
5.830647985263895805e+01
5.874022751150648958e+01
5.994307217230166174e+01
5.849737003244257494e+01
5.897441081146179442e+01
5.857636347594753090e+01
5.841873913713874344e+01
5.823165831072423515e+01
5.814894454276446112e+01
5.847429139183481794e+01
5.850829019625681582e+01
5.833289498873804035e+01
5.795777402464371164e+01
5.843739065152793444e+01
5.843404039511489145e+01
5.762802976206155847e+01
5.222629291433054988e+01
5.648964146893193572e+01
5.603064072874982315e+01
5.548776842089389305e+01
5.600395745850580909e+01
5.532701576102996910e+01
5.475969689256267259e+01
5.375020589665044213e+01
5.350342923741178680e+01
5.332045041970426524e+01
5.342127354256165006e+01
5.335331148857921590e+01
5.364794984421795476e+01
5.443416829989102013e+01
5.429761124423925622e+01
5.409970272301976735e+01
5.431365602529196934e+01
5.404651615219144389e+01
5.378401307962870703e+01
5.283108208155269381e+01
7.047520973117390497e+01
5.767655733397180029e+01
5.860952446444815678e+01
5.525975626052373713e+01
5.467769368462211332e+01
5.543908526938601966e+01
5.614982132843308449e+01
5.633841790101659797e+01
5.479161775005855617e+01
5.403679389529929011e+01
5.474235010932687828e+01
5.385080014693566142e+01
5.346388600480745623e+01
5.325637301575165594e+01
5.238251856263174489e+01
5.150975850127153421e+01
5.111947189337410435e+01
5.064032210823350511e+01
4.986741395881383454e+01
5.002418846622213522e+01
4.960571932986011490e+01
4.725770326284551004e+01
4.913381328299449535e+01
4.439641570987491548e+01
4.582168724607701904e+01
4.405949780225012802e+01
4.236981631260860581e+01
4.202891839679196551e+01
4.350489942722824566e+01
4.374300403308504315e+01
4.364708501078250436e+01
4.499119524642632229e+01
4.433449571446650594e+01
4.402161006439017399e+01
4.435232276429312037e+01
4.420896620519765463e+01
4.408749324975342887e+01
4.403206298822702536e+01
4.404920825241388371e+01
4.376824802793010605e+01
4.380570829567295021e+01
4.335939317744986710e+01
4.017236099398829197e+01
3.969282905986819543e+01
3.850638431110208160e+01
3.832475843395548765e+01
3.884246914109270676e+01
3.814532580072989276e+01
4.099931750457403723e+01
4.145723741898987669e+01
4.038592657415557596e+01
3.987081329217190273e+01
3.926000050942577957e+01
3.990042168438998260e+01
4.042645746863146172e+01
4.020118080816321537e+01
4.019903061417048207e+01
3.989390750609464220e+01
3.995643451401819846e+01
4.027004902905228079e+01
4.012491931778423293e+01
4.006820175914667459e+01
4.024208979845824530e+01
3.559963784964040912e+01
3.851845049115672737e+01
3.661005183674006247e+01
3.972423531666102292e+01
3.966820515832944238e+01
3.866821279730753247e+01
3.769655250669290325e+01
3.817423977106255251e+01
3.811770774711786913e+01
3.834271574957264761e+01
3.812511221669002026e+01
3.844070424091129468e+01
3.908987329613172790e+01
3.901787679943829801e+01
3.837931737715382496e+01
3.768541399165687977e+01
3.766476223252315236e+01
3.744680877730193913e+01
3.799258925036085088e+01
3.816812414251077001e+01
3.825565841717713766e+01
3.709605785841866066e+01
3.348177303225313040e+01
3.422621953669911221e+01
3.414973496343667136e+01
3.606818421604717884e+01
3.616464421629788717e+01
3.579833323025867742e+01
3.605343780060754000e+01
3.574045406202534991e+01
3.583880784688977172e+01
3.573028379123502418e+01
3.582901808143142830e+01
3.513969828116993455e+01
3.491442690830705686e+01
3.464102707094585298e+01
3.463067321369356222e+01
3.448877193567776800e+01
3.436800942918507218e+01
3.426542869860545437e+01
3.424613286850321003e+01
3.471744662751320476e+01
