6.914737634619175424e+02
6.891221049792719668e+02
6.868238507159468327e+02
6.846453973816187499e+02
6.821756554902528933e+02
6.795172747244190532e+02
6.766534934073233671e+02
6.735290041070650204e+02
6.702678589696707832e+02
6.666223296608277451e+02
6.624775311996703522e+02
6.578291839399406626e+02
6.528904954678260992e+02
6.468986520795721162e+02
6.404467638554626774e+02
6.333176236665998431e+02
6.257334362422346885e+02
6.165110800070608548e+02
6.070717617652491072e+02
5.971661540696921975e+02
5.865899472441544731e+02
3.447517380857769922e+02
3.542556730284330229e+02
3.432182923558344783e+02
3.480368959851502382e+02
3.417864885191593203e+02
3.423872265293697410e+02
3.431698061605197836e+02
3.453489026351954863e+02
3.486785590088894082e+02
3.460567518811096193e+02
3.453386362705641091e+02
3.424074800892829558e+02
3.425200644620523462e+02
3.422263839527385585e+02
3.431247082954658367e+02
3.423793942392338749e+02
3.416910953620457008e+02
3.407860084208291482e+02
3.403499436339842532e+02
3.399691083462472534e+02
3.391096667250903920e+02
3.680574829501759950e+02
3.438399779346273135e+02
3.283203424667034369e+02
3.307636424866696530e+02
3.298549240199241694e+02
3.305199829342670910e+02
3.292020003184024972e+02
3.296212528970510220e+02
3.280799276489112231e+02
3.278120083525614064e+02
3.296979276260967140e+02
3.274210602099242919e+02
3.298940186398959327e+02
3.304006229551415004e+02
3.290268106689924821e+02
3.288880240186071546e+02
3.275682684507337967e+02
3.274820096189544074e+02
3.273003563423719129e+02
3.258019469230129630e+02
3.269934282173452971e+02
2.975657533696545443e+02
3.188646903200097427e+02
3.156765795290622236e+02
3.186010602223104229e+02
3.161941714190483026e+02
3.135060915667363020e+02
3.139070093359244993e+02
3.135113924899348490e+02
3.113990502634598556e+02
3.105404561574995910e+02
3.114337506473390249e+02
3.113159889611079052e+02
3.118275868927448187e+02
3.125710606748456826e+02
3.114460745750366755e+02
3.124082442438784142e+02
3.122261331540966012e+02
3.118780139029208840e+02
3.124165982746166605e+02
3.126804140458004895e+02
3.115540623061448855e+02
3.053975065731730751e+02
2.974528865322639604e+02
2.987671409684862738e+02
2.989186401627304690e+02
2.988127757197449341e+02
2.970013671272286615e+02
2.935215706615109070e+02
2.907096298956716964e+02
2.906469255940379526e+02
2.903631967817261739e+02
2.915560838457259365e+02
2.914571968405790017e+02
2.891605233679392200e+02
2.892281494879028969e+02
2.885057018053724960e+02
2.869962078050304513e+02
2.859898088583821618e+02
2.862134324116358357e+02
2.858033730818718254e+02
2.853771479775629132e+02
2.843604638784298686e+02
2.619926604350894763e+02
2.714666440798809504e+02
2.750453788023195898e+02
2.692148911054351288e+02
2.645767611086839679e+02
2.595551776468174126e+02
2.580289569104870679e+02
2.560382436847149279e+02
2.558282622803978370e+02
2.559706111771512838e+02
2.542727051556992137e+02
2.527214693814927386e+02
2.508683421205275579e+02
2.498686390544031610e+02
2.478700725333744685e+02
2.458556494533046077e+02
2.446894543566461948e+02
2.433258667870160821e+02
2.412256914182174512e+02
2.393132643650694718e+02
2.376808236142885846e+02
2.476582190692865879e+02
2.141212573985678205e+02
2.126862566011956517e+02
2.109964116398594456e+02
2.078922933271749116e+02
2.039614543692008226e+02
2.007154745318143796e+02
2.003772297853055022e+02
1.980583927115553706e+02
1.952117512985898884e+02
1.921961713983705806e+02
1.902612889465304704e+02
1.892510335105161801e+02
1.885409301344278106e+02
1.868271795780339630e+02
1.844617270485647396e+02
1.840325075571609830e+02
1.823277625904744923e+02
1.804137457675588223e+02
1.786415930366802343e+02
1.771431236711843837e+02
1.495410412950807881e+02
1.516328926945329272e+02
1.507653106925087343e+02
1.481963205104510735e+02
1.455137379927614631e+02
1.463484882117469681e+02
1.463248880979370199e+02
1.456792557095650977e+02
1.432858374778365942e+02
1.417404417475743514e+02
1.412805157807115108e+02
1.396704142786100533e+02
1.386951347406707953e+02
1.378352243621100968e+02
1.364990855132266745e+02
1.354784157963003395e+02
1.343883287968319848e+02
1.332469480124616155e+02
1.327582308742024679e+02
1.318923370622003972e+02
1.306318995343099232e+02
1.079377196948344420e+02
1.098384664936564832e+02
1.085217748511293934e+02
1.064506017643466009e+02
1.093236512598431887e+02
1.084104902600198983e+02
1.059599960290721583e+02
1.062681118085702821e+02
1.063093404991057156e+02
1.051430350225563615e+02
1.039759912408591163e+02
1.021891854282043539e+02
1.018351975132760288e+02
1.009497195642473599e+02
1.008392645063150042e+02
9.968243895930137910e+01
9.882150170267111378e+01
9.821752819079623009e+01
9.829107373151784088e+01
9.816148705845536426e+01
9.765919045633748397e+01
8.952750239299507484e+01
8.200364982986307893e+01
8.591540822936161703e+01
8.332283381759405927e+01
8.505047024344246154e+01
8.567280892458397545e+01
8.548856357763820313e+01
8.491424871065882485e+01
8.383884458994363342e+01
8.338999414654111320e+01
8.192282434853599682e+01
8.129445322309497612e+01
8.130082924168168290e+01
8.090122781363835713e+01
8.000125753048229171e+01
7.992893455464414387e+01
7.951796904554943524e+01
7.930436061550028626e+01
7.937715616226036275e+01
7.952097245771626888e+01
7.883056836133067691e+01
8.406040327716706884e+01
8.399365522802521866e+01
7.862150175250556572e+01
7.731608474223952499e+01
7.554835639561815697e+01
7.318306076042610187e+01
7.305261143225460785e+01
7.128921227772171676e+01
7.163870097406800141e+01
7.209658127232417257e+01
7.148975107768359294e+01
7.160708785969606538e+01
7.100207103536932607e+01
7.075190071490644073e+01
6.998546587849612877e+01
6.955057805575708585e+01
6.954195259861648992e+01
6.944161479207839704e+01
6.942158093177212663e+01
6.905268417793882918e+01
6.869532966431829379e+01
5.206691688956104258e+01
7.025531417833481385e+01
6.826293921694660582e+01
6.782059838226631143e+01
6.630199924655636323e+01
6.663621808832218107e+01
6.635725876073763629e+01
6.483182308452823861e+01
6.402619884553955387e+01
6.303577767633500883e+01
6.248407124038178040e+01
6.278744217458744714e+01
6.244121154821727515e+01
6.317081740144609370e+01
6.317986866218296171e+01
6.275927756609348762e+01
6.271646434924703328e+01
6.252091357893156243e+01
6.235663130748410055e+01
6.161344325463459626e+01
6.159586547117639554e+01
5.781150665817332879e+01
5.464027765850487839e+01
5.248895811755474483e+01
5.076509725545362528e+01
5.496936727730375338e+01
5.486440876719412785e+01
5.532066487347032080e+01
5.412591967704560147e+01
5.628924406297027616e+01
5.604259066084669172e+01
5.585172939801696401e+01
5.569320055804094949e+01
5.616055118255558654e+01
5.583310150429368690e+01
5.590614585776809520e+01
5.547624521489996141e+01
5.575764730365305866e+01
5.541728061762420765e+01
5.579895241329724342e+01
5.597924812590777321e+01
5.650195024339328853e+01
5.145572038737599740e+01
5.492865763699560233e+01
5.523299226070190571e+01
5.851471611135161055e+01
5.526472096759177077e+01
5.464595222274638076e+01
5.410037773274712691e+01
5.515471057696394297e+01
5.520677817583441538e+01
5.496767037769593856e+01
5.439972769489282456e+01
5.449359373834745668e+01
5.363163492535057486e+01
5.373478109222187982e+01
5.316025958522277506e+01
5.309224600770303937e+01
5.246073050439326835e+01
5.214331464850430109e+01
5.234700311114443139e+01
5.291168660426076542e+01
5.293214983096306270e+01
