6.915586718141908023e+02
6.892102254638451768e+02
6.869334653783108706e+02
6.846215073361092891e+02
6.821888845867538294e+02
6.795350298881171511e+02
6.766503206335605682e+02
6.736384973624000168e+02
6.703627304663551740e+02
6.665626035367413351e+02
6.623218047456471140e+02
6.579060953835996770e+02
6.528187616794888299e+02
6.468707378220192368e+02
6.401661386743178355e+02
6.331408049663043585e+02
6.252895260719932367e+02
6.160753836606108962e+02
6.062320028296137480e+02
5.959618689660985638e+02
5.857202400581909387e+02
3.375704176670933521e+02
3.548276236390662461e+02
3.461092715859608120e+02
3.455805189529545487e+02
3.517665522154228483e+02
3.482222654440499241e+02
3.499143052534292906e+02
3.497740745860457992e+02
3.446812060083616416e+02
3.416994036781143222e+02
3.409850335913168919e+02
3.413759481615207392e+02
3.406367293492025397e+02
3.388707851075257054e+02
3.394608687631011890e+02
3.394495992972173894e+02
3.390819232349602430e+02
3.381050111195349359e+02
3.389424446623477820e+02
3.386025726193198579e+02
3.380717771754425485e+02
2.986331370586477760e+02
3.165586396650297729e+02
3.214002726618742827e+02
3.163603285150555848e+02
3.213763819949051026e+02
3.252981935016804300e+02
3.266310344753799200e+02
3.287142876668771123e+02
3.311325480277819224e+02
3.307354349424880411e+02
3.320441708428638776e+02
3.316058519845761339e+02
3.306178357284513822e+02
3.290199205278908039e+02
3.294646290084309612e+02
3.284613496653002471e+02
3.290174551475537896e+02
3.284663827240323712e+02
3.290498676699556313e+02
3.293592493877349057e+02
3.296171812754762982e+02
3.116857042832062348e+02
3.043679183695213055e+02
3.165857656879923070e+02
3.251173419590267599e+02
3.257728051103168809e+02
3.254552219714678358e+02
3.265108727928160874e+02
3.258198927484260707e+02
3.258667889185345530e+02
3.248193065296995314e+02
3.237425897188547879e+02
3.224981256420356885e+02
3.225922855414186188e+02
3.230320235722422808e+02
3.229929078039256751e+02
3.215505916365576127e+02
3.220792267178443353e+02
3.224187825064238950e+02
3.221595879387630248e+02
3.220291517498902749e+02
3.208260426754338823e+02
3.290892210791233765e+02
3.129275611218859581e+02
3.163262996785956602e+02
3.129577861778994929e+02
3.109469225292911005e+02
3.112975433480588663e+02
3.130519459166421257e+02
3.123647288226345040e+02
3.141441934595270027e+02
3.125347443174986211e+02
3.120732158824557700e+02
3.121254813679182689e+02
3.153970508181723744e+02
3.150453764878843117e+02
3.156804410160032717e+02
3.155877331794353609e+02
3.133515845181460691e+02
3.122757614825815153e+02
3.119331333102464328e+02
3.114256901676984057e+02
3.108118635445382552e+02
2.937179891032686214e+02
3.057906984085343538e+02
3.117591987530108781e+02
3.105501816772872985e+02
3.120002983109202432e+02
3.117650397392561104e+02
3.101210216160442883e+02
3.076518711500323775e+02
3.058337118652963795e+02
3.046966586039775962e+02
3.030867443473611615e+02
3.015434360471763284e+02
3.027850659719441637e+02
3.023231046288047423e+02
3.012294389751379526e+02
3.006043845007264395e+02
2.998223478958098553e+02
3.005270543684143831e+02
3.008234649994840311e+02
2.998700812324088361e+02
3.001822325357467207e+02
2.935373107421622763e+02
2.888975264464406223e+02
2.915421554805916458e+02
2.885875877189285461e+02
2.876162962763389146e+02
2.893146011513213125e+02
2.936031562637151637e+02
2.962071081373763946e+02
2.934970112872983918e+02
2.937800007810740226e+02
2.914324888724034963e+02
2.924574228230361541e+02
2.914960283430746131e+02
2.916903097958478952e+02
2.915520077135325323e+02
2.909918523451102033e+02
2.895108576108683565e+02
2.890533067205855104e+02
2.889248318569389085e+02
2.884180485248126047e+02
2.883290230969263916e+02
2.549250379245439149e+02
2.902059919496754219e+02
2.819099717438316475e+02
2.849577835259022436e+02
2.800603477370552810e+02
2.811992769012472309e+02
2.813038079748390601e+02
2.799783391490722124e+02
2.781753566557875388e+02
2.777106713787043759e+02
2.777568267483841851e+02
2.769081640877744235e+02
2.786540355003190257e+02
2.785114254848168684e+02
2.788803595638487991e+02
2.799911966553063962e+02
2.783866040166731182e+02
2.775614993267554951e+02
2.774334486578178485e+02
2.772739449626683950e+02
2.765984073111951034e+02
2.730661361685039310e+02
2.776262955536035975e+02
2.761636829982941208e+02
2.720792048316945397e+02
2.683015233393707035e+02
2.657140333992844603e+02
2.686474716235500182e+02
2.674083992911941436e+02
2.678493783332509679e+02
2.688422027614815306e+02
2.696060125984452611e+02
2.682545781545925934e+02
2.670517874711856621e+02
2.669347587408518052e+02
2.665578706680171877e+02
2.660707823985590039e+02
2.658215098019130096e+02
2.664317855995974469e+02
2.661491407149669044e+02
2.657666492092418480e+02
2.654844212374380845e+02
2.851724823405933193e+02
2.688961316473759098e+02
2.576856518288101938e+02
2.511481390995838012e+02
2.546846479567728068e+02
2.577970696056615338e+02
2.574446579454531161e+02
2.571497137996432798e+02
2.568607996020875817e+02
2.571396620245941449e+02
2.573481755461097009e+02
2.565885673140256813e+02
2.560485963685393926e+02
2.554444035815624261e+02
2.549255909127111579e+02
2.561868962924689868e+02
2.562178574415421508e+02
2.563495124386689668e+02
2.577352101318803648e+02
2.569249943997618288e+02
2.563922271564523498e+02
2.487236516932036352e+02
2.570320159680845791e+02
2.521127362157331788e+02
2.541133662204245525e+02
2.522287222162060232e+02
2.543365054200269526e+02
2.539460660181154026e+02
2.534979285216881237e+02
2.531558870972909290e+02
2.507757139531458392e+02
2.511756121768451919e+02
2.517824450076972198e+02
2.512831874847265397e+02
2.513767773381520385e+02
2.503479761248970874e+02
2.496917033418432652e+02
2.504946672076052323e+02
2.493876796904681612e+02
2.487799291450268981e+02
2.488203113097416121e+02
2.482174891384905777e+02
2.572840147428171349e+02
2.475071736397320308e+02
2.502727758392292117e+02
2.487302352365463491e+02
2.477192992459505660e+02
2.481867326589500067e+02
2.508073594268377349e+02
2.484959588182776429e+02
2.456983168579213839e+02
2.456073318271914445e+02
2.444239932211519886e+02
2.439150415371270526e+02
2.429228796030668605e+02
2.425002996772606707e+02
2.421953166441133760e+02
2.411171424115912316e+02
2.405384758058329737e+02
2.404177197539736142e+02
2.409220421233549132e+02
2.409047869849726453e+02
2.407618970175028892e+02
2.278312693356307648e+02
2.268609643588158349e+02
2.383282836420667365e+02
2.388472733466640534e+02
2.381786758386733425e+02
2.388255415409359728e+02
2.384469450279735838e+02
2.405693258931688661e+02
2.393512614531204861e+02
2.389101594597939311e+02
2.376545453516196176e+02
2.367340465708529393e+02
2.363250791176853056e+02
2.371800599767544782e+02
2.356516932985135782e+02
2.362994541023414854e+02
2.359467274988088263e+02
2.361694497087164564e+02
2.359588352442200403e+02
2.354906228425056156e+02
2.351461984849495082e+02
