7.242877399262860081e+02
1.587128104537371473e+04
9.762649183891386201e+03
7.170644612300059634e+03
5.732412488998970730e+03
4.818342098289592286e+03
4.184723492492576042e+03
3.719777349536272595e+03
3.362428290677637960e+03
3.078435144108302666e+03
2.844775585718480670e+03
2.646280475177990411e+03
2.481649871159299437e+03
2.338707445640328388e+03
2.216573083090827822e+03
2.111473214126008315e+03
2.018725414620980246e+03
1.934252901035730247e+03
1.859770090274153517e+03
1.793774101281228695e+03
1.732130102432696958e+03
5.565215342564264347e+02
5.577222501421673542e+02
5.592688552426608339e+02
5.549547380822159539e+02
5.539581201711441736e+02
5.504323495308511838e+02
5.466194019234885673e+02
5.456790664442883099e+02
5.454654182731959509e+02
5.412469334836756616e+02
5.378589461182933746e+02
5.353137726909423009e+02
5.331615161117098296e+02
5.272601780934804765e+02
5.215389339331206884e+02
5.173635911828338294e+02
5.088257547089765467e+02
5.037147556429616202e+02
4.992205854390572881e+02
4.939369073639085173e+02
4.918172510475426407e+02
4.525382279098017193e+02
4.803595507431193141e+02
4.781553709003666199e+02
4.497492610230187893e+02
4.841200448570319850e+02
4.679773243301006005e+02
4.752091474800799915e+02
4.901142094037231232e+02
5.017497903681456819e+02
5.083536069521069862e+02
5.102365821032659596e+02
5.083815967973162060e+02
5.023322400889873620e+02
4.961306400457604582e+02
4.940275105540822551e+02
4.887078573709314924e+02
4.850284159359181899e+02
4.821662944742165564e+02
4.777969250840470181e+02
4.738191506931325989e+02
4.686243361463747306e+02
3.609313708391952105e+02
3.600462961407446869e+02
3.456460580472989363e+02
3.365216310997994924e+02
3.391272035251995476e+02
3.371317652176851993e+02
3.330554234024396578e+02
3.249674155699368043e+02
3.137054123052181467e+02
3.319494473184003596e+02
3.467634521586443270e+02
3.572747248607411734e+02
3.588838145212814084e+02
3.586722957517410464e+02
3.551897234580846998e+02
3.516226837353363521e+02
3.509099709736552200e+02
3.480969971375526484e+02
3.493466683834739115e+02
3.484611101904513930e+02
3.478254979474205015e+02
3.131094891740821708e+02
2.945772182418443776e+02
3.067095510384754675e+02
2.996781813172243574e+02
2.886717731472915034e+02
2.774481777534016942e+02
2.729194143338980894e+02
2.729712132347201532e+02
2.718755459390233682e+02
2.679359936993614042e+02
2.635003180942171639e+02
2.594418553129505653e+02
2.548591883369354605e+02
2.523566328431645616e+02
2.492996745070287830e+02
2.451016133439857470e+02
2.405630240041347747e+02
2.379488211955141992e+02
2.375649184404783227e+02
2.355184729158589505e+02
2.322158182259590546e+02
3.248794441350713669e+02
2.260721889516944145e+02
2.205495236192176094e+02
2.160856117454566458e+02
2.014091197680895675e+02
2.013432756113436710e+02
1.921322321970592952e+02
1.867288897822084550e+02
1.784357500307721978e+02
1.790108719210444690e+02
1.735310120533915779e+02
1.724449035787681908e+02
1.690174063914554665e+02
1.658004954445426904e+02
1.620885442073569607e+02
1.601472560661169382e+02
1.579790053442501687e+02
1.548068835024205612e+02
1.542038012905119899e+02
1.567395952927315363e+02
1.588608611939319815e+02
1.454477246707936047e+02
1.669013746344470519e+02
1.488517348718536084e+02
1.407437398858513120e+02
1.325972164110703773e+02
1.246329178448517609e+02
1.252797483781526040e+02
1.228856633597148686e+02
1.239962574845277175e+02
1.231837077207327127e+02
1.203440848054581807e+02
1.202942790904869668e+02
1.198236274739250860e+02
1.199785655314188659e+02
1.175992329771365661e+02
1.162714265073799851e+02
1.144004145299150821e+02
1.134788707827713381e+02
1.138201689779468921e+02
1.123671418434886959e+02
1.114277226433861472e+02
8.559346337210280353e+01
9.636157322358729971e+01
9.080243699847054017e+01
9.035320717997778672e+01
9.046116045195836364e+01
9.028605481738631511e+01
8.665383256727302808e+01
8.863832964094459044e+01
8.967100699320171486e+01
9.034966437867146283e+01
9.096466802850129341e+01
9.083537087852050718e+01
9.122675158575482612e+01
9.055617560115098286e+01
8.876157358729808777e+01
9.103902116443674686e+01
9.345938267467175820e+01
9.686296744390824642e+01
9.667037734683302119e+01
1.009022391995808903e+02
1.009467634545382140e+02
1.607869215518194324e+02
1.256847333681968166e+02
1.200990776655277728e+02
1.117100753056077309e+02
1.075400189428983566e+02
1.042340106496330492e+02
1.001223166859463731e+02
1.106286243020095696e+02
1.142284321523511181e+02
1.146808968322383180e+02
1.130311930649867946e+02
1.099312762193792423e+02
1.081615545504528626e+02
1.068305607033570652e+02
1.049583327521890226e+02
1.018470078038352398e+02
9.973275523883479821e+01
9.707624599600454474e+01
9.663932981276184364e+01
9.504539237674502772e+01
9.295558835791145214e+01
4.066068409850921483e+01
3.860901863853361959e+01
4.302515368007878749e+01
4.746858026216366966e+01
4.872766787400068011e+01
5.141533044077486636e+01
5.183621494094693105e+01
6.099967332308796131e+01
6.925238646770195317e+01
7.087650987048662898e+01
7.195554467695809819e+01
7.782166963320068476e+01
8.371019951430356798e+01
9.019414958151607209e+01
9.157691223521162271e+01
9.228484377130070015e+01
9.313139792778363812e+01
9.409222482618552874e+01
9.283031307731056359e+01
9.207940883770153562e+01
9.106264359104497430e+01
