1.723561009449916810e+02
2.574693812789172966e+02
1.997387318875708502e+02
1.819872695814588894e+02
1.714965236105434201e+02
1.626284368439604577e+02
1.524647399338576577e+02
1.455929635444940402e+02
1.390043814017325587e+02
1.332873498104999612e+02
1.284228781349217741e+02
1.243497110277848208e+02
1.216293708834809308e+02
1.189096557588721481e+02
1.162523167798366472e+02
1.142389271239548947e+02
1.127405345682944926e+02
1.111773737866400751e+02
1.102912974315527066e+02
1.091801183084207878e+02
1.080393964302035386e+02
8.964057457492197045e+01
8.629649587426108326e+01
8.307477032879944545e+01
8.068683246301779377e+01
7.855011956855669553e+01
7.691562893849207683e+01
7.430042661211730604e+01
7.146833339660624063e+01
6.986278928188987436e+01
6.790787729368571490e+01
6.638574739282188375e+01
6.485123621699476359e+01
6.317926067697244719e+01
6.152364096109540270e+01
6.006439658757437172e+01
5.888801616096627356e+01
5.749771371689535471e+01
5.640353139323935494e+01
5.495082772887802491e+01
5.370855900546388995e+01
5.265413130545168485e+01
2.433707570607998960e+01
2.318542493511160529e+01
2.455402518644190124e+01
2.526120674459853177e+01
2.551131220416755596e+01
2.499302911734070776e+01
2.453898976755456118e+01
2.349685174349235339e+01
2.288680568144249605e+01
2.235744828315825927e+01
2.204826771231575933e+01
2.157953611928785875e+01
2.129991997163143935e+01
2.068121912838828180e+01
2.040028323797804077e+01
1.986262704181463334e+01
1.940888831383174207e+01
1.894555955081076348e+01
1.853594707563129163e+01
1.835086814457973858e+01
1.818403028173408487e+01
1.457452152599919160e+01
1.231499945167052701e+01
1.218948181368694073e+01
1.147883726748920630e+01
1.099282876390685537e+01
1.093873429432634836e+01
1.134789946254782222e+01
1.207898950355868273e+01
1.259973507862313014e+01
1.252685734584169275e+01
1.251405513697956806e+01
1.253951240454398253e+01
1.234313660198523266e+01
1.223352366483169540e+01
1.196203451574084298e+01
1.165658654718371068e+01
1.148428420773739411e+01
1.121285627927798245e+01
1.098619598472871672e+01
1.083078169346425312e+01
1.059246413130143871e+01
1.217592541942135576e+01
1.132926230403852053e+01
1.059214193096678081e+01
9.755952819186742175e+00
9.836942111373751629e+00
9.455191234475334383e+00
9.056080217804700183e+00
9.321512630535124799e+00
8.861536109213513868e+00
8.703298067472237776e+00
8.756015626728073542e+00
8.635935661726506396e+00
8.541352272799201728e+00
8.240985234243039415e+00
8.140202632819988793e+00
7.961040414274017429e+00
7.764878803007343677e+00
7.690689576390046689e+00
7.566362008754560442e+00
7.833893726274489211e+00
7.942749959262238590e+00
4.920974787164320574e+00
6.338504801830147528e+00
6.620751620780112034e+00
6.252338149156574154e+00
5.957439448523942360e+00
5.564540853455547165e+00
5.767033536228860946e+00
5.553898072843467482e+00
5.944701043236642946e+00
5.991521750618431952e+00
5.968809215819724123e+00
6.048565363621905000e+00
6.021861259281885204e+00
5.958779506941861648e+00
5.967085127357774077e+00
5.784767429853679310e+00
5.786784414747825345e+00
5.765140131355054542e+00
5.765805221032272776e+00
5.814301398251688902e+00
5.796385086981851842e+00
4.722064181862621446e+00
4.892230941814744938e+00
5.340407927417965439e+00
5.285597642807865704e+00
5.095100169648079103e+00
4.885071333932540227e+00
4.773519456966401897e+00
4.734130506353247725e+00
4.597665031213335141e+00
4.438646872220028960e+00
4.232455929695702501e+00
4.161426130726850303e+00
4.083579766337265937e+00
4.294053660599266742e+00
4.348894214070413433e+00
4.437671847746743836e+00
4.411265644816682929e+00
4.441343378406020115e+00
4.584590942434791927e+00
4.516485226287159982e+00
4.535288421501994627e+00
5.840867702721452837e+00
4.907024493916909869e+00
3.828149485713894684e+00
4.450251400201832297e+00
4.672218193719614554e+00
4.700818782006684238e+00
4.954308458217954403e+00
4.773239933984669392e+00
4.722509261530950297e+00
4.616219305657906169e+00
4.714074207324344457e+00
4.574374997055460135e+00
4.535717697716933117e+00
4.552292346979267990e+00
4.682365124779149568e+00
4.588956759800146834e+00
4.537633536417083668e+00
4.430771514552321655e+00
4.588344493239176813e+00
4.639879795012468833e+00
4.653006946590140913e+00
3.100084003912483954e+00
3.974166776082890262e+00
3.920089373106570019e+00
3.578494290576335946e+00
3.209080179345404460e+00
3.206371784973960359e+00
2.997700245727582313e+00
3.011727286694358963e+00
3.213204872593897310e+00
3.091643889220393238e+00
2.971649992064183010e+00
3.064955511402308375e+00
2.930669482134467874e+00
2.805342632462173746e+00
2.794595445703155878e+00
2.841047746434527177e+00
2.999867173175418955e+00
3.182090382129092898e+00
3.275100585896867145e+00
3.285466640000416216e+00
3.302350464612241243e+00
5.814552135836005498e+00
5.854252628941076786e+00
5.239644486013930624e+00
4.517125966076493526e+00
3.904551796870683766e+00
3.788886812213438038e+00
3.592045159547045508e+00
3.465218658302442911e+00
3.222636099297731871e+00
3.314638872359300326e+00
3.309633979539786885e+00
3.248429566534802415e+00
3.206186245153237468e+00
3.147330946189632161e+00
3.131077234865618397e+00
3.132887303819815283e+00
3.128409294527383810e+00
3.154882106638722039e+00
3.093762416940324389e+00
3.063842784321153978e+00
3.016128157365526530e+00
