1.723599718303149473e+02
1.709573958577946087e+02
1.695959504504621691e+02
1.681959825255997316e+02
1.667806539093041067e+02
1.653244582883275768e+02
1.637226296658791398e+02
1.620751826329326377e+02
1.601605075902689350e+02
1.581953007582085036e+02
1.560590778510662631e+02
1.537199786557175401e+02
1.512357118756972909e+02
1.485366660273348600e+02
1.459163366010917002e+02
1.430289892328720782e+02
1.400897563258302227e+02
1.374580731696160001e+02
1.352857605108486609e+02
1.335056141805305856e+02
1.318010559004550259e+02
1.008795690974246497e+02
8.921120627067206499e+01
8.975809836738245906e+01
8.876789441655567714e+01
8.845665408134195218e+01
8.887407759801624252e+01
8.931053427406178002e+01
8.926253111562013487e+01
8.942047026110736851e+01
8.985662216371770228e+01
8.953044375269145405e+01
8.943280548224745985e+01
8.939500330032890929e+01
8.927398364174914036e+01
8.939805835677471180e+01
8.965176976244057983e+01
8.952594179897914728e+01
8.976724441759502326e+01
8.969887212686784039e+01
8.955320583504347098e+01
8.906357485254441997e+01
8.373244997612090401e+01
8.420936673114795212e+01
8.427789121378357606e+01
8.437119997169050123e+01
8.603952948902481523e+01
8.516862936962270680e+01
8.549721987898260522e+01
8.538553602801043496e+01
8.581281180464951319e+01
8.575765784546335624e+01
8.576601073817727183e+01
8.618535903439291701e+01
8.612053664802654396e+01
8.584109929566659503e+01
8.544599414085018907e+01
8.546589353011269452e+01
8.515105214925655730e+01
8.482762500239525139e+01
8.465065317078808960e+01
8.471187229411687269e+01
8.428681852630829496e+01
8.177561208135070103e+01
7.848150703024244024e+01
7.783142565854738848e+01
7.862352894644523360e+01
7.869127694722537569e+01
7.818032353043679450e+01
7.839889775969778896e+01
7.782235885927741492e+01
7.766841564511801721e+01
7.765968259730115619e+01
7.765060514193648089e+01
7.766456636547829362e+01
7.744776482554223662e+01
7.735036116350406132e+01
7.694222963286628669e+01
7.664700975121208160e+01
7.621810125746853259e+01
7.584477495792663149e+01
7.555037788718435365e+01
7.486153220766057359e+01
7.452978246202316370e+01
6.363318284587752061e+01
6.630059862755037159e+01
6.500807193643716175e+01
6.471936824317846515e+01
6.390813327605144423e+01
6.250667010326311868e+01
6.141210999577941720e+01
6.114365356907574522e+01
6.120885194599441093e+01
6.043881064651781543e+01
6.004238774436590376e+01
6.011509673123946129e+01
5.994420598425598001e+01
5.953536462922744477e+01
5.929081082218353771e+01
5.885660159653662760e+01
5.874683506408707245e+01
5.830389023040038410e+01
5.805682261967702118e+01
5.764748764941503367e+01
5.724380552755463469e+01
4.353015818641779333e+01
4.355568108388685289e+01
4.496871760198239087e+01
4.425727205324229629e+01
4.375998412820014494e+01
4.297748107532665074e+01
4.283006884736616371e+01
4.230412621423980823e+01
4.245025349189559449e+01
4.202182545182934348e+01
4.194745631918664941e+01
4.124078742034656386e+01
4.115206212562571864e+01
4.051843930408625738e+01
4.024886743033312797e+01
3.974904444650102420e+01
3.943699727891739570e+01
3.895977833381438415e+01
3.863707543026726654e+01
3.830224070457766317e+01
3.796871190631293302e+01
2.957147633253153174e+01
2.966495252167982599e+01
3.078365738754796865e+01
3.073412813123585252e+01
3.028092566680322761e+01
2.991031529841292169e+01
2.959923423980258406e+01
2.990092619558505405e+01
2.940798678241872821e+01
2.855596607946898047e+01
2.817230247324887671e+01
2.807571003941209042e+01
2.767108272740322050e+01
2.761155684700466040e+01
2.730650202505630020e+01
2.729394338207493931e+01
2.725293616745436864e+01
2.719131101916743276e+01
2.697719368252201733e+01
2.674936997080343204e+01
2.667759505517063090e+01
2.321376829891028848e+01
2.359969062990090904e+01
2.363938199100817528e+01
2.207135424543109892e+01
2.238490114946346310e+01
2.252952408218354563e+01
2.232003757212677186e+01
2.226896727846258983e+01
2.204110475817723369e+01
2.172646100879347131e+01
2.188585551750216851e+01
2.173092217352738587e+01
2.183245668344234502e+01
2.167280210222180870e+01
2.194487092500660452e+01
2.184054960128997180e+01
2.164697563817074411e+01
2.144969386743609974e+01
2.137179893183650137e+01
2.145256865593007589e+01
2.155405285075763544e+01
1.666393979067519382e+01
1.655967505766345127e+01
1.674537256461201906e+01
1.736989253249534215e+01
1.804658203602774691e+01
1.827734928483891608e+01
1.874897394116953109e+01
1.855064220953424226e+01
1.917154114183181690e+01
1.932112350429708059e+01
1.909454636156036855e+01
1.889041909537968422e+01
1.904497059304013717e+01
1.908642221090929780e+01
1.905159552712165905e+01
1.883044556385244306e+01
1.872477130765011921e+01
1.864617003551548535e+01
1.861790985115703378e+01
1.854354090565376723e+01
1.828815241051309215e+01
1.328237152692689804e+01
1.457560534014518083e+01
1.571263666153315341e+01
1.712180106028066007e+01
1.659590799709218345e+01
1.636022262123543669e+01
1.678652138089552182e+01
1.689220734229869336e+01
1.687380613809302687e+01
1.672232067114546794e+01
1.644283489483355254e+01
1.646123535725887876e+01
1.641451700299662164e+01
1.614102299419997166e+01
1.609140525877112538e+01
1.613842088811265540e+01
1.610491891718635316e+01
1.613217007554326088e+01
1.622502170938332355e+01
1.618014758100821027e+01
1.622476190233334492e+01
1.622952616210606536e+01
1.561716543275275093e+01
1.789473141615061991e+01
1.836286538589001438e+01
1.779982492156724661e+01
1.717037020297305361e+01
1.625335841719932617e+01
1.613114706912793750e+01
1.623878324047331745e+01
1.625628106289352104e+01
1.609478362484853520e+01
1.603810778177003371e+01
1.573951693845909361e+01
1.570115208579578692e+01
1.549598755892556845e+01
1.541164443468599643e+01
1.530694290076355379e+01
1.526625024832392974e+01
1.510579581021544548e+01
1.500137749348465377e+01
1.478800634700246519e+01
1.301553766299511850e+01
1.479988445539046893e+01
1.465523633944622794e+01
1.464384546719597147e+01
1.465565476677273082e+01
1.448570725352816346e+01
1.430568830306988737e+01
1.410876011266864616e+01
1.404699685620372307e+01
1.423445613125734965e+01
1.406854135411279216e+01
1.433038462255189138e+01
1.420148207725289069e+01
1.430551770929288047e+01
1.437582939532996740e+01
1.428699226357581864e+01
1.415576083384930151e+01
1.400436483483212236e+01
1.402259591595314170e+01
1.395934196393380411e+01
1.382127311833402672e+01
1.514795897981281492e+01
1.320838651673125597e+01
1.385293431626030447e+01
1.412725298834876497e+01
1.448907080733894936e+01
1.449719269518228515e+01
1.370401537819595994e+01
1.397790579360763452e+01
1.372611216462516026e+01
1.331859696432155360e+01
1.308608588759972058e+01
1.298457643629280334e+01
1.325212672893680654e+01
1.327278040733150100e+01
1.338295764729556048e+01
1.333494912911997332e+01
1.331714452144768224e+01
1.319559659981735678e+01
1.309922930096616156e+01
1.297743647704510472e+01
1.292757750905003888e+01
1.449127268990313766e+01
1.219026169645246149e+01
1.266981669774690822e+01
1.268340498023929008e+01
1.263867083373457945e+01
1.308118683941849625e+01
1.294239557503269644e+01
1.285504503440713187e+01
1.260409289489068030e+01
1.276485369360419675e+01
1.304327683015227635e+01
1.295952885187170445e+01
1.271203456448578706e+01
1.265518390412319683e+01
1.264321795403803073e+01
1.269022413237939517e+01
1.272352508568886620e+01
1.267736744015964767e+01
1.250771479224547278e+01
1.241687196853387753e+01
1.229311586639356513e+01
