9.968876228859758157e+02
1.528962249306286321e+04
9.472454420544880122e+03
7.031160365089638617e+03
5.680441107506668232e+03
4.821522897322968674e+03
4.226575428145155456e+03
3.789755782277085473e+03
3.454580651399709495e+03
3.187667568841256525e+03
2.968763154464372292e+03
2.781644145546683831e+03
2.613657769396817002e+03
2.471539669395833698e+03
2.351115323966979304e+03
2.240576795801923708e+03
2.146265071475717832e+03
2.062149083694456294e+03
1.986240711473172951e+03
1.916463914179057156e+03
1.854792786169594365e+03
6.627890232059203299e+02
6.468523977208602673e+02
6.412961631002899594e+02
6.391114332819731771e+02
6.289495967954676416e+02
6.309147886487984351e+02
6.333032775491656139e+02
6.333006874453437831e+02
6.348312169347874487e+02
6.322995117206241957e+02
6.303138779396543896e+02
6.286145556772368082e+02
6.257076336997666886e+02
6.228076104679377067e+02
6.224399654063182652e+02
6.183197414705384745e+02
6.149587525876145264e+02
6.102053235333629573e+02
6.086219669608004779e+02
6.057717526396761514e+02
6.026202109261955684e+02
4.923650648813012367e+02
4.844161839070475253e+02
4.772299181342410179e+02
4.667029071337989308e+02
4.686545411998007467e+02
4.638419277952006041e+02
4.541392977964958959e+02
4.444544671791340988e+02
4.351183918236806676e+02
4.399323509057106207e+02
4.482506692258759244e+02
4.448484388884111809e+02
4.395430134020610353e+02
4.374775923297051463e+02
4.344240973681660876e+02
4.317156858048329013e+02
4.285396950753108172e+02
4.246674496233650871e+02
4.191378537924927059e+02
4.134356366534021276e+02
4.095002681921781118e+02
3.001198028618227909e+02
2.959838161735043514e+02
3.186550075460314133e+02
3.236087885805591782e+02
3.228903531051633991e+02
3.184984115992007219e+02
3.254655491575254587e+02
3.348317608188317536e+02
3.309792021501822887e+02
3.427924195463816659e+02
3.497573558532866969e+02
3.587022647136298019e+02
3.578703900972468546e+02
3.541504783573270743e+02
3.543547748379095310e+02
3.519032244588217964e+02
3.496239531974826491e+02
3.487032215815602285e+02
3.475280914905955569e+02
3.473636540149037160e+02
3.437942320576869406e+02
3.308779409891036494e+02
2.924594496514905586e+02
3.003951852320921603e+02
2.967678420980987539e+02
2.924859216737103793e+02
2.958865764952473114e+02
2.924848674174456278e+02
2.904674231021126047e+02
2.834189342291224420e+02
2.833430444215721309e+02
2.779553355198368649e+02
2.743375312349804744e+02
2.774811303740487460e+02
2.771272539895633145e+02
2.741934745197857524e+02
2.725662617408490860e+02
2.690991869608904494e+02
2.672083103895908494e+02
2.632988038323895239e+02
2.594283205987401857e+02
2.551951040958163333e+02
1.857722481113324591e+02
1.722400391912091209e+02
2.018692062271392160e+02
1.960739915880011495e+02
1.927569135536321312e+02
1.927967188932810245e+02
1.863357797397991931e+02
1.819705665966707784e+02
1.824668478845455297e+02
1.778594033201539730e+02
1.752040837027643079e+02
1.751515439507719520e+02
1.745979823268256723e+02
1.722980116666490460e+02
1.687842649867747014e+02
1.660910405734294386e+02
1.637944105692173480e+02
1.622710193434796793e+02
1.615814586474735677e+02
1.643192082256404092e+02
1.644787466631042889e+02
1.467537620850170583e+02
1.476784942926118447e+02
1.473525218423908711e+02
1.416408564687769456e+02
1.341746114814295083e+02
1.356376077014810164e+02
1.365116409250015010e+02
1.376976428705597755e+02
1.361686708712718996e+02
1.343210513597994691e+02
1.356390443877756127e+02
1.358168909297106381e+02
1.362595612717335598e+02
1.371216636151951889e+02
1.384248972432029632e+02
1.373604043732297555e+02
1.375622250465038121e+02
1.377603301065740595e+02
1.364229762692338568e+02
1.359216367963219625e+02
1.352730402759981416e+02
9.383091032597448589e+01
1.312891252493443517e+02
1.243820973673108057e+02
1.157172164936471290e+02
1.133062437518000962e+02
1.133517117792612794e+02
1.090599513562466711e+02
1.085359730724367893e+02
1.102109535605621602e+02
1.072730534993262950e+02
1.103927549527344070e+02
1.091896433141463945e+02
1.068505175954684177e+02
1.066433440207721048e+02
1.062426038084904150e+02
1.069231198804983904e+02
1.073339617222546991e+02
1.075178780588457954e+02
1.067260691964495578e+02
1.058982759682079120e+02
1.046754993904912396e+02
8.791180083464229256e+01
9.224136692179862962e+01
9.220646548897663308e+01
9.128956463125510368e+01
8.519870899266723541e+01
8.421845823516932228e+01
8.637765486446630803e+01
9.106046827083926587e+01
8.966228148718180080e+01
8.967350280394217066e+01
8.869470628566908488e+01
8.782838370263583272e+01
8.604346359593863269e+01
8.515867843105881718e+01
8.664716380510310501e+01
8.750690946663874570e+01
8.888070589700669188e+01
9.130466054438672074e+01
8.987221677655436736e+01
9.158136192096395689e+01
9.192184643159554014e+01
8.822005709482509417e+01
7.955515372169118393e+01
1.105440542198814740e+02
1.046464225513036297e+02
1.135208719732349039e+02
1.110218070066873253e+02
1.075308426800507533e+02
1.070505259684734938e+02
1.023007180360070123e+02
1.021468327519701802e+02
1.000258948025447694e+02
9.825036400951313453e+01
9.664841087507588213e+01
9.631008326793111962e+01
9.670713307713927520e+01
9.413275255984638079e+01
9.743430078639951830e+01
9.854116224899223653e+01
1.018065223390421750e+02
1.024064399249976560e+02
1.036304222011743121e+02
