7.142400845221277450e+02
7.168270297186354583e+02
7.177612196840394745e+02
7.159300167091836329e+02
7.130961029601362497e+02
7.109726069294937361e+02
7.087662136064556080e+02
7.056855505610842556e+02
7.023849310201835578e+02
6.988454389824734108e+02
6.958062435830622690e+02
6.925658070414584699e+02
6.881588139387595220e+02
6.837837193282509816e+02
6.801801999816728994e+02
6.754196960925374924e+02
6.699627576070104169e+02
6.646264820680311232e+02
6.590217384228004676e+02
6.534371407248900141e+02
6.505551499584622661e+02
5.678764118555830009e+02
5.717455289125574609e+02
5.711363355664876735e+02
5.629396935616904329e+02
5.575467246054537327e+02
5.547427027080209427e+02
5.549285692424890613e+02
5.558233600410280815e+02
5.580495376550099991e+02
5.587216889731810170e+02
5.590129431674273519e+02
5.601720400379415423e+02
5.601942606493071253e+02
5.580334284682394355e+02
5.578583213465014978e+02
5.584140088842688101e+02
5.582722125073350981e+02
5.565492900486702865e+02
5.575290996363740987e+02
5.580509567199216008e+02
5.565395241028310238e+02
5.370737661370073965e+02
5.398137110886901837e+02
5.393900021115008485e+02
5.387828448819818732e+02
5.427338955215128635e+02
5.408704094847013266e+02
5.397242480437289487e+02
5.385339916293543183e+02
5.372937839182131938e+02
5.397919452266588678e+02
5.405596803376150774e+02
5.400556056327376382e+02
5.402981329857088895e+02
5.394071874393904409e+02
5.398958406647673200e+02
5.390188141901957124e+02
5.379812420892286582e+02
5.365129693507207094e+02
5.362982256956039464e+02
5.356591299034131453e+02
5.354477537443510755e+02
5.200576404477935739e+02
5.090509272740365532e+02
5.124120367317366345e+02
5.157968307270093646e+02
5.206485983643231066e+02
5.146660012952025909e+02
5.152883497016640604e+02
5.140478594556340113e+02
5.152916797692432738e+02
5.141024743898839233e+02
5.119743509163682802e+02
5.090136954358310959e+02
5.075113541360028648e+02
5.068760825993994104e+02
5.069928467208066536e+02
5.059800649566504376e+02
5.063586401440623490e+02
5.052573792405026438e+02
5.034998455632962191e+02
5.027635019727773624e+02
5.020215317045613688e+02
5.137947791318097188e+02
4.927292841181140375e+02
4.909456409559632561e+02
4.902568398842395254e+02
4.829133328854823617e+02
4.816148212279890686e+02
4.790970847399915442e+02
4.764105409849419743e+02
4.729673561539398179e+02
4.721442278393431593e+02
4.706603476844028364e+02
4.692096079589056217e+02
4.661755575016912303e+02
4.633088603900259841e+02
4.616770490036744263e+02
4.610978269419301228e+02
4.600393296576320949e+02
4.586443830761548384e+02
4.570217507253617555e+02
4.549642506340185264e+02
4.526232226239059173e+02
4.579383076654096385e+02
4.231774670717378513e+02
4.248779902958749517e+02
4.204732205255992881e+02
4.163813463606299479e+02
4.191903474093967930e+02
4.170067057167481721e+02
4.143630061791315029e+02
4.110023517100980825e+02
4.094365188221941025e+02
4.071571129654918195e+02
4.053961363868352805e+02
4.018463232633963003e+02
4.009287331486597736e+02
3.997785605087092335e+02
3.980681899140404880e+02
3.961714056336853105e+02
3.937030438798619230e+02
3.909658199638064389e+02
3.890206163420901362e+02
3.868529858310607210e+02
3.603123110143122858e+02
3.629317891838028913e+02
3.536121035291693033e+02
3.472844147800565793e+02
3.458866850769911139e+02
3.464090604089630006e+02
3.437584420115592252e+02
3.429949308306216835e+02
3.440790483174475867e+02
3.428927674291894618e+02
3.429394793248360429e+02
3.411322289153893621e+02
3.401365565980351562e+02
3.385765609759845916e+02
3.384410973368334226e+02
3.369781467113286340e+02
3.357405826113640046e+02
3.341429772807199470e+02
3.321311143577304961e+02
3.292682933770789759e+02
3.267660554397600663e+02
2.827472660139026175e+02
3.033051573445746385e+02
3.098238084523750899e+02
3.015474030848777716e+02
2.989905260732506918e+02
2.968844119872276224e+02
2.944505957567791938e+02
2.902400581909270159e+02
2.904294575053127119e+02
2.883683943522352706e+02
2.885554758616608524e+02
2.880839021463979179e+02
2.898961877776047800e+02
2.900202719052963971e+02
2.878378540584582765e+02
2.860715584865363326e+02
2.859682916674273088e+02
2.860103630808920343e+02
2.855751129957725425e+02
2.851914702255426164e+02
2.839123100585221664e+02
2.839640544223668712e+02
2.734530091441364448e+02
2.733686508515705214e+02
2.715862588995653368e+02
2.696719004465534226e+02
2.682474812439498351e+02
2.650187191852337492e+02
2.607015402969855131e+02
2.613270657261672341e+02
2.611034099496264389e+02
2.612930422036113782e+02
2.608191061004110907e+02
2.602464993999145122e+02
2.600917673972433022e+02
2.587845978011740158e+02
2.591528698956864218e+02
2.583685588439728917e+02
2.575421861667369967e+02
2.567305181138232228e+02
2.571763291463287260e+02
2.570412519543448298e+02
2.196278970976817959e+02
2.293517121430839438e+02
2.313027937588642260e+02
2.325313233425583235e+02
2.358673397894433776e+02
2.376557284640730643e+02
2.385533510405245750e+02
2.387570033214285274e+02
2.371998985696342856e+02
2.378156609260723258e+02
2.382535033521297976e+02
2.376469719021711171e+02
2.370152317580403292e+02
2.390678307287194286e+02
2.392019184268268930e+02
2.392255280807194708e+02
2.395088126974015381e+02
2.397428771052321679e+02
2.394272993527184212e+02
2.380325799067049672e+02
2.384215870505246073e+02
2.500801629909193480e+02
2.354543278866042044e+02
2.379080736163851668e+02
2.314431501754457372e+02
2.325584899633518035e+02
2.362803090955870857e+02
2.317094590575797213e+02
2.297206455975340305e+02
2.269378820670010555e+02
2.273535506457998565e+02
2.296335018926551186e+02
2.292723948704966119e+02
2.285782909226596473e+02
2.282747331715324037e+02
2.281963259866058991e+02
2.285204476169470809e+02
2.280041464824775801e+02
2.277627492995979139e+02
2.273838305201593357e+02
2.278923510313354939e+02
2.273366761218140084e+02
2.371747525425797107e+02
2.170887091849603792e+02
2.227267513688485963e+02
2.235511699578975708e+02
2.289565605757892115e+02
2.277691368696331438e+02
2.271590729590329829e+02
2.276259734530341632e+02
2.293870705770002019e+02
2.292053806108052640e+02
2.287380639930007362e+02
2.280518059771895878e+02
2.283030334786880644e+02
2.267108989783557149e+02
2.251674653748632977e+02
2.242332137435391246e+02
2.224728328030933540e+02
2.224487785696287006e+02
2.232521500082269199e+02
2.215365429264920749e+02
2.212105690336395867e+02
2.099931838308613692e+02
2.240393791908814194e+02
2.086943644424258366e+02
2.114536158412404916e+02
2.099841089980439506e+02
2.103935870830183887e+02
2.102871023628832177e+02
2.132368657250018771e+02
2.143155596905874063e+02
2.131696587205103981e+02
2.154598453160039639e+02
2.135020167302510856e+02
2.122437370492875175e+02
2.147777949203882883e+02
2.138246790917530973e+02
2.145738346745161493e+02
2.143274414814536897e+02
2.145824395403659253e+02
2.143182627704056813e+02
2.140638732615454956e+02
2.133106963987381448e+02
