6.915314281324352805e+02
6.892250290648531745e+02
6.870217659485051627e+02
6.845404075628024430e+02
6.822164088633192023e+02
6.796475461964012084e+02
6.769380321623774535e+02
6.738453448849767256e+02
6.705099998498997138e+02
6.667790901544069584e+02
6.624480596087948925e+02
6.578858093766019692e+02
6.524061043321466968e+02
6.466340574281887257e+02
6.403679319893022921e+02
6.334722959184404090e+02
6.256257996484118848e+02
6.171235915334702895e+02
6.070147752489596087e+02
5.971918120378909407e+02
5.852619787133576210e+02
3.742958061238913956e+02
3.487630602535470530e+02
3.495766201077471464e+02
3.447904733298198607e+02
3.436464961796663715e+02
3.421521797843249715e+02
3.410994591850709412e+02
3.401209099140840522e+02
3.397621187659813700e+02
3.438943895019613137e+02
3.415569533501866317e+02
3.407219364816600091e+02
3.404836858404970030e+02
3.405474140901584974e+02
3.406892946181585557e+02
3.413994643887482425e+02
3.418194385591127684e+02
3.416713333174542981e+02
3.410185690919368540e+02
3.399393146742525573e+02
3.395003265150848506e+02
3.186040117140640291e+02
3.182886257624149380e+02
3.190166136096235050e+02
3.248294109843906767e+02
3.195589341594336474e+02
3.201230840587999751e+02
3.207243273719309400e+02
3.252787398851764920e+02
3.245423343139285635e+02
3.286212029589862595e+02
3.289889414508865570e+02
3.272730812265307350e+02
3.277378726702550580e+02
3.267348361231329932e+02
3.281693858220695006e+02
3.303461447606098318e+02
3.307397300716454538e+02
3.304949031953594272e+02
3.296127261027197619e+02
3.298134906681853522e+02
3.292016402605452186e+02
3.481374689877168862e+02
3.248254247896181823e+02
3.239589149010425899e+02
3.186338033409639365e+02
3.151348818156360494e+02
3.122787578321222668e+02
3.155142023460549012e+02
3.185091615506608491e+02
3.193327377405516927e+02
3.192751015489926658e+02
3.196726778599473278e+02
3.187053285027367338e+02
3.174207991383697163e+02
3.170136758689232011e+02
3.151813805722243842e+02
3.160979652849086392e+02
3.165126846471243311e+02
3.172471994205010901e+02
3.160378239437939101e+02
3.162912471618678296e+02
3.165479376833930587e+02
3.075548951539120708e+02
3.054834122367033160e+02
3.096050502178278521e+02
3.058014001705936948e+02
3.069609620948071438e+02
3.036839004170925023e+02
3.027477528774512052e+02
3.016662449109467730e+02
3.028829039875566309e+02
3.021061394768690889e+02
3.042466582565368185e+02
3.040563371849206646e+02
3.037750446629077032e+02
3.035814324700595535e+02
3.026061168770090148e+02
3.020234049245239021e+02
3.007861280212416091e+02
3.006449456467244090e+02
2.995061149781760150e+02
2.986280482853513831e+02
2.980629546957700313e+02
2.845433291748310012e+02
2.908686294951134528e+02
2.817370867972933866e+02
2.769397528862822355e+02
2.782721404745147424e+02
2.798161398277105718e+02
2.793768465193100496e+02
2.798658344291915228e+02
2.792462807452424158e+02
2.760772394529455482e+02
2.770977412543239780e+02
2.770329907324939995e+02
2.751286883290900391e+02
2.748837633431588188e+02
2.748887219848043060e+02
2.743607986463447901e+02
2.735239037691320050e+02
2.719531279536922739e+02
2.715958201603610291e+02
2.704165624715287777e+02
2.695604609394611089e+02
2.499077944567396798e+02
2.362303417924274243e+02
2.431230122996441594e+02
2.437078958698755855e+02
2.451533976595476361e+02
2.437366203146780208e+02
2.464162968797177200e+02
2.475890242997125483e+02
2.445531847395605780e+02
2.433088279781966889e+02
2.424143165722833828e+02
2.415015847573208134e+02
2.415598010957199335e+02
2.409062309884543254e+02
2.392685175475702977e+02
2.383795612546363429e+02
2.366610863980066597e+02
2.359099934871714481e+02
2.342007587091347887e+02
2.318896799598957443e+02
2.313130316256643653e+02
2.222769370302081029e+02
2.149452639844851376e+02
2.089062230660808268e+02
2.083540212322710090e+02
2.092521317825909648e+02
2.061068096016975630e+02
2.076983297644859761e+02
2.054544311827758634e+02
2.064763284114266924e+02
2.050364902345229439e+02
2.035222463731343510e+02
2.020362266439356063e+02
1.993938222876264490e+02
1.973487390562700625e+02
1.966080445506249248e+02
1.958268032283162086e+02
1.954216091716604353e+02
1.945394078692320079e+02
1.929765010772662777e+02
1.920994334313031686e+02
1.910119821059778644e+02
1.750282640130413938e+02
1.658023946944701947e+02
1.697740285448577993e+02
1.675839317468748106e+02
1.668301988163820795e+02
1.691192283816378961e+02
1.705384716627893908e+02
1.695587719953612975e+02
1.659035577624120208e+02
1.636901414028301360e+02
1.621559140967486883e+02
1.610653561553921236e+02
1.604661516339607488e+02
1.606116228216692718e+02
1.610471662107145789e+02
1.592651777713198271e+02
1.587940866920317546e+02
1.581518598086464920e+02
1.574374063326256703e+02
1.557143336349240599e+02
1.559524814147595464e+02
1.405816989985884504e+02
1.373281966470950408e+02
1.403500859983814451e+02
1.397932985278368960e+02
1.382288113241356768e+02
1.370837982882443100e+02
1.370436751442974241e+02
1.371140372221430539e+02
1.352231787002353087e+02
1.358257138925199285e+02
1.371861320693247990e+02
1.370374120533190307e+02
1.351675845251244823e+02
1.337109882972184494e+02
1.331702225071490204e+02
1.327933358189384023e+02
1.317924221894086827e+02
1.313879944610303880e+02
1.305222020031631587e+02
1.304592450774619010e+02
1.305490759117900268e+02
1.273146119781876138e+02
1.332376512335723078e+02
1.223235755791778416e+02
1.228151992238413470e+02
1.217071233339148222e+02
1.196831626156860153e+02
1.189568396354410424e+02
1.182948769437925876e+02
1.168511896574550235e+02
1.173349523411225022e+02
1.169204586815049254e+02
1.160875189559805705e+02
1.152157889286566359e+02
1.145798340718705646e+02
1.142175321824240228e+02
1.139349060969853582e+02
1.141747764848725950e+02
1.136521139853893345e+02
1.135285976710174509e+02
1.129571467155342361e+02
1.120191618514684251e+02
1.027322993786795848e+02
1.055140992034410345e+02
1.047245491104706900e+02
9.908121607081990589e+01
9.763004832021209722e+01
9.650661554972064948e+01
9.631890509881502282e+01
9.679672349363403328e+01
9.981062547315252687e+01
1.007310793344955613e+02
9.931355848034387179e+01
9.948014389225284049e+01
1.000618421723961404e+02
1.005057817749115259e+02
1.000607118513428730e+02
9.910238683951696714e+01
9.907936527446807418e+01
9.963303533364468478e+01
9.940768669587336603e+01
9.911894418554734898e+01
9.902258540561042821e+01
8.417679823686712837e+01
9.665920145292203358e+01
9.448793674922552555e+01
9.173177818274631079e+01
9.061727342797934170e+01
9.116564709055194271e+01
9.407426220614264878e+01
9.338496697591843088e+01
9.369346226231280639e+01
9.311114277821857854e+01
9.295579977062502053e+01
9.280682057296606047e+01
9.236203619266503040e+01
9.190451785203882196e+01
9.207820640864035511e+01
9.230764995879835055e+01
9.161293695255422165e+01
9.183863670296094028e+01
9.161505590256820142e+01
9.127251425619205349e+01
9.051196716620474092e+01
7.419630297384449591e+01
8.649488923639341920e+01
8.417138670172062120e+01
8.521570509681826877e+01
8.438200618970945754e+01
8.389520131230739253e+01
8.502837229992452706e+01
8.484935141797853930e+01
8.627882973590230620e+01
8.510257353280047710e+01
8.491446579557052132e+01
8.437048329437742211e+01
8.369729104026656330e+01
8.354777535093853658e+01
8.359716755931165721e+01
8.307032036031327493e+01
8.393484267447553293e+01
8.370148791070762684e+01
8.384896552586906182e+01
8.363637629675243090e+01
8.379244361368867544e+01
