9.968220827384884615e+02
9.920309853194576135e+02
9.877389253157230087e+02
9.831955555039056662e+02
9.782671760719641725e+02
9.731858695116621902e+02
9.677821292969786100e+02
9.616924584235979410e+02
9.554949868185763080e+02
9.482329570025713110e+02
9.408850504424100336e+02
9.329894495229905260e+02
9.234594899806822923e+02
9.133539874465944877e+02
9.026746423392783072e+02
8.910380509911628906e+02
8.783668049208351931e+02
8.651423688162507233e+02
8.522606512015875069e+02
8.394913131427626922e+02
8.311077920930671326e+02
5.929615477250923732e+02
6.508739453782428654e+02
6.517863501002402700e+02
6.487484852941248619e+02
6.418584514082500618e+02
6.376388197220979919e+02
6.365858750039544702e+02
6.326780702749855436e+02
6.275545652857238110e+02
6.273838459083475527e+02
6.247071759732989449e+02
6.241414969027765665e+02
6.222866247177238392e+02
6.209520698165504200e+02
6.204531112522400917e+02
6.207803751664083620e+02
6.196827292736697927e+02
6.198640576864459035e+02
6.188667349410723091e+02
6.168649750481586125e+02
6.163644776155983891e+02
6.041893467071811301e+02
5.998290049003932154e+02
5.890620238128576602e+02
5.915826121975155729e+02
5.969111928028198690e+02
5.967784820086477566e+02
5.968627028671022572e+02
5.957551694940381140e+02
5.923324122754935388e+02
5.940570212938011991e+02
5.922280615211237773e+02
5.938017542405553968e+02
5.932563878944100679e+02
5.925473297513889293e+02
5.922399680744210855e+02
5.907564526321796166e+02
5.889464644856735731e+02
5.887151717272763563e+02
5.854888368336428357e+02
5.834255709352736403e+02
5.825862387376756715e+02
5.733300606216857886e+02
5.772994181220306018e+02
5.683616514442512653e+02
5.569940505317276802e+02
5.489121355414755499e+02
5.495685267495294966e+02
5.436477587589398581e+02
5.416294659239400744e+02
5.393356121807260024e+02
5.378275820105538969e+02
5.361892792192093111e+02
5.343571695935772823e+02
5.323914142447788436e+02
5.309604423942087124e+02
5.311926049859054046e+02
5.317871147879317277e+02
5.305345912900488656e+02
5.274043740408112626e+02
5.254606759959604005e+02
5.230204686026166883e+02
5.198721141881271706e+02
4.220451864827520581e+02
4.652745610450486993e+02
4.647902063299924862e+02
4.598392506231755306e+02
4.581962292758486228e+02
4.546195199050019369e+02
4.482188636068819960e+02
4.452236709621350315e+02
4.389331278276161470e+02
4.331851408466629891e+02
4.299070889647983336e+02
4.241698923393522591e+02
4.192789652338884139e+02
4.140517042751380359e+02
4.096883934989717204e+02
4.060760947735752779e+02
4.029470843896792758e+02
3.982892882290810803e+02
3.932633851179998601e+02
3.894813775487128282e+02
3.860072654440048723e+02
3.024083409420120461e+02
2.899194682393303992e+02
2.808910000073028641e+02
2.849969305506415935e+02
2.884601327233772849e+02
2.866012185509130177e+02
2.800779099613610015e+02
2.789056238800091592e+02
2.745628188914308225e+02
2.718056195582391865e+02
2.707608029929828035e+02
2.681872557772835535e+02
2.662436553159134291e+02
2.662042124196514123e+02
2.634350915429171209e+02
2.615479306008303411e+02
2.602273083565667662e+02
2.588061774490039397e+02
2.604138196789393760e+02
2.589397074123298808e+02
2.600091022245302952e+02
1.945712458143247829e+02
2.039847225625660769e+02
2.418756227208685061e+02
2.369312575546256880e+02
2.277123037901720295e+02
2.260990920876276391e+02
2.243304111990542538e+02
2.292805865150482134e+02
2.302361653820146330e+02
2.301835378191293273e+02
2.261802953963104130e+02
2.242938837231537832e+02
2.238259467798675928e+02
2.239018529809422660e+02
2.236173536168099361e+02
2.217486002038018285e+02
2.210758061709819344e+02
2.198619173360895616e+02
2.197298248625397719e+02
2.183153274253965890e+02
2.180771348876224920e+02
1.727872476426356627e+02
1.987139979924690749e+02
2.062781739381973694e+02
2.118508797530891172e+02
2.120767601103261200e+02
2.120944479343307876e+02
2.041120680402287348e+02
2.064080649277580619e+02
2.039066125851329616e+02
2.031189587712144373e+02
2.020131483163178245e+02
2.001503739480076263e+02
1.991126497793527221e+02
2.025579875086672530e+02
2.002019300464343132e+02
1.992142900285950304e+02
1.974516497476062682e+02
1.973246028382079942e+02
1.948219036802827588e+02
1.953156137431832633e+02
1.944318837932827932e+02
1.353567666902060296e+02
1.832424835697561036e+02
1.757417248895734190e+02
1.800453914903041550e+02
1.769835306037556393e+02
1.749930862747410174e+02
1.724507378961297661e+02
1.733372755826762841e+02
1.747233537681860014e+02
1.739970663560529260e+02
1.736088550165339655e+02
1.736941314303980732e+02
1.716761014373137186e+02
1.762560971032320651e+02
1.752187475485295920e+02
1.752051112350098947e+02
1.740304450101103555e+02
1.740077243986216615e+02
1.739931155682763233e+02
1.729414215795407301e+02
1.726253201588342847e+02
1.990438179737176654e+02
1.686774383304884282e+02
1.618773470796499225e+02
1.529361752853642429e+02
1.529740372502063508e+02
1.532832780597856015e+02
1.549896498055585710e+02
1.543498053878983001e+02
1.586864436655575901e+02
1.572670441973334903e+02
1.542173380142360202e+02
1.565501136768882304e+02
1.587758367344126214e+02
1.594632796456965309e+02
1.587091373828529015e+02
1.601652416050479246e+02
1.602223277552013201e+02
1.585694764921180706e+02
1.571236924763673812e+02
1.590899376798260789e+02
1.581409878190455061e+02
1.320690348025645164e+02
1.272342359563088934e+02
1.410077120245698268e+02
1.542646208639783652e+02
1.561454625518740613e+02
1.561528323848752109e+02
1.552295929718705736e+02
1.643345647871433641e+02
1.613804714380902396e+02
1.610655610894857546e+02
1.585630137578624499e+02
1.576038004349910011e+02
1.582355678041363376e+02
1.570711720681895827e+02
1.557552076461346644e+02
1.546397911165971095e+02
1.536719940455174651e+02
1.544596170367645129e+02
1.555452192365908388e+02
1.556294173438699033e+02
1.544543829134272812e+02
1.394178138478415008e+02
1.425435422473760241e+02
1.460973672612327334e+02
1.400932876850381490e+02
1.411179108764987973e+02
1.412933256979452494e+02
1.395180468936848115e+02
1.368616488554376360e+02
1.416545807410263080e+02
1.396875793795160519e+02
1.419136762992995671e+02
1.409798812074139960e+02
1.396447602669649086e+02
1.403227591861759720e+02
1.403773515240978327e+02
1.400109248415269292e+02
1.420087682103018096e+02
1.416594907262043819e+02
1.408285236464152490e+02
1.394743990836194030e+02
1.389081910383370939e+02
1.216091221228477082e+02
1.194361251424271870e+02
1.199601456182539039e+02
1.188964004347137120e+02
1.227701595438070541e+02
1.264042554413481554e+02
1.262542021559051335e+02
1.258933161020619735e+02
1.273847092626880197e+02
1.311519596612743896e+02
1.315895483405876689e+02
1.318463605031787438e+02
1.298103680787530436e+02
1.315825294338983724e+02
1.304198936492278733e+02
1.291201959759570173e+02
1.272901116986320176e+02
1.262143874225610602e+02
1.250963455328707568e+02
1.242315956437640523e+02
1.238164937607655247e+02
