7.212207188379268246e+02
7.196469854646727526e+02
7.181468328817209112e+02
7.156257336840421885e+02
7.147175748399154145e+02
7.117155904195070661e+02
7.094559076699046045e+02
7.067339593886786133e+02
7.035345656575735802e+02
7.000410265503248866e+02
6.974294230286137690e+02
6.939729374473268990e+02
6.898447080469751427e+02
6.853167574523985195e+02
6.811514585656314011e+02
6.755208734991759911e+02
6.693209301149696557e+02
6.631440914262536808e+02
6.575755311548424515e+02
6.537013727799144363e+02
6.484232992770976125e+02
5.734645348523229131e+02
5.679583227796906613e+02
5.613477128418014672e+02
5.579239265915698525e+02
5.537835267063074980e+02
5.600292623901453908e+02
5.582490550260038162e+02
5.544703971941612508e+02
5.534969541286428694e+02
5.534942783054905249e+02
5.570214198674044610e+02
5.565566885368638168e+02
5.564408786139732683e+02
5.576754718255348280e+02
5.569402918829840701e+02
5.562295926832354098e+02
5.559229646715120907e+02
5.546710980013014023e+02
5.548765336356723310e+02
5.562965667593820172e+02
5.554169031616268057e+02
5.265290295263375810e+02
5.433393900987091456e+02
5.463072969618849584e+02
5.464362669380708439e+02
5.423335354525331695e+02
5.444638922589597314e+02
5.427489851739873075e+02
5.384370362410620601e+02
5.371929790813209138e+02
5.353721767385104613e+02
5.347727117425813503e+02
5.345090572296039682e+02
5.347758451382554767e+02
5.348130313090503023e+02
5.340516610522622614e+02
5.339457744387133289e+02
5.322726530673069192e+02
5.316751652551644156e+02
5.309134226631068714e+02
5.299428336188700541e+02
5.294594815110191348e+02
4.837109666236129897e+02
5.050593162918966073e+02
5.108041618224623335e+02
5.134732822988985390e+02
5.117482077845122035e+02
5.089811644638388088e+02
5.044052431056491628e+02
5.027077242271375894e+02
5.001541392038504910e+02
4.971315234337820357e+02
4.992827478667330752e+02
4.956746226469950329e+02
4.938412684381926852e+02
4.936562436637337328e+02
4.904517828790401950e+02
4.894973583282412619e+02
4.854514665417591459e+02
4.831394625422236118e+02
4.812833784526234240e+02
4.788582994849395504e+02
4.760841231160720781e+02
4.479812975171690255e+02
4.408384888913558370e+02
4.393104820628100242e+02
4.275623203602747253e+02
4.240612071250453141e+02
4.235015620949963591e+02
4.202797719989635539e+02
4.142762933434684101e+02
4.092025557535650933e+02
4.073964945252804455e+02
4.025945461567916368e+02
3.962054958672058547e+02
3.934936427636349094e+02
3.911032827476726652e+02
3.887030440460260934e+02
3.870161593792013832e+02
3.846193856573457310e+02
3.812290946005396677e+02
3.777496669341178972e+02
3.747037216333172864e+02
3.730236817660269253e+02
2.859505186967492136e+02
2.946727370173729241e+02
2.962529433252948934e+02
2.890507587458737930e+02
2.876773932095349551e+02
2.867862455485815190e+02
2.892633090709878161e+02
2.911592463067373160e+02
2.897819742780523029e+02
2.862549159303798092e+02
2.834329965720886548e+02
2.839739452016339669e+02
2.825148596638370577e+02
2.793918813052392238e+02
2.779577524160569624e+02
2.750903962973432044e+02
2.754627780314871188e+02
2.736121485758526433e+02
2.714059262052475106e+02
2.695432541851650399e+02
2.691689772563271958e+02
2.100094173656751195e+02
2.393424715224975614e+02
2.550667768711844872e+02
2.502998610873010819e+02
2.486263580036377050e+02
2.459693877635655781e+02
2.444141803511492981e+02
2.390151229342041574e+02
2.341501393386864436e+02
2.319699747239049827e+02
2.296358147124853986e+02
2.285412205708551596e+02
2.278204999851275545e+02
2.271322619588534906e+02
2.246707028348970709e+02
2.237278410739647541e+02
2.226157093842953145e+02
2.224994834194436351e+02
2.212370350319409056e+02
2.193940636246788074e+02
2.214505613295740147e+02
2.139221398695461858e+02
2.052865028676702650e+02
2.141092804813538635e+02
2.080232558641617118e+02
2.035651111122408565e+02
2.003235756463481607e+02
2.027701109773744577e+02
2.112300523772194367e+02
2.094586967783339730e+02
2.095500384390692261e+02
2.115892893718872756e+02
2.098426970105771829e+02
2.082817513185522955e+02
2.070982167451998350e+02
2.081962692380793385e+02
2.082081950451615739e+02
2.066495789446850324e+02
2.052307832039511482e+02
2.040720661421126465e+02
2.023884879573033686e+02
2.017145432767086390e+02
1.759597099341026194e+02
1.827629273465693416e+02
1.794336482400361774e+02
1.754676455203559442e+02
1.849543913968147706e+02
1.863099694895317100e+02
1.857377040149721665e+02
1.848980700951798610e+02
1.849235511942190158e+02
1.871072326873874090e+02
1.858121108423486305e+02
1.861512977391236916e+02
1.837973709901627615e+02
1.858643345364287427e+02
1.847392844013346291e+02
1.827581981460278087e+02
1.822809033486695682e+02
1.836897233890488792e+02
1.837111788396013026e+02
1.861051985888640274e+02
1.856349121171930108e+02
2.033777759888952232e+02
1.869933506585824716e+02
1.779038348558817972e+02
1.761841543719191634e+02
1.793263491531586169e+02
1.757113013957807084e+02
1.810514560566809621e+02
1.781008751922674662e+02
1.768383518215950119e+02
1.770318410138310696e+02
1.778612805776074879e+02
1.792091486437414289e+02
1.765702322299641764e+02
1.745300869111335658e+02
1.735445177879171581e+02
1.740866531241494215e+02
1.725980105468101726e+02
1.767153050298945232e+02
1.766292001534719134e+02
1.773505163293010582e+02
1.765353424689667463e+02
1.630887859680120187e+02
1.571401392934383523e+02
1.524690429614202003e+02
1.526569675865349041e+02
1.580570584189290173e+02
1.545163333802983630e+02
1.573417025231297828e+02
1.567750768792772647e+02
1.593186801081513408e+02
1.611370666330770121e+02
1.648658059459265530e+02
1.651905377627776375e+02
1.652375458140180626e+02
1.653433308737512846e+02
1.646180045125225320e+02
1.649268426109294410e+02
1.637746418461038900e+02
1.667412843202512818e+02
1.663719347154562058e+02
1.680782042913344867e+02
1.682543056761352602e+02
1.706805106054096086e+02
1.623850986895411950e+02
1.530083675331378004e+02
1.612342344649142376e+02
1.615639225370848919e+02
1.610367958522410277e+02
1.624074066510992225e+02
1.585482755844258520e+02
1.583079799372387697e+02
1.561732867748604292e+02
1.594751679099631190e+02
1.639228232579557698e+02
1.630964321871507536e+02
1.619526318911223370e+02
1.620504208242057018e+02
1.602768073413485297e+02
1.585496279752705391e+02
1.612987359843495483e+02
1.611602292675932233e+02
1.611396374941856493e+02
1.630961641401664792e+02
2.164589240743779328e+02
1.817610349523963578e+02
1.736766481547263083e+02
1.802820978273515493e+02
1.753073340976559109e+02
1.716616469201951816e+02
1.695220715785090988e+02
1.670475900367026156e+02
1.689837442344402803e+02
1.664783584065382627e+02
1.654073002294539378e+02
1.643041101201808942e+02
1.625066274253132974e+02
1.622022052741065465e+02
1.615692852635074246e+02
1.617435644104502046e+02
1.621507615935383058e+02
1.611876620925972929e+02
1.607661553874264371e+02
1.593196679549287182e+02
1.585631144541401056e+02
1.341892347495378317e+02
1.333186806459869160e+02
1.511650544192758048e+02
1.485483619907142838e+02
1.478910294108314076e+02
1.504437252363578352e+02
1.514721912164425817e+02
1.551792258607381711e+02
1.531993044547206466e+02
1.535753263456730622e+02
1.524432141613202987e+02
1.540610166166278816e+02
1.542999409155458750e+02
1.547082477435170347e+02
1.550732497804762886e+02
1.547412925373750454e+02
1.592090967713634200e+02
1.579406834421624808e+02
1.566916251361049035e+02
1.559043169800640669e+02
1.552662393838249102e+02
1.448133603913042009e+02
1.427894765527391883e+02
1.446088024377210672e+02
1.480440021621157882e+02
1.443425882814703129e+02
1.480859689807318773e+02
1.467183822118035721e+02
1.469927352920032320e+02
1.478961563601755813e+02
1.483661081099673993e+02
1.494031336215903707e+02
1.498460691511109246e+02
1.487075771335233298e+02
1.502365978238455284e+02
1.506781428298007199e+02
1.499711521436508690e+02
1.505673327315712413e+02
1.514661908868816056e+02
1.501856598775250689e+02
1.490793994800046391e+02
1.483504938297490128e+02
1.812887527032529533e+02
1.648605909038797108e+02
1.597045097749372644e+02
1.725730785329416506e+02
1.669421128820158629e+02
1.616914298551939169e+02
1.616449872362496194e+02
1.598511170452347585e+02
1.571723073690623949e+02
1.542986518837153938e+02
1.558340311602529198e+02
1.537492261956240327e+02
1.541327583824635212e+02
1.524151224560121136e+02
1.500556730599292905e+02
1.493916116576340301e+02
1.490141101229695835e+02
1.484297104710677218e+02
1.470933306857159550e+02
1.487422435220807415e+02
1.477744688033476450e+02
1.633816530356900785e+02
1.532652370871451240e+02
1.553226218290313057e+02
1.495624806009455483e+02
1.458045286788722024e+02
1.456995795527777489e+02
1.426206450223351965e+02
1.432417994875037550e+02
1.444893305298462565e+02
1.443802867841804982e+02
1.431746706200819119e+02
1.425381724204127636e+02
1.406762243376114725e+02
1.391808864553827618e+02
1.388876612329111708e+02
1.387833990583546608e+02
1.382974300805077235e+02
1.396493161060009811e+02
1.393878456430691415e+02
1.407886996667961625e+02
1.419673947878150102e+02
1.420020546496506881e+02
1.420105201572648070e+02
1.436790834618672363e+02
1.456161554084933982e+02
1.445815021332504386e+02
1.440123236580593868e+02
1.441558571951624685e+02
1.433895141649602181e+02
1.400456120213638656e+02
1.414008436104242890e+02
1.415944192578691343e+02
1.422561209075583406e+02
1.412383261048637166e+02
1.417113450820520768e+02
1.398217667326523781e+02
1.399725017919722063e+02
1.392553487713569211e+02
1.383772164236428068e+02
1.392394192024365225e+02
1.414562666144097705e+02
1.407075016531802873e+02
1.289475548529635773e+02
1.729935842293827477e+02
1.597798426991611223e+02
1.519105071952453443e+02
1.520534584160551503e+02
1.470991192343197156e+02
1.439374932546772072e+02
1.485478096347200960e+02
1.471807929965077903e+02
1.473432037928790521e+02
1.459209209763552337e+02
1.457840634188305557e+02
1.432630695949471828e+02
1.414735110967188803e+02
1.396199286555828962e+02
1.393803352799252764e+02
1.408589681097103039e+02
1.402966516552046414e+02
1.389311612270984995e+02
1.427338330025385744e+02
1.427834113155967657e+02
1.474359063919202697e+02
1.314709124650539138e+02
1.397385141611297286e+02
1.345478792537660411e+02
1.364321289925551355e+02
1.356538083979526732e+02
1.362113185384017129e+02
1.452144287749908926e+02
1.455393785931798334e+02
1.475667867032360334e+02
1.461178639564297441e+02
1.437523146428078462e+02
1.424915682438754914e+02
1.426511979129426493e+02
1.414843008845508905e+02
1.411862066928243564e+02
1.410595973885225476e+02
1.407618932131863403e+02
1.397007339612356702e+02
1.392060062191161194e+02
1.398916722230231073e+02
1.508830202904655096e+02
1.370519917829776091e+02
1.302155267878487734e+02
1.314117282852382402e+02
1.313617966258110528e+02
1.300478404206367316e+02
1.323549160516334666e+02
1.330678460944522215e+02
1.329629280216532266e+02
1.324022840522688398e+02
1.363322058409641500e+02
1.353992113047011685e+02
1.348051050681795573e+02
1.338899653459423007e+02
1.346695644662422069e+02
1.353651060876092060e+02
1.362380126935941007e+02
1.363247342539701776e+02
1.376649183252023647e+02
1.368965743331230840e+02
1.365844435085955411e+02
1.237873372781503747e+02
1.246646558796240498e+02
1.405761599945790010e+02
1.509357030562477746e+02
1.448796349603722433e+02
1.443365846756976225e+02
1.410637271936095374e+02
1.377197840470422534e+02
1.360429818711235441e+02
1.339786898673676774e+02
1.359521136336250322e+02
1.358740742347640378e+02
1.347065977399789460e+02
1.330740348954717547e+02
1.338593138236030313e+02
1.335462556734191537e+02
1.342954169110155647e+02
1.362154036178193621e+02
1.361293352047274539e+02
1.349715432264234494e+02
1.348771848339168002e+02
1.653891514463672365e+02
1.433599374922007428e+02
1.378224187606522833e+02
1.374621611802931795e+02
1.321512362238496223e+02
1.337967889268392980e+02
1.417858333367716170e+02
1.376471651682272466e+02
1.360265405136769630e+02
1.365330142819167349e+02
1.347594677753315011e+02
1.346021204516503929e+02
1.348034985915870152e+02
1.346783539939615366e+02
1.323223796378745192e+02
1.324555549091363105e+02
1.327894519496258283e+02
1.338982173461876073e+02
1.332994199472929893e+02
1.331014685603635144e+02
1.323838274016883361e+02
1.060273567168135571e+02
1.188597545948549339e+02
1.214519869748513941e+02
1.242820252525609561e+02
1.295944248806155485e+02
1.284876922818439198e+02
1.305723884100643772e+02
1.308689915630811242e+02
1.313683691110355198e+02
1.306622169963933402e+02
1.293272538354404446e+02
1.289231807928031515e+02
1.291125843186946440e+02
1.331270116302228246e+02
1.332781833740193349e+02
1.341754915555230241e+02
1.350694411184701664e+02
1.339976888867218179e+02
1.331879221345058966e+02
1.327497474030855642e+02
1.329411641067869425e+02
1.220220280764256700e+02
1.203420101513779628e+02
1.264520988503743411e+02
1.215983131963435255e+02
1.220254328039164307e+02
1.252547898660037617e+02
1.246740716013800778e+02
1.270285202548952839e+02
1.272383714715288363e+02
1.319070408260666056e+02
1.319318881870905784e+02
1.305639578282683999e+02
1.309881940245321914e+02
1.303303068840553465e+02
1.306066883763749615e+02
1.307864024689657754e+02
1.304267693596223694e+02
1.305698259427676930e+02
1.321323218542561904e+02
1.318018077950429188e+02
1.310426820730361044e+02
1.120787624188426292e+02
1.267365980747950545e+02
1.245086366330610304e+02
1.186727089684930689e+02
1.278117425695693186e+02
1.262584684833770154e+02
1.268003485097437988e+02
1.235361923101639263e+02
1.312408044177467445e+02
1.308708670526842752e+02
1.288359552866311333e+02
1.276538700475958734e+02
1.266238832329324850e+02
1.289610033075956324e+02
1.297902904318648041e+02
1.294909796658908760e+02
1.290523341683307592e+02
1.313350118735913554e+02
1.304352339134556757e+02
1.304853868860616046e+02
1.307847753599170346e+02
1.084707969148925741e+02
1.088969327802758613e+02
1.189214790495014284e+02
1.290072298916578575e+02
1.328848196474665428e+02
1.274419914695414775e+02
1.269547871061157309e+02
1.270103667440129840e+02
1.308179032756498259e+02
1.319482316693251107e+02
1.303342309043703153e+02
1.299684896822704729e+02
1.306273368967731017e+02
1.297757367006626623e+02
1.315018806033607746e+02
1.312677480301284447e+02
1.301962505748117565e+02
1.328543500118734073e+02
1.315975334603849944e+02
1.313695685434519476e+02
1.315675079973096047e+02
1.223413798297725350e+02
1.268100998260890719e+02
1.291120704470185672e+02
1.257299523642492147e+02
1.221836594599060390e+02
1.264497011759455205e+02
1.276967739131915920e+02
1.260016676531233344e+02
1.279058733212410459e+02
1.267225598727439717e+02
1.255376369359353532e+02
1.259377138049094782e+02
1.259663502434033830e+02
1.297119687799868188e+02
1.300318073369617480e+02
1.297407982518860479e+02
1.284331532155483444e+02
1.308907266889110019e+02
1.304649725488495164e+02
1.293157266502371670e+02
1.298653139473709928e+02
