9.968540432836636001e+02
9.922645687230159410e+02
9.876711492240339112e+02
9.830320262550320649e+02
9.781084251160693839e+02
9.731013719461776645e+02
9.678528798537208786e+02
9.620776183752822135e+02
9.559940297987931217e+02
9.489232734120315627e+02
9.413309201645068924e+02
9.328465713134213502e+02
9.230362505462575200e+02
9.127049178405671910e+02
9.021268746306132016e+02
8.900631549670198410e+02
8.772455736978606637e+02
8.651218771633133429e+02
8.527188466357179095e+02
8.399446919743627404e+02
8.286779457575702281e+02
5.812169622075572306e+02
6.139565334714873188e+02
6.282350034517268114e+02
6.302081279006863497e+02
6.284187868026768911e+02
6.238608281855676978e+02
6.223543939216154968e+02
6.197850030040190177e+02
6.159991497402605773e+02
6.160353510905079020e+02
6.162404855083850634e+02
6.169634850062169562e+02
6.177475498773750360e+02
6.169379097596072370e+02
6.147057021439125037e+02
6.156290571647889465e+02
6.151024943102617044e+02
6.159762105006783486e+02
6.158924992161892078e+02
6.150072961581968229e+02
6.152301097326026138e+02
5.825770174818198939e+02
5.998325225165425536e+02
6.068066242174669469e+02
6.021152465959318079e+02
6.023320674536794286e+02
5.984204368676176955e+02
5.955310784645305375e+02
5.921971697488854716e+02
5.894911547890503698e+02
5.918910307558097657e+02
5.904604999672170607e+02
5.896624096439413734e+02
5.881773427095768056e+02
5.902234670355766184e+02
5.884410937315260526e+02
5.866817565261311529e+02
5.860433199081879820e+02
5.868776059951431989e+02
5.861596192953828677e+02
5.859234697489448536e+02
5.848057939188256569e+02
5.743818135315787003e+02
5.738014748624011645e+02
5.701451127833518058e+02
5.643275551443549602e+02
5.624381205802259274e+02
5.584053632860294556e+02
5.602809950085869559e+02
5.531883060201477065e+02
5.520320528294317910e+02
5.488030681060879488e+02
5.421124655746641565e+02
5.425733141036954521e+02
5.408171185528162823e+02
5.407181167951772522e+02
5.401749915405989668e+02
5.394663294215733913e+02
5.368481751438072251e+02
5.350768822405630090e+02
5.344871350165528838e+02
5.319406534650223648e+02
5.293911320863006722e+02
4.770585605187305305e+02
4.700389854959685749e+02
4.690795399074810348e+02
4.664340809182484691e+02
4.628283501740237966e+02
4.599673773491845736e+02
4.571418180384001175e+02
4.594996686447762499e+02
4.579786977621254778e+02
4.564545078908275855e+02
4.532428315977967941e+02
4.486399565132153953e+02
4.437207989320729666e+02
4.408495952661941146e+02
4.390172628126692302e+02
4.363489696013888874e+02
4.332116877856646511e+02
4.308792904232449246e+02
4.262418329839278499e+02
4.215830837814164056e+02
4.184967872873038459e+02
3.586382659048298933e+02
3.519628819050371362e+02
3.485278333469948961e+02
3.379694690648510118e+02
3.347721452629975261e+02
3.360972236583490371e+02
3.343403751739645600e+02
3.301030707486056031e+02
3.315679846424848733e+02
3.309730376764719608e+02
3.269683887989413051e+02
3.262963158993888442e+02
3.231242582501884044e+02
3.183135893877689568e+02
3.162512942923350465e+02
3.128993779003401414e+02
3.104145172054923592e+02
3.077565024185426523e+02
3.044819043669763801e+02
3.040560837531482434e+02
3.008125558777948072e+02
2.394140346952698906e+02
2.453288934761501423e+02
2.354737481472227785e+02
2.312960812761384091e+02
2.331435849668660296e+02
2.366122091130056049e+02
2.348400108581308245e+02
2.360776195989184600e+02
2.334020408524519326e+02
2.287107137610259997e+02
2.292958575209825369e+02
2.281059480853699597e+02
2.270591399995639961e+02
2.261702084263000643e+02
2.263455624827791439e+02
2.259663629955105648e+02
2.263877013255681163e+02
2.272047725441965724e+02
2.271791295048320194e+02
2.317084714026479730e+02
2.306240650288866050e+02
1.742135208113363092e+02
1.966451113610688708e+02
2.320934311835461870e+02
2.171373147636444116e+02
2.163339894897210058e+02
2.154923313172675137e+02
2.137166320196097047e+02
2.093027573618257691e+02
2.180058089392220495e+02
2.154330120481077984e+02
2.136508994380271531e+02
2.125672938783142456e+02
2.112572265193790884e+02
2.100449332215463585e+02
2.099252943545270682e+02
2.095182186982832775e+02
2.088781719146808200e+02
2.082953775855891365e+02
2.072378432865218656e+02
2.055219302240457466e+02
2.042842210271209922e+02
2.169148516828461197e+02
2.040183251616265636e+02
1.973783993878427907e+02
1.929309045981831900e+02
1.881311915160559920e+02
1.861722518922436507e+02
1.874131610531472347e+02
1.894567874649555108e+02
1.891645950167837782e+02
1.861891771845598385e+02
1.853985535920527070e+02
1.833401614199972016e+02
1.834480035579337311e+02
1.809429771370806463e+02
1.805322364099957611e+02
1.799077409372068814e+02
1.799762335556918060e+02
1.808391532370985715e+02
1.802243154948146753e+02
1.826218075694982588e+02
1.835014619111190655e+02
1.787841740823873238e+02
1.825261652100069227e+02
1.959800780019836850e+02
2.014631225749031955e+02
1.904077475779741633e+02
1.880380530438824564e+02
1.854079771050412546e+02
1.806275883698890539e+02
1.842488326021192222e+02
1.847786942035367019e+02
1.833111601338657692e+02
1.822684017764383668e+02
1.802738676201210808e+02
1.776996374272881098e+02
1.754220458226081973e+02
1.746941399660800585e+02
1.742275390540262947e+02
1.735041678888701711e+02
1.719757608351339400e+02
1.712370666024386594e+02
1.708513349596108810e+02
1.563558305702743780e+02
1.532745236594593052e+02
1.532461733130596713e+02
1.587855706011957295e+02
1.547847088483111406e+02
1.544409100884161603e+02
1.556291830668046146e+02
1.541777327468676617e+02
1.525539743130947272e+02
1.605997449727991579e+02
1.580822410736851111e+02
1.593808653381964859e+02
1.582513564182848711e+02
1.571064363883497492e+02
1.566837306481138228e+02
1.621051362952017598e+02
1.633452814362617858e+02
1.636356911278324162e+02
1.634589944948697280e+02
1.622285124367979279e+02
1.607338207037350628e+02
1.618905217071921356e+02
1.605362892680328741e+02
1.528048299137302308e+02
1.483334261966150223e+02
1.457486565403968939e+02
1.451003796779997970e+02
1.465528224271548652e+02
1.447062126075657034e+02
1.452859568478876326e+02
1.434359088980213244e+02
1.427992914458485245e+02
1.428770810178954207e+02
1.461167771169190246e+02
1.479543531760549513e+02
1.485047306536596068e+02
1.505164238826169765e+02
1.505153550811826051e+02
1.515252958884750285e+02
1.511822170909231886e+02
1.504840258502561881e+02
1.490344128010996485e+02
1.182050505162320349e+02
1.386144399186130443e+02
1.461264701749533401e+02
1.469745269711162905e+02
1.507773622898834560e+02
1.499961831885837569e+02
1.477826815245452963e+02
1.467474863250029671e+02
1.436198364827970977e+02
1.432981774105426211e+02
1.439987815907879565e+02
1.462470413503239683e+02
1.448394409679738146e+02
1.443842032369389869e+02
1.436999219338856335e+02
1.424387819882851147e+02
1.475587886785444027e+02
1.464048375065727043e+02
1.455940893910912735e+02
1.461543250601909847e+02
1.456199919976691604e+02
1.422481423842536685e+02
1.279785103986883001e+02
1.327678382908409844e+02
1.313734539179357625e+02
1.420446305626686012e+02
1.399547473490536902e+02
1.415252338665900993e+02
1.436721326338149538e+02
1.417630031300035114e+02
1.431796606360883857e+02
1.407368172444706431e+02
1.427566199586073878e+02
1.421474083214757229e+02
1.411197602175987242e+02
1.435403627308955663e+02
1.436971013344328867e+02
1.421077750613425792e+02
1.406859400324154024e+02
1.423929025726826865e+02
1.415576308511764410e+02
1.405711771183171663e+02
