7.218072916628610756e+02
1.387312672177161585e+04
8.560933939103115335e+03
6.310999849364397051e+03
5.064956274979835143e+03
4.271679324041914697e+03
3.722099237700038429e+03
3.318885604063508708e+03
3.008666790796765781e+03
2.760619026975441557e+03
2.556626293390688261e+03
2.385617478294615012e+03
2.240649461053319101e+03
2.117430136837849659e+03
2.011473215470054129e+03
1.919354438697963360e+03
1.836334694564143774e+03
1.762077973575065471e+03
1.697378321849606436e+03
1.638739996370966992e+03
1.585827535103619994e+03
5.204138652858832756e+02
5.508227158515495603e+02
5.453577725617587930e+02
5.470607956306049573e+02
5.447684044215682206e+02
5.432990738856634607e+02
5.402368505366601994e+02
5.402562468908063238e+02
5.379011324852115195e+02
5.357991559743396692e+02
5.307966070279775295e+02
5.296601087697553112e+02
5.239826137461080862e+02
5.195055434761218294e+02
5.146042706795086588e+02
5.090191390923902190e+02
4.998482915020375685e+02
4.938789861726713184e+02
4.881021512093734032e+02
4.819425868029786670e+02
4.763784781001988904e+02
3.597921554803189110e+02
3.612812406831307612e+02
3.423884262066898145e+02
3.394250879683437461e+02
3.406575391295774580e+02
3.402917327006765049e+02
3.595140617556368738e+02
3.642953760663842218e+02
3.825883470334508161e+02
3.983127555344908046e+02
4.037793320780584736e+02
4.002315966136839620e+02
4.047167489279916026e+02
4.042494313595522613e+02
4.000569544712333823e+02
3.955630749206412133e+02
3.932155652230234182e+02
3.882029569924646921e+02
3.827807321260260096e+02
3.812286540113785804e+02
3.882560367514430482e+02
4.070273487708391258e+02
4.541979240805742393e+02
4.787713294186690973e+02
4.895004633764060600e+02
4.913512794840144124e+02
4.823432971356287453e+02
4.686487983265494677e+02
4.536022410524723796e+02
4.380407580996837282e+02
4.314178268696792884e+02
4.184965910373615543e+02
4.080493187283279894e+02
3.978331512688496900e+02
3.902480620899060568e+02
3.890398762425588188e+02
3.843886350265897818e+02
3.797870719482677373e+02
3.747241624427955458e+02
3.706154312439071532e+02
3.634328500754900801e+02
3.573416338468227309e+02
1.963686606420500880e+02
2.438581045724354510e+02
2.547747632401996327e+02
2.648033632354494102e+02
2.654028274113262000e+02
2.650163327585818251e+02
2.602815490080395762e+02
2.555550373295598945e+02
2.515914102282673639e+02
2.489984635092582153e+02
2.447172973107625467e+02
2.424590440601591013e+02
2.399428987452510000e+02
2.371934184131930579e+02
2.330361441883886471e+02
2.279035509535863184e+02
2.287096415262661537e+02
2.269223778923825137e+02
2.263602379791033457e+02
2.292102804401590390e+02
2.276065302745809333e+02
1.708595495930541404e+02
1.882345637800662530e+02
1.857548363643734604e+02
2.034452577609421269e+02
1.998295173860630030e+02
2.028410140784227451e+02
2.004827257595715650e+02
1.974771194462485084e+02
1.969563497315757843e+02
1.936630534497587917e+02
1.956753342426385416e+02
1.937358889234481580e+02
1.945737561866654346e+02
1.924123971892826717e+02
1.877986262738917560e+02
1.888714747958142368e+02
1.895482875883843974e+02
1.909994491236653289e+02
1.925007129910300989e+02
1.913015328098550469e+02
1.890990195687469111e+02
1.937192026477366085e+02
1.595121044109214381e+02
1.642813173776659994e+02
1.584504974655479828e+02
1.754087456747401461e+02
1.717681483839373868e+02
1.664378390286743468e+02
1.648949549896570943e+02
1.614622403463140472e+02
1.567467624604208254e+02
1.534988197244239529e+02
1.536816975261720586e+02
1.541905186094612361e+02
1.522014830383244828e+02
1.507675501454063181e+02
1.490690187999166199e+02
1.500354099904957934e+02
1.476987703563659977e+02
1.483485803290939202e+02
1.487877247518138120e+02
1.480509141190333366e+02
1.428176942402205611e+02
1.251671274653191972e+02
1.263206493492065761e+02
1.224502313505575444e+02
1.218160410992935141e+02
1.253856248123422716e+02
1.255176345525902377e+02
1.232187142991426612e+02
1.252812321974744378e+02
1.263756557538182932e+02
1.261230078254942555e+02
1.239871818140737503e+02
1.260515293890631057e+02
1.251580831976373105e+02
1.247503638441262410e+02
1.238638769958324701e+02
1.216573424572895163e+02
1.201827693011699978e+02
1.207171745512508920e+02
1.216391098105201536e+02
1.215255607771747606e+02
8.286700527678237904e+01
8.677500561960451364e+01
9.776504175202816782e+01
1.016008275405817329e+02
1.040484988672731106e+02
1.039793531538187494e+02
1.034647600348630476e+02
1.011000495648786597e+02
1.087041291782377783e+02
1.117078251875832109e+02
1.171035582585495263e+02
1.175905284753072522e+02
1.181169682407209081e+02
1.172889674441657633e+02
1.158102511372091072e+02
1.169899902218965764e+02
1.161182668152260646e+02
1.163283738416293431e+02
1.148202993772541589e+02
1.130848190952692249e+02
1.122337658246063512e+02
8.307140874310036338e+01
8.117648087401239820e+01
8.407663125359268008e+01
9.392315575348388279e+01
9.190639611974533807e+01
8.951345739601248397e+01
9.110364510217067391e+01
9.510733273734125248e+01
9.680506726673245055e+01
9.581905914603599683e+01
9.505580552609734468e+01
9.474043058179267973e+01
1.113310788240487312e+02
1.136053432130719614e+02
1.167482125869791787e+02
1.167965604436052018e+02
1.158951399839500169e+02
1.150507807159511486e+02
1.168283156358367876e+02
1.151430890996071668e+02
1.144481133572441678e+02
