6.915446448042215479e+02
6.891835379429214754e+02
6.869323974856491759e+02
6.846181352808517886e+02
6.822543912559306136e+02
6.797151168661046086e+02
6.770046087381779216e+02
6.738404829611629339e+02
6.704773061621679062e+02
6.667692982378320039e+02
6.627164133199742082e+02
6.581372294059456181e+02
6.528192856482742172e+02
6.472244722735872529e+02
6.408333803256267629e+02
6.338739365926672917e+02
6.256108582584469104e+02
6.166053263524357817e+02
6.075083184479367446e+02
5.965062730533004469e+02
5.854329138707937545e+02
3.635689671583411950e+02
3.584232878665118278e+02
3.538530404528859776e+02
3.479687676519404249e+02
3.473555325884481704e+02
3.446878358687628747e+02
3.395680537266119927e+02
3.476649100994854393e+02
3.486415387685910332e+02
3.463285051697523045e+02
3.445316376150917677e+02
3.460585005842743840e+02
3.448117988096723820e+02
3.425375984482326999e+02
3.417199922211099761e+02
3.411323216957210320e+02
3.409266428397547770e+02
3.397925926935793086e+02
3.398516326477703160e+02
3.396282111671670805e+02
3.400004087036651867e+02
3.276128098012403598e+02
3.548019563997834780e+02
3.595087131612904159e+02
3.603600998914285469e+02
3.429758415680282724e+02
3.391605046929308855e+02
3.402093490218169904e+02
3.391192714248841753e+02
3.372113666250937740e+02
3.372337621673377157e+02
3.328582649740230295e+02
3.316522151646469183e+02
3.335521806372535139e+02
3.315409958202726557e+02
3.314175852074147315e+02
3.325535928064301174e+02
3.321230898838187500e+02
3.300195280135143321e+02
3.289648143854611249e+02
3.294150342750791651e+02
3.292810777869019034e+02
3.678657675205109285e+02
3.372086018801348359e+02
3.285314459169931638e+02
3.321614774974375450e+02
3.255928611179711538e+02
3.303585639536048006e+02
3.280615358797472254e+02
3.284504635718010945e+02
3.288837981171630531e+02
3.284774624096729667e+02
3.269265267436156819e+02
3.256007227152298356e+02
3.237010534456927644e+02
3.211247337826047783e+02
3.201213871883768434e+02
3.191991567798204983e+02
3.202550230755245479e+02
3.197919899271433906e+02
3.190560054058107653e+02
3.178187665743707839e+02
3.165787910465815571e+02
3.133787467613218496e+02
3.135875854582429270e+02
3.064160325364111941e+02
3.043782541030963102e+02
3.036644315730302424e+02
3.069514967781004771e+02
3.059137439817727682e+02
3.020412525057407152e+02
2.996567425790270249e+02
2.977445738378863780e+02
2.985770036967355736e+02
2.985549733915796082e+02
2.982457524710432040e+02
2.996513908735556697e+02
2.998221090682724252e+02
2.993627073951698776e+02
3.007550053954640816e+02
3.014853058655777431e+02
3.008480948250741562e+02
3.012571618513794078e+02
2.997487124034347516e+02
3.040306651905119111e+02
2.934287596285149107e+02
2.959708372445786040e+02
2.929281428878111342e+02
2.885677119624994020e+02
2.858438078943869414e+02
2.850652695020433498e+02
2.825101776059712506e+02
2.820308388588538833e+02
2.806334103192932048e+02
2.809676362872168625e+02
2.807829333668505001e+02
2.815876495694489563e+02
2.812265534457746980e+02
2.804912915742087876e+02
2.789666656942646910e+02
2.795394741807303376e+02
2.764135548954246815e+02
2.764460291722299985e+02
2.760686516867147020e+02
2.741981810120110481e+02
2.597661653670025999e+02
2.403103595269675452e+02
2.391910080975420385e+02
2.412576062965614199e+02
2.419151756796284189e+02
2.445503896312728500e+02
2.430594315737795625e+02
2.416101430564857537e+02
2.421030961302098774e+02
2.427805043372655973e+02
2.415765540815375800e+02
2.429394459807978990e+02
2.424445265942694334e+02
2.419150101482065622e+02
2.415237891714120622e+02
2.414118150630139041e+02
2.406826515282073160e+02
2.409942026543702980e+02
2.408013768354264243e+02
2.407485126696799682e+02
2.388357963811824334e+02
2.388154843617051029e+02
2.241453529014938226e+02
2.217464322917471975e+02
2.223824174899814068e+02
2.200295346037216291e+02
2.197222725910917802e+02
2.174965550800182541e+02
2.158701157278471214e+02
2.157398002806326929e+02
2.135864320821492583e+02
2.131684287347038378e+02
2.117384058687929951e+02
2.095197847762080983e+02
2.080825083867328829e+02
2.073575222340809034e+02
2.060012791741675642e+02
2.042228197297348800e+02
2.025301367391875829e+02
2.015783401419566019e+02
2.006494998370039013e+02
1.999383021683560742e+02
1.961266196257641923e+02
1.827425968353745986e+02
1.742083037467333213e+02
1.699788486102001457e+02
1.706624234384604506e+02
1.685524910908994229e+02
1.702874206898622162e+02
1.722000337043272111e+02
1.717134418976348229e+02
1.703432965588187358e+02
1.704304709220587597e+02
1.698077538294973863e+02
1.704148643994609245e+02
1.693886979866997819e+02
1.684910478394513120e+02
1.673280358064228039e+02
1.664602919451064338e+02
1.665299426880358453e+02
1.653041072520859984e+02
1.646760796956653508e+02
1.641982711921498321e+02
1.532637304496339539e+02
1.519850337327922603e+02
1.511679630239385972e+02
1.489194708993403253e+02
1.476337200237054503e+02
1.486307398609718007e+02
1.482794280561773519e+02
1.463050654987133612e+02
1.454308258105167511e+02
1.434798389753615595e+02
1.431670583283067799e+02
1.433421451527964336e+02
1.417911510345608974e+02
1.402585480794383272e+02
1.395673857332870682e+02
1.383910714500657946e+02
1.382989299389437576e+02
1.375610706197416278e+02
1.371031941023556726e+02
1.372867973086500228e+02
1.370234376525429525e+02
1.138774301129126343e+02
1.269203290906043975e+02
1.250791886079096003e+02
1.213809623782502030e+02
1.201782952569560621e+02
1.204341879248423339e+02
1.200244645837775721e+02
1.204137973846242602e+02
1.198930023055747682e+02
1.191480813399665522e+02
1.189677828909075572e+02
1.182142325960212332e+02
1.182050916454726064e+02
1.179985171422471524e+02
1.174141685119468121e+02
1.174669914261475157e+02
1.176661069634799475e+02
1.179458058243380947e+02
1.173225757850922264e+02
1.171466304302743566e+02
1.170433867827911314e+02
9.895482573673749016e+01
1.086327691472131534e+02
1.095181496123640841e+02
1.111049476428974714e+02
1.087622921883007905e+02
1.056311470102951375e+02
1.059391772306964157e+02
1.065750720210907758e+02
1.056694678454874179e+02
1.066584681629204425e+02
1.067390939180103260e+02
1.072346998304395242e+02
1.072530501819396136e+02
1.063608253605876541e+02
1.057328393998626268e+02
1.053539826008591263e+02
1.049178875098462953e+02
1.040514114288959604e+02
1.036631724070648630e+02
1.029154517024386593e+02
1.024590816863622393e+02
1.083905127439450951e+02
1.064180221929708239e+02
9.974985896426218801e+01
9.878206913020771651e+01
9.935932648477087525e+01
9.792952036928448933e+01
9.650748193585397416e+01
9.549842921559870490e+01
9.629314750757073682e+01
9.441434684001110611e+01
9.433309166692255587e+01
9.376426449589176570e+01
9.385380566219866694e+01
9.308285086350494453e+01
9.262114892664203580e+01
9.229864120939726035e+01
9.185618571857501991e+01
9.146384678125002665e+01
9.211712669881184468e+01
9.224635197259151198e+01
9.195101438341562528e+01
8.670228688963511843e+01
9.003713689455722147e+01
8.767089838292953630e+01
8.933475067524175017e+01
8.714176133213486253e+01
8.716210136829140254e+01
8.496883500804433709e+01
8.382351905413946724e+01
8.355879704949262532e+01
8.421968793824636634e+01
8.461987542752258662e+01
8.551214307143665394e+01
8.548189082060879684e+01
8.549310435916757456e+01
8.534391718334130417e+01
8.577151178270614196e+01
8.569040962794565530e+01
8.559389569543390053e+01
8.561414415289490876e+01
8.564904797652467039e+01
8.542383727568838481e+01
