6.915123632775112128e+02
6.891272986531338347e+02
6.869184823377582916e+02
6.845976465172830103e+02
6.821898311798419172e+02
6.795247740870044026e+02
6.767441096875813855e+02
6.736423301025388355e+02
6.702194300720394722e+02
6.663798986183298894e+02
6.621772190825068947e+02
6.576677448623410100e+02
6.524249217379582433e+02
6.465511951759590374e+02
6.405245220819912220e+02
6.332978838656166545e+02
6.254206310436970853e+02
6.162864636414421966e+02
6.061636174119081488e+02
5.969538077747899933e+02
5.860947537843084092e+02
3.551763918393859853e+02
3.546819222730039769e+02
3.469881882733969292e+02
3.496221508198052561e+02
3.475693876458527143e+02
3.499430919057134020e+02
3.464989409687151465e+02
3.418471736995037418e+02
3.444189177274209896e+02
3.447714379506922455e+02
3.452261652708569954e+02
3.450027863252197449e+02
3.435610176182134410e+02
3.436460020764113210e+02
3.426231326448098002e+02
3.414647444345822009e+02
3.407493323156354563e+02
3.403606614276073969e+02
3.399162981085328852e+02
3.392378485029187232e+02
3.393079146619193125e+02
3.245291655072306867e+02
3.246616668259289327e+02
3.325722640005064932e+02
3.309669003722452203e+02
3.335854713811986016e+02
3.318990450636256355e+02
3.309653228155382294e+02
3.303072116651886176e+02
3.292290039804439061e+02
3.291788101012619450e+02
3.274758078545208946e+02
3.266637550904530372e+02
3.241918975317032050e+02
3.233905030392319873e+02
3.222119114812266503e+02
3.229064011560257654e+02
3.249116876990412948e+02
3.247837162460625109e+02
3.247047974702208535e+02
3.260256200716446529e+02
3.258380869184918538e+02
3.021019347380719182e+02
3.165134939101699274e+02
3.284623146525287893e+02
3.230122795619005842e+02
3.172778785669974582e+02
3.176498233099309800e+02
3.193204590722866101e+02
3.191111960926373854e+02
3.173039189348826312e+02
3.171227867531300717e+02
3.168082024762011315e+02
3.147986386952393332e+02
3.148678819982146706e+02
3.129722513811682347e+02
3.129918504527331038e+02
3.124844401451009048e+02
3.109895866813996008e+02
3.087859239414072476e+02
3.085833436150024340e+02
3.071722477529520461e+02
3.063035525098051153e+02
2.620612028701197005e+02
2.816677943159099300e+02
2.884291371047827965e+02
2.874858483374522393e+02
2.875365781755656371e+02
2.857678688431754495e+02
2.860964844995839940e+02
2.851448945688692334e+02
2.832609384794373000e+02
2.840238498812232137e+02
2.833690779744582642e+02
2.812014882056192846e+02
2.779597260253632953e+02
2.758224256302106028e+02
2.738109416685954898e+02
2.729512948784623632e+02
2.715283134778116505e+02
2.697749430815220535e+02
2.690713098176487961e+02
2.683620448640640461e+02
2.664763717649659043e+02
2.281703572014215808e+02
2.225549075158966730e+02
2.211870647748006888e+02
2.212156540448727355e+02
2.220046155024874963e+02
2.216739585766853793e+02
2.199129897849917370e+02
2.161345496764770360e+02
2.148273859585514458e+02
2.135812836869102682e+02
2.113530716822069451e+02
2.095445103514423977e+02
2.069040547790965547e+02
2.044668442366863701e+02
2.025150139261736513e+02
2.004041102901671820e+02
1.988576434084456537e+02
1.967871111777951114e+02
1.961238021575422863e+02
1.939311066209672560e+02
1.924191351550942102e+02
1.541660040432419123e+02
1.553270654999878673e+02
1.583407449957601614e+02
1.584089949365283303e+02
1.522259037915305271e+02
1.480330823701634699e+02
1.451639504143206523e+02
1.428164575770308033e+02
1.413399074183528512e+02
1.392285469427225451e+02
1.379541583202360471e+02
1.362699714654171999e+02
1.350794078831449099e+02
1.329022006073315367e+02
1.307334755915597952e+02
1.297129360241311531e+02
1.283594476690906276e+02
1.264653616331349042e+02
1.251914227066330767e+02
1.243564989006616059e+02
1.234627427577674439e+02
9.131256950603551559e+01
8.787623777409281445e+01
8.488735754717546911e+01
8.545968103542070082e+01
8.696055654389178358e+01
8.695849798885159032e+01
8.693497485255265644e+01
8.679077575920554466e+01
8.573787920339114521e+01
8.576014630638687208e+01
8.413401616384979320e+01
8.450465648736918922e+01
8.442678500873483927e+01
8.319126884519629073e+01
8.382480078716783112e+01
8.253431884671446994e+01
8.259667711218328634e+01
8.238537423551869665e+01
8.264681110300975320e+01
8.207486533269511142e+01
8.141318916622478241e+01
7.047603718205473911e+01
8.312475501081681273e+01
7.390332212972555226e+01
7.161479958875263208e+01
7.110468588302228454e+01
6.926765337602378736e+01
7.016197289033900120e+01
6.919097032900057798e+01
6.746491305431199237e+01
6.858931996792257735e+01
6.836616741112720774e+01
6.844132545401562595e+01
6.882306587916598062e+01
6.823256848917473860e+01
6.800368318646420107e+01
6.786242917982561096e+01
6.694138540883474775e+01
6.635211547930114762e+01
6.563002990189322361e+01
6.520644020490911430e+01
6.476933969493140353e+01
5.661606015775182499e+01
5.194222133481493131e+01
5.540780281557339748e+01
5.439906121600417066e+01
5.628562252053434634e+01
5.703138680494711110e+01
5.456772683649563760e+01
5.510023870131364987e+01
5.521673638476730162e+01
5.497919660357490557e+01
5.456319879727792710e+01
5.498418819376963285e+01
5.579772238928552497e+01
5.590685966820138475e+01
5.570158645069241032e+01
5.547691992647735049e+01
5.505307062159663190e+01
5.515003696429294422e+01
5.517434252898715386e+01
5.505487355422112472e+01
5.498735931247505704e+01
3.450731797427666692e+01
5.391982100664595379e+01
4.914002964228203041e+01
4.707115909763935946e+01
4.701613279868453787e+01
4.664469501493957182e+01
4.704031923789665370e+01
4.850071763383805745e+01
4.862215269274497587e+01
4.854185536624027009e+01
4.859925246754197303e+01
4.816608163315116542e+01
4.800602923772375874e+01
4.873908837284601248e+01
4.861139170598706727e+01
4.786356287358927375e+01
4.853864981012212354e+01
4.838112812007489794e+01
4.847008124389575556e+01
4.802547778019950186e+01
4.812499218312414229e+01
4.794187656002358722e+01
4.841324725114394312e+01
4.515877496264694457e+01
4.579920298910658971e+01
4.513145867742536410e+01
4.562261135422493652e+01
4.478946654429793739e+01
4.552497781054407255e+01
4.477598916111929839e+01
4.464752367732296534e+01
4.591791331455613800e+01
4.668754986212649527e+01
4.594056402956952212e+01
4.586273746141743857e+01
4.612979608509476748e+01
4.565589775086154134e+01
4.586586664792312718e+01
4.579986367264964997e+01
4.547034469076999130e+01
4.518641854937624913e+01
4.538988304746722235e+01
4.056690811941940922e+01
3.799269885308138583e+01
3.725204526668144922e+01
3.868754517036686735e+01
3.791584782197859482e+01
3.909573304275804873e+01
3.826480193209540204e+01
3.717549220693821610e+01
3.821335726153154155e+01
4.008043592579610248e+01
4.084737137667213602e+01
4.154534037202145669e+01
4.089893311000643905e+01
4.072675620661998153e+01
4.130668436000939892e+01
4.133920465008160505e+01
4.140693584474192335e+01
4.155685416884798400e+01
4.174671580031603924e+01
4.209981318943363959e+01
4.189742257136818893e+01
