7.193795236042415127e+02
7.185096652907552652e+02
7.162503668684433933e+02
7.141515757465186880e+02
7.131500054925263612e+02
7.102902741581665396e+02
7.080053561917035267e+02
7.051378790369265062e+02
7.034343926654337338e+02
6.998964688773349963e+02
6.964466482348008185e+02
6.927191677725575119e+02
6.888289429340613879e+02
6.844230790021235862e+02
6.787401018872733403e+02
6.735981294972590376e+02
6.683824501782396510e+02
6.636742279659274573e+02
6.586285692215504923e+02
6.543493939204793151e+02
6.507763448764180794e+02
5.562183197421004479e+02
5.668635412891795795e+02
5.664053049039507641e+02
5.644486139170603565e+02
5.615682361515788443e+02
5.604293580329109545e+02
5.615425216554017425e+02
5.606660093153751632e+02
5.574569856280916156e+02
5.576150551660203973e+02
5.572756298467193119e+02
5.568017850618107332e+02
5.570344444555523751e+02
5.566436976869201771e+02
5.581833323659681128e+02
5.581728123848835139e+02
5.565953858374253969e+02
5.570463933260242584e+02
5.567481472394758839e+02
5.558918175187067163e+02
5.548203960663886392e+02
5.262662290714220035e+02
5.209915846948849776e+02
5.331990173114844538e+02
5.329190671324158757e+02
5.305442515267097860e+02
5.342728912544980631e+02
5.328707077217624146e+02
5.340322927264916189e+02
5.345176216867342873e+02
5.356154161462783350e+02
5.335245289810609393e+02
5.341181477789182281e+02
5.311878140400187931e+02
5.285045172929585533e+02
5.267847141611251800e+02
5.261097690377340541e+02
5.253401205075307416e+02
5.226812281456951723e+02
5.218299686393761476e+02
5.212419171887006542e+02
5.216029406185764401e+02
5.065914061478129042e+02
4.958577879131399300e+02
4.881680928749787540e+02
4.867927275532053386e+02
4.845317214588075672e+02
4.850361193423943291e+02
4.844306144990422354e+02
4.803641051165567433e+02
4.786543011406239430e+02
4.753835184498889248e+02
4.715576079680072326e+02
4.670980046984548721e+02
4.638177666101656200e+02
4.626856227469754685e+02
4.599020775301365802e+02
4.574377519368201206e+02
4.539265872041881948e+02
4.512086973979969002e+02
4.489073539196984370e+02
4.464728600781583623e+02
4.445198646884007871e+02
3.901311268140686366e+02
3.697404963190823537e+02
3.684577394566443900e+02
3.654686612185621470e+02
3.594384490524000739e+02
3.558408135811694137e+02
3.501935458963791348e+02
3.465381390544656597e+02
3.418826192204759309e+02
3.381776391455848056e+02
3.346664197254332862e+02
3.302044895018794932e+02
3.251564277256787818e+02
3.210952121661623551e+02
3.171144246471206998e+02
3.130947158163472750e+02
3.091770306641551542e+02
3.063117328162882700e+02
3.030841667446173346e+02
3.000261132588585724e+02
2.963371224855921469e+02
2.311884122980533220e+02
2.537041446440713912e+02
2.432562888039166182e+02
2.342062700694242210e+02
2.302224069311770904e+02
2.264242709296094347e+02
2.233518646170117847e+02
2.225144502363804122e+02
2.192409525396776644e+02
2.159296964859410650e+02
2.169748260572807794e+02
2.170253631034157706e+02
2.164370912917755163e+02
2.154598409496480542e+02
2.121501810160557113e+02
2.135222577816355454e+02
2.120404554852669605e+02
2.124396337164143915e+02
2.120397427461970210e+02
2.115263949321297332e+02
2.101564143312672854e+02
1.898104826417182664e+02
1.799666673501753564e+02
1.855957568415617231e+02
1.879628099306974036e+02
1.871627215915924012e+02
1.845331254812472537e+02
1.799196267512604095e+02
1.763442513813489541e+02
1.757805227720114942e+02
1.771826568057356894e+02
1.776695062820518558e+02
1.773009061708681031e+02
1.776861566515744073e+02
1.789920877506956174e+02
1.768248431210280955e+02
1.783559305739879903e+02
1.819129141304206883e+02
1.814857731455763030e+02
1.833337326292910632e+02
1.836133134053255844e+02
1.827559562525425179e+02
1.359532625218381554e+02
1.866922562847443317e+02
1.844556231371697947e+02
1.749445666654247020e+02
1.729057968068012201e+02
1.672855083956221449e+02
1.800195799646143371e+02
1.807688529840363856e+02
1.773689627265023034e+02
1.737246859815351172e+02
1.744326280242784435e+02
1.740431159008504380e+02
1.770533799961407908e+02
1.757943265202099212e+02
1.752711555254793154e+02
1.738326858023471289e+02
1.718257344757540750e+02
1.733133571452959245e+02
1.722779755375336492e+02
1.711111874800679118e+02
1.699122574552470439e+02
1.500824993481373326e+02
1.526021876086425095e+02
1.539669885577431785e+02
1.542724781223110995e+02
1.513519031639281422e+02
1.520543449779666503e+02
1.496468742160652994e+02
1.503714768936772259e+02
1.514689056053713330e+02
1.506949160809462853e+02
1.512978863206041638e+02
1.509794880222799804e+02
1.499373694992287938e+02
1.513012542640304616e+02
1.500245009545981816e+02
1.482854939729732848e+02
1.487269554487985488e+02
1.479588220867514963e+02
1.482013247360470984e+02
1.488103444868703207e+02
1.509427032596787797e+02
1.474610205033376076e+02
1.478907137359484523e+02
1.401361897765050628e+02
1.436786351775396895e+02
1.501448839498892482e+02
1.426561507052279580e+02
1.420756113660141864e+02
1.384706911835935728e+02
1.436242956435727933e+02
1.430416223544245042e+02
1.474908409661131543e+02
1.473720427548342968e+02
1.486264911514410301e+02
1.472564878129820727e+02
1.444574934203442353e+02
1.484883463627853359e+02
1.494425820882610765e+02
1.495285647092700003e+02
1.498632901447301720e+02
1.490619751214883024e+02
1.481484739983602879e+02
1.002758782584664061e+02
1.147789210078414612e+02
1.622204014021301077e+02
1.505748847184786143e+02
1.553975812133200805e+02
1.550895909227120910e+02
1.524835927046501070e+02
1.498792403881774931e+02
1.494496854177035630e+02
1.478114469794603565e+02
1.479144112987076767e+02
1.468636815881723976e+02
1.495232870497192152e+02
1.484332430745647571e+02
1.491099487905886463e+02
1.482587281262312615e+02
1.481299655483599338e+02
1.470884087378337313e+02
1.479254897535396935e+02
1.467048841029183848e+02
1.450713837108961570e+02
1.196652903669868806e+02
1.198115614107442894e+02
1.138867107549993136e+02
1.234130451347517550e+02
1.329055757206639612e+02
1.409897844892839771e+02
1.390635185447493996e+02
1.376553542707656845e+02
1.361955846826359107e+02
1.376625808488517180e+02
1.371770831451590027e+02
1.355319154443440937e+02
1.343260972129894526e+02
1.325650324976562615e+02
1.322423571795151531e+02
1.317976592658437767e+02
1.315844788683682793e+02
1.294644608270541823e+02
1.299808274126759784e+02
1.303815936797666097e+02
1.318331944027802649e+02
1.444157009754079297e+02
1.370003129523743723e+02
1.383249941917306671e+02
1.333939655369420620e+02
1.283907813946230476e+02
1.268614164995364177e+02
1.226912730324757632e+02
1.259204232450795047e+02
1.256041477728850850e+02
1.321658636564068559e+02
1.322297019247893388e+02
1.345870615931493148e+02
1.343607707419158430e+02
1.351165531425432675e+02
1.346903408425433213e+02
1.325911243850597998e+02
1.324063232209989565e+02
1.321931111106353569e+02
1.307412710511527223e+02
1.309616220253819563e+02
1.298352261094491382e+02
2.115378552912237069e+02
1.655937156358290565e+02
1.505385820271914952e+02
1.459633882616867027e+02
1.431787235435431569e+02
1.404489121287136584e+02
1.369580939976819707e+02
1.331941778497493658e+02
1.294088338802974931e+02
1.283108339473439514e+02
1.273343598744466760e+02
1.258933623588694388e+02
1.236546513906923650e+02
1.225613235859327403e+02
1.228139257251940677e+02
1.227489884772682274e+02
1.217629008143327525e+02
1.221600926428142628e+02
1.217325550121148723e+02
1.211217119062386729e+02
1.205504835372601633e+02
