9.967578864183843734e+02
9.920073986353874034e+02
9.875577525864538302e+02
9.828784957152118977e+02
9.779738906447053068e+02
9.729408511934478838e+02
9.676275696210533397e+02
9.618605790057135891e+02
9.556677092068406409e+02
9.487119007198998588e+02
9.414110567386871935e+02
9.334527115798066461e+02
9.239363110943843367e+02
9.142333595535900486e+02
9.038181732521117056e+02
8.919091536731723409e+02
8.780624962162628435e+02
8.658557285398475187e+02
8.530844946927156798e+02
8.399148853881602008e+02
8.297890915625520165e+02
6.223251533356783511e+02
6.115616959377017565e+02
6.248328796887508361e+02
6.316247634521985219e+02
6.331794618460334050e+02
6.282596561786410803e+02
6.295192209762160473e+02
6.268538877244232026e+02
6.288081143563588284e+02
6.279804074561675407e+02
6.261377478207507465e+02
6.241171411085658747e+02
6.258314544113612783e+02
6.236793023402827885e+02
6.202312788646511308e+02
6.210238603861282627e+02
6.179252852310104345e+02
6.181302862150122337e+02
6.177959531196844409e+02
6.154298286379219007e+02
6.150298302060195965e+02
5.826465657251555967e+02
6.008570154602928142e+02
5.824253997200002004e+02
5.880385766703450372e+02
5.836140373836983599e+02
5.869243879972200375e+02
5.888570418337105821e+02
5.885335165714667482e+02
5.844948737293910881e+02
5.820020660804133286e+02
5.853488849467265709e+02
5.853419149149106033e+02
5.856783682664216713e+02
5.851798602791857320e+02
5.838966983164167459e+02
5.838656758467707277e+02
5.837550886740693841e+02
5.836341795902162630e+02
5.841817595053854575e+02
5.830596556704554132e+02
5.816856615389523313e+02
5.758272868034478051e+02
5.632343153086070515e+02
5.494246936320907935e+02
5.497167529091276492e+02
5.523185612785351850e+02
5.503312489269026173e+02
5.465182505713149794e+02
5.443659231931605973e+02
5.436853730949575265e+02
5.418082582375483298e+02
5.407696410994744838e+02
5.387818974153160525e+02
5.356073769162262579e+02
5.315483603582615615e+02
5.287253389908898953e+02
5.250002377953928772e+02
5.223919045538359569e+02
5.211007333125484138e+02
5.171574916387152143e+02
5.157768276502343952e+02
5.135468634590272359e+02
4.581073878683976091e+02
4.509440784073383384e+02
4.312560817221141178e+02
4.310445629841028676e+02
4.297600041945603948e+02
4.262336591649271327e+02
4.215578558001967622e+02
4.184675107467410839e+02
4.143256821410470252e+02
4.095006242795096796e+02
4.063718290626023304e+02
4.014060482400422529e+02
3.969741190607073236e+02
3.926063912908132920e+02
3.884448602584383821e+02
3.849630594106206445e+02
3.821381022742571076e+02
3.789435064904795354e+02
3.744155711924501588e+02
3.701398364655059368e+02
3.661097006744473674e+02
2.772734010306450614e+02
2.588137450431541424e+02
2.666295033992984713e+02
2.666571328891311055e+02
2.641708188758374831e+02
2.628070135416717221e+02
2.617451439278581802e+02
2.600693415705021607e+02
2.588420018295837508e+02
2.546082153242507502e+02
2.526301893545970643e+02
2.511948825381695087e+02
2.525616055739763794e+02
2.518797227955807614e+02
2.495514520610711600e+02
2.496835459493126734e+02
2.467193540123805633e+02
2.452027538417881658e+02
2.435427470733104087e+02
2.423337754436245177e+02
2.421512577679331741e+02
2.707888265852406562e+02
2.157255454805942065e+02
2.114985073676971581e+02
2.019601791240890236e+02
2.046500896468562019e+02
1.999352277674332186e+02
1.979448331534470924e+02
2.043856544263917101e+02
2.022970969470067644e+02
2.005091686521253962e+02
1.996829925181854719e+02
1.986771325626900477e+02
1.996193498424436257e+02
1.982685061982151922e+02
1.974548433451122946e+02
1.966956540919904910e+02
1.952318260947413080e+02
1.948136736398062396e+02
1.936748108446208789e+02
1.924799055520374225e+02
1.926922099613039450e+02
1.707630731690452137e+02
1.554660929098434110e+02
1.695121488955363418e+02
1.718483666758878599e+02
1.733333696556357779e+02
1.785412736935573150e+02
1.807771424171745878e+02
1.871643932647997417e+02
1.827417559419987754e+02
1.806443512082701375e+02
1.778198517197349133e+02
1.776139426341524370e+02
1.776526561794867973e+02
1.757287665285323897e+02
1.748514062256708712e+02
1.732096696200550809e+02
1.713981867965829338e+02
1.687880572448002283e+02
1.688492188429937926e+02
1.670291391622947401e+02
1.658648930798339620e+02
1.603798729721927430e+02
1.569496226740091060e+02
1.532251592398496598e+02
1.602371169659940335e+02
1.535012260884494992e+02
1.617983723535417369e+02
1.644849732985087485e+02
1.602258853916246153e+02
1.601068530761877753e+02
1.584388076243749595e+02
1.576270199754005432e+02
1.559245679744002473e+02
1.554545297149461192e+02
1.546277525398783439e+02
1.538764629610425914e+02
1.571185738595457053e+02
1.573384970062976720e+02
1.568395446628292973e+02
1.568973008047945541e+02
1.568350827304977315e+02
1.548778261961996066e+02
1.469631477038533660e+02
1.456503252724922390e+02
1.468523781728853521e+02
1.413272472938324142e+02
1.412270194771070351e+02
1.412851413567773875e+02
1.397020867900671988e+02
1.383024548814997559e+02
1.354347079831866552e+02
1.371059965402287162e+02
1.373723950023357361e+02
1.369923374905516482e+02
1.353450020589068856e+02
1.399927353821253462e+02
1.444268188762333693e+02
1.474154716460882923e+02
1.457481423595266676e+02
1.450595949224899357e+02
1.455254200287083393e+02
1.437147756848466713e+02
1.426772463686156129e+02
1.809626050349574484e+02
1.416994145758098966e+02
1.294321751440024855e+02
1.279014743745624969e+02
1.295139648322752635e+02
1.276878261110515069e+02
1.272678879460965931e+02
1.244531195700385098e+02
1.280120498027471854e+02
1.252126310173937043e+02
1.263677821666930043e+02
1.256549043716745189e+02
1.250132829605406215e+02
1.236604102067212807e+02
1.222037251101011748e+02
1.222099269151939325e+02
1.210410632547999228e+02
1.217568736492520003e+02
1.217284292241103287e+02
1.220477336445434560e+02
1.218326151855120258e+02
9.914852730489418775e+01
1.081772613219103789e+02
1.091326149337854190e+02
1.098637803141578928e+02
1.106393141738235073e+02
1.071060884375731774e+02
1.125140518151399931e+02
1.107947166974702355e+02
1.109984136357744546e+02
1.140008379077710430e+02
1.124452510851401712e+02
1.133232790567926713e+02
1.122206143497902389e+02
1.107953885221691905e+02
1.107583545490951593e+02
1.096931570423869147e+02
1.141829025912561235e+02
1.147721485635410659e+02
1.172184848517179034e+02
1.169256100510949636e+02
1.169606394520576913e+02
1.539160043128415509e+02
1.237636751393044676e+02
1.132665860871847059e+02
1.154953953638572983e+02
1.152279124615433545e+02
1.119685526119209840e+02
1.123740301584555965e+02
1.116404483161215069e+02
1.133288473492262938e+02
1.115186328315717503e+02
1.118815851316962977e+02
1.118659955751443817e+02
1.198234627169179163e+02
1.204827464315316234e+02
1.229225386734578080e+02
1.212378763044134615e+02
1.227364663107557021e+02
1.213940730325221011e+02
1.209670445467725699e+02
1.214920807434384500e+02
1.225494512844890522e+02
