9.968356917126095595e+02
9.920000635245100966e+02
9.877174280709922414e+02
9.828644646285149520e+02
9.781325241341008905e+02
9.733369753138961187e+02
9.680167233322472384e+02
9.619326956416589383e+02
9.553836787585499906e+02
9.487262750901630852e+02
9.413704672399179572e+02
9.328853121789844636e+02
9.239874246808584530e+02
9.129653746221023312e+02
9.020856506776582364e+02
8.907801814631212665e+02
8.776449405494917073e+02
8.654094820874103107e+02
8.528027492719772908e+02
8.401143698622113334e+02
8.289097272154265283e+02
6.035046050178336827e+02
6.369183980884795346e+02
6.232216791627937482e+02
6.169304065299972990e+02
6.189273668741628853e+02
6.188331002076891991e+02
6.193580673685944475e+02
6.231559210108002844e+02
6.215925978748562102e+02
6.195566563214571261e+02
6.179461509604612957e+02
6.159252031579054574e+02
6.151947859387340714e+02
6.148607080926508388e+02
6.124208566179064519e+02
6.143182002812559404e+02
6.139434586875146351e+02
6.130489328891387686e+02
6.137411091395745188e+02
6.144357884802930130e+02
6.153519177190233904e+02
5.969464468043807983e+02
6.098749703456550151e+02
6.062065283845611248e+02
6.066963823519664629e+02
6.020227996678447653e+02
6.056006718156656916e+02
6.018441609367640694e+02
6.031898898988721385e+02
6.030076366067071376e+02
6.000588256193838106e+02
6.019098485891920518e+02
5.998593646467705867e+02
6.004394681798750071e+02
6.005059911276288176e+02
5.999885772770979884e+02
5.994201875217344195e+02
5.981508081170792366e+02
5.968648619845312169e+02
5.953629539967539586e+02
5.962940936115602426e+02
5.943536755916115908e+02
5.480113482149122319e+02
5.718193541305179224e+02
5.782072908253401238e+02
5.745717149902861820e+02
5.749796739509647523e+02
5.756138388911604125e+02
5.751977585956643679e+02
5.760436781852313288e+02
5.726343386533785633e+02
5.749343462847687078e+02
5.726299318600719062e+02
5.710451236150281602e+02
5.743323234894510279e+02
5.742041340273423202e+02
5.745913307900290192e+02
5.738301089358327545e+02
5.734183632993897390e+02
5.724581157997723722e+02
5.721350231120078433e+02
5.700356427263895966e+02
5.704767622652601631e+02
5.585048861184964153e+02
5.593941209565990675e+02
5.503792092104339417e+02
5.480758046428783246e+02
5.565047457309671017e+02
5.531211288009939153e+02
5.492382954031502322e+02
5.499289194657075086e+02
5.475155035547783200e+02
5.458278636613904382e+02
5.478979393589839901e+02
5.486960305680682950e+02
5.466235147784077526e+02
5.430082120932282805e+02
5.402186512172033872e+02
5.419832045833458096e+02
5.413086969740971881e+02
5.384703239639461572e+02
5.390707500440771582e+02
5.391465006107440558e+02
5.377536879745750866e+02
5.506880760780411492e+02
5.241007615749379056e+02
5.134184149737143343e+02
5.106087213181806987e+02
5.113001511849303711e+02
5.120947149113758314e+02
5.097029636321555017e+02
5.099752162625962910e+02
5.102506031154502466e+02
5.092181562129131862e+02
5.078530840517221918e+02
5.045397376947184966e+02
5.061587964692216133e+02
5.048461768353440107e+02
5.035347112002772292e+02
5.032550961858874530e+02
5.007152799337292777e+02
5.006515260164874803e+02
5.007166086045405109e+02
4.996573426562541158e+02
5.003955208704965116e+02
4.608394732584919211e+02
4.742697350262512259e+02
4.728014359478644337e+02
4.786999626605255003e+02
4.737809374259039714e+02
4.690639513408249854e+02
4.666940139438941060e+02
4.646969008466303421e+02
4.631678508321632535e+02
4.662860301140807451e+02
4.663557050134484712e+02
4.656903876911022735e+02
4.646230780027033234e+02
4.646058692700613619e+02
4.634199351437476935e+02
4.637883378272335904e+02
4.630190025702037246e+02
4.631120255537396133e+02
4.619918191245029107e+02
4.608732378379637566e+02
4.599282304279172990e+02
4.169191979440375917e+02
4.334835211001970379e+02
4.274416109388876635e+02
4.304496785233218930e+02
4.315816639882608001e+02
4.375143904774283783e+02
4.392471915339947373e+02
4.394466758661329209e+02
4.374854575612994836e+02
4.365279796806009358e+02
4.335998640193907363e+02
4.309333419574155073e+02
4.299960012517686323e+02
4.295729415089126064e+02
4.271783824650485144e+02
4.245607995384512492e+02
4.245552791520991036e+02
4.254529340722340862e+02
4.233556617892655822e+02
4.224355728221747768e+02
4.217614845038251019e+02
3.968446231075490118e+02
3.997425890470923946e+02
4.069738862650724514e+02
4.030289575617550213e+02
3.935133337506196654e+02
3.957832893171885189e+02
3.968134217741556995e+02
3.948401288268098597e+02
3.944734172847356035e+02
3.918879927979811555e+02
3.896543308966091104e+02
3.891361157773976629e+02
3.899586709293196236e+02
3.913263706851895449e+02
3.920325623749699275e+02
3.927290748890330860e+02
3.925041648633716136e+02
3.918979653845141229e+02
3.900740475260922722e+02
3.899597803994219021e+02
3.884381099859386950e+02
3.651348618871450071e+02
3.504772544652790884e+02
3.544015674959063631e+02
3.573685405723526856e+02
3.587668728921216257e+02
3.648581153018559462e+02
3.655491703260437362e+02
3.648755329266359126e+02
3.642799552637063130e+02
3.639460581788091531e+02
3.649386983942693519e+02
3.662543380199695093e+02
3.662708996540854400e+02
3.655016405128692440e+02
3.643007743069281332e+02
3.632920879246474328e+02
3.630546072063538645e+02
3.634872802130041123e+02
3.632130821940017427e+02
3.638992164967556278e+02
3.630867821586301716e+02
3.642428191630511947e+02
3.607085425437448407e+02
3.510932876022027358e+02
3.497493777505177377e+02
3.532135378398102716e+02
3.503128768906211121e+02
3.537469623702523904e+02
3.507998609013157534e+02
3.515286096034616321e+02
3.498720340233700767e+02
3.509703449418823311e+02
3.495838204044998747e+02
3.494797880837852517e+02
3.493350015166345202e+02
3.463896371339124585e+02
3.458197230518294987e+02
3.452303883048176090e+02
3.443535622313269755e+02
3.444886079717340408e+02
3.431580355791392094e+02
3.434714650544884762e+02
3.197300541216999363e+02
3.352008948219628337e+02
3.300486579938764748e+02
3.282959562310845740e+02
3.290145475856725739e+02
3.315201550233852572e+02
3.331094600600899867e+02
3.313732114639913675e+02
3.312568731524276586e+02
3.297768595550521695e+02
3.297027656648575658e+02
3.280822150833962496e+02
3.278625929764696707e+02
3.273640561448933113e+02
3.274437081265236884e+02
3.276925766198125416e+02
3.276539094277268305e+02
3.267138525911933584e+02
3.259233107218580017e+02
3.266324289064399977e+02
3.281392909933255737e+02
3.770857900516174936e+02
3.380179839729800051e+02
3.360250199466224785e+02
3.273640304081462205e+02
3.264180497411070974e+02
3.232299189213192676e+02
3.228428397876836016e+02
3.198233457194429548e+02
3.223348726029880140e+02
3.223220727355885629e+02
3.237705654831507900e+02
3.231913391480010205e+02
3.209230349620318634e+02
3.215771413052796674e+02
3.209906700696764688e+02
3.201639051765728254e+02
3.201098578223070490e+02
3.211694115978426112e+02
3.214503555197220521e+02
3.205774517742258354e+02
3.196328297184912799e+02
2.973037639762549134e+02
3.111246458443515053e+02
3.272283325054571037e+02
3.203319570497114341e+02
3.142336658591784158e+02
3.120532221539697275e+02
3.122477045193787148e+02
3.099749245402436486e+02
3.085466719748528703e+02
3.092541257961643169e+02
3.115940378712000438e+02
3.101426349607843918e+02
3.098270252828928051e+02
3.093584775010437511e+02
3.091170807038345743e+02
3.101220431668315314e+02
3.098660179231675897e+02
3.094268951522923885e+02
3.088230347555193589e+02
3.103232142194307244e+02
3.104287174607495103e+02
3.073031267481668465e+02
3.230121463129808603e+02
3.137756542699090687e+02
3.085433419341641184e+02
3.103767702112040183e+02
3.100930640813439823e+02
3.103723704089930493e+02
3.102829419881307444e+02
3.080357866545763272e+02
3.097278222320312580e+02
3.062723184714632225e+02
3.075914821277182227e+02
3.055977724661680668e+02
3.060903618339224863e+02
3.033368749286899515e+02
3.053235235945064687e+02
3.058369991042719676e+02
3.044800369358421790e+02
3.049970740977763626e+02
3.048289145083640506e+02
3.041315028830127289e+02
2.952559843738819723e+02
3.099562331536059219e+02
2.970420030645169049e+02
2.935487435621159307e+02
2.915967478140772755e+02
2.935827213795302555e+02
2.987492538321838538e+02
2.973124996209223809e+02
3.000311999361929338e+02
3.007040286131836524e+02
3.006528219417033370e+02
2.993943640557974959e+02
2.989719681193396355e+02
2.986943314620895080e+02
2.994299603545742912e+02
2.997995127976980143e+02
2.994895478713894477e+02
2.995635085825985016e+02
2.998943300657580835e+02
2.997708708893856056e+02
2.998016727451067140e+02
2.905384836019849217e+02
2.913795035385809911e+02
2.951475569530127814e+02
2.902693173100004174e+02
2.955575440970144427e+02
2.958056397122050498e+02
2.974344607089647070e+02
2.981370907907094647e+02
2.964395529499554982e+02
2.976322582042012641e+02
2.965637616502185665e+02
2.950727735613947971e+02
2.945581868636457443e+02
2.940391055797672948e+02
2.944679766824197031e+02
2.961657504020079159e+02
2.971331692348929892e+02
2.976673415895915582e+02
2.972432086962649009e+02
2.974214600544081577e+02
2.976030365735770147e+02
3.176230003058132070e+02
3.004722259716936037e+02
2.953700669054738910e+02
2.958973850410476416e+02
2.966067612885846643e+02
2.950156280172736274e+02
2.956928684663102445e+02
2.958541855154189193e+02
2.950349962552606371e+02
2.933862011161296550e+02
2.925532719921791340e+02
2.946125687201325718e+02
2.934629548864863295e+02
2.954403028089501504e+02
2.944436410873828436e+02
2.944891696582797067e+02
2.941495953716173517e+02
2.940060229961317759e+02
2.938359214176184651e+02
2.933555859111525592e+02
2.941754565083894022e+02
3.335058755342694212e+02
3.082820563312717468e+02
3.001145184448227496e+02
3.036922872463043177e+02
3.046652156895669918e+02
3.016765893988709308e+02
3.029057439386342026e+02
3.000150104108688538e+02
2.967917980349765230e+02
2.975211952470118035e+02
2.960585019433636944e+02
2.934234513561218591e+02
2.927198368011635239e+02
2.919817311500634105e+02
2.919551434090649877e+02
2.925915707555215022e+02
2.927746893685702503e+02
2.928448303746191073e+02
2.923908630294135378e+02
2.917964926280399141e+02
2.928979968525972026e+02
2.880292264010477084e+02
3.034653648771455323e+02
2.889868769028520319e+02
2.910422765243557137e+02
2.914375627114263807e+02
2.911669050628398168e+02
2.922249301615793229e+02
2.895219142567100903e+02
2.910813873830260263e+02
2.900873299069144196e+02
2.902126300366613805e+02
2.907290469437178899e+02
2.914779694616164534e+02
2.911363815881384767e+02
2.910332646385621160e+02
2.927543176163222256e+02
2.920571692738411684e+02
2.920793373131909334e+02
2.912401440142369893e+02
2.912237933542915016e+02
2.910707935692996671e+02
2.869710561827075708e+02
2.755722597017286262e+02
2.759722471888173914e+02
2.781897317696207779e+02
2.732625913846468393e+02
2.758593248338962667e+02
2.777833000362363691e+02
2.773621258442668136e+02
2.846355442685523371e+02
2.877053897770069852e+02
2.885170777583369386e+02
2.879300272498558115e+02
2.906297199008197367e+02
2.902078060570692628e+02
2.898289823739236795e+02
2.886181962543215036e+02
2.886205708784909234e+02
2.885649762874619455e+02
2.886037921195800209e+02
2.904332564773642957e+02
2.896086861159437831e+02
2.877358022104755833e+02
3.013664092982511988e+02
2.933254953579568678e+02
2.892825468783003657e+02
2.909565703395890068e+02
2.929894870673078913e+02
2.915935347743047714e+02
2.903331698984444529e+02
2.890854155535648715e+02
2.878388740920066766e+02
2.862950118771594816e+02
2.858342330770597641e+02
2.858974504755947805e+02
2.850651381892870404e+02
2.855761813687723247e+02
2.866277426356864453e+02
2.866239452152920535e+02
2.879545991029963261e+02
2.879704150886880711e+02
2.876107617626077513e+02
2.886819221061711573e+02
2.936330800975889019e+02
2.924232558117790859e+02
2.826151934102178984e+02
2.857896824880263580e+02
2.891098167430496915e+02
2.890614966821773919e+02
2.870764645839436184e+02
2.915219300464779053e+02
2.904400788011191139e+02
2.890469862969496830e+02
2.880857075069446864e+02
2.881536047210611287e+02
2.886891806762282044e+02
2.882892480349287325e+02
2.892307697080564139e+02
2.895753810129146473e+02
2.898974709800618825e+02
2.892046843497400346e+02
2.892923807459975478e+02
2.880296828216148697e+02
2.869781989752017353e+02
2.722482819708888542e+02
2.925790012427815441e+02
2.898029534372810190e+02
2.870753855942530777e+02
2.835825477708682456e+02
2.844541114219761084e+02
2.842986241781379135e+02
2.828278906754231343e+02
2.822237569509812261e+02
2.808830990231416536e+02
2.830383117403740130e+02
2.822966155165842110e+02
2.854497631955249517e+02
2.846314698448604190e+02
2.842916021602844125e+02
2.842671834580468726e+02
2.839425199470278471e+02
2.851088241533135488e+02
2.855742966893826065e+02
2.862560928600554462e+02
2.876775725377393655e+02
2.834564277158542609e+02
2.844089361478846740e+02
2.863009166827344529e+02
2.853669984566047333e+02
2.857824728568646151e+02
2.872780389295046461e+02
2.846386342207557050e+02
2.822150152095674116e+02
2.840125380217034490e+02
2.843106167106292332e+02
2.859106236835687014e+02
2.872014852528542974e+02
2.889194886540740299e+02
2.872193505227901369e+02
2.864037869392337825e+02
2.869738712494336141e+02
2.868411677007094909e+02
2.865277810964715286e+02
2.874293772293999041e+02
2.863988306271127158e+02
2.865157053278427384e+02
2.959935523620596314e+02
2.752050533279950173e+02
2.771898866122618301e+02
2.847430294372017556e+02
2.975490311071586120e+02
2.961766601080323085e+02
2.925603521659764965e+02
2.930880054440006575e+02
2.925171872888515736e+02
2.903717809736764366e+02
2.899042933839822922e+02
2.892735286073076963e+02
2.881008826614491909e+02
2.876451757123338098e+02
2.875194966476310583e+02
2.860518476174038369e+02
2.881335553956849367e+02
2.860714007805370329e+02
2.867065779836494812e+02
2.864187869432350340e+02
2.851780881589058936e+02
2.928509133539420759e+02
2.865307267068203601e+02
2.972277197568138263e+02
2.982107399072564817e+02
2.915387101607063869e+02
2.883258847261126334e+02
2.903033003456350229e+02
2.903973844524119272e+02
2.880582750939392440e+02
2.867480051260721439e+02
2.866977313678921178e+02
2.884682393668053919e+02
2.879064805821869300e+02
2.868835886958287915e+02
2.875415945125486132e+02
2.877086326922167814e+02
2.878632090397870229e+02
2.865521485900772518e+02
2.861305871326126748e+02
2.853077014269421170e+02
2.862363749774105486e+02
2.746502809964640619e+02
2.850067612690720580e+02
2.929113328640328291e+02
2.893014050238651294e+02
2.860040484478184339e+02
2.865808023103417099e+02
2.863308632760521277e+02
2.852307726549854010e+02
2.844448689760442903e+02
2.860491222564057239e+02
2.857458276298120268e+02
2.869400550333631372e+02
2.869521034498922631e+02
2.881776545162911702e+02
2.872803467465278118e+02
2.872002220489105753e+02
2.855827655689806193e+02
2.840236109508159075e+02
2.847561100708222739e+02
2.844905031829770223e+02
2.856837393855153096e+02
