6.881477824865112325e+02
6.750400466382016020e+02
6.553074222976955525e+02
6.204530603408911702e+02
3.369284668545757881e+02
3.448367040936276453e+02
3.431069214531301554e+02
3.402195212418843084e+02
3.403614482862313366e+02
3.393500110876567533e+02
3.332548664289258795e+02
3.289097177840495760e+02
3.186662819806444986e+02
3.130102048113429873e+02
3.104433397973126603e+02
3.072082478047452128e+02
2.869420751965844261e+02
2.883187627903967609e+02
2.795072687209872697e+02
2.732466610553372561e+02
2.445701999213140994e+02
2.261646829763000426e+02
2.184806516779945298e+02
2.072701580581372127e+02
1.595562884768611980e+02
1.507392210205979381e+02
1.455353243668018024e+02
1.367933932136069473e+02
1.037304279303571377e+02
9.735948192530894119e+01
9.547197198261733320e+01
9.123401465536970534e+01
7.275654907066406452e+01
7.253575120857384206e+01
7.124377450039050075e+01
6.941602235189294845e+01
6.424474055477460865e+01
6.299655227543447467e+01
6.135305994422623144e+01
6.191551913743184343e+01
5.630081458582431964e+01
5.253262974046617018e+01
5.137697867130672336e+01
4.965593844203140605e+01
4.293078881338992403e+01
4.411220707457473367e+01
4.559923352724203482e+01
4.639547709457757918e+01
5.259065476128378691e+01
4.284313146472619138e+01
4.243555074991263609e+01
4.203117868473646013e+01
4.077181643394113308e+01
3.938543124896391134e+01
3.842895873077739566e+01
3.836005183260885332e+01
3.548508866829521224e+01
3.792202962500845587e+01
4.147340974744519571e+01
4.102197957934337325e+01
3.967668002185921239e+01
3.708563776885873153e+01
3.713494965416689553e+01
3.601792419538610091e+01
3.580507594224915380e+01
3.671807257379931855e+01
3.490433635460161099e+01
3.568927259609914415e+01
3.670781958803151213e+01
3.381594962398234117e+01
3.466760801223496458e+01
3.448021004147803126e+01
3.185529557380396781e+01
3.060953017695979739e+01
3.237558267588435257e+01
3.219419854930514902e+01
3.128261545942656952e+01
2.967545793443362001e+01
2.963315406555447140e+01
2.996357436575431521e+01
