2.644276165971249952e+02
2.347416999252125436e+02
2.307666448057985349e+02
2.262437193418701611e+02
2.235651550016292504e+02
2.227145386945949497e+02
2.217429947602700793e+02
2.231883011943662041e+02
2.190047406145724835e+02
2.168837638896403348e+02
2.157141800060527146e+02
2.131605520731926333e+02
2.084190254152933051e+02
2.038448059464050175e+02
1.990567159007948419e+02
1.936002672490122620e+02
1.916892209552204349e+02
1.891010284691645609e+02
1.866488294923159685e+02
1.826491696797363886e+02
1.793258347671696527e+02
9.678774137707358705e+01
9.477313412772852530e+01
8.933907887630010691e+01
8.504121056397866596e+01
8.100201436332037019e+01
7.699785426812522360e+01
7.430265273774998036e+01
7.113777550654504012e+01
6.944721082376317156e+01
6.843772983921157049e+01
6.663064374179434424e+01
6.500642377804645378e+01
6.336142778517014307e+01
6.195768103902972257e+01
6.025502290892632828e+01
5.883376034395225673e+01
5.749234075398753419e+01
5.556656328380545773e+01
5.447298335785878010e+01
5.305451664373575227e+01
5.155164828125529652e+01
2.230292838981171144e+01
2.010766039216119339e+01
2.460657067493415795e+01
2.388376232330006843e+01
2.422355876826698307e+01
2.385796970865117572e+01
2.319074106505459554e+01
2.270288360767445823e+01
2.246263334293527691e+01
2.195087451019587022e+01
2.173831545843185964e+01
2.135286735638819167e+01
2.092811767449939353e+01
2.059574538186425841e+01
1.988072316485146374e+01
1.997648652581147388e+01
1.986215772883889485e+01
1.989741690970629762e+01
1.962333683853047717e+01
1.970380497180920187e+01
1.944136170382947171e+01
1.826390678998964745e+01
1.882905144950958487e+01
1.506468578427343985e+01
1.441547230459347873e+01
1.323355844922737390e+01
1.309610202995150274e+01
1.260358097387696041e+01
1.246910888613169099e+01
1.250798439767418735e+01
1.368664865346326032e+01
1.332153427573830307e+01
1.389893419241452222e+01
1.389813170029795231e+01
1.451410632274611601e+01
1.455740503485848869e+01
1.467715603388458234e+01
1.457512187182406116e+01
1.410945601768238333e+01
1.405334360392096649e+01
1.389769498693884486e+01
1.424859507387427016e+01
8.510813964147040167e+00
1.478930861401321195e+01
1.311796412041081972e+01
1.218152481655851815e+01
1.266223513865115535e+01
1.300383215055171604e+01
1.201074559370954198e+01
1.127641726804272260e+01
1.172021592588397709e+01
1.145243731541673782e+01
1.154793098700007548e+01
1.118270701944354961e+01
1.106727412972559854e+01
1.101950753706155339e+01
1.116319415486013078e+01
1.110757282762744325e+01
1.150843556911802956e+01
1.124344156972371245e+01
1.097784363670999497e+01
1.082991945695872005e+01
1.089497375417573899e+01
5.661132338681870380e+00
5.099871979460253613e+00
5.269363731771028903e+00
5.879546577210938096e+00
6.038029029239120327e+00
5.839081689570743805e+00
5.519311677305053898e+00
5.891079389315279080e+00
6.034534814697279259e+00
6.506391950227272680e+00
6.666581577136443393e+00
7.522107599513145892e+00
7.475191580916525247e+00
7.431005786828222881e+00
7.404512355857380435e+00
7.626089267652052861e+00
7.796504802251743804e+00
7.753149169508635197e+00
7.569557072707327805e+00
7.642291980511414451e+00
7.623443447067059786e+00
1.024548388867756898e+01
8.486673927094539494e+00
7.864502579692763895e+00
7.968876666411789600e+00
8.625748368342286199e+00
7.707840970800947211e+00
7.391454184132071781e+00
7.489843946713764744e+00
6.915531032219367269e+00
6.702823819349396750e+00
6.456968413423481934e+00
6.648975474579673417e+00
6.714773156161355949e+00
6.913068260940667287e+00
6.808261391283139119e+00
6.970795561783289074e+00
6.896014984918892310e+00
6.626298991813392547e+00
6.566485450509495614e+00
6.629926260069589183e+00
6.615443386262272796e+00
3.541850738639952034e+00
4.636411789970335207e+00
4.053656472209173245e+00
4.328308151259798287e+00
3.944251997700658041e+00
3.821316873278469028e+00
4.343579459304155677e+00
4.641662081170478515e+00
4.546246729389403107e+00
4.519981833549931771e+00
4.352527196490695083e+00
4.173161087576693795e+00
4.109471490040113473e+00
4.052400621363731581e+00
4.064115217639282740e+00
4.348796364993988917e+00
4.269511552795751008e+00
4.302469245005552168e+00
4.310023349749074306e+00
4.262314952684509883e+00
4.286513949853164362e+00
9.121753117413604617e-01
4.953174801022802498e+00
4.486204957496632062e+00
4.518374068676955346e+00
4.084748109092238622e+00
3.801368192394379175e+00
4.407159678057627872e+00
4.499236687635820076e+00
4.454135425026021444e+00
4.963488468239488860e+00
4.909730696200981903e+00
4.658956341579432170e+00
4.398070670523188674e+00
4.437472870943730108e+00
4.462832432897066326e+00
4.293993972502724077e+00
4.117439186589710864e+00
4.098900153276233027e+00
4.149012112257337570e+00
4.179926351637921478e+00
4.238277342780361501e+00
3.659247294116686255e+00
1.901096558329560038e+00
3.355523859699162337e+00
3.915374277735892417e+00
4.506977293104624138e+00
4.547483784014476171e+00
4.664827217776942980e+00
4.191636493323905199e+00
4.068849869022485244e+00
3.887160261642629067e+00
3.736153707790619727e+00
3.683915427843955204e+00
3.553782582956798830e+00
3.749033908031632834e+00
3.726104881140191782e+00
3.829657133900967736e+00
3.738076568491291773e+00
3.774576176386806203e+00
3.773183463772894264e+00
3.832763856788289125e+00
3.854338521206500889e+00
