7.205971464535988389e+02
7.194604443947039272e+02
7.159716613395199829e+02
7.147027774555391488e+02
7.129339407179802492e+02
7.115497371567826121e+02
7.091991040601212717e+02
7.064086930223288618e+02
7.031743655873317493e+02
6.996421736258992041e+02
6.965168969813273634e+02
6.935646560005998253e+02
6.896140612824576692e+02
6.851301785303666065e+02
6.807564742584193027e+02
6.745486561221676993e+02
6.683043599599405979e+02
6.626512522348550647e+02
6.575849946655648637e+02
6.535059257447001073e+02
6.499319154933984919e+02
5.559940244105870306e+02
5.735371281582725942e+02
5.704029149032299983e+02
5.618261121477864890e+02
5.564461052871316724e+02
5.573004989877711068e+02
5.584925929087407894e+02
5.594289213941027583e+02
5.597690114779842361e+02
5.596373066405608370e+02
5.596106377615051315e+02
5.581388911299476376e+02
5.574210553196294313e+02
5.589103597995448354e+02
5.571286386074667689e+02
5.563668101381844053e+02
5.557388437119227547e+02
5.554290481526260237e+02
5.538022752995670999e+02
5.546372931113492086e+02
5.553359753151480618e+02
5.390110997029908049e+02
5.463127532686118002e+02
5.421003850790104934e+02
5.426070079287151202e+02
5.406915534690949698e+02
5.391654134580250002e+02
5.396832491971304080e+02
5.368161154297280291e+02
5.350361425486622693e+02
5.352597126805706012e+02
5.338017932828719267e+02
5.344389933474053578e+02
5.338310561736161617e+02
5.345532418567121340e+02
5.314209699438924872e+02
5.293356164841489999e+02
5.271414135848515343e+02
5.258442582340376248e+02
5.258489188488123318e+02
5.244815447670046069e+02
5.230525974201649433e+02
4.971272459056191337e+02
4.912166864053256177e+02
4.998299316429332180e+02
4.872872175875323819e+02
4.873954791257219199e+02
4.860179832564289200e+02
4.829765714820183007e+02
4.796220984370788756e+02
4.763519092780579740e+02
4.723234041689135552e+02
4.706407199678089341e+02
4.689303814432248600e+02
4.655318838986179912e+02
4.643262137098836888e+02
4.644789032297844642e+02
4.634325982911274195e+02
4.605271697490043721e+02
4.573321645800270403e+02
4.548542527635799502e+02
4.509174250688147936e+02
4.485257503758774078e+02
3.482338039870371631e+02
3.591945112117797407e+02
3.592071327586794496e+02
3.646507461062560651e+02
3.610317596632351638e+02
3.577961337538860676e+02
3.529563748529923259e+02
3.491891857226877960e+02
3.494688354297966271e+02
3.445690026125539589e+02
3.428315337457131591e+02
3.389356368218059288e+02
3.343294294148019503e+02
3.304254345409264033e+02
3.271117558281110291e+02
3.251769191941705230e+02
3.217014435067779345e+02
3.200496021820754322e+02
3.162756173163386961e+02
3.140797991349694485e+02
3.105762605787352868e+02
2.296818227055089778e+02
2.371203765235519256e+02
2.305747749364900869e+02
2.390804673498230102e+02
2.392434761005111170e+02
2.384292495415615747e+02
2.339022760000507333e+02
2.279380131398466744e+02
2.286094864709992294e+02
2.258999650514548705e+02
2.256445310726445541e+02
2.233312039881803628e+02
2.222962830377067291e+02
2.237879340883839063e+02
2.271426857739975276e+02
2.284748018376488972e+02
2.295566038556362969e+02
2.278088447155319898e+02
2.284972475030422174e+02
2.270852512254537885e+02
2.250167338118896510e+02
1.872320147756883273e+02
1.907448906433658635e+02
1.848960160862698103e+02
2.039612958089840902e+02
1.998346103917101573e+02
1.981375159695607806e+02
1.977753462285202488e+02
1.964132924754387375e+02
1.943373914293808298e+02
2.032751144475122089e+02
2.048014760832131458e+02
2.047313848715441225e+02
2.045967138291220806e+02
2.044637040493617803e+02
2.029364478218014085e+02
2.024763496576153727e+02
2.017822268764324463e+02
2.007268343810351894e+02
1.999119420363078632e+02
1.989738104710170887e+02
1.976580210636566051e+02
1.748953633845649449e+02
1.918660051095980350e+02
1.772079513704233023e+02
1.790248957631448263e+02
1.800399343469003668e+02
1.759455404959913380e+02
1.775072953788135806e+02
1.793587646755249807e+02
1.825074440032762766e+02
1.807154130033255512e+02
1.800452838015420980e+02
1.796345462262802926e+02
1.785054513004250794e+02
1.761960897309700158e+02
1.766876657883039456e+02
1.758965068516040162e+02
1.747336720324791770e+02
1.759210397908776429e+02
1.741945753978013158e+02
1.750135845352065473e+02
1.736532536438402587e+02
1.259219398620074486e+02
1.553959676819964955e+02
1.611494048434207116e+02
1.626870263524805864e+02
1.595488104104524894e+02
1.594442302067446064e+02
1.585636075180161697e+02
1.588917177236747023e+02
1.598181633052036261e+02
1.572370342099733875e+02
1.561955366034804911e+02
1.562483857499709643e+02
1.610710055529488898e+02
1.665256415699971910e+02
1.677377369148452431e+02
1.693127177546507198e+02
1.694615581569318010e+02
1.683222070982940579e+02
1.686477548113159344e+02
1.712875515667247726e+02
1.704374003756330183e+02
1.512170476966336992e+02
1.598786072146880883e+02
1.567441878334172429e+02
1.555628410021553236e+02
1.593116013604663692e+02
1.543768697536422962e+02
1.581974716001327010e+02
1.551393635591986708e+02
1.527067485526797554e+02
1.523356780410475722e+02
1.523634437873992624e+02
1.528569290203802780e+02
1.505926041433153273e+02
1.520008361416157641e+02
1.557820064708450900e+02
1.547272741282556012e+02
1.550903622041046503e+02
1.551370283438887157e+02
1.542311849284421612e+02
1.548375769792516508e+02
1.536899137489673706e+02
1.210531537126389736e+02
1.346362425104149452e+02
1.416960370724780489e+02
1.477070782410552852e+02
1.449047530242544610e+02
1.463716383084055508e+02
1.453072871791827083e+02
1.416650958476158166e+02
1.506822932071828234e+02
1.485644653441742378e+02
1.482578267869206741e+02
1.487873097960973041e+02
1.477794210666732226e+02
1.512692018532914915e+02
1.501271835631191891e+02
1.496525202887652028e+02
1.493884236581823188e+02
1.471368178039978716e+02
1.467195948033499633e+02
1.458267725461225552e+02
1.440528009071078941e+02
1.681830186186730316e+02
1.440376734592706214e+02
1.348073794781982429e+02
1.338479296247971888e+02
1.369679882552775041e+02
1.374669478066093404e+02
1.360078541030344468e+02
1.331585825645763919e+02
1.359703413880439200e+02
1.376198018514462262e+02
1.382703587890135282e+02
1.374607740025790008e+02
1.364092516865447635e+02
1.356673265297744706e+02
1.354622582103537241e+02
1.347046969680918949e+02
1.420546245591647221e+02
1.414075071529545369e+02
1.430667629360351611e+02
1.443138513294246934e+02
1.441984949155843481e+02
1.033379538842247598e+02
1.201217868337824797e+02
1.370583577787930096e+02
1.381414644304179262e+02
1.329024612521503457e+02
1.314663277932932886e+02
1.315333129428149448e+02
1.364484616949112592e+02
1.358507784856650460e+02
1.343312821660481120e+02
1.352969613301745255e+02
1.385760193563282314e+02
1.383113297908551544e+02
1.395300778749505923e+02
1.381686695693394142e+02
1.385668461812249745e+02
1.375201576937524237e+02
1.372358174651875231e+02
1.393639669806744621e+02
1.379539207685277802e+02
1.373569650365057839e+02
2.037269733872092559e+02
1.455346729253757019e+02
1.433525048393344434e+02
1.344593670588368752e+02
1.282458115215937369e+02
1.298837326959191785e+02
1.296637871844775702e+02
1.307338330603891734e+02
1.295963009334223273e+02
1.296498743053971623e+02
1.287172216880114775e+02
1.273193736829958169e+02
1.267832786736559996e+02
1.266853699077145876e+02
1.264951125113167336e+02
1.311701428828792757e+02
1.305495383270827290e+02
1.305263734280081280e+02
1.310401661439548491e+02
1.305226438965955538e+02
1.302122913122852310e+02
