9.968891829808962939e+02
9.922315767881991633e+02
9.876560313678086231e+02
9.831689989099689910e+02
9.783003096131136544e+02
9.731130606769758060e+02
9.676670804740839458e+02
9.619579440656575571e+02
9.553850295145081191e+02
9.484388795533723169e+02
9.407753877113804037e+02
9.323703568389715883e+02
9.233595506715814736e+02
9.128286835400188011e+02
9.020500518840032100e+02
8.908832149411800856e+02
8.780483724172152051e+02
8.657703641301393418e+02
8.544812281475395821e+02
8.408773417944453286e+02
8.304649647442391824e+02
6.325080106270149827e+02
6.192078531893239415e+02
6.250777609117543534e+02
6.269500329168698727e+02
6.242843384439231613e+02
6.214183765039225591e+02
6.244965758943263836e+02
6.206666175968815651e+02
6.188656686626246710e+02
6.180847844741914514e+02
6.177930811722767430e+02
6.193223928886544627e+02
6.214168863783204415e+02
6.190436511352964999e+02
6.186284903405045270e+02
6.179079906700678748e+02
6.194356886349090701e+02
6.185067306682584558e+02
6.184673142052938601e+02
6.173113203558126543e+02
6.156553184923038771e+02
5.923555836982889105e+02
5.883376557919698371e+02
5.934088382153877319e+02
5.960551302820566661e+02
5.951533634103169561e+02
5.963845995881873705e+02
5.919771715229503570e+02
5.935687787750102871e+02
5.928921800506578847e+02
5.923318463516550310e+02
5.917823672213394275e+02
5.907719280740749355e+02
5.899998807686394002e+02
5.908508871884342852e+02
5.900832182798192207e+02
5.899956208634820314e+02
5.913318338826514946e+02
5.923788822731736445e+02
5.943875596844833353e+02
5.933280465878657424e+02
5.936612187011393189e+02
5.467254701909712367e+02
5.763159880136427091e+02
5.845602741990670665e+02
5.876420857818254717e+02
5.792804957999160251e+02
5.785242520998223199e+02
5.822891456150096019e+02
5.788288023680687502e+02
5.768745682441621057e+02
5.738323152321124780e+02
5.721361889896754747e+02
5.728476373080279700e+02
5.717300844633721226e+02
5.691899647578215991e+02
5.702709457351538731e+02
5.693492679656245627e+02
5.694161608465582276e+02
5.706189216182019663e+02
5.683205990967506978e+02
5.685131254377453160e+02
5.683180830588577237e+02
5.050701170352141389e+02
5.306285899432640463e+02
5.318157335408457129e+02
5.380502064352799607e+02
5.448422751862686937e+02
5.443569197271652911e+02
5.458186914510681618e+02
5.419681358051782354e+02
5.421283059314440607e+02
5.444262900047909852e+02
5.434190203852039076e+02
5.420338898849739735e+02
5.409937832143557443e+02
5.398690777412450643e+02
5.382620894209877633e+02
5.387122226368669544e+02
5.372499809707123859e+02
5.364818947969687315e+02
5.346995874598386536e+02
5.353034264732726797e+02
5.339327255220283632e+02
5.073231278667215065e+02
5.114799083367699382e+02
5.099774374920087894e+02
5.069121570933935459e+02
5.038931055069020317e+02
5.083917951527919286e+02
5.094655457620867196e+02
5.093915400996427820e+02
5.117089892333665944e+02
5.097689700571394837e+02
5.063993297701496772e+02
5.044214547957521972e+02
5.012336804834295094e+02
5.016833623553067696e+02
5.002060187169432766e+02
5.004063776643945403e+02
4.979468555424479632e+02
4.957399336166211583e+02
4.952865505814824019e+02
4.939701977010074074e+02
4.932720888904127037e+02
4.506912888344603516e+02
4.587048768536013768e+02
4.647281406246562483e+02
4.648379062594190145e+02
4.652738734105763569e+02
4.641947365670155250e+02
4.661364022553635209e+02
4.673983689055525019e+02
4.646358122679491771e+02
4.635125099653801612e+02
4.627832191687269869e+02
4.616146888595740734e+02
4.574373658515722809e+02
4.586288667364055414e+02
4.577275615332108032e+02
4.569083764287889835e+02
4.561015787193459232e+02
4.550096497389847627e+02
4.531663726494255684e+02
4.519230144149962030e+02
4.504451698047525952e+02
4.388134814355587423e+02
4.331358807144145544e+02
4.372731607735045145e+02
4.305766217817555912e+02
4.252602000266312530e+02
4.225225975277618318e+02
4.214699851978811012e+02
4.250392147433678929e+02
4.219022752862551329e+02
4.203493056598344424e+02
4.168031297480492299e+02
4.157347006909851075e+02
4.161811324323560939e+02
4.140034733666298621e+02
4.120911239811692894e+02
4.120273817113290420e+02
4.114214690567486628e+02
4.112242371368402587e+02
4.099709947289054526e+02
4.091556485017260343e+02
4.092774160698361356e+02
3.852311720805986397e+02
4.009827531394939797e+02
3.918555490848410159e+02
3.921369066271706174e+02
3.905274028459827491e+02
3.876289917595724432e+02
3.836921835831198564e+02
3.851273143672103743e+02
3.835119238495543073e+02
3.828894085928960749e+02
3.837905726316350297e+02
3.843818914480442004e+02
3.858225858518377436e+02
3.848397015120756350e+02
3.837489440154448630e+02
3.833993045316517509e+02
3.817632651890045850e+02
3.791358779851680083e+02
3.775713153318009745e+02
3.766626867242389380e+02
3.752921352270836906e+02
3.695440636021117484e+02
3.670958323914964581e+02
3.605839215821966945e+02
3.607450579205380450e+02
3.577934337037098089e+02
3.557677290409075681e+02
3.558914961305602560e+02
3.576629474543110518e+02
3.567386999582359408e+02
3.560463141427943583e+02
3.531346286828083407e+02
3.522498437954656083e+02
3.525920548719344083e+02
3.555399493138220350e+02
3.551726771954947139e+02
3.541047290588741134e+02
3.553655500908626550e+02
3.534196167012267438e+02
3.531979462339572251e+02
3.514509039583303434e+02
3.504587128968142338e+02
3.336478793281092976e+02
3.362393524701869865e+02
3.422150059585445661e+02
3.499309057251978174e+02
3.482658550964061988e+02
3.462360020264422928e+02
3.467412283420293875e+02
3.459723144095971179e+02
3.455855080111184634e+02
3.424222371462461751e+02
3.399045388827225906e+02
3.386649419993125889e+02
3.368956220541103903e+02
3.350058566374597149e+02
3.336873768543835581e+02
3.334502219965537506e+02
3.329252031407974641e+02
3.324765598364718358e+02
3.301499759660169389e+02
3.304019377631017846e+02
3.297208795930934002e+02
3.184863086782958703e+02
3.206813764296205136e+02
3.267251397248148805e+02
3.194352116819778189e+02
3.217083629963996714e+02
3.226291906037134254e+02
3.198457185628352022e+02
3.189535541844921340e+02
3.200259811257014348e+02
3.196156005596389491e+02
3.190845024006184758e+02
3.180911483747362354e+02
3.188337765128325145e+02
3.172032846388045755e+02
3.183395601796014489e+02
3.173565127480568435e+02
3.171292456466048293e+02
3.161491549491400406e+02
3.153701638600473416e+02
3.151579142277699930e+02
3.144182799230296155e+02
3.038668570112321277e+02
2.971733770142134858e+02
2.988782134083895130e+02
3.069640965340884691e+02
3.093298979991452597e+02
3.062349610654074468e+02
3.091004536165875720e+02
3.093690742481981601e+02
3.091032591528958164e+02
3.079656542893545748e+02
3.073525662311566862e+02
3.063472937432304661e+02
3.074093075108355038e+02
3.072787492178635489e+02
3.067523744197046653e+02
3.066293035649268859e+02
3.060635954363941096e+02
3.058934043020475997e+02
3.060887810450358302e+02
3.065558301470650804e+02
3.054515736176593919e+02
3.313115169172904757e+02
2.997498684432841856e+02
3.001409537860134265e+02
2.992280652782650350e+02
3.022705385094151325e+02
3.032992123206826136e+02
3.034198537140310918e+02
3.033298274203202141e+02
3.019206332384780467e+02
3.013664427335932032e+02
2.988872302400403669e+02
2.993740479144038318e+02
2.997780111696305312e+02
2.991738880651561772e+02
3.002188891760322917e+02
3.001775946847927798e+02
2.995045583169647330e+02
2.988810256323524186e+02
2.989223584587574010e+02
2.976657997612015265e+02
2.967607621824712396e+02
2.834150270286517639e+02
2.814919040234874501e+02
2.859549362452929131e+02
2.902239557211356100e+02
2.856437280263692173e+02
2.948622975160534452e+02
2.968449910718076694e+02
2.961019401644616664e+02
2.937324319683750673e+02
2.927326145617024622e+02
2.915182078916101887e+02
2.907584580939490593e+02
2.908368204886337480e+02
2.917831301761237910e+02
2.920587469635314051e+02
2.925596044124097830e+02
2.919516139126691883e+02
2.915547587235807896e+02
2.917723882344254207e+02
2.903097373501007041e+02
2.898316664780331280e+02
2.878066779138907236e+02
2.937786367255719142e+02
2.883026954609325685e+02
2.822349977058907484e+02
2.864336833694277971e+02
2.816487243801937552e+02
2.851517228102748618e+02
2.868325180424087648e+02
2.858204460281887691e+02
2.833465575102013645e+02
2.821160494851644103e+02
2.830347271363707478e+02
2.854382779964968790e+02
2.850797618770593544e+02
2.863428516651041491e+02
2.854316801978085891e+02
2.858915778808282653e+02
2.865132462164655749e+02
2.864690654267575383e+02
2.856830391977091494e+02
2.863455954386617464e+02
2.804358586261014352e+02
2.811737814651488065e+02
2.810768321987814602e+02
2.721343242392965180e+02
2.729027995111060818e+02
2.755931932538029514e+02
2.760505200428945045e+02
2.778967781878361620e+02
2.796165344877467760e+02
2.798366620094213317e+02
2.799572933277216293e+02
2.777797039154406775e+02
2.770699123369499830e+02
2.772777717158769519e+02
2.772334884499045984e+02
2.767977091904855911e+02
2.764924458895835642e+02
2.770928290191437782e+02
2.775226295653304760e+02
2.794993322979856316e+02
2.826467575749059620e+02
2.862689855296151791e+02
2.801040726242286496e+02
2.837708340324867322e+02
2.797910561124009519e+02
2.777464735684317247e+02
2.777613574115943038e+02
2.792270466339187465e+02
2.802117238141881899e+02
2.800965547068763044e+02
2.798731644981003797e+02
2.794112852118355477e+02
2.782996959152550289e+02
2.795944383486967126e+02
2.785458816838541907e+02
2.789807351109974434e+02
2.780780526167213225e+02
2.775469148128167944e+02
2.776781942831864285e+02
2.795982716470069249e+02
2.788448365709398331e+02
2.797177399365666020e+02
3.148994163937703661e+02
2.902335753883685356e+02
2.920477742811195299e+02
2.881187972255171417e+02
2.860152024253285958e+02
2.811951142160464769e+02
2.848338612575718116e+02
2.838451493620472661e+02
2.818970603433889437e+02
2.788817395472721614e+02
2.779796982016650873e+02
2.780595323137814034e+02
2.780940652978787853e+02
2.787667216078799584e+02
2.771989298497539949e+02
2.778881874942227341e+02
2.777756821498037425e+02
2.784913060490599719e+02
2.780066494429876798e+02
2.783089946783181290e+02
2.784719820947948961e+02
2.641552849668020144e+02
2.795168776893443692e+02
2.713211611977848747e+02
2.744393403203442858e+02
2.731509582467703012e+02
2.757925931859007278e+02
2.698846776807135370e+02
2.719781990466320849e+02
2.716917589837343598e+02
2.744020939415888165e+02
2.727648481136253622e+02
2.730474827776542384e+02
2.729173011701742553e+02
2.726699884864483465e+02
2.735982267423478902e+02
2.726203386819825027e+02
2.733878020078036002e+02
2.736633683292152455e+02
2.751211991091738014e+02
2.763988336055915056e+02
2.760186108697129725e+02
2.390932018429226957e+02
2.653332451217596031e+02
2.823593042693104280e+02
2.854406084629895872e+02
2.791671569919365652e+02
2.807644041657536036e+02
2.811199349098033053e+02
2.831810596994210414e+02
2.812225156932300933e+02
2.831625285356948893e+02
2.823697596119570221e+02
2.800017358991732408e+02
2.779648497192050627e+02
2.767637012237525482e+02
2.777494497566331120e+02
2.774134238434003805e+02
2.767819723205605555e+02
2.756748594170332467e+02
2.745743200452021711e+02
2.743067889196098008e+02
2.740674731770047856e+02
2.979619755027179622e+02
2.905498404620936412e+02
2.904057360230453355e+02
2.830670513060246094e+02
2.783575894707166185e+02
2.775186173662498845e+02
2.762820974211065277e+02
2.778787250462096381e+02
2.764549059069260011e+02
2.759713706162917219e+02
2.757210804662574333e+02
2.765258295007618017e+02
2.779259854508936201e+02
2.759347292274576375e+02
2.752511178988850133e+02
2.748680325874072992e+02
2.756892434157135767e+02
2.747725816286906024e+02
2.744203349132797598e+02
2.740316575431344859e+02
2.735809484965066645e+02
2.877671053651517923e+02
2.637308101163777678e+02
2.662795498294247523e+02
2.690163581862000228e+02
2.692369116230821646e+02
2.720116544424648737e+02
2.732297610209774348e+02
2.750298798247299601e+02
2.763676755485777221e+02
2.749335137302242060e+02
2.751915119059569861e+02
2.755629089547970807e+02
2.770690291828080376e+02
2.764655065575504409e+02
2.759027059187711188e+02
2.745497117114270509e+02
2.736371892186955961e+02
2.726065476823895892e+02
2.727954817727479622e+02
2.719987316396787378e+02
2.729974774807309359e+02
2.996392009742547771e+02
2.869581002229877527e+02
2.766924842222695702e+02
2.752500049761988521e+02
2.719007057335166451e+02
2.699462818553740817e+02
2.681896177898544238e+02
2.667523018006096436e+02
2.660858627444597460e+02
2.687250256314847547e+02
2.680078616659304771e+02
2.699082282255654377e+02
2.702208636728453257e+02
2.715804476781070207e+02
2.707372461918999420e+02
2.711434233020226543e+02
2.719477340930176297e+02
2.728034132769117832e+02
2.725017988079596307e+02
2.726805672572651815e+02
2.728969129691374746e+02
2.599358146951200297e+02
2.553016701550334631e+02
2.576307815216312065e+02
2.624788031604127809e+02
2.619462881864638462e+02
2.647137973184624116e+02
2.632400097346651933e+02
2.644379018262150680e+02
2.691740299655879198e+02
2.716344549172947040e+02
2.724525783341173906e+02
2.712091052679436416e+02
2.741893731892476467e+02
2.744609982895771623e+02
2.728430303959881371e+02
2.724857883967570160e+02
2.719835453204223654e+02
2.710801757236831691e+02
2.723510928095017221e+02
2.727215834257839333e+02
2.716999809890011193e+02
2.786726939708154305e+02
2.609107913614876111e+02
2.693576287769506052e+02
2.700764502184802041e+02
2.743379642696882001e+02
2.733576038242156301e+02
2.748462299337192007e+02
2.705711071148211886e+02
2.696347368206781994e+02
2.676584477981888313e+02
2.702482682604895672e+02
2.716999350352909914e+02
2.716128370740794367e+02
2.711849847865626089e+02
2.715879217868957198e+02
2.719166273952246229e+02
2.713282792439388800e+02
2.716469250477135233e+02
2.713759546442800001e+02
2.720158699409905125e+02
2.718386846678941424e+02
2.575436459511390126e+02
2.757007627773452327e+02
2.757103439050063685e+02
2.717951805963128322e+02
2.780929136071518428e+02
2.770620422880289198e+02
2.765172168957385566e+02
2.751673155022670016e+02
2.742131209705083847e+02
2.709334273690429313e+02
2.744346617043837000e+02
2.739303691890810342e+02
2.752595423855487411e+02
2.749338663219385808e+02
2.727771152943587936e+02
2.734892040087829059e+02
2.721839895655632517e+02
2.717604280738063380e+02
2.712691953995063727e+02
2.715773851961662899e+02
2.707606667604733843e+02
2.646793623769245869e+02
2.606064580819553385e+02
2.590454476380983238e+02
2.589211868902571609e+02
2.628436346890933919e+02
2.721208907796945482e+02
2.713047688490924543e+02
2.706516950929095628e+02
2.674654401338496541e+02
2.699100137664299837e+02
2.694162347111662257e+02
2.701863974288138479e+02
2.697027929161641282e+02
2.696774938321206605e+02
2.698182427382357673e+02
2.702682181170623608e+02
2.709385956246927094e+02
2.699726652124069801e+02
2.715539855687811723e+02
2.718414273576204891e+02
2.711270127613194632e+02
