7.197033428851207191e+02
7.189336753360123566e+02
7.160046367508172125e+02
7.144445416897721088e+02
7.128474770528521276e+02
7.107275130751748975e+02
7.083319136451154918e+02
7.059052330451133912e+02
7.029523057555410332e+02
7.000667976762209719e+02
6.966833285219076970e+02
6.933479709531078470e+02
6.889965289544796860e+02
6.847680538366621477e+02
6.795539538281111618e+02
6.744925415602214116e+02
6.683772141215659985e+02
6.629731151719910258e+02
6.576511701303453492e+02
6.534188045542576901e+02
6.491850177622550291e+02
5.997476883783548374e+02
5.759287643174947107e+02
5.579655864177306057e+02
5.564764405311724431e+02
5.579261120734881843e+02
5.596066708911146179e+02
5.579119666481608419e+02
5.580178188612594568e+02
5.580770477967431589e+02
5.582566906936198166e+02
5.576878028477652833e+02
5.563153534729619878e+02
5.540117403291556002e+02
5.551201132275745067e+02
5.546822680618724917e+02
5.550134569026446343e+02
5.548007278553575361e+02
5.552300068845677288e+02
5.556929188576677916e+02
5.551332142898655775e+02
5.549654828469296035e+02
5.602445616127564563e+02
5.427997654936732488e+02
5.555472205600036659e+02
5.443184598965534633e+02
5.447614561165102032e+02
5.471705810055860866e+02
5.427920380303270349e+02
5.408977599252051505e+02
5.407984367539013419e+02
5.389606085369190396e+02
5.380976056841718673e+02
5.368943009806827149e+02
5.356895427804093970e+02
5.328552945957389966e+02
5.317844353538871474e+02
5.280902576955187442e+02
5.275853238094478002e+02
5.270955357292912140e+02
5.268845619002195235e+02
5.262501847095298899e+02
5.250459937484818056e+02
5.434186207014113279e+02
5.097403543792035521e+02
5.064111141149840591e+02
5.069270918768104366e+02
5.045053577018063606e+02
4.967892224437909476e+02
4.920633994143943255e+02
4.902345797577237363e+02
4.851303414391912838e+02
4.853919003156744907e+02
4.824594998714287044e+02
4.800199752167465022e+02
4.803415214228002696e+02
4.772888713966523824e+02
4.730395994634351950e+02
4.697356767542863736e+02
4.669027746686342084e+02
4.631972543404589828e+02
4.590356317545868023e+02
4.565019134151895628e+02
4.532996155063586912e+02
3.777698290495200695e+02
3.776700791390470613e+02
3.733055354353847974e+02
3.712142465756031697e+02
3.674975565615650339e+02
3.671858846551612032e+02
3.651767721229226140e+02
3.592020193884583819e+02
3.561703940663383037e+02
3.510421242720271380e+02
3.464192810490386591e+02
3.402513401884108930e+02
3.365321417183239987e+02
3.323642431729032296e+02
3.317077062376746426e+02
3.295132870497096178e+02
3.264375390531119479e+02
3.238744227827251621e+02
3.208863079923667101e+02
3.170027328118399055e+02
3.156298513620586732e+02
2.623208800055425627e+02
2.608545460521965538e+02
2.508906073954026681e+02
2.525119964336797409e+02
2.491702382262691060e+02
2.469878394251946361e+02
2.439515321215060908e+02
2.420239729758163207e+02
2.392852169867093153e+02
2.373991718117675589e+02
2.387547502720269108e+02
2.364365242919651848e+02
2.355699389883527033e+02
2.341296537382170584e+02
2.342413204738991794e+02
2.317848088365379056e+02
2.308701505300418830e+02
2.332351201678100381e+02
2.307245863555282028e+02
2.295789640601846600e+02
2.277726144743895986e+02
1.779015283532419289e+02
1.872922789080083135e+02
1.916188241335619580e+02
1.975823448781268610e+02
1.986715665864260814e+02
2.033769190878205677e+02
2.011315800339988584e+02
2.000025747214677381e+02
1.978923517286114020e+02
1.953989525358755941e+02
1.943151636628463450e+02
1.972123992951258344e+02
1.952717065220949166e+02
1.948858440059224790e+02
1.985357135798804791e+02
1.978535803463209959e+02
1.957774473166328448e+02
1.940502483538710976e+02
2.016575472887281251e+02
2.007453608051761762e+02
2.011285539727040828e+02
2.345777612710419078e+02
2.117722019708652965e+02
2.114482453579938976e+02
2.021793538688511376e+02
2.011872802570547378e+02
1.924241870143940218e+02
1.951493952266602605e+02
1.934792859415005353e+02
1.910903154969063280e+02
1.900085959844810759e+02
1.876917523510467731e+02
1.880847187809510501e+02
1.858408686606373692e+02
1.862722325310399754e+02
1.846010540413671492e+02
1.836234851167980651e+02
1.823194941670231799e+02
1.821156036107151976e+02
1.821762049565645611e+02
1.807602830848979352e+02
1.797959649303329570e+02
1.702743730069142600e+02
1.608896563066651311e+02
1.656674956242048609e+02
1.652595249765863343e+02
1.662996872676621933e+02
1.648070093048251010e+02
1.672164165073205595e+02
1.637110393665725496e+02
1.656407586918493280e+02
1.654516244224736283e+02
1.628935094915246111e+02
1.611148439370401206e+02
1.637843564702025958e+02
1.631301462275595213e+02
1.624261525452141086e+02
1.641426220907437141e+02
1.626911740963584805e+02
1.613356035677249167e+02
1.598599198450421000e+02
1.600498105722709283e+02
1.621733605194779670e+02
1.633739373174053924e+02
1.732157885994850801e+02
1.682048280301783905e+02
1.652098399139412948e+02
1.584904661724362143e+02
1.606165632505690439e+02
1.665714765501375894e+02
1.630052825732728650e+02
1.609137213693691706e+02
1.585796083460620878e+02
1.603324819300944171e+02
1.637735463505916300e+02
1.631259207405408915e+02
1.628233754751047115e+02
1.614964243884814437e+02
1.606192481209916707e+02
1.602689004357360716e+02
1.615402468401124167e+02
1.612892359563045375e+02
1.607660278617593690e+02
1.607085395201509925e+02
1.841883113490343646e+02
1.674898464471770581e+02
1.599948801940348915e+02
1.553015047509987596e+02
1.497578003820208323e+02
1.469264695028537062e+02
1.474811517885011938e+02
1.500864117906507147e+02
1.510515945809576976e+02
1.519512760469631303e+02
1.507528225322865865e+02
1.495641854991943944e+02
1.543215888984912851e+02
1.521121048312883488e+02
1.507219513324189961e+02
1.492153192192348854e+02
1.486214823294727125e+02
1.492756262557420541e+02
1.491724212965692118e+02
1.480279608295730895e+02
1.476865385014002072e+02
1.464614498915190666e+02
1.286253058662176159e+02
1.308906174967404468e+02
1.274721497895282454e+02
1.288738096980709713e+02
1.301748236068657434e+02
1.284989574931621519e+02
1.337226830441261143e+02
1.356981846574134636e+02
1.347323543204127532e+02
1.334929183492403411e+02
1.344326746645595563e+02
1.347908555792656102e+02
1.349075750631265294e+02
1.390909111267220624e+02
1.385227271367206470e+02
1.416030705160276000e+02
1.417384285875754415e+02
1.416849763303510770e+02
1.415106254618100650e+02
1.411680015959675529e+02
1.143121710495030499e+02
1.654474003013371259e+02
1.552369828879167812e+02
1.543761129632052587e+02
1.509788147713369426e+02
1.471075034936437760e+02
1.446294463801273764e+02
1.446841437884231993e+02
1.440923917302385178e+02
1.407117946206133752e+02
1.407086136364840740e+02
1.393604999158641817e+02
1.387263793811225980e+02
1.379642629340893052e+02
1.365086092824586785e+02
1.351964572376992919e+02
1.357230077254932326e+02
1.371845124340570692e+02
1.366584862063905916e+02
1.366531183674431134e+02
1.365255730702611459e+02
1.273971537473251772e+02
1.278751037546171005e+02
1.279288118599390884e+02
1.371211077315545879e+02
1.370174404301605477e+02
1.310811935350052693e+02
1.280008897924629991e+02
1.328281855017649491e+02
1.302645319749649957e+02
1.287536396062754136e+02
1.272175434789871815e+02
1.293979025955810016e+02
1.291594755826853884e+02
1.301497874612821590e+02
1.293976261479022014e+02
1.295949298847956470e+02
1.286604815980173839e+02
1.288827264832246442e+02
1.275713847466051760e+02
1.277610716554885499e+02
1.278873361651137088e+02
