6.915721991955308567e+02
6.892061716391577875e+02
6.869138884446065276e+02
6.844968033109493035e+02
6.820623471388350936e+02
6.794435390378658894e+02
6.767246198200301706e+02
6.737340743333943465e+02
6.704442291886092562e+02
6.666939090987785903e+02
6.625256546333799861e+02
6.578367718445753098e+02
6.526412169640392449e+02
6.468016594130116346e+02
6.404248621683253759e+02
6.328809490993870668e+02
6.249733674317742498e+02
6.160640025161002313e+02
6.062624781200186135e+02
5.962682276638000758e+02
5.857750097707961459e+02
3.374227013611944130e+02
3.570143902396586668e+02
3.589546117517259063e+02
3.515438447112393874e+02
3.520035684124418935e+02
3.458582490604726445e+02
3.483162202070606099e+02
3.491528358483727175e+02
3.491345588601093368e+02
3.512379233912496943e+02
3.490726330541752986e+02
3.474174388857948088e+02
3.458860722340467646e+02
3.450378245091906138e+02
3.435061232336329340e+02
3.426568309529621388e+02
3.412436004643635101e+02
3.404788244727432129e+02
3.391990010107286366e+02
3.375540242716343187e+02
3.384478160102202082e+02
3.209217706296617507e+02
3.210040493401192521e+02
3.193330610914590579e+02
3.203333822313252881e+02
3.242149111239113495e+02
3.293595148822470264e+02
3.293647929261946956e+02
3.269432882117395138e+02
3.267612675522690893e+02
3.267989812609322939e+02
3.262868325214637366e+02
3.246854020947310460e+02
3.263213357641088805e+02
3.277856983071779950e+02
3.276870596912003180e+02
3.279291888178296972e+02
3.280213389028923530e+02
3.280430482485959374e+02
3.283405138269006898e+02
3.285522769065971715e+02
3.277077140083871427e+02
3.304837349259014445e+02
3.157330506047599101e+02
3.184715624991877689e+02
3.134276162430811610e+02
3.122625848159231623e+02
3.172954899311417307e+02
3.161852885328956972e+02
3.172757827475190879e+02
3.199780100332500865e+02
3.183482069294763050e+02
3.173199707152504629e+02
3.176550842098204726e+02
3.158631228354841483e+02
3.130892290312943942e+02
3.127827366035261321e+02
3.111775685567756113e+02
3.106895161040795870e+02
3.110387692148284486e+02
3.104893217237260501e+02
3.106712383231262606e+02
3.102030401993534383e+02
3.107844501727398665e+02
2.970154230489433758e+02
2.983405008250255150e+02
3.024308684113374852e+02
3.001721353114693329e+02
3.002480622740689569e+02
2.989005529701562409e+02
2.958378471512588135e+02
2.946074272884135326e+02
2.916171648259390281e+02
2.913921887670339288e+02
2.908122579972873041e+02
2.907935190492729589e+02
2.895847429980668153e+02
2.894079588518442279e+02
2.888901177061175645e+02
2.872507395967987236e+02
2.867582040706635667e+02
2.854528536340283154e+02
2.848233206985719335e+02
2.836860409860321397e+02
2.732048927692065377e+02
2.672932270562281474e+02
2.539949305658594767e+02
2.592487279953029997e+02
2.585112134368259831e+02
2.555061266714403132e+02
2.578751846813442512e+02
2.569935687480143542e+02
2.553947080393739384e+02
2.550438140940710809e+02
2.538120181125318311e+02
2.502764237107696204e+02
2.479531465105002042e+02
2.467244195260619790e+02
2.467331721049920645e+02
2.438162414502893967e+02
2.419382433755094155e+02
2.413487631581597554e+02
2.409785747999912360e+02
2.397188858628101116e+02
2.377740956779896351e+02
2.020232092433561206e+02
2.044225299782741843e+02
1.958102955760033694e+02
2.004129545276609576e+02
1.988447989001429619e+02
1.939131981190054432e+02
1.936035245471289272e+02
1.930860269614671836e+02
1.924039921656970478e+02
1.927379875550733743e+02
1.909399982832555906e+02
1.907400910033021262e+02
1.884255192414740350e+02
1.868316832209671077e+02
1.864393975758465274e+02
1.849500812851115086e+02
1.828386716546067134e+02
1.817792220317510044e+02
1.808491572683996367e+02
1.800729244627405592e+02
1.785794453910574191e+02
1.760308915889435752e+02
1.484653828177899300e+02
1.536436497441364395e+02
1.487282042687890282e+02
1.465083415991711036e+02
1.454720236546191643e+02
1.446236257900857538e+02
1.436625871905296776e+02
1.417096569034192157e+02
1.426078270656441020e+02
1.417059610655402935e+02
1.411784382814663843e+02
1.396301592423967008e+02
1.389836403519145733e+02
1.381286005133420360e+02
1.364234055740465976e+02
1.355409191012592771e+02
1.350474106607758529e+02
1.343911580260873677e+02
1.331564374221768219e+02
1.322046193452479770e+02
1.121655853602594277e+02
1.083582582852410070e+02
1.074912173170978917e+02
1.093781571221426248e+02
1.091436412423169884e+02
1.079256280133757002e+02
1.068549034077000357e+02
1.056370175217008551e+02
1.071011973986786927e+02
1.063405659468867128e+02
1.059181161237122950e+02
1.052012628724143184e+02
1.040307777174132724e+02
1.032604884170906132e+02
1.036396401961675338e+02
1.036962882463660662e+02
1.032424351228650323e+02
1.019546866607636701e+02
1.009795644961135110e+02
9.967145157980819192e+01
9.983878426885362956e+01
8.357016691070185743e+01
8.935486414668788768e+01
8.995041306551966898e+01
8.804877512257689887e+01
8.711599624758179061e+01
8.703752892957211884e+01
8.991073442958605710e+01
8.713584025916794928e+01
8.649373362572352164e+01
8.689173968377018298e+01
8.660530113057698998e+01
8.600080256811281743e+01
8.504619607651007129e+01
8.437311870601264729e+01
8.369553874277103489e+01
8.358409545083101477e+01
8.279500854950049415e+01
8.337502876767554483e+01
8.337419294428357830e+01
8.264184726983317830e+01
8.221777689747494833e+01
6.381981895148580008e+01
7.260304740566695614e+01
7.575728241710788780e+01
7.295997715790355187e+01
7.461587224862857681e+01
7.657714773677555797e+01
7.779580338015739471e+01
7.624702952750267571e+01
7.603420335182693179e+01
7.675638748565783942e+01
7.600078522913499057e+01
7.600834114486266913e+01
7.452706805452477568e+01
7.424465383946311192e+01
7.350185622871262581e+01
7.363751972856674399e+01
7.269194686040445674e+01
7.195563911231137411e+01
7.219330942599560785e+01
7.202761969217746696e+01
7.151294590800739570e+01
6.283472739113810945e+01
7.285905814960051430e+01
7.329401200790015025e+01
7.373130775389188329e+01
7.136366009955270329e+01
6.879493386497264851e+01
6.828438783827317593e+01
6.650035459033236407e+01
6.596417339461345364e+01
6.596234829462169102e+01
6.627853556736802432e+01
6.622820553044159908e+01
6.659312679430779269e+01
6.641279539594354731e+01
6.671858066432957912e+01
6.601362483141947735e+01
6.549409186313282305e+01
6.486110802968944711e+01
6.467238992289887278e+01
6.406247924188977549e+01
6.361144377224457713e+01
7.662800475382539389e+01
6.349100094138334072e+01
5.945575489464240349e+01
5.778198287056634541e+01
5.976168698921833311e+01
5.796019148984179736e+01
5.927553809042625232e+01
5.936035985837653328e+01
5.868941837198807576e+01
5.982926098870252929e+01
5.955307255444091652e+01
5.853493076814845608e+01
5.819090016367817952e+01
5.802582587885423493e+01
5.778311962762739284e+01
5.721009314937261792e+01
5.702365725377759276e+01
5.716803464479576746e+01
5.733185905931908621e+01
5.690898530634174080e+01
5.650628366444161088e+01
5.838800427789625758e+01
5.221149407425958344e+01
5.511202521883023309e+01
5.331854316495999768e+01
5.361899946411288909e+01
5.481499811881561612e+01
5.413785823566613686e+01
5.526796277736034568e+01
5.487409784857867834e+01
5.405193912436592996e+01
5.350146827948223915e+01
5.373277962398888263e+01
5.401632067853439878e+01
5.381440532128885224e+01
5.313447226115423661e+01
5.287458011508097400e+01
5.366524559722717669e+01
5.400612201196754114e+01
5.435558644748947188e+01
5.358935052840494251e+01
5.306464221047401253e+01
