7.245577250006144823e+02
7.208786828565432643e+02
7.186885127062892025e+02
7.161082664064662140e+02
7.126903485792425954e+02
7.108264729396876191e+02
7.086699349290894361e+02
7.066962526449468669e+02
7.044388773880999679e+02
7.009872378599724243e+02
6.974687228371245737e+02
6.939316662403753071e+02
6.900855982837441616e+02
6.850578832988901468e+02
6.803837017543680759e+02
6.757992569196727572e+02
6.698591351725057166e+02
6.634880171883110052e+02
6.582079884911494219e+02
6.521843638225694804e+02
6.480941558434877834e+02
5.529188746839377018e+02
5.689125088584233936e+02
5.538298516298896175e+02
5.535835348173877719e+02
5.531254418879333343e+02
5.516914808306648865e+02
5.500090344433963310e+02
5.513360685897365556e+02
5.552488489626613273e+02
5.552205821348194377e+02
5.563101165760060667e+02
5.567951373876991283e+02
5.564233348537969732e+02
5.554084489957438109e+02
5.553685738351883856e+02
5.568488905825707889e+02
5.564601068605840055e+02
5.563128469521581110e+02
5.557234169549242324e+02
5.555761867656939330e+02
5.559834769498929745e+02
5.475747419242821934e+02
5.669586474501132898e+02
5.575442178022640292e+02
5.484022701913644369e+02
5.443035050074935270e+02
5.423679985919727642e+02
5.388709463883543549e+02
5.358714496419920579e+02
5.355301866919802478e+02
5.349875996644584575e+02
5.341889544961829870e+02
5.352544241518884292e+02
5.347432644837232374e+02
5.337063686988649351e+02
5.337579415662912652e+02
5.321676772080029423e+02
5.312297397661102423e+02
5.316108370985281226e+02
5.298863782525088482e+02
5.290481293481542480e+02
5.298130939164403799e+02
4.837949396004753453e+02
5.055264508873174805e+02
4.993233757510279247e+02
5.009420477453754756e+02
5.063131087035687870e+02
5.039657938547585445e+02
5.008083326003808224e+02
4.953615285235763963e+02
4.963257730632834068e+02
4.959758180674749610e+02
4.960121079348456306e+02
4.951242358676233266e+02
4.913317218554660712e+02
4.889967374860731866e+02
4.878583583594013362e+02
4.857937004578367919e+02
4.839951860775782961e+02
4.836119693206905481e+02
4.827919461620650168e+02
4.816507189348471911e+02
4.788717768910292989e+02
4.529472907608114269e+02
4.238691293890257157e+02
4.183035556375818373e+02
4.137347721005200469e+02
4.078362980537718272e+02
4.072586520571026085e+02
4.046131501696377768e+02
4.043631570445873535e+02
4.041770014393918018e+02
4.035913731857638709e+02
3.999842490456942414e+02
3.983346577645814932e+02
3.954103778759722445e+02
3.948013692475259973e+02
3.919756729971491609e+02
3.903724254768048922e+02
3.879204766282063588e+02
3.857916948889963464e+02
3.819954166539761786e+02
3.797460575591614429e+02
3.758930159560248399e+02
3.225382031773955873e+02
3.102771960962948583e+02
3.095056181003353117e+02
3.057519591570952002e+02
2.981344342593141619e+02
2.947339775847025862e+02
2.916086953107418367e+02
2.894489151897561783e+02
2.879564412742457193e+02
2.850428339356485026e+02
2.839828771053147420e+02
2.815987947729352641e+02
2.782983429310737051e+02
2.780136663487288615e+02
2.767770631197279840e+02
2.762166986184204802e+02
2.734294262607925248e+02
2.723995790176938385e+02
2.693224617654381063e+02
2.674369111290884575e+02
2.656057189188128973e+02
2.402883783158582389e+02
2.408653630428721328e+02
2.397334004097384934e+02
2.340281401414167419e+02
2.303393125441178597e+02
2.262045173849637081e+02
2.204869759353563268e+02
2.172398605712500341e+02
2.144401770206300455e+02
2.227883953237206640e+02
2.238665595420422392e+02
2.233488381118569635e+02
2.211687768720410645e+02
2.209051004105341462e+02
2.192219896011037861e+02
2.177146239591316430e+02
2.162160416593601724e+02
2.169202917992439268e+02
2.163129479148798566e+02
2.153110238533591598e+02
2.146735055103303864e+02
2.348312309079227873e+02
2.046555511719787717e+02
2.105125671556594682e+02
2.108806416224467739e+02
2.063774407710794208e+02
2.010564982195497805e+02
1.988613947140518121e+02
1.989808957574828128e+02
2.046966782964696563e+02
2.016223745222754076e+02
2.008699266281254836e+02
2.018662667946154272e+02
2.029789686092891827e+02
2.002894410537089129e+02
2.009112049950604444e+02
1.978779595753284468e+02
1.975806485403576573e+02
1.973769710181508117e+02
1.970244936895249452e+02
1.958835846130497771e+02
1.954397026517685276e+02
1.974318448595781774e+02
1.884762414704278797e+02
1.903441059850273405e+02
1.808038159214878249e+02
2.012285573486538226e+02
1.952319029214683610e+02
1.948616976586188798e+02
1.971200849120627083e+02
1.943604790043108039e+02
1.920819388369740466e+02
1.902342501420956182e+02
1.927176135717432715e+02
1.917831045964078669e+02
1.890280048697954101e+02
1.880296670300565438e+02
1.884683148558147820e+02
1.863372840711395497e+02
1.894837715512216789e+02
1.883709832171592495e+02
1.872555243039507502e+02
1.863605536422944056e+02
1.608419051399451121e+02
1.729524641141277073e+02
1.613673170302510869e+02
1.591613546831590611e+02
1.708537281928405491e+02
1.704709988969591450e+02
1.690855744259436335e+02
1.747702015430189704e+02
1.754463448551866520e+02
1.777250813688246183e+02
1.765962468852060283e+02
1.756169025489842284e+02
1.734979646845907837e+02
1.713841127333794532e+02
1.764382454678760155e+02
1.749711197287738287e+02
1.746776195337557169e+02
1.743016211491224112e+02
1.753223761788666479e+02
1.754712278873802802e+02
1.770565415427356584e+02
1.456043505518199197e+02
1.641502038838464443e+02
1.580981462329499720e+02
1.526235617680188454e+02
1.567922490560385711e+02
1.570358401757413276e+02
1.571167505780928764e+02
1.565082098567946502e+02
1.573075787165277006e+02
1.626493890979189416e+02
1.630961992909942921e+02
1.637521531163922077e+02
1.638001433653841445e+02
1.632350198654694680e+02
1.611597042400601083e+02
1.653462486826591658e+02
1.650488623018342480e+02
1.643015677404155781e+02
1.644239858625322199e+02
1.653484809374248528e+02
1.670595887281943135e+02
1.573406334069229047e+02
1.628574654147073204e+02
1.584100617731581053e+02
1.563058498207054186e+02
1.546409165638286822e+02
1.645248452773636814e+02
1.658185404010691286e+02
1.626426013630136538e+02
1.647887388303655598e+02
1.670706607301594886e+02
1.659467435753192035e+02
1.661157123283051362e+02
1.667278051036174134e+02
1.657823536996529015e+02
1.651190200209469765e+02
1.683634737141365179e+02
1.678473463670220269e+02
1.665510294949436627e+02
1.657769483645888897e+02
1.648912556021238061e+02
1.644884020249010632e+02
1.465766682609520046e+02
1.448696981455771891e+02
1.415988900036795712e+02
1.614786250660445432e+02
1.601415232810185216e+02
1.567262391294852364e+02
1.549638454201954119e+02
1.550342961903956223e+02
1.591255033062898292e+02
1.572648462560860878e+02
1.573602464292075922e+02
1.565102061142812886e+02
1.603082046182070997e+02
1.604734999472707102e+02
1.605200397353484050e+02
1.598790569547545886e+02
1.584143484997948690e+02
1.582567016644132423e+02
1.581226553773156240e+02
1.586538066103984193e+02
1.593669416493461313e+02
1.735722252203347580e+02
1.543732365731270875e+02
1.497242053038042968e+02
1.449945728149722015e+02
1.459464499610314761e+02
1.508453773692440620e+02
1.514312914452437724e+02
1.529317911728215904e+02
1.602173834727375379e+02
1.597150365157389729e+02
1.581957617392470468e+02
1.582005155721016649e+02
1.566925138652262319e+02
1.559598934584708161e+02
1.541200388066810945e+02
1.532827601738932515e+02
1.548006449115191572e+02
1.544486029875926647e+02
1.559101761464285971e+02
1.550569647140000598e+02
1.553735368992288102e+02
