2.593536803979992555e+02
2.489769149773678976e+02
2.499028303024157935e+02
2.501425228073043456e+02
2.485911660390690372e+02
2.483117786102749562e+02
2.471429963810666663e+02
2.468659692974406710e+02
2.461758991333726669e+02
2.443957448358378031e+02
2.429438617858504870e+02
2.425300386942118962e+02
2.407933160075312173e+02
2.397450526097680665e+02
2.388451310149914661e+02
2.376139307832906695e+02
2.368222412630613860e+02
2.355298804995486535e+02
2.349000691324756929e+02
2.346800535298775401e+02
2.340100666656899477e+02
2.255837972206430777e+02
2.220225783849215873e+02
2.250463420258902545e+02
2.241834848783965128e+02
2.270196974379822734e+02
2.248586115754604009e+02
2.218538068557408849e+02
2.199310855599564718e+02
2.185074484483949959e+02
2.189457410284659318e+02
2.189642849627969099e+02
2.173611411174181569e+02
2.178631962249596654e+02
2.184483899843183679e+02
2.181506322338202324e+02
2.174252159580942703e+02
2.186421056862508010e+02
2.181479816206270073e+02
2.180690860641294933e+02
2.171477488475448183e+02
2.170839150438616798e+02
1.731520723515882310e+02
1.861097305259793018e+02
2.010440924972107268e+02
2.020658433303822790e+02
2.047408518634620123e+02
2.040192733233432989e+02
2.048084639758203593e+02
2.057570722384002408e+02
2.074789428232710122e+02
2.073994677155126567e+02
2.083616598695000448e+02
2.085020122032308052e+02
2.075565268034443989e+02
2.071892262503421875e+02
2.065401086698766164e+02
2.054581380129505703e+02
2.044704267656009904e+02
2.035851139062206130e+02
2.017431763484291309e+02
2.007934223562552631e+02
1.996791230929595997e+02
1.869031766061379187e+02
1.824375831056785273e+02
1.814172279606740688e+02
1.821599413116508401e+02
1.794842113877580516e+02
1.756453773754233509e+02
1.733999257673474403e+02
1.725067734994977684e+02
1.692995258589883179e+02
1.664372216150849226e+02
1.644690803729093886e+02
1.628416689485896711e+02
1.614994729254443655e+02
1.601594694775720882e+02
1.585763198451977587e+02
1.574848316864302546e+02
1.564165449224599911e+02
1.547498210636209137e+02
1.527006823037105505e+02
1.508733490758061464e+02
1.483522966082198877e+02
9.100028596830101435e+01
9.827385377307975034e+01
1.014059026427577663e+02
1.031389362520111206e+02
1.032662734455528550e+02
1.037686648228926316e+02
1.029533901147131161e+02
1.022114135187977411e+02
1.006391761703235375e+02
9.951114280454552841e+01
1.009757258623418466e+02
1.000222275348682217e+02
9.901258127531008313e+01
9.881274999055433739e+01
9.732301173153140894e+01
9.662156640864161261e+01
9.557127918367557129e+01
9.448241966914434897e+01
9.340271996340089800e+01
9.337652357415448989e+01
9.250697992833214300e+01
8.605173312978004674e+01
7.659284404572416349e+01
7.898811268498003813e+01
7.954019512611381515e+01
7.807416873456696749e+01
7.855711076273323101e+01
7.715507200739251914e+01
7.739001765435500602e+01
7.688853769030535545e+01
7.677135392264536051e+01
7.623805543245818228e+01
7.575928211972714621e+01
7.581010633297780998e+01
7.621247476567337742e+01
7.609182281432443062e+01
7.567626833258347574e+01
7.607575341057913931e+01
7.729389804500004857e+01
7.726675416324917478e+01
7.671953384431039069e+01
7.623504588366198220e+01
1.274878962865014955e+02
8.650188654580536252e+01
7.905801509903560031e+01
7.473110568079182769e+01
7.499862019176741512e+01
7.537708422173508893e+01
7.394691498067365387e+01
7.257681563422228521e+01
7.205161594706495976e+01
7.232842703089936265e+01
7.178366105029120092e+01
7.198291088736652910e+01
7.143448122885570228e+01
7.099583588284546920e+01
7.034500873581181679e+01
7.029268879397952219e+01
6.976297159420957428e+01
6.920206705177298545e+01
6.905823394179458319e+01
6.915178876541320108e+01
6.924211488553805793e+01
8.180419738705403176e+01
7.763255115072959711e+01
6.755252195004257487e+01
6.644809825128680814e+01
7.055049347682462724e+01
7.048431884080598309e+01
6.877736903141418168e+01
6.916024811956675933e+01
6.775185833447942230e+01
6.689032130315993641e+01
6.599158462619608656e+01
6.546927180946734381e+01
6.597395259826211600e+01
6.539810476550735530e+01
6.530480586107208296e+01
6.418630906017753546e+01
6.403597764940701609e+01
6.380187477000855978e+01
6.378704174485808664e+01
6.349791394716781667e+01
6.411475859788195919e+01
5.564723890720092925e+01
5.769492326776796176e+01
5.607591149164986888e+01
5.494131655891661836e+01
6.093351741891184759e+01
6.081163768836273675e+01
6.099613915015719812e+01
6.132347978696196122e+01
6.171155802534474333e+01
6.137439402657339116e+01
6.208856630317394831e+01
6.219280116796117852e+01
6.216479961876035532e+01
6.165434179862741360e+01
6.126208131804276746e+01
6.182668164534955224e+01
6.142325171512329973e+01
6.077890569009588262e+01
6.119925961134526204e+01
6.124793771312558022e+01
6.078844638440681791e+01
7.773451613189507725e+01
6.420628398234495648e+01
6.011167298403628934e+01
6.185476600008113479e+01
6.231222755457493179e+01
6.084206770635431383e+01
6.020626753778682172e+01
5.951739053377210098e+01
5.852833293189114272e+01
5.850979921948587759e+01
5.813787986105733552e+01
5.759621272361454913e+01
5.725552249368346480e+01
5.745529332506340836e+01
5.730729195420304478e+01
5.677296398258848598e+01
5.684093191398788036e+01
5.729723080251734757e+01
5.741906228075637131e+01
5.708497528450745051e+01
5.772112669512999616e+01
4.961801178837442450e+01
5.348520945914257396e+01
5.620848631450855493e+01
5.611085364868678482e+01
5.541848167832175420e+01
5.387168680814519206e+01
5.496558326235045655e+01
5.527020945399925722e+01
5.548941584550271244e+01
5.535615463359792443e+01
5.556667171075351064e+01
5.530764784551667645e+01
5.546264652572114073e+01
5.486569286350927399e+01
5.435218581971643204e+01
5.498144042296058132e+01
5.466742082709934891e+01
5.404375458440085112e+01
5.385877626788526129e+01
5.534510125976858319e+01
5.529008916899833537e+01
5.433678324660527892e+01
5.580128791788081344e+01
5.323217919527001385e+01
5.160451099786089912e+01
5.712655835348121514e+01
5.469796388113253016e+01
5.510546812558580143e+01
5.491505345159613682e+01
5.386671197639834929e+01
5.345601377911588514e+01
5.403789623834855860e+01
5.377600122718507691e+01
5.411087014579190679e+01
5.396711426552115398e+01
5.385616867099052740e+01
5.340488813665972856e+01
5.393656335695416715e+01
5.432886930686714777e+01
5.399223756653555739e+01
5.407170862066202233e+01
5.431333565512419881e+01
4.533142209097638897e+01
4.540366059900215845e+01
4.828527176232693563e+01
4.677077605535124860e+01
4.756230869857501631e+01
4.838791378053113590e+01
4.912724475485808995e+01
4.895103132856839778e+01
4.919175497272185282e+01
5.027248186618310655e+01
5.016027359803632635e+01
5.020314083501788360e+01
4.933078977456727188e+01
4.975461133332260744e+01
4.983320853326615918e+01
5.013830869705932969e+01
5.058571293806744507e+01
5.066519977491106630e+01
5.135425288104164565e+01
5.135851859442000489e+01
5.145108215562652987e+01
5.024775628743073241e+01
4.544840163193168081e+01
4.789846904346883605e+01
4.789800984117781013e+01
5.023553859672880151e+01
5.014807857624361276e+01
4.893919314024121547e+01
4.899958834362909244e+01
4.947957706154108593e+01
5.020680209753027157e+01
4.997953477389116017e+01
5.005653935290566636e+01
5.006990443102299082e+01
4.980809190092771388e+01
4.944041302975010410e+01
4.922717652992219683e+01
4.906020901399757150e+01
4.901681962797484715e+01
4.898628792411421529e+01
4.972664857351288248e+01
4.956146374084797657e+01
