6.880136122538782502e+02
6.751317405750821763e+02
6.550822714495916443e+02
6.209260687469742379e+02
3.316547025626867935e+02
3.480407019727289821e+02
3.440529773253620647e+02
3.419341472666339996e+02
3.297076832461295339e+02
3.391770318485440612e+02
3.349045626645075799e+02
3.291151943162207090e+02
3.282197609464712400e+02
3.216032184781939804e+02
3.143618897454586545e+02
3.100314679763688446e+02
3.066579013431720568e+02
2.913329974035835335e+02
2.850229085844192696e+02
2.778214584221371410e+02
2.467998388321248626e+02
2.331131681418643495e+02
2.222649259088243525e+02
2.120480151515590990e+02
1.636010627282689427e+02
1.544432606320537786e+02
1.498925446903896272e+02
1.441706661806822183e+02
1.140791254915517356e+02
1.064330164897873487e+02
1.028162057441564912e+02
9.858742546772907644e+01
8.370621983534370258e+01
8.057572246679632144e+01
7.720889893078711452e+01
7.659467860525272442e+01
7.055575425538123113e+01
6.614757529471853559e+01
6.474732285372856211e+01
6.458798494933695622e+01
6.107933335078775627e+01
5.520584032969273380e+01
5.507981662804012757e+01
5.402951943545654956e+01
6.180395854926677401e+01
5.366703325577740458e+01
5.219590106102261728e+01
5.143011997309955774e+01
5.026003391255672170e+01
4.896073835299667110e+01
4.792461367686284035e+01
4.678327252063930786e+01
4.590351052570444779e+01
4.454100826227637810e+01
4.488268435456006955e+01
4.382434013322394861e+01
3.827394754738858751e+01
4.120129090265033511e+01
4.117015261164378614e+01
4.079107859434118666e+01
4.313909670043901201e+01
3.965302834580278812e+01
3.812491077857718835e+01
3.868492341511080923e+01
4.047700597440397985e+01
3.819949128422395290e+01
3.648556893007236113e+01
3.660876345374410334e+01
3.540910386597907689e+01
3.468159792775995243e+01
3.495179737563762501e+01
3.472500779577728025e+01
3.169788268240253970e+01
3.199834550155116730e+01
3.198069545725284968e+01
3.343954126304426211e+01
3.255836771037347432e+01
3.371432386201525588e+01
3.234373995097375598e+01
3.322270347181643757e+01
