2.494126482917920953e+02
2.526702028262418480e+02
2.517545865004965435e+02
2.481224649440602548e+02
2.475076600953324544e+02
2.465805121403074622e+02
2.455118283102333692e+02
2.448476598430155775e+02
2.447616402821521149e+02
2.436705265931129247e+02
2.429618448349098969e+02
2.418441892958938126e+02
2.405353839420611735e+02
2.386371698583797354e+02
2.378609646420780166e+02
2.368416717488688334e+02
2.359540133850086363e+02
2.356016936173137140e+02
2.348808834642519230e+02
2.340901225486879582e+02
2.335596587562122295e+02
2.135396729443976369e+02
2.180109308464008677e+02
2.155872791242413768e+02
2.192054741533909521e+02
2.186645594165211719e+02
2.191994959319098371e+02
2.198022821926833217e+02
2.184346772055302210e+02
2.191158316896442386e+02
2.185434681801059469e+02
2.190842283951895695e+02
2.183477053373678984e+02
2.194804532434799285e+02
2.190697912066457320e+02
2.182512139369103750e+02
2.172624600438170717e+02
2.175975457335311489e+02
2.182754054322960258e+02
2.179322916318855619e+02
2.173586219213377717e+02
2.166971002884301356e+02
2.199185434422724938e+02
2.199385027448498420e+02
2.160157207610378123e+02
2.120776094144835326e+02
2.115456229272881501e+02
2.086823912202856377e+02
2.072884176700804062e+02
2.064624927677738242e+02
2.058582916641526026e+02
2.051219305459197813e+02
2.046514081964324703e+02
2.054588051407930038e+02
2.055174209796754212e+02
2.042834112410100431e+02
2.050245179644070959e+02
2.045652882843645841e+02
2.036301224367418286e+02
2.029609981102254892e+02
2.018839642144604341e+02
2.015363480773307003e+02
2.002180978116772678e+02
1.700649324456900331e+02
1.764483482356298509e+02
1.819312351201089655e+02
1.790194535077914963e+02
1.777128474179068292e+02
1.767328835480732039e+02
1.744607303431954222e+02
1.719057926282119695e+02
1.700019769531898532e+02
1.687458937798440957e+02
1.676198282483391324e+02
1.664610316591026447e+02
1.649144692002340946e+02
1.628514605772483606e+02
1.606795656781715707e+02
1.581092298821405109e+02
1.569356129528397048e+02
1.553937067014971092e+02
1.534268413409931497e+02
1.513754856913545268e+02
1.495056080905160911e+02
1.096659199456225053e+02
1.075354045347803833e+02
1.060592549250440157e+02
1.073497470039199300e+02
1.043229005999120744e+02
1.053646486418222281e+02
1.037017616380842071e+02
1.035102020351650651e+02
1.051743870657139297e+02
1.050596314645333678e+02
1.037653998044170862e+02
1.031183598694144763e+02
1.022312771686395081e+02
1.009842144071467231e+02
1.004072412295083581e+02
9.902681652006002366e+01
9.872679704386307264e+01
9.873288308210064201e+01
9.862000908968073531e+01
9.821392729427476809e+01
9.743599200860892040e+01
8.256529980978893946e+01
8.249680524824636052e+01
8.556489541595134085e+01
8.602161071024173111e+01
8.500122702637719385e+01
8.537887896704998525e+01
8.494672453837881676e+01
8.517669231031649701e+01
8.472590015575624989e+01
8.378723795453814205e+01
8.393644356221464875e+01
8.328483808281264089e+01
8.391002339052946013e+01
8.308260778043295147e+01
8.282222425401329247e+01
8.196736572414434363e+01
8.122172024444064675e+01
8.074667661457147005e+01
8.144903521281284497e+01
8.199922895469181583e+01
8.144972053409178159e+01
6.838055767412990349e+01
7.332412936352754684e+01
7.394231990147727629e+01
7.283625727367281399e+01
7.409076918176360493e+01
7.337828368022702819e+01
7.501422242528650486e+01
7.405495148414132700e+01
7.371573688050217754e+01
7.501496736234916796e+01
7.620104835278291944e+01
7.567079971112443104e+01
7.566244714558324347e+01
7.596891065468895476e+01
7.516318474907619418e+01
7.470594561744408679e+01
7.440357851983311832e+01
7.402684069540555356e+01
7.354177992367988281e+01
7.349836072762538208e+01
7.346695147791960778e+01
6.250047693381074509e+01
6.656159486828916272e+01
7.152591068292444731e+01
6.988884370232636911e+01
7.054084978417952811e+01
6.915368481400921041e+01
6.812226334350138757e+01
6.816772202643929290e+01
6.802654881283683608e+01
6.817687401992188256e+01
6.737904469442844402e+01
6.830832676157666583e+01
6.830805466694755523e+01
6.817669975250144887e+01
6.733601438111196558e+01
6.828878991195175274e+01
6.796700423129620106e+01
6.748528636888516985e+01
6.788042757560265272e+01
6.846366477325419453e+01
6.861638135164560026e+01
5.608760739877678247e+01
6.394612825852079396e+01
7.056264298054692574e+01
6.853150925570425045e+01
6.603959500272506489e+01
6.730080731727869647e+01
6.675188637302841244e+01
6.600193142714007877e+01
6.659279953137534847e+01
6.696066569739755892e+01
6.601089825483903439e+01
6.530349966980485021e+01
6.528122214964828629e+01
6.496453379099389736e+01
6.517401550194006177e+01
6.483164237846359867e+01
6.463463594894928121e+01
6.482905739975019799e+01
6.474858281138291716e+01
6.462846708711467159e+01
6.424952476737247764e+01
7.708400882448347602e+01
6.693762486818583568e+01
6.709355198778459339e+01
6.855651738910302129e+01
6.558744817452563325e+01
6.522664470501352696e+01
6.401933126694835607e+01
6.211642487306330196e+01
6.157694960427835440e+01
6.131787960648892266e+01
6.037419410422246813e+01
6.314946086886799748e+01
6.332520980072864347e+01
6.359684879854069095e+01
6.408381095996209353e+01
6.414376557738296469e+01
6.358365093731616469e+01
6.300695847539054029e+01
6.292206821357707014e+01
6.289531039833600090e+01
6.270070167698537489e+01
6.457850596925337072e+01
6.249165227346750839e+01
5.997419227073115877e+01
6.154890135018047914e+01
6.127671892924653463e+01
6.018521783010252335e+01
6.241038758198202885e+01
6.277906073080678340e+01
6.186084918880203531e+01
6.050076829937818701e+01
6.029073941760617572e+01
6.033229934553889251e+01
5.949364926173817025e+01
6.161897711148431966e+01
6.135273894936076289e+01
6.131994430307836552e+01
6.095608800625070955e+01
6.077218922288277980e+01
6.043889083886569580e+01
5.977481403052674125e+01
5.977775693351768638e+01
6.005017380795725046e+01
6.205836822783587792e+01
6.280376886833176542e+01
6.033049331980253527e+01
5.922939517390341280e+01
6.102804846663570970e+01
6.027295398937407356e+01
5.944450491406409753e+01
5.958697879807006359e+01
6.027548828538253645e+01
6.021566590596296464e+01
5.939848912290415228e+01
5.910412728808164928e+01
5.925667152586073172e+01
5.841947561512684217e+01
5.934509994126771915e+01
5.925748153930867090e+01
5.918374157106601530e+01
5.924918869568446667e+01
5.865861497271569647e+01
5.836045061493297936e+01
4.433644723705498336e+01
6.590659153467909448e+01
6.025734129587778654e+01
6.022006409324922771e+01
5.814890060978809316e+01
5.831532213898888983e+01
5.805667650178260430e+01
5.826974980076935395e+01
5.801833168123121709e+01
5.762606256537473826e+01
5.738245216153428885e+01
5.732174681503192915e+01
5.727731999669318697e+01
5.712303950427657639e+01
5.683560042518479349e+01
5.635009305337550245e+01
5.616410789367677836e+01
5.552884742149170449e+01
5.570141566482170248e+01
5.531842742864849782e+01
5.565587806732114728e+01
4.377647632780134757e+01
5.484545854738515658e+01
5.259952316851620679e+01
5.872696158261875610e+01
5.689944516462981738e+01
5.596733774039680753e+01
5.589365993687393797e+01
5.561216552163015336e+01
5.465902272724358824e+01
5.364774776959218627e+01
5.325226314920628568e+01
5.331195370038216907e+01
5.347616314749541999e+01
5.270870229470910573e+01
5.306021290004163404e+01
5.320429600354160016e+01
5.334320305160255771e+01
5.308100743730890514e+01
5.317633742387317142e+01
5.293030339858700728e+01
5.330354017098830610e+01
