9.900508888765166375e+02
9.653275251722020585e+02
9.285823150604378498e+02
8.709429056827042359e+02
6.076814971955720921e+02
6.129890224133469019e+02
6.163518015249169366e+02
6.133796587938143148e+02
6.033058333525218586e+02
5.942410850949851238e+02
5.958912250127807511e+02
5.878818845655307541e+02
5.628797415783080851e+02
5.439500125422006249e+02
5.340681273126057249e+02
5.223030942274541530e+02
4.406808988369103872e+02
4.254836945902170555e+02
4.060715840718881395e+02
3.839745396324663034e+02
2.993973309853179785e+02
2.734863665148316727e+02
2.586135161115159349e+02
2.494065616435091499e+02
1.924800394433146664e+02
1.991428134807837296e+02
2.024720815101422033e+02
2.014583981658922767e+02
1.740463287523023155e+02
1.862631612916992196e+02
1.791640179411350289e+02
1.739352289673977339e+02
1.568183879855084228e+02
1.587749260097211277e+02
1.631747851663701283e+02
1.635328846179631626e+02
1.471769653941861122e+02
1.544976752102292892e+02
1.449347950565481824e+02
1.409188052175505561e+02
1.385904624341727356e+02
1.260567835763113322e+02
1.242399500198780373e+02
1.244301742598590863e+02
1.463160679154026980e+02
1.258929241572384825e+02
1.237895128822312927e+02
1.199674944362170095e+02
1.271883525164523974e+02
1.198416481083907144e+02
1.126676641894827640e+02
1.099095827618096592e+02
1.284714240959147276e+02
1.149230863765685910e+02
1.073346118643083003e+02
1.069028354936964860e+02
1.152153480515440123e+02
1.088515307609252005e+02
1.068415352167479568e+02
1.063804134353279807e+02
1.164627508706117283e+02
1.026358301291162718e+02
1.040806042881595346e+02
9.958961215751804730e+01
1.004719943088829694e+02
1.165595638637297213e+02
1.059286923070571760e+02
1.018653136291082859e+02
1.007368778473281168e+02
9.095742839193798090e+01
9.536922119727891811e+01
9.635297584856111541e+01
9.998651377206779500e+01
9.125918232665016205e+01
8.422442955794898012e+01
8.837608219850957880e+01
8.231171399205722139e+01
9.227088600539794072e+01
9.350265788994640559e+01
9.408224950069120496e+01
