1.723843418266570211e+02
1.709236943499938661e+02
1.696469899938001333e+02
1.682660298290509786e+02
1.668218679882004380e+02
1.653799462049077249e+02
1.637665696449718951e+02
1.620776600432823216e+02
1.602366898862406970e+02
1.582451733388233777e+02
1.560278386050739812e+02
1.537142198072803581e+02
1.511886054460974549e+02
1.486936093798292688e+02
1.459178550533779344e+02
1.431838038171899541e+02
1.402850415158226269e+02
1.372340415502844166e+02
1.348169487302552625e+02
1.325911986938680229e+02
1.309997669804969291e+02
9.654805071571524877e+01
9.268810886802124571e+01
9.439691406144018515e+01
9.356166260244823718e+01
9.338219159330553509e+01
9.159583396706298686e+01
9.154273353359390342e+01
9.087075866028911264e+01
9.044443129296101347e+01
9.045624924622705976e+01
9.102911633920697909e+01
9.057650324326314717e+01
9.063880695331380366e+01
9.055537030404489940e+01
9.054008025404553450e+01
8.987465564523893136e+01
9.003279992521957809e+01
9.015869094611090873e+01
9.009469467076564797e+01
9.006365019482264245e+01
9.001654762834294843e+01
8.875110884937664935e+01
9.055379699563336260e+01
8.903143901313181630e+01
8.853600651490317830e+01
8.816432475722047002e+01
8.762801954759500234e+01
8.741139497794101487e+01
8.718543926273670763e+01
8.711105920642350497e+01
8.757229874311776996e+01
8.728318167091447322e+01
8.702783195066642463e+01
8.661558183546473799e+01
8.625913702602939281e+01
8.626221295905688180e+01
8.579779702987003986e+01
8.586268822448165849e+01
8.573554595897296338e+01
8.581096544646470647e+01
8.556796823708609168e+01
8.535690819353642667e+01
8.235578809562663594e+01
8.048520581317929157e+01
8.151251763849832344e+01
8.320951895744481419e+01
8.283957157064712362e+01
8.137543434816458898e+01
8.090794227049384801e+01
8.076784874994632446e+01
8.044694264499582914e+01
8.064524969742430471e+01
8.023851486297199642e+01
7.983190455589229373e+01
7.947977782940824909e+01
7.949741366931873188e+01
7.883414171302901252e+01
7.878202298234040768e+01
7.887757656041384280e+01
7.867603570109930899e+01
7.842122190445709862e+01
7.816956433645684399e+01
7.804684993429525264e+01
7.249244866039207125e+01
6.956951856095768960e+01
6.994290318383507099e+01
7.008390492297579044e+01
7.121238141655102538e+01
7.041778083827344403e+01
7.018773277274731015e+01
6.987581340347800563e+01
6.943857416201717569e+01
6.910444211232255896e+01
6.894696359097943628e+01
6.859600218334914246e+01
6.827769222897559587e+01
6.764931867955979783e+01
6.743212741424761703e+01
6.709630813348228173e+01
6.668480035807770889e+01
6.635698179193333601e+01
6.634495730099011723e+01
6.604597951532289812e+01
6.584580534878627134e+01
5.622797692101302403e+01
5.852785169528304721e+01
5.807142654835501361e+01
5.754170809923547125e+01
5.654226008434896045e+01
5.574609365567180674e+01
5.564897811630305569e+01
5.545382898124655213e+01
5.498468043625932467e+01
5.424701921489378975e+01
5.366688007936279803e+01
5.318680689335371170e+01
5.300616082708036458e+01
5.262527023263594117e+01
5.209691596291473559e+01
5.135670479497019869e+01
5.101020364988370659e+01
5.069913645046928252e+01
5.053107578370137531e+01
5.024946683393760338e+01
4.992808862436316275e+01
4.154923601805771227e+01
4.368685499716708875e+01
4.294646693253429959e+01
4.232086815303921412e+01
4.210728665859329567e+01
4.234624744332496249e+01
4.227413850080146318e+01
4.215841380167490371e+01
4.141973242088374718e+01
4.070504447523592262e+01
4.009331253183574972e+01
3.970233260554856258e+01
3.935096341311665213e+01
3.898535349382908777e+01
3.871923455939110426e+01
3.821869822974351649e+01
3.791896982176709230e+01
3.756147829430030072e+01
3.711928221566020625e+01
3.688991735084939450e+01
3.671190990409237287e+01
3.436074129962199208e+01
3.322403226380860275e+01
3.287147319659074185e+01
3.107194577100192490e+01
3.081265359433379558e+01
3.082723773124650890e+01
3.075848486697006479e+01
3.059729282187586108e+01
3.018060633318990682e+01
3.011352884145073716e+01
3.015898936773623618e+01
3.034575749822006330e+01
3.042251530838254325e+01
3.021685248306314620e+01
2.996592658311572066e+01
2.996860432777238969e+01
2.954679568682766089e+01
2.926192389033620955e+01
2.919040373359724327e+01
2.904909601015591036e+01
2.888864150079108128e+01
2.411413838807386867e+01
2.322024700732138669e+01
2.475448899877540399e+01
2.501746699807360486e+01
2.542908274690406145e+01
2.530103716730513241e+01
2.575922604760470236e+01
2.552007446803382962e+01
2.546710264394607393e+01
2.611833861921757460e+01
2.616937036514338644e+01
2.624458471641920454e+01
2.593700067069322657e+01
2.580135180189468258e+01
2.552029049228670488e+01
2.549635553358293194e+01
2.511970174079177909e+01
2.476565611014192214e+01
2.467032828337369921e+01
2.456642961376649481e+01
2.437115846707208888e+01
2.798073908776672170e+01
2.490664431800460932e+01
2.540403441018833774e+01
2.599549008579036524e+01
2.452288993389431582e+01
2.374724525083839666e+01
2.344627624813393396e+01
2.321335484916136949e+01
2.251017094092807724e+01
2.259577512216421979e+01
2.252397626576072298e+01
2.255597866722870748e+01
2.224806510718755348e+01
2.216133741989852979e+01
2.211074588910775063e+01
2.203458006524769175e+01
2.208320355447284911e+01
2.211748345315116637e+01
2.202734345235498026e+01
2.194263405446920956e+01
2.191079154515632155e+01
2.290659061160543786e+01
2.201565316401718064e+01
2.131746893154034339e+01
2.182157980380202034e+01
2.259601181807405723e+01
2.214942715025536657e+01
2.209135754838337817e+01
2.150874184373708076e+01
2.142690140411789201e+01
2.138571825518872060e+01
2.125135154751833255e+01
2.107973270152270473e+01
2.099181271218967026e+01
2.100226565957668612e+01
2.097825488041601361e+01
2.095037606453636769e+01
2.061763238819008848e+01
2.053732311547554445e+01
2.048408187182418416e+01
2.028469818892507703e+01
2.007994350181497722e+01
1.604183102310415521e+01
1.921201614832911986e+01
1.925137351959778087e+01
2.012493201159700718e+01
1.892484993021279394e+01
1.905513587990470370e+01
1.898502647582153102e+01
1.936430312457487801e+01
1.920188546331968027e+01
1.912423297141231160e+01
1.891957433162073343e+01
1.877895356160883011e+01
1.888431982156761535e+01
1.901969656383118235e+01
1.871071533337644865e+01
1.890468991678021737e+01
1.887691738092921767e+01
1.882380573852072914e+01
1.872969586455549518e+01
1.877374777937820838e+01
1.869497421520575742e+01
2.151679913324540649e+01
1.940943010420749815e+01
1.889917397658045317e+01
1.758858495967679403e+01
1.789638220083422127e+01
1.796070473667429823e+01
1.756119387896013606e+01
1.764695905993953318e+01
1.777593215968358464e+01
1.782466530283414485e+01
1.769066111279313702e+01
1.777884190805533038e+01
1.747988619010240896e+01
1.776525471884521323e+01
1.794992099546315956e+01
1.785602167973321386e+01
1.784692362799419030e+01
1.767167112605894275e+01
1.756106443773355608e+01
1.752928662227115808e+01
1.733675830768079251e+01
1.711153774852601117e+01
1.721092389835402869e+01
1.657048637969264959e+01
1.703908464140328149e+01
1.798173951984086472e+01
1.795360494785934335e+01
1.766028204005973734e+01
1.789392916359824071e+01
1.757694246724913612e+01
1.748120075100527515e+01
1.767691208696789928e+01
1.771852088819737148e+01
1.778875753081880617e+01
1.750550309660499693e+01
1.742218098615617805e+01
1.727208134069483592e+01
1.699402388016932264e+01
1.688410158248266058e+01
1.683422017616006983e+01
1.675056028111097461e+01
1.666902591054923377e+01
