9.967585370365321751e+02
9.921240483587437211e+02
9.877102514384398546e+02
9.832112920501411963e+02
9.782748255862254609e+02
9.732219873411875142e+02
9.676649194823150992e+02
9.616516640319347289e+02
9.554769944712543293e+02
9.487153511225085367e+02
9.411997715861538154e+02
9.328380063710332024e+02
9.234581108652832881e+02
9.139083592673974863e+02
9.033207710703464954e+02
8.908758343866755922e+02
8.781211772350019373e+02
8.654566301957798942e+02
8.541837821582089418e+02
8.413738350682411919e+02
8.316870621642686956e+02
6.140946389999678559e+02
6.169226706930298860e+02
6.369760103797005968e+02
6.336740036545533030e+02
6.359724517671887725e+02
6.354219333260477924e+02
6.291985889103816589e+02
6.247061587256501980e+02
6.252583336610647393e+02
6.235524931839522651e+02
6.235129492674805078e+02
6.206545143799804691e+02
6.203789403060848144e+02
6.190512821566204593e+02
6.167339328696432403e+02
6.170606205336900985e+02
6.173911920301434293e+02
6.167916632210657326e+02
6.151481761950301461e+02
6.155096004540952208e+02
6.162303825067790513e+02
6.083175240405706745e+02
5.945044587412155579e+02
5.984894451207297834e+02
6.014759943305459728e+02
6.001020015055163412e+02
5.983886000467547319e+02
5.974489054834024273e+02
5.959799866479130515e+02
5.942815594243364785e+02
5.924731139701017355e+02
5.905218603916671327e+02
5.902628712813697121e+02
5.911827068349709862e+02
5.920792056300674631e+02
5.920562080427149567e+02
5.913673374797301676e+02
5.905144074512910493e+02
5.901942052209171834e+02
5.888039188645813056e+02
5.874679895515970429e+02
5.869800388658551356e+02
5.609509331786937310e+02
5.545996449037099865e+02
5.692993124731972330e+02
5.702094201125065638e+02
5.603669773172684927e+02
5.594101631853261551e+02
5.566760216378274890e+02
5.559195348768407712e+02
5.555003444138775421e+02
5.560051506320282897e+02
5.581170520757168561e+02
5.588468478203278664e+02
5.573112057187693154e+02
5.537426050586841484e+02
5.545364735150182014e+02
5.549199462151425450e+02
5.532868965815590627e+02
5.527904636871505772e+02
5.508282531767943055e+02
5.480917390265638005e+02
5.462613947100884388e+02
5.114242643678105651e+02
4.838508609431368086e+02
4.975259650522582433e+02
5.036590090418499699e+02
5.062183028953077724e+02
5.061759612482483135e+02
5.066793643656753261e+02
5.037087047216177211e+02
5.025778623131090512e+02
4.981821393136440861e+02
4.966446932635675466e+02
4.963739859017924800e+02
4.941678280931770928e+02
4.922701234287585521e+02
4.867734578121783784e+02
4.844462836370087757e+02
4.800298551372791849e+02
4.791700897124173935e+02
4.774339168866446812e+02
4.754278112280429696e+02
4.735733394788638861e+02
3.987438390042792662e+02
4.017856863634241904e+02
4.164621673317248565e+02
4.171976166667530492e+02
4.173283705964509522e+02
4.130701039077137580e+02
4.085235737815595485e+02
4.052852835733370966e+02
4.041509047386472275e+02
4.021653402825128296e+02
4.002847518185919284e+02
3.992931389795523955e+02
3.958178148213330019e+02
3.922079775035113016e+02
3.881150439039950584e+02
3.857659756480117039e+02
3.831658131976951154e+02
3.817630897729561639e+02
3.792359179662439033e+02
3.771232688856287041e+02
3.741141901804747363e+02
3.137864075169593434e+02
3.082607221307864052e+02
3.215208921636872219e+02
3.159347292256045989e+02
3.102060772950533192e+02
3.083584620508283365e+02
3.049157834212783200e+02
3.032750899759454910e+02
3.037711822169214884e+02
3.004232270667606599e+02
2.992072311573164143e+02
2.990302452922628049e+02
2.962729615188558228e+02
2.963331107864896126e+02
2.943357882875994278e+02
2.936702286920516372e+02
2.922108368418527107e+02
2.912022310350891985e+02
2.899208470953921619e+02
2.886252008174042203e+02
2.873128938568078183e+02
2.294001547402559424e+02
2.544080388332905613e+02
2.636464570398234741e+02
2.602674957527223114e+02
2.629850714291939084e+02
2.592156489728380393e+02
2.558799874430428076e+02
2.516016269747833007e+02
2.485724332390018958e+02
2.485664375637892647e+02
2.452388850841345800e+02
2.452422609447914681e+02
2.465691662470672156e+02
2.449977233714944305e+02
2.434784418503761572e+02
2.409870444190648584e+02
2.386466681083079493e+02
2.391499447843914083e+02
2.365370464133187340e+02
2.359286293710870552e+02
2.362879107292348522e+02
2.734110758018859428e+02
2.356597057676093243e+02
2.236917510766561747e+02
2.252675667762095486e+02
2.204879507802270950e+02
2.147192232403910452e+02
2.185552292344092962e+02
2.206590730816228927e+02
2.209927195560728421e+02
2.214437193745663421e+02
2.188449249218720070e+02
2.173404015664707742e+02
2.179103127298388642e+02
2.174771243801742173e+02
2.145006988406806272e+02
2.133290267649830696e+02
2.122750770752763856e+02
2.118112274655414922e+02
2.123170761141383025e+02
2.105755162700572214e+02
2.108105555194123326e+02
2.132865513219675222e+02
1.980854551135911095e+02
1.927373405909288806e+02
1.863323098606912254e+02
1.846927109897953869e+02
1.861692614136999566e+02
1.848133401142885361e+02
1.827816401774749977e+02
1.829380029853421377e+02
1.838369951724406803e+02
1.882093296616142482e+02
1.878238029864783982e+02
1.865350903389866346e+02
1.872856014351183092e+02
1.875518465133004327e+02
1.863658188480785611e+02
1.863531094149626881e+02
1.858411259275821408e+02
1.885367651708693302e+02
1.893186967683377873e+02
1.906453575551994675e+02
2.152227661984958900e+02
2.011963173766580155e+02
2.085441487551771331e+02
1.952223295546331769e+02
1.860427122590061515e+02
1.835045134769146102e+02
1.812940047281900320e+02
1.900768774016743237e+02
1.917288057277501707e+02
1.888904403987869216e+02
1.874850518104439914e+02
1.871477517732115814e+02
1.845941365958567815e+02
1.835626587577154396e+02
1.852904374141839128e+02
1.864085047582314587e+02
1.853314655261726784e+02
1.860288484900356138e+02
1.851914850145082880e+02
1.848768817691005495e+02
1.858609190741396162e+02
1.741553706993060757e+02
1.958768246142332998e+02
1.785602461067714444e+02
1.953432783142179119e+02
1.942762978973358372e+02
1.932318982508481895e+02
1.920007439209655615e+02
1.889663792299338070e+02
1.834567970312184002e+02
1.840781476293431638e+02
1.850047852521279879e+02
1.823150795440011223e+02
1.796077486607547371e+02
1.784303278133866684e+02
1.770032809498418374e+02
1.782068181221900147e+02
1.770496634273957284e+02
1.759685112382719296e+02
1.756492928550885608e+02
1.750270529325571829e+02
1.739210575596464139e+02
1.644210525494660828e+02
1.635678980277939729e+02
1.618152288365810989e+02
1.627169068944417063e+02
1.644900518294736003e+02
1.684407609562050538e+02
1.719186148847926461e+02
1.738157727732914850e+02
1.733765742747260390e+02
1.723888078023260846e+02
1.735299097915490449e+02
1.726959464998433020e+02
1.709750116451127440e+02
1.680892351118941690e+02
1.696765262951818727e+02
1.691532370988428227e+02
1.684913857663407555e+02
1.688310184191188341e+02
1.677451449443971399e+02
1.677450432556318560e+02
1.677283229893479586e+02
1.720247389832156273e+02
1.618248619520368834e+02
1.814299883763343644e+02
1.714803893389115217e+02
1.683694744606229108e+02
1.737483499843849586e+02
1.717832199117912069e+02
1.720819644388227800e+02
1.684239310325850738e+02
1.649141020314369825e+02
1.619278352496725688e+02
1.620800416559076780e+02
1.653043466063294034e+02
1.638202244185007714e+02
1.634918568134579289e+02
1.635646903804378383e+02
1.636400624560671702e+02
1.629555039987746170e+02
1.612841851563998716e+02
1.623624055741097720e+02
1.611802245034020871e+02
1.495011112372574189e+02
1.479692371329355751e+02
1.499272902174859894e+02
1.446293390862070396e+02
1.456657352567600014e+02
1.506351986184239706e+02
1.543140437885159315e+02
1.591141085346622503e+02
1.557168326758120429e+02
1.545966025190019195e+02
1.520470083444472493e+02
1.552834123660361456e+02
1.554504614275513177e+02
1.588717152232378851e+02
1.603055811547426970e+02
1.601605472788981785e+02
1.588136582982700702e+02
1.606472894371401026e+02
1.602245846237270541e+02
1.600965410332634065e+02
1.597758039790425642e+02
1.294471022614117430e+02
1.408828022207216009e+02
1.420793504603712734e+02
1.503113433628142559e+02
1.535507621149375836e+02
1.527458248884368857e+02
1.535594289029329502e+02
1.572863998521215763e+02
1.552057350977597423e+02
1.548862195124393679e+02
1.542788338697069435e+02
1.542110516462647922e+02
1.533639028408045135e+02
1.551933744894462848e+02
1.529050031941223722e+02
1.525004553127148768e+02
1.520995209630985983e+02
1.518326219105121595e+02
1.522723400910393536e+02
1.538202775679906438e+02
1.523908524369213922e+02
1.383971039390822568e+02
1.392251370345361181e+02
1.537531815462473617e+02
1.618950083321142017e+02
1.655769732777295360e+02
1.555289486461130366e+02
1.538753814152536563e+02
1.522248874943673229e+02
1.549248707455391809e+02
1.538375817808840793e+02
1.520812496316915770e+02
1.526934373846069946e+02
1.525213226328464486e+02
1.525848007943870641e+02
1.521801515995046543e+02
1.521418319780048591e+02
1.513196044932796269e+02
1.514682809587515919e+02
1.520959450758832929e+02
1.512861259125843674e+02
1.507222341778521297e+02
1.251953272558250063e+02
1.336196243893577957e+02
1.402542784924304442e+02
1.367137148732998924e+02
1.389442870073956726e+02
1.388831573354313775e+02
1.374922942509391248e+02
1.417758016742217535e+02
1.413472196149753017e+02
1.409623195721427749e+02
1.393069567077482418e+02
1.432125244582513801e+02
1.447884387851798635e+02
1.463662123836942328e+02
1.468915497763875351e+02
1.477834754227544352e+02
1.480802271090485931e+02
1.470719734647931318e+02
1.463504974275736572e+02
1.467985135113223407e+02
1.475161951552434516e+02
1.460617196256236809e+02
1.522008314824402930e+02
1.462432854035670005e+02
1.390488671494159689e+02
1.380884916580311028e+02
1.404362565045977931e+02
1.405175312214239511e+02
1.448579897384831270e+02
1.423042240006949157e+02
1.436768368436366643e+02
1.471042359978720526e+02
1.461257895202609802e+02
1.446888952680545515e+02
1.452059144262037194e+02
1.469989253034041212e+02
1.459945636330630236e+02
1.458828441350375158e+02
1.459530181038574312e+02
1.450327110620328313e+02
1.444174698043531180e+02
1.435689493325548085e+02
1.477372745900464395e+02
1.314480757542841900e+02
1.537539246329498610e+02
1.433947170141775302e+02
1.451545789918199887e+02
1.443940061298077637e+02
1.418462723632140410e+02
1.393361261848463926e+02
1.395578442808887587e+02
1.419463282292030044e+02
1.416052915436503383e+02
1.423688260459006187e+02
1.445998659728832649e+02
1.472705459939116963e+02
1.470064704832388429e+02
1.461905244259178573e+02
1.449165891456679844e+02
1.436711357287858277e+02
1.425674724238366480e+02
1.439508163758938508e+02
1.423669432822493945e+02
1.295730706110751385e+02
1.417209995334474684e+02
1.490360647072672862e+02
1.457905631350272699e+02
1.484616266936982640e+02
1.486680508859819270e+02
1.477000763220417809e+02
1.454671651108496633e+02
1.439446518500377863e+02
1.442035386859988932e+02
1.414012366637236653e+02
1.400486475198822518e+02
1.396951126238860468e+02
1.426854255082367615e+02
1.434790456938223713e+02
1.453955191319685412e+02
1.447544740574745390e+02
1.438306068859084519e+02
1.436602627829620076e+02
1.439259189271197670e+02
1.425824123504948489e+02
1.296535073542865746e+02
1.565837769383211366e+02
1.434824365041004057e+02
1.484189363539609019e+02
1.456155942199254127e+02
1.415502121697127791e+02
1.395429325466917589e+02
1.406364257421761010e+02
1.392288443670546769e+02
1.385144836674265605e+02
1.371931309303639068e+02
1.373897713033971968e+02
1.371602279032514673e+02
1.371755998126373299e+02
1.369149342181485451e+02
1.368498663039554799e+02
1.361373357313107704e+02
1.387067685911935087e+02
1.373606178593327343e+02
1.364520039948871215e+02
1.374861181929392728e+02
1.344020155683037956e+02
1.498557558127791083e+02
1.363412631065004632e+02
1.353467084556260147e+02
1.356737273722793873e+02
1.363996625415567507e+02
1.374318778810582558e+02
1.377257783652363514e+02
1.370392025624678922e+02
1.346644196495012693e+02
1.386898067060281505e+02
1.377859901501788897e+02
1.372694206626829043e+02
1.375823849002036354e+02
1.358648155464530873e+02
1.369712489995046383e+02
1.379546618847380159e+02
1.366464739722429726e+02
1.377737665488434686e+02
1.381598297477624726e+02
1.387012585973659213e+02
1.315096472947610096e+02
1.216355500299422943e+02
1.277620764631675598e+02
1.330026406478838510e+02
1.387802997446744087e+02
1.379218930412536110e+02
1.392022381268137963e+02
1.393360781508901027e+02
1.367640094883106201e+02
1.379759016627784547e+02
1.377095455304029485e+02
1.378342435996449638e+02
1.363355639894582794e+02
1.345330101648609116e+02
1.334897783592892893e+02
1.347654743597678646e+02
1.347602150690139808e+02
1.364018413247665364e+02
1.370976758242415769e+02
1.365783897281550310e+02
1.363683773227118650e+02
2.300893528099395269e+02
1.644291387477646822e+02
1.483959324570855358e+02
1.479230685083379910e+02
1.436738252497573285e+02
1.420659470116532077e+02
1.444927371493513704e+02
1.421229188391901630e+02
1.412960989010325079e+02
1.433304538131644108e+02
1.432401384293376339e+02
1.424049662594610766e+02
1.408018475365942663e+02
1.395939379159036662e+02
1.396152814432988123e+02
1.400823471893470753e+02
1.384959075505132944e+02
1.405138455711208678e+02
1.406070189076679640e+02
1.391601147467470980e+02
1.376544377223140998e+02
1.749299114957298116e+02
1.452628542084176502e+02
1.341855056410537941e+02
1.357193352276477185e+02
1.306540420954234776e+02
1.309624767981140394e+02
1.313216800928825023e+02
1.280360314942412572e+02
1.302408585589304266e+02
1.286587053039069133e+02
1.278597409441496211e+02
1.284976443955303296e+02
1.275246630713447615e+02
1.283256529028970476e+02
1.310138040448510992e+02
1.309422311423911651e+02
1.307394282069688529e+02
1.321175193180505403e+02
1.315965480894685413e+02
1.320404300796698749e+02
1.330556306639997217e+02
1.289574016473427491e+02
1.230057528052123388e+02
1.262172048444804915e+02
1.256600700233495900e+02
1.220196658393726636e+02
1.235830626377069592e+02
1.212520873254956513e+02
1.245283987049045038e+02
1.255716195727434439e+02
1.253524969178257038e+02
1.268039704141169608e+02
1.285950224491790550e+02
1.296489131325667472e+02
1.318443078616807895e+02
1.311636424519896309e+02
1.324693563945531594e+02
1.322344750631610850e+02
1.334461352269233601e+02
1.334038074915084167e+02
1.344847596678471575e+02
1.345190784396735069e+02
1.606190991775078487e+02
1.523050518447853108e+02
1.368549234683282805e+02
1.337113642529628805e+02
1.298100298592297293e+02
1.288083430232238129e+02
1.281612047453375567e+02
1.284332986314089737e+02
1.265086572602200903e+02
1.258317196655986123e+02
1.264141308770654462e+02
1.258708412407890194e+02
1.292691755088059438e+02
1.291521008044280734e+02
1.308728336177234723e+02
1.306959757559581305e+02
1.299482230369516174e+02
1.297010604986988653e+02
1.294910131793501762e+02
1.297651532044060332e+02
1.301014816086374708e+02
