6.915802588104074857e+02
6.892363461111893912e+02
6.869381810411758806e+02
6.845353620572150248e+02
6.821497990740583646e+02
6.794810210575900555e+02
6.767411371966710476e+02
6.737587809707766837e+02
6.703440365830180099e+02
6.665446788269854324e+02
6.623823954205730615e+02
6.579240183316250068e+02
6.527775667371287227e+02
6.466696922995648720e+02
6.404386700659348435e+02
6.333351691552237526e+02
6.252099670968432292e+02
6.160942249282404646e+02
6.063975130624419307e+02
5.960051601256010372e+02
5.855725745336716273e+02
3.895987326429893187e+02
3.504149337531243873e+02
3.395029115607974290e+02
3.462170964061916152e+02
3.506989662465930451e+02
3.522312671094032908e+02
3.437425901055867712e+02
3.423263590427595773e+02
3.416172228180555521e+02
3.431818991687658809e+02
3.379561539088814470e+02
3.384473077937986432e+02
3.399272969131756668e+02
3.394660917806522775e+02
3.390968458213214376e+02
3.397465392901361270e+02
3.391935541170077499e+02
3.399494109055046920e+02
3.402013726600167161e+02
3.391857548438051140e+02
3.390654179988820829e+02
3.352174829784214012e+02
3.250544513001415794e+02
3.340131203056590721e+02
3.367014848917361292e+02
3.348049714706251052e+02
3.338534083577756064e+02
3.356064645526305981e+02
3.324195123499648048e+02
3.287849712858213138e+02
3.258564278575278763e+02
3.263811160658028712e+02
3.260331010227238835e+02
3.295670739210937654e+02
3.288393939739511893e+02
3.286002331327868546e+02
3.288298577873371187e+02
3.281200410715314320e+02
3.279872238801111166e+02
3.271439650490621034e+02
3.270780524678955317e+02
3.266010985435171960e+02
3.536458383747744847e+02
3.285483966118139278e+02
3.287323301027850562e+02
3.213789549443086457e+02
3.197439493616091681e+02
3.181967619335073323e+02
3.182693591143465142e+02
3.155220201816485996e+02
3.136323056010256209e+02
3.140415161861322986e+02
3.139897814090096517e+02
3.142325686567767207e+02
3.143532646660800083e+02
3.127291514913664514e+02
3.127183685137469524e+02
3.146778060473201890e+02
3.146850208264176558e+02
3.149683737120177511e+02
3.145851543212967840e+02
3.130188156014582432e+02
3.115007344914097303e+02
2.638584387512382818e+02
3.017302426853219117e+02
2.986674117520029768e+02
2.974001972908876041e+02
3.024970911913089822e+02
3.004009956152939935e+02
2.978859149782535383e+02
2.985236236797667857e+02
2.947946124035875641e+02
2.971451185833756767e+02
2.975023871570235201e+02
2.967476328314608622e+02
2.946825364565842733e+02
2.919280623472529328e+02
2.904288047150029684e+02
2.886049573590593127e+02
2.880192357752926569e+02
2.879215379551305887e+02
2.876674718827337642e+02
2.869844405144101529e+02
2.856911821108392360e+02
2.809366932635193734e+02
2.626771195785112241e+02
2.683833718931971362e+02
2.668550191927461697e+02
2.636225940287076810e+02
2.591366708266929209e+02
2.569351478790985652e+02
2.553415172964286057e+02
2.552974484445899179e+02
2.554886599631700221e+02
2.539680165333171260e+02
2.537164497587156404e+02
2.522674314921520988e+02
2.499851952127197876e+02
2.479645009901190917e+02
2.483237958138494434e+02
2.469145361705781170e+02
2.452818301817830218e+02
2.442267919607606927e+02
2.424237236001372082e+02
2.412830330757393824e+02
1.961434365946234664e+02
2.100951517193161351e+02
2.077446736005991568e+02
2.044988128783750767e+02
1.981784024285124133e+02
1.997155637854641554e+02
2.007897643436834016e+02
1.994326696277566384e+02
1.977440150194869659e+02
1.967063537482037532e+02
1.955944712699658226e+02
1.936218199297319700e+02
1.927047939250320496e+02
1.917975665477227949e+02
1.912140248423200433e+02
1.898535734717258094e+02
1.884841374593354999e+02
1.877268368610103266e+02
1.859994033640049622e+02
1.843693703047497650e+02
1.831039668157671940e+02
1.628928373740711208e+02
1.441528025239388171e+02
1.494741463210865220e+02
1.492042605165064799e+02
1.464331176625923945e+02
1.452591302952756109e+02
1.448972957556402719e+02
1.454354264967439576e+02
1.463073381271471476e+02
1.442147016990510622e+02
1.441261506203484828e+02
1.437210181970710039e+02
1.417302169142430159e+02
1.408175762358431200e+02
1.400349394067514766e+02
1.387462888459448322e+02
1.381308021196451818e+02
1.365765921151635496e+02
1.351602692753271810e+02
1.348264736925488023e+02
1.336953050212676430e+02
1.227117763947795623e+02
1.102380743069104341e+02
1.102284908776141492e+02
1.108870964171294560e+02
1.096547707546534980e+02
1.084871324843232401e+02
1.084219004973480338e+02
1.083128993984020383e+02
1.072409381829061346e+02
1.080061770884379797e+02
1.059501089803634386e+02
1.045194433858389829e+02
1.038606577465760950e+02
1.031970533380983710e+02
1.027755365113989257e+02
1.022493471056387762e+02
1.022069699058473304e+02
1.020674087205762959e+02
1.017226402460302523e+02
1.009983983940067560e+02
9.992885304778499744e+01
7.366213073318712645e+01
8.693353862943244792e+01
9.290574903726744083e+01
8.978941884090139069e+01
9.202326643656245153e+01
9.024712562681880001e+01
8.900292425542120611e+01
8.977354807976462325e+01
8.833803496006612477e+01
8.725354297293877437e+01
8.728070895560608733e+01
8.675434277440746200e+01
8.671687718760112773e+01
8.630279339367005775e+01
8.542290704109647947e+01
8.523347327287237363e+01
8.397489939647780943e+01
8.427903278020282585e+01
8.363986717719630803e+01
8.400841667702717075e+01
8.339174279915620502e+01
7.555143079557409180e+01
7.296524714340250739e+01
6.997015906179701972e+01
7.061541665957649627e+01
7.210426906180805418e+01
7.160109514248438245e+01
7.157837588296614229e+01
7.058783624222753872e+01
7.065939239910410663e+01
7.121046756504243547e+01
7.146300538710926276e+01
7.149220187280965888e+01
7.146695706260172187e+01
7.202762956601232247e+01
7.165421036666285204e+01
7.238989140435690217e+01
7.181769637301013631e+01
7.179902432396507095e+01
7.202533851321690861e+01
7.202694680837906560e+01
7.230925597632190716e+01
7.165110788978239498e+01
7.734542143447073670e+01
6.835706099518188239e+01
6.994062139865229710e+01
6.768946777942511517e+01
6.691598939634187104e+01
6.515697830416900160e+01
6.628976596223233742e+01
6.643798899356472987e+01
6.585353707371857013e+01
6.573735955017428978e+01
6.514289376428313005e+01
6.664980414803912367e+01
6.656094316278783651e+01
6.583559931259493680e+01
6.507637745118856287e+01
6.481129545522648527e+01
6.523955359224251538e+01
6.533793159249295002e+01
6.517965192158361276e+01
6.528694687762474302e+01
6.797699026082416651e+01
6.467548979204110537e+01
6.015837409343983921e+01
5.888520652919109466e+01
5.655834250357373350e+01
5.804585688395815168e+01
5.828553357971499338e+01
5.903503563810649979e+01
5.935916227980911941e+01
5.999529471324643737e+01
6.164379414762097298e+01
6.100252262473953380e+01
6.065866899797634204e+01
6.047230248362591709e+01
6.045023512491054873e+01
6.019297978486233802e+01
6.042049040840188923e+01
5.970400280864944165e+01
5.977639530847799421e+01
5.930741736140498688e+01
5.917683473713591269e+01
5.241556676311724061e+01
5.885085969001930550e+01
5.658717577537457544e+01
5.546428432041122392e+01
5.368059797672493971e+01
5.393258605551542928e+01
5.370808819621493058e+01
5.366631166986460499e+01
5.363368202708092269e+01
5.474295175288222737e+01
5.644477737669645734e+01
5.588710386828038423e+01
5.585612346943310769e+01
5.568820626103486404e+01
5.557628044922957855e+01
5.573417820852576909e+01
5.535237539972747101e+01
5.498961589521384496e+01
5.466703325652545686e+01
5.499594295148087042e+01
5.477512529713813905e+01
