2.544386454500274226e+02
2.509414804739149645e+02
2.527872252032242386e+02
2.494735524831253031e+02
2.501474632235512843e+02
2.499851267705536770e+02
2.496784762658022316e+02
2.470868377804716545e+02
2.459391894144602588e+02
2.449656640369667002e+02
2.431557299110133386e+02
2.412015019459902874e+02
2.403306416054911949e+02
2.397259647336514377e+02
2.387164868228254591e+02
2.368954350026784823e+02
2.372825602850430755e+02
2.364841510573357084e+02
2.355049915527076223e+02
2.346714539555087811e+02
2.345035979710371237e+02
2.250715523122818240e+02
2.205330249890435823e+02
2.176285558525518127e+02
2.166154466680721953e+02
2.153965553329550460e+02
2.155776930978085772e+02
2.195372962690867382e+02
2.203448780833841170e+02
2.204074199757732515e+02
2.195297932210646366e+02
2.193593938553268003e+02
2.194727374117415764e+02
2.197198098253723515e+02
2.199905106235921153e+02
2.197160279082087300e+02
2.202394231507209383e+02
2.194531980286622286e+02
2.189419293540404681e+02
2.185673046680211655e+02
2.185493146548145660e+02
2.176390070851840903e+02
2.012761123333849582e+02
2.116625458543925902e+02
2.071700495444802641e+02
2.045517649874976485e+02
2.069411106167669629e+02
2.064054676336298826e+02
2.076571483273941112e+02
2.063856954719762768e+02
2.066888692953585576e+02
2.054439676013224698e+02
2.049524206125745422e+02
2.045531074908601283e+02
2.033332342170700429e+02
2.029361830867093204e+02
2.032155045758522363e+02
2.019431708732568325e+02
2.007503755108211578e+02
2.001067722023604460e+02
1.989966530188211777e+02
1.973900216883398002e+02
1.961900216346110142e+02
1.767751965144322241e+02
1.692508681900625902e+02
1.657294264659020087e+02
1.660986797099022283e+02
1.626460648354222940e+02
1.598755552495380527e+02
1.578782149609904479e+02
1.544075614215676922e+02
1.515367185632970859e+02
1.506649317229594658e+02
1.494614056812283422e+02
1.469962257242648036e+02
1.451845961263944957e+02
1.438529059289734846e+02
1.416334555610121697e+02
1.399243856800788706e+02
1.379678996089254213e+02
1.359937829890961041e+02
1.336475143678505617e+02
1.316015960851021021e+02
1.298247383085746094e+02
9.133106161927699418e+01
9.260608841167356786e+01
9.186121029346566047e+01
8.860408301439812817e+01
9.200516635028641588e+01
9.045935187896940022e+01
8.968868740609012491e+01
8.957141382275524677e+01
8.911996393700833607e+01
8.890023990629198636e+01
8.802968467981077083e+01
8.701949956742348036e+01
8.693214030681563997e+01
8.657448791170718039e+01
8.608043314184627093e+01
8.482273085837907445e+01
8.490554039812116116e+01
8.571875410829957787e+01
8.607283322933049874e+01
8.560595885027109375e+01
8.497682217130601146e+01
7.472909504161728478e+01
7.290212065828576726e+01
7.393133649497620752e+01
7.465483316823760163e+01
7.498028432881389449e+01
7.610798842509707640e+01
7.549567475182132625e+01
7.450153101650762721e+01
7.399385591620931280e+01
7.443969310174830412e+01
7.669065856150311333e+01
7.592468768523839628e+01
7.543674668217444435e+01
7.561786373749883694e+01
7.507920737707379999e+01
7.504068879178997520e+01
7.409145280623843632e+01
7.383463210759188655e+01
7.330474695292835463e+01
7.298482257873220647e+01
7.268140479921906660e+01
7.670162614603054863e+01
6.716584256807703923e+01
6.489569695792255288e+01
6.673275355141022658e+01
6.486601265140330952e+01
6.599283075541364951e+01
6.619477125372297621e+01
6.560440565644802291e+01
6.788163417410447664e+01
6.756386461948153510e+01
6.690835858627337984e+01
6.581094795759732108e+01
6.511230134393747448e+01
6.535172027229518221e+01
6.496746707861383641e+01
6.483329612437938749e+01
6.495113141704756288e+01
6.491583644150261989e+01
6.572177659548908935e+01
6.559749006177325725e+01
6.537669186153686951e+01
6.134467333514326981e+01
6.119474270829766738e+01
5.807840711429147973e+01
5.908331056804080816e+01
5.751069062269773013e+01
5.870081356272145001e+01
5.888193988688103531e+01
5.848139875528345044e+01
5.779573493815529872e+01
5.794811744473881987e+01
5.748882688035549648e+01
5.781715326618240169e+01
5.745461939282670016e+01
5.738205154429080324e+01
5.784457421238542452e+01
5.820521947534622598e+01
5.860644009549567102e+01
5.868763839344390476e+01
5.895633779797231000e+01
5.890378975618688884e+01
5.852435827054422646e+01
4.934881965433506679e+01
5.171774954877653130e+01
5.002159814726968534e+01
5.266825614168671876e+01
5.277521090178012031e+01
5.395166306232942333e+01
5.613678950111680876e+01
5.816867126297556467e+01
5.799392618257157750e+01
5.768741868477412993e+01
5.735756310127906232e+01
5.697941728531957750e+01
5.608368061736574361e+01
5.604928450247133043e+01
5.653779778409792556e+01
5.640022509255009453e+01
5.581022531503324302e+01
5.507700099024312124e+01
5.475757539568104448e+01
5.444267458017133521e+01
5.407689077352640084e+01
5.007729784557418640e+01
4.369836842949870004e+01
5.022805943506834581e+01
5.032578533540048937e+01
4.898796853374461335e+01
5.015969971263413640e+01
4.947709476769749415e+01
4.969954325696616593e+01
4.931845804144427348e+01
4.923646132776675444e+01
4.963517589960829213e+01
5.067208815854802850e+01
5.076818501844596909e+01
5.034216403728606792e+01
5.129886439186116576e+01
5.116889599111945586e+01
5.116043949562779147e+01
5.190086293215850333e+01
5.175986661416480672e+01
5.161455213777308870e+01
5.098145422752885025e+01
4.472416465472255709e+01
5.004297089861360348e+01
4.873333478978561573e+01
4.999006525970893478e+01
5.044472125066216961e+01
4.901045508744185497e+01
4.753914526529842277e+01
4.623681516294242755e+01
4.663862180917947597e+01
4.636962784907944268e+01
4.617827207196731365e+01
4.667757999715269790e+01
4.623916006849754723e+01
4.682868281569057700e+01
4.663275673996651705e+01
4.789222156776376949e+01
4.808833134442124901e+01
4.832142140640593198e+01
4.871191054463847792e+01
4.872532056351771956e+01
4.840736282475030094e+01
4.112386857538861307e+01
4.797302617670853664e+01
4.750893848234471761e+01
4.595322072352283271e+01
4.562427256004972520e+01
4.675143134139783285e+01
4.634091831011478035e+01
4.558777894288736121e+01
4.500464503769129720e+01
4.434205723027221779e+01
4.449376428102247871e+01
4.460879877670332405e+01
4.501206116886741171e+01
4.473470528182898676e+01
4.490300788414934630e+01
4.466764315430030763e+01
4.457699988679758718e+01
4.515481604611121469e+01
4.524378640755713832e+01
4.524331373867365613e+01
4.509146129386606816e+01
4.683178343031367774e+01
4.255363978499066491e+01
4.719072664267036998e+01
4.871524996325356938e+01
4.840315786724128344e+01
4.670720837858385011e+01
4.626034811908297684e+01
4.595681561597274367e+01
4.560920492888858035e+01
4.505596940883376789e+01
4.465797382946965399e+01
4.503062409222527407e+01
4.497356257468348417e+01
4.436353284794173391e+01
4.426306261783235385e+01
4.415189700857683164e+01
4.356769063682997967e+01
4.380394826940491271e+01
4.350360076900216200e+01
4.326330420424127254e+01
4.325167262443638094e+01
4.290318994084199744e+01
4.897304450340914173e+01
4.922674816703935363e+01
4.660447215028128198e+01
4.386384535228304316e+01
4.431602680146172446e+01
4.403510958132057596e+01
4.394185348371863142e+01
4.330227486055870401e+01
4.303005676858068540e+01
4.247965550708052973e+01
4.298477699165530197e+01
4.328410000802239210e+01
4.325077424659012593e+01
4.300899101212745990e+01
4.288610963536763165e+01
4.221353676037528402e+01
4.239609324800951384e+01
4.256496209358424920e+01
4.231441654020448340e+01
4.229983006621841923e+01
3.308815568910092964e+01
4.527192373848445328e+01
4.316180377277875380e+01
4.291158127180563753e+01
4.337405590876635841e+01
4.279214675765651066e+01
4.239006977842527135e+01
4.131805827157097610e+01
4.066430098207121802e+01
4.023285474112816473e+01
3.930030216710508739e+01
3.941997429838419720e+01
3.932863061823120177e+01
3.949764109303269066e+01
3.892112593398744025e+01
3.891441591510093190e+01
3.941120247338778881e+01
3.944948651601280432e+01
3.917220958359062166e+01
3.892668110997510666e+01
3.881889912819309529e+01
3.889037071941767465e+01
4.393204435914746142e+01
4.309069359506931818e+01
4.233818745315665666e+01
4.134006702242935916e+01
3.980941445493535724e+01
3.857748903672341356e+01
3.841039374876167045e+01
3.803955395559555797e+01
3.730546525468388808e+01
3.740504593610094020e+01
3.719298946152500918e+01
3.732451922708120406e+01
3.736191560504323661e+01
3.771630788054891070e+01
3.768918343551082728e+01
3.752699926678827325e+01
3.719540637498737112e+01
3.730778304222819486e+01
3.749464063585815410e+01
3.745777041109973027e+01
2.807923244255843542e+01
3.346829605318126966e+01
3.853808947057471102e+01
4.106216843768904567e+01
3.976188316435409575e+01
3.873960127121670638e+01
3.854747057470650873e+01
3.794204257723047391e+01
3.720033525500165439e+01
3.708739285587279255e+01
3.707015215882049120e+01
3.765405606967890861e+01
3.716589294326625037e+01
3.698536630108304735e+01
3.660870300935608412e+01
3.623598412688054538e+01
3.662378217535008673e+01
3.677963402038434992e+01
3.731619697148557435e+01
3.694239032261179290e+01
3.676025028364532687e+01
2.237374281751919369e+01
3.249521712515403493e+01
3.387526852678472977e+01
3.366600187532066712e+01
3.583537209189000095e+01
3.600904921718899487e+01
3.613948984094603389e+01
3.553447093002235135e+01
3.582628474702404731e+01
3.582173400580527556e+01
3.615850655036177130e+01
3.574619444221388420e+01
3.560204467219310942e+01
3.574844181193049764e+01
3.560453382679619949e+01
3.562937884616713546e+01
3.518338718359575523e+01
3.601817540942723639e+01
3.592064166430090211e+01
3.605132238175759340e+01
3.677660836462659688e+01
3.191700005914633564e+01
3.472049511427199775e+01
3.344443127208567290e+01
3.250759362546114772e+01
3.406188164451246791e+01
3.387828439052331220e+01
3.468251854890549879e+01
3.479179798314572736e+01
3.461812115930656830e+01
3.468459989323379489e+01
3.402498175105483114e+01
3.497428518594554703e+01
3.490291039707246057e+01
3.500605144653430756e+01
3.460456826194884883e+01
3.486281009012418508e+01
3.455778656715430230e+01
3.503087640684708504e+01
3.440404665782408955e+01
3.431033564423835713e+01
3.418077190425768208e+01
2.989711462911155948e+01
3.266476307881281116e+01
3.046974144378526717e+01
3.041270864277815633e+01
3.076831758156431107e+01
3.151037151962089666e+01
3.257427671678487968e+01
3.280634268234175721e+01
3.397954925107384128e+01
3.419145716881094899e+01
3.415958233763265639e+01
3.396351000588376934e+01
3.365188409927935709e+01
3.330959681853168775e+01
3.361991118494164965e+01
3.342657890548133537e+01
3.307369016300000908e+01
3.339724258394366530e+01
3.315074646497249944e+01
3.292156166346144630e+01
3.336322284393582294e+01
