1.723362219998117553e+02
1.709492432540381230e+02
1.697263423049227242e+02
1.683434263543171028e+02
1.669038662174841363e+02
1.653869995332618146e+02
1.637912585092628319e+02
1.621568203779923749e+02
1.602794732790899559e+02
1.583146252574138941e+02
1.561435400392341535e+02
1.539090825219574583e+02
1.513504790120918244e+02
1.489165478279676904e+02
1.461081851436040324e+02
1.432247978962620039e+02
1.403266290613734668e+02
1.375080815162138776e+02
1.346739226486277516e+02
1.328887790568920479e+02
1.308952055931278551e+02
8.031169616876223927e+01
9.353048366337968389e+01
9.096231157106757337e+01
8.937375877227133003e+01
8.883826703536404068e+01
8.827502489882158443e+01
8.871495135862257087e+01
8.948796569214884755e+01
8.914629827448334254e+01
8.994732694674102902e+01
9.020211750885465563e+01
9.056919270118815746e+01
9.061922791571029734e+01
9.043840885576570088e+01
9.033602389950104339e+01
9.004316569839016893e+01
8.991202761138742972e+01
8.983482667832527113e+01
8.978426367013369713e+01
8.965460073561267507e+01
8.961584437559034200e+01
8.713841032098478934e+01
9.000306261176348244e+01
8.868825553685145735e+01
8.869275848150115849e+01
8.712598573173546868e+01
8.672250025285241293e+01
8.682293865703124425e+01
8.669866283698391385e+01
8.693051813646988535e+01
8.679607061146288061e+01
8.626872111642086338e+01
8.595533683725804508e+01
8.587261761520147729e+01
8.609318582646199047e+01
8.591697669364369006e+01
8.587607164019415507e+01
8.590884912583219091e+01
8.584738463570859324e+01
8.557956589381113588e+01
8.542495905003127632e+01
8.524414878379516836e+01
7.729357173106649270e+01
7.776867764758202384e+01
8.101392950455965547e+01
8.006232938305876701e+01
7.944979813199145724e+01
8.070238936710572375e+01
8.030704757722702425e+01
7.967872124395840672e+01
8.017976281977291819e+01
8.044479643221610843e+01
8.007323029541572623e+01
7.976056466910571885e+01
7.914926906060846079e+01
7.864398819619681547e+01
7.840728723150843393e+01
7.863128139849150955e+01
7.874703983215833603e+01
7.838293668305965411e+01
7.819242932446933025e+01
7.774225028967788376e+01
7.770294046707687130e+01
6.644115108476952969e+01
6.889069261629879293e+01
7.245186655286505584e+01
7.109053336209767338e+01
6.967061386022055558e+01
7.010191572057981091e+01
6.944777029223183717e+01
6.948645621773994208e+01
6.953412435550673365e+01
6.983577620137884878e+01
6.950412203001232569e+01
6.921581920342231342e+01
6.844460490642836703e+01
6.830545576816055586e+01
6.777442226186616381e+01
6.730536629103225721e+01
6.695671515076458036e+01
6.642749430163880220e+01
6.585617518197945230e+01
6.562629220767594518e+01
6.523574504221744519e+01
5.993608359277417463e+01
5.896534356972266977e+01
5.792968334699821753e+01
5.713507503930728149e+01
5.558416219011704840e+01
5.528478384552090574e+01
5.478471253319982992e+01
5.462908998256647664e+01
5.413760917376442450e+01
5.396264562285653454e+01
5.317435339263263216e+01
5.267642461517089458e+01
5.265448408712068584e+01
5.214615385615778109e+01
5.146865060808096359e+01
5.105163768157337500e+01
5.035108386409572034e+01
5.022535012300643587e+01
4.984303157412695384e+01
4.927382251098372734e+01
4.888799445849622316e+01
3.619400350066007377e+01
3.826064240988704768e+01
3.697209251240766292e+01
3.723296639187031332e+01
3.707168111293329105e+01
3.751730010688705619e+01
3.723349594370390747e+01
3.754709706928564827e+01
3.765463398579932885e+01
3.735448557254744628e+01
3.681679809041472140e+01
3.660378337431779983e+01
3.678019572755228950e+01
3.666163011490141344e+01
3.653411904221101025e+01
3.643345518699161545e+01
3.621680729518544695e+01
3.591046837973262029e+01
3.576020057870768909e+01
3.557682639629893373e+01
3.544686866723758101e+01
3.371493585557145423e+01
3.185257896801845945e+01
3.088210045043606655e+01
3.117223925937272355e+01
3.027106905304011164e+01
3.001484532742729172e+01
2.941193275683130892e+01
2.954336771164417996e+01
2.914426881035581118e+01
2.903891486777845543e+01
2.921694504516599622e+01
2.931028094616287305e+01
2.886439124335062090e+01
2.869149701901146798e+01
2.852326311600427289e+01
2.855948889567541826e+01
2.834845216811027768e+01
2.841344694275524674e+01
2.823715126525198471e+01
2.789238009931775153e+01
2.780908076190153366e+01
2.833577676673762369e+01
2.621502627658765405e+01
2.568827221437250685e+01
2.563986735266889738e+01
2.529397376383402118e+01
2.545062084379974365e+01
2.516481727798615609e+01
2.452221170703614916e+01
2.447812765336712459e+01
2.452767279329002648e+01
2.461470543983151771e+01
2.450005166799857648e+01
2.448501312145772957e+01
2.410338997220182478e+01
2.415622414603179990e+01
2.397824266262068704e+01
2.381924287108641636e+01
2.369001630588269691e+01
2.357675017888813329e+01
2.366532962115704564e+01
2.356696873200324305e+01
2.396255391501554399e+01
2.190193999334054098e+01
2.151072419715214679e+01
2.196292987592584467e+01
2.156784597063306919e+01
2.147563040759519382e+01
2.177687638599628883e+01
2.159591271606621632e+01
2.143109988697766255e+01
2.138242131899403020e+01
2.127456976769325792e+01
2.135107751455281644e+01
2.154630854364437553e+01
2.168837235295958976e+01
2.155476611852258984e+01
2.157607421800688385e+01
2.159816450871482729e+01
2.161514005241765801e+01
2.146357224873335667e+01
2.154048826070189904e+01
2.152898662341967295e+01
1.760898769807352338e+01
2.187597791956018867e+01
2.017922534934336554e+01
2.021479207846768489e+01
2.023788197153545809e+01
2.017156024915464485e+01
2.022628458457771927e+01
2.017256425512194085e+01
1.999927813881486216e+01
2.012215166101787389e+01
1.997696313315389460e+01
2.039536379554759193e+01
2.021600295495279198e+01
2.005620322697708957e+01
2.012100735165136101e+01
2.021521441822751086e+01
2.000349370940588756e+01
1.980282185678523632e+01
1.969731149334760190e+01
1.965857556103947701e+01
1.946588401929650658e+01
1.759090719243264900e+01
1.803720309516894815e+01
1.654720339104969895e+01
1.733463391356915295e+01
1.826361054028837927e+01
1.787897372829230846e+01
1.773597625424803681e+01
1.778275035120033465e+01
1.810669988611060788e+01
1.807713235045389766e+01
1.811273118651626035e+01
1.825460098486496463e+01
1.810335592406892857e+01
1.804233064479953796e+01
1.798410532239194382e+01
1.790216965515240588e+01
1.780153723659978482e+01
1.782685813213386083e+01
1.782106444857098992e+01
1.777878352824700769e+01
1.781158070358009837e+01
1.471368271385807525e+01
1.736467646295290379e+01
1.819035428804660270e+01
1.839748504459404899e+01
1.890148502369578409e+01
1.870510860486614035e+01
1.883746863958241846e+01
1.828678777992666937e+01
1.806702651258537884e+01
1.770453567846710641e+01
1.756735081086220518e+01
1.735607300898859151e+01
1.731368105395928580e+01
1.746691464709652308e+01
1.751546011028555228e+01
1.726725597861299732e+01
1.722816854163880862e+01
1.716881903459991676e+01
1.701783503518771923e+01
1.704431539538718354e+01
1.696870281782307543e+01
1.837749965710678168e+01
1.584108253116806431e+01
1.632269960272845211e+01
1.673581194271748984e+01
1.662919187970798873e+01
1.653903982259307170e+01
1.685581897388290074e+01
1.691553766353150579e+01
1.670160400577969284e+01
1.674058283325436847e+01
1.662883220482311941e+01
1.655701926189458462e+01
1.667046585337524434e+01
1.669847904202647015e+01
1.669764592798097169e+01
1.634971060993004244e+01
1.650697674354839961e+01
1.651154364641591243e+01
1.644907886389208329e+01
1.633953737983643961e+01
1.629047855401585565e+01
1.373000952726691892e+01
1.351281269787655503e+01
1.405205612597419318e+01
1.439998543567418032e+01
1.492315670746737588e+01
1.437525849342076256e+01
1.413621871126335705e+01
1.423547042895718029e+01
1.424353694525682812e+01
1.452807527013779598e+01
1.492161247651709921e+01
1.487658543151746393e+01
1.476166545787327955e+01
1.473101524730456191e+01
1.480190187571965765e+01
1.461915375357534153e+01
1.480661715168213988e+01
1.489432489225707457e+01
1.497179603943101611e+01
1.504516561427715793e+01
1.490509380131541128e+01
1.825820577328599725e+01
1.629392430106145184e+01
1.499929625981572023e+01
1.476778578163779443e+01
1.485706162106748884e+01
1.495612757916555147e+01
1.467817242039756565e+01
1.441939873217976675e+01
1.451148329105827095e+01
1.448384935857056277e+01
1.426287057960399629e+01
1.427818573722773188e+01
1.429207521578259055e+01
1.439420547531403294e+01
1.444768108044400812e+01
1.457385293797948300e+01
1.466347996586541136e+01
1.455293309150344427e+01
1.453545934451777555e+01
1.446631919799553501e+01
1.459969164713541900e+01
1.879517168638120239e+01
1.794344263002576767e+01
1.584950875391206893e+01
1.561633692461397338e+01
1.543301402717107962e+01
1.527018693008132999e+01
1.448993822723124936e+01
1.431343290591325612e+01
1.407673190785244444e+01
1.400370223269864667e+01
1.371816688934916506e+01
1.360206580823084721e+01
1.379519681976050371e+01
1.377016470116677915e+01
1.376085355257555420e+01
1.412159650311840942e+01
1.420276701554346843e+01
1.431346466089321900e+01
1.418194541231965644e+01
1.432711873167984784e+01
1.441034695956393819e+01
1.638629024649911514e+01
1.688510905306213772e+01
1.559962582736655001e+01
1.491038600616409049e+01
1.449511905676416390e+01
1.456593964451026579e+01
1.470346672979569647e+01
1.451887890419247285e+01
1.454827110879134544e+01
1.454562287584396074e+01
1.447918540837025958e+01
1.459828806578359384e+01
1.458857280938468115e+01
1.453094694535596076e+01
1.445318833077769760e+01
1.423703597180549174e+01
1.437153123439332703e+01
1.432723278310371740e+01
1.423342194005380712e+01
1.417227911347262115e+01
1.404955926468535132e+01
1.384182381424837516e+01
1.356943745896898079e+01
1.291692380628732018e+01
1.378428700571098808e+01
1.362897771596410657e+01
1.363827656132427002e+01
1.361618938090934172e+01
1.344968473028810685e+01
1.351155691204511911e+01
1.368898393375859257e+01
1.391977084939416542e+01
1.381193749180850361e+01
1.393914683404617705e+01
1.392357056952235794e+01
1.403497139112360514e+01
1.397613619062611789e+01
1.381068525403743763e+01
1.370034868614168211e+01
1.362840655858953554e+01
1.370423700607817885e+01
1.360738566196860333e+01
1.437854702016510799e+01
1.404917863377500176e+01
1.463992351797208791e+01
1.484365770890087077e+01
1.477305619301042938e+01
1.461621150529183488e+01
1.467491091941256265e+01
1.433319489300714267e+01
1.383710127874431528e+01
1.405898781034292533e+01
1.399976432413061467e+01
1.383021126256195821e+01
1.395223508505712928e+01
1.376945813429869503e+01
1.363606602049760852e+01
1.344970527717618580e+01
1.348559577679674604e+01
1.338327304078576496e+01
1.351970022804004401e+01
1.345148045461548492e+01
1.342343420365409656e+01
1.742453401088382492e+01
1.683197562005045711e+01
1.401489520045482706e+01
1.294628026020008171e+01
1.231658201468149194e+01
1.272315339643429333e+01
1.292531087254480404e+01
1.307788373207816690e+01
1.310993011933599206e+01
1.316660375836458741e+01
1.307844877127574357e+01
1.323450172615423881e+01
1.336346481847319367e+01
1.325072009230823333e+01
1.326043932765377065e+01
1.316894627020932518e+01
1.329433731169065780e+01
1.329157468926240604e+01
1.326832713636811611e+01
1.321602003916166090e+01
1.317267227140376207e+01
7.504379669502922567e+00
1.095493371474013777e+01
1.155288054447801471e+01
1.228157469377910971e+01
1.199051195789604662e+01
1.215623949887359245e+01
1.211130401017734215e+01
1.239917802517790335e+01
1.265358550963973450e+01
1.260801636882932719e+01
1.293829008100095379e+01
1.324146250930667179e+01
1.308444354856291270e+01
1.295252241552041816e+01
1.291383304462601522e+01
1.288296668768047759e+01
1.306983295176710413e+01
1.299168097226399787e+01
1.288813905775170809e+01
1.294358705151119260e+01
1.293986628310441667e+01
9.269580141015225649e+00
1.232396342153358582e+01
1.385498010851966910e+01
1.337398456261689006e+01
1.337957495270223873e+01
1.335035315083604424e+01
1.350772887902567554e+01
1.316830022817531720e+01
1.295771569991033623e+01
1.319917845848127946e+01
1.309690356875166728e+01
1.291771260388686215e+01
1.275390434654971550e+01
1.259088911865208615e+01
1.251882617428190159e+01
1.264371296323215255e+01
1.272548930562496139e+01
1.282205030452809602e+01
1.288768587891685691e+01
1.281735309712220960e+01
1.290790081660304089e+01
1.397296328843220792e+01
1.318714377564213436e+01
1.429703488096976116e+01
1.394256824828437402e+01
1.377586488571428269e+01
1.361556587455977230e+01
1.357441762329858292e+01
1.345080719771333300e+01
1.314976098843758123e+01
1.294398073543283445e+01
1.285933872459169969e+01
1.251423101843211150e+01
1.287791603125962681e+01
1.282047283729089848e+01
1.292958700843204589e+01
1.287270016734197675e+01
1.300084450351208787e+01
1.298009954358283480e+01
1.283926498158577623e+01
1.282223561370429366e+01
1.277360918115220478e+01
1.400852118953364212e+01
1.240203330690282968e+01
1.205015605531104406e+01
1.222951774337849074e+01
1.171448738085160990e+01
1.143050941950540711e+01
1.126679199807580112e+01
1.170817836664056522e+01
1.165882541957571661e+01
1.180977261668440903e+01
1.197281266357917850e+01
1.197592195649183289e+01
1.179897532642415747e+01
1.199516468740573849e+01
1.189151196727494231e+01
1.205568329607645417e+01
1.230654416296799880e+01
1.241963647549956207e+01
1.233147314925483862e+01
1.253166537490353249e+01
1.250166621767722219e+01
1.195673150167112553e+01
1.157270378153095969e+01
1.189661757452045876e+01
1.122441210992358229e+01
1.104058280781636192e+01
1.222591024216614031e+01
1.208446653689973083e+01
1.230486230109763923e+01
1.230068181526455895e+01
1.236674365567902534e+01
1.206892601893234129e+01
1.216175448789954494e+01
1.221223800187463837e+01
1.223343555863137944e+01
1.243381983564228044e+01
1.245942565187842455e+01
1.243278643204533651e+01
1.236556199549105628e+01
1.223769092001134418e+01
1.221318370116396679e+01
1.228314956920075041e+01
1.046108171490788052e+01
1.028146385857983880e+01
1.141127988211058764e+01
1.227987991861865957e+01
1.205996823777801374e+01
1.188327530386510666e+01
1.190687834272404011e+01
1.223599002411795134e+01
1.235063547995172861e+01
1.213458678257043566e+01
1.212185771129180445e+01
1.196706268964452669e+01
1.214597332456682999e+01
1.210244866390041274e+01
1.211592217334484722e+01
1.201775456553597188e+01
1.190329929184350455e+01
1.203434440568194574e+01
1.218909702992985267e+01
1.223271446324862488e+01
1.215929920445268309e+01
9.878140907009260729e+00
1.120000994665056382e+01
1.042434028061244433e+01
1.173847087205029283e+01
1.170049912509348289e+01
1.159375229375814520e+01
1.160883454524586256e+01
1.227386932041473599e+01
1.220347554718830807e+01
1.191196694970273917e+01
1.186236246312219755e+01
1.194517661687384980e+01
1.203932640639862761e+01
1.208319559689108047e+01
1.209428464601326780e+01
1.205629624690673474e+01
1.204272126333014370e+01
1.219336781667072778e+01
1.209972987442628245e+01
1.211320151228090580e+01
1.211025690927856324e+01
