1.723791290539051317e+02
2.606654987421898682e+02
1.987607043026335418e+02
1.802706641417413209e+02
1.697224840712524951e+02
1.599283769131186261e+02
1.493234352049193774e+02
1.426489532928424353e+02
1.358847077102493301e+02
1.316657430660806654e+02
1.280604730758840901e+02
1.241582194293401358e+02
1.212304459357153945e+02
1.185005783681932456e+02
1.160338443498391570e+02
1.143364837803206484e+02
1.125052983348236779e+02
1.107290508977703780e+02
1.089588545760820466e+02
1.073741107979974743e+02
1.060931828164269035e+02
6.191770411773012484e+01
6.972603424842850472e+01
7.066753792962430225e+01
7.005821480129910128e+01
6.940793602963476872e+01
6.683510986359119954e+01
6.486540845100059016e+01
6.321103034208493199e+01
6.144208962910970229e+01
5.979710109097075588e+01
5.793764468959406599e+01
5.682945608935168735e+01
5.556197816033235881e+01
5.422830603674027117e+01
5.297825163910088264e+01
5.176851354889782897e+01
5.031087528213758020e+01
4.930164713092086259e+01
4.833486349168460094e+01
4.731286549393630025e+01
4.631900385429000977e+01
2.082228302680967147e+01
2.417395892900553633e+01
2.400209255436480049e+01
2.312208439261909731e+01
2.270183189904006582e+01
2.225775938544633092e+01
2.269332906014396656e+01
2.273078019966958863e+01
2.307100280268141645e+01
2.298496533258048302e+01
2.305942333809213807e+01
2.257012660720557307e+01
2.206254324251901267e+01
2.171570820860608109e+01
2.130275247470170541e+01
2.122137025690476264e+01
2.122384150228291944e+01
2.083956148434413436e+01
2.071847402342429234e+01
2.037435253115628697e+01
2.024702723503027002e+01
1.266502220200893802e+01
1.446903966826185872e+01
1.295668243488917604e+01
1.279919669369956736e+01
1.207595777142831217e+01
1.181474874886920468e+01
1.151636159194069187e+01
1.125168649391849840e+01
1.115902544325444268e+01
1.103588015936962563e+01
1.074244316092265095e+01
1.054921156723414910e+01
1.080218785279508253e+01
1.100635433158499943e+01
1.085200631508871716e+01
1.084138574550378387e+01
1.084136208596850715e+01
1.086618342426474371e+01
1.084696277270873388e+01
1.072556448555040021e+01
1.067300079399333157e+01
9.917013267399562793e+00
8.567530282518504237e+00
8.571202398883199791e+00
8.172583827790209199e+00
7.856463760239052796e+00
7.902913582541342130e+00
7.845719918520750902e+00
7.857212897524783024e+00
7.592482306446801665e+00
7.799699593224787897e+00
7.648374430122113488e+00
7.425840278831985941e+00
7.266015897863066897e+00
7.119472611997768929e+00
7.011122351954308662e+00
7.194673565367885715e+00
7.148419730165747055e+00
7.001387947067912343e+00
6.862625402786354023e+00
7.046133400046540984e+00
7.067785870063521436e+00
5.252869546205635842e+00
5.157883687656521055e+00
5.532527794867482029e+00
5.585765326436038514e+00
5.736558337270786012e+00
5.414767488037095511e+00
5.407231507065746179e+00
5.537745037596661923e+00
5.681789319635072388e+00
5.751790194774091702e+00
6.054049303066149967e+00
6.242360390308397733e+00
6.135267191719404600e+00
6.066989629704807818e+00
6.099356468554826272e+00
6.051651270192222043e+00
5.999442041816828386e+00
5.941118808856112210e+00
5.814218755683655537e+00
5.840546123767837550e+00
5.854298631826946320e+00
4.248133671528101729e+00
3.239501713603012423e+00
4.248647666440061421e+00
3.834096888023928784e+00
3.553895157167363816e+00
3.918676544658418859e+00
4.191747414614714451e+00
4.239099650337565528e+00
4.388689286408475887e+00
4.465799287580299648e+00
4.719952278938190027e+00
5.158379004583965255e+00
5.397888534729273324e+00
5.730563201960194419e+00
5.687702645926191458e+00
5.728417896229894168e+00
5.689521688188172277e+00
5.722178747575216384e+00
5.687858906520058433e+00
5.691180354745606351e+00
5.611785524208288578e+00
6.639786198473778711e+00
4.726460593424710588e+00
4.655716841178518806e+00
4.940855507852269568e+00
4.448531403829459663e+00
4.764301705199456727e+00
4.682207998247392311e+00
4.456629208886191407e+00
4.633415670586155777e+00
4.670537611815281487e+00
4.798306816030242672e+00
4.728854417668945764e+00
4.668198976885652662e+00
4.574152665381978622e+00
4.557143459395087248e+00
4.631965890923211759e+00
4.757930229419997659e+00
4.690892383796141374e+00
4.580326492119161763e+00
4.513568908508512223e+00
4.561958509130946027e+00
4.975717098077430123e+00
4.633223434175183897e+00
4.482857127146537835e+00
4.267880985333735389e+00
4.086473152336818515e+00
4.524497755804778976e+00
4.444256550067512634e+00
4.419763117990824774e+00
4.447507257317477425e+00
4.260636147538470198e+00
4.449725832986481500e+00
4.608329340718301026e+00
4.566419835652688164e+00
4.477843463870702756e+00
4.310238513090242307e+00
4.212455709819601601e+00
4.082191326782429464e+00
4.063236048189974525e+00
4.119084024344025430e+00
4.101101101023112427e+00
4.077380107733792336e+00
6.184323187898242757e+00
4.731621508845806900e+00
4.729054321699337926e+00
4.160225426071673560e+00
3.914766877095287700e+00
3.612959043931153857e+00
3.801835773473758451e+00
3.640578154399615407e+00
3.811595922389359625e+00
3.780419372521746091e+00
3.862242527300489670e+00
3.878520760331832573e+00
3.909327319316908689e+00
3.773036022515986243e+00
3.804932186165790320e+00
3.749557179712319943e+00
3.681081550998495544e+00
3.696395814265529101e+00
3.624844249554868725e+00
3.530478267362625822e+00
3.587403652642424223e+00
