7.205732597206896344e+02
7.195696885061885268e+02
7.174936917234524572e+02
7.147170272281578036e+02
7.131142848891204267e+02
7.112876856769536289e+02
7.086946952912827555e+02
7.062204482706946465e+02
7.034492262889964422e+02
6.998462923864148024e+02
6.969563079381550779e+02
6.933527620135612324e+02
6.883957262480771533e+02
6.836282424709831957e+02
6.785449083744531436e+02
6.736411358853804359e+02
6.684934880623055733e+02
6.636166426250055110e+02
6.577821052261675732e+02
6.526907205507282015e+02
6.498395015778994548e+02
6.041304950588771590e+02
5.786785495001995514e+02
5.640615834002288693e+02
5.619375802225034704e+02
5.635166282446157311e+02
5.655441585703591727e+02
5.622336005598107249e+02
5.626601232859586617e+02
5.602930986218084399e+02
5.591112170813195235e+02
5.561788494156737670e+02
5.567265512221896415e+02
5.567714465083130335e+02
5.574537105970848643e+02
5.569690902982844136e+02
5.574381592245015327e+02
5.571965716018437433e+02
5.575000254119794363e+02
5.569205879358091806e+02
5.561645945681812009e+02
5.557267289877109988e+02
5.532480736024058388e+02
5.403523113370972624e+02
5.431726512724980012e+02
5.414465870856292895e+02
5.420760532702072396e+02
5.372138758542404275e+02
5.382388319961470415e+02
5.351588491759147246e+02
5.324298216245904314e+02
5.306794530622129287e+02
5.319303746719212995e+02
5.311152799577313317e+02
5.303187480367256512e+02
5.314361597054570439e+02
5.305151959207507844e+02
5.294115920700604647e+02
5.284837651403532846e+02
5.272248073408903792e+02
5.251657035724547313e+02
5.245865442541227139e+02
5.232149345341571234e+02
4.713939385642437969e+02
4.747721567936781639e+02
4.863121219265994455e+02
4.860168232403065645e+02
4.911078798965618262e+02
4.896624377462859457e+02
4.876593619264937161e+02
4.853596603051424836e+02
4.816310704710840582e+02
4.777168151481964173e+02
4.755577908144194339e+02
4.738378120419113202e+02
4.712015880169736874e+02
4.674204150385888283e+02
4.635073372673660970e+02
4.617509865568256942e+02
4.585387263162244835e+02
4.561741758618731524e+02
4.526329141209620275e+02
4.501243295542241754e+02
4.473062694358623048e+02
3.706754465596810633e+02
3.729000795989960011e+02
3.774855033067437944e+02
3.776613340353598574e+02
3.733524440317538620e+02
3.698009018794611507e+02
3.637650675585799149e+02
3.553201005148821991e+02
3.492707316028584614e+02
3.454812300446500899e+02
3.392749214034520264e+02
3.372358160502683972e+02
3.324659599167960664e+02
3.280831468209336208e+02
3.235142492293265946e+02
3.179216826873059745e+02
3.141202715089257822e+02
3.100009505548305810e+02
3.068981594631287066e+02
3.021397843635920708e+02
2.993273638048853513e+02
2.152890134162206550e+02
2.293314195609721651e+02
2.222593789068534988e+02
2.210480071913857216e+02
2.246505403117351136e+02
2.351606810017871965e+02
2.371462239868946540e+02
2.369811913064469024e+02
2.334447299672762028e+02
2.303838670668807254e+02
2.289827571531476451e+02
2.274569884373173920e+02
2.264907818839841411e+02
2.260880194576183726e+02
2.241124167300841918e+02
2.216614243206262245e+02
2.206188414664319737e+02
2.199903518003047225e+02
2.188970616841864114e+02
2.172174042743015434e+02
2.155347780433602054e+02
1.830293676131554435e+02
1.982805692146123988e+02
2.029991078554820376e+02
2.147885835888682209e+02
2.133428218067253681e+02
2.134794297759078177e+02
2.084813171713382189e+02
2.039795597785873440e+02
1.986002268960061770e+02
1.978764908828624982e+02
1.941679797607368130e+02
1.954597795318960038e+02
1.928223450597992041e+02
1.915792154645707797e+02
1.930302419358936561e+02
1.903571681731029912e+02
1.874177174527644638e+02
1.860552616048590551e+02
1.867291485750848494e+02
1.853872285556128645e+02
1.834608746767619039e+02
1.546269799307940787e+02
1.783598845345593702e+02
1.708173479943153836e+02
1.833947653974885270e+02
1.922503067120839546e+02
1.878210742003851692e+02
1.865743514898511535e+02
1.805951282781570910e+02
1.795881067431221823e+02
1.775261566299658398e+02
1.756550889667582851e+02
1.747459266790063168e+02
1.737290112028954923e+02
1.719320929354878729e+02
1.715750267174955468e+02
1.707701224340018484e+02
1.696427184649215860e+02
1.700824248375565446e+02
1.704036917983560215e+02
1.706023585537961083e+02
1.701014109521107400e+02
3.331070357939869382e+02
2.077946954633857501e+02
1.912146237847044574e+02
1.768938522423096060e+02
1.702410931801798597e+02
1.678629676304639133e+02
1.656072106154598202e+02
1.659904554362567524e+02
1.635079961322663280e+02
1.638306954102783948e+02
1.633995720796613114e+02
1.611464621770144561e+02
1.592310447799299027e+02
1.606867735515125446e+02
1.600447035259324764e+02
1.595123785033489128e+02
1.584430550886700928e+02
1.582137278278560473e+02
1.574742616521746470e+02
1.575387041235213132e+02
1.606652737848677930e+02
1.244179696717039860e+02
1.317051649135635500e+02
1.360830457473129798e+02
1.471986722409407946e+02
1.503745646260214812e+02
1.449643607685523250e+02
1.429724564768470998e+02
1.449200937696795961e+02
1.458767053113005545e+02
1.461337019412536051e+02
1.455905442705994517e+02
1.471253815021204048e+02
1.476759970349873186e+02
1.465366036859641667e+02
1.474826542436518935e+02
1.470016849174500919e+02
1.473682233215963606e+02
1.459459533057640499e+02
1.448846769354343280e+02
1.451179285293775933e+02
1.445466883103034377e+02
1.223216957487469756e+02
1.235277273844494061e+02
1.462149612729034232e+02
1.419619568879463998e+02
1.407828067267537051e+02
1.411472846586367780e+02
1.385164571174290700e+02
1.362369778118428201e+02
1.385899178955411060e+02
1.392212704580713591e+02
1.404151731870818480e+02
1.414394408464784192e+02
1.401283194832977586e+02
1.411972812898198413e+02
1.387651077791508101e+02
1.384971801769919750e+02
1.381342239816017639e+02
1.372237310388238143e+02
1.369579095412673837e+02
1.358201842704768865e+02
1.365097737245957603e+02
1.226424400148113136e+02
1.356285945096807950e+02
1.263934626059630375e+02
1.222050804200399767e+02
1.257600570712142343e+02
1.273529834293766072e+02
1.265326700010115388e+02
1.274939791611497384e+02
1.259100625340308568e+02
1.249391624212376968e+02
1.241577066631121369e+02
1.257913725541510530e+02
1.290637709009405398e+02
1.295586506387822396e+02
1.302714936280059135e+02
1.322933506299760040e+02
1.343428771050832609e+02
1.342568790477809273e+02
1.339334422696430522e+02
1.326919416383497889e+02
1.329646675218724567e+02
1.033625104967933765e+02
1.224879631556143238e+02
1.210389835644886887e+02
1.210370695719839631e+02
1.234634885145555643e+02
1.338425534034794566e+02
1.314301187941001103e+02
1.306434023869128964e+02
1.289057478972737556e+02
1.259278739039586696e+02
1.346068893506698885e+02
1.316922366688725674e+02
1.297123592572532118e+02
1.293739382609202266e+02
1.301910761914118382e+02
1.293409845879571094e+02
1.292260960532602212e+02
1.275540079546366741e+02
1.264382053752078434e+02
1.263646159967447460e+02
1.268230146574325516e+02
1.294805194356551397e+02
1.393809726908401387e+02
1.303423660230232031e+02
1.265598803773951744e+02
1.210536069470704490e+02
1.208609272724252719e+02
1.208788702127633456e+02
1.216934781880609080e+02
1.213565619295142000e+02
1.211713198893073837e+02
1.221757941429313945e+02
1.205980602145330494e+02
1.203284363537370041e+02
1.192194405761305376e+02
1.176453254183632708e+02
1.207716183015347724e+02
1.204160695627954567e+02
1.192858878359656956e+02
1.193447222906054037e+02
1.218967298218368569e+02
1.214454629251757893e+02
