1.723466712679959301e+02
1.709828932234345302e+02
1.696816180498441327e+02
1.682637128743079984e+02
1.668483384253927397e+02
1.654311996594806260e+02
1.638294970527253440e+02
1.621329323517674368e+02
1.602988524085822917e+02
1.582924886260574908e+02
1.562086994469897263e+02
1.537892802982486558e+02
1.512763929775522911e+02
1.486956403613025373e+02
1.459228010580877424e+02
1.428646357615128579e+02
1.401009868735748682e+02
1.376779552179221469e+02
1.348393854086162378e+02
1.322635315715461957e+02
1.306625279438053724e+02
1.084442365914242004e+02
9.998065322918331788e+01
9.479767088766259064e+01
9.323444156799862981e+01
9.313689091361837313e+01
9.204738157228693751e+01
9.256983756376853023e+01
9.264322969689732190e+01
9.246941247245099760e+01
9.147750497251911384e+01
9.139158764462216311e+01
9.099605197420767411e+01
9.025873710636571445e+01
9.087658690261622496e+01
9.062500376239275113e+01
9.042080455886218715e+01
9.043118901436517376e+01
9.040908408264441221e+01
9.008968911502154242e+01
8.991959465502439741e+01
8.971148730013366901e+01
8.501441846003898206e+01
8.744888360879811273e+01
8.611836462202049347e+01
8.669982529271729277e+01
8.791312014550889842e+01
8.701855053769801884e+01
8.746106919896003262e+01
8.747987465642935945e+01
8.713537473700741032e+01
8.637292057388970079e+01
8.609941447862833286e+01
8.616974837505475193e+01
8.586849534188006317e+01
8.573583197648197540e+01
8.545496705998928633e+01
8.500169705981606683e+01
8.482395251964895522e+01
8.480802739490886211e+01
8.456955871995305074e+01
8.435400172500695248e+01
8.414227094208445124e+01
7.758238612974247417e+01
7.548865409297295059e+01
7.441053098696325208e+01
7.594667131850421526e+01
7.601607828183897198e+01
7.625560263257183635e+01
7.706108887840436239e+01
7.667898049023045814e+01
7.653290753235820887e+01
7.608855826458032823e+01
7.602934331588961925e+01
7.635778665119750030e+01
7.591635938727671373e+01
7.554217662123194543e+01
7.541166808907141217e+01
7.495005717035942894e+01
7.456333025816979898e+01
7.398754867219646769e+01
7.344294312265040503e+01
7.276909276414663452e+01
7.241239923677279933e+01
6.150964430440708952e+01
6.401165124838973952e+01
6.100442416985344352e+01
6.008446628903423203e+01
5.965979271110649051e+01
5.818597051701618739e+01
5.792917677942818955e+01
5.751345063465263507e+01
5.717989376361166620e+01
5.637944128688189238e+01
5.611625225436609554e+01
5.550091778018958166e+01
5.505845509659035031e+01
5.448212668267405689e+01
5.400497045171592703e+01
5.307672779431784704e+01
5.228381261179723793e+01
5.166538512072965261e+01
5.121259967009797265e+01
5.062516213587255010e+01
5.000253451378644343e+01
3.570512791956147680e+01
3.819072390600438638e+01
3.667377948789678754e+01
3.516602508370083768e+01
3.481113158313588940e+01
3.468858293969956463e+01
3.472210527069777442e+01
3.417920761727186374e+01
3.336465447731813327e+01
3.284241934337433833e+01
3.275590409621211307e+01
3.247350391463879760e+01
3.199964140582591199e+01
3.174013080454503566e+01
3.141432167184613178e+01
3.087623245330345867e+01
3.073263822346367036e+01
3.034420881654326863e+01
3.007181621687676909e+01
2.975649950251849418e+01
2.948793321141483759e+01
2.881382897316185421e+01
2.486624391383170263e+01
2.411366920826727167e+01
2.530681450222718354e+01
2.465760690549962320e+01
2.410962159828232743e+01
2.395707538904449407e+01
2.373147259066808701e+01
2.314592643042696452e+01
2.268602877271909435e+01
2.266743954906135627e+01
2.244289730921319403e+01
2.233849998230379441e+01
2.206758284520081759e+01
2.201159469863247864e+01
2.189031982099482931e+01
2.183245381451776268e+01
2.182608700283088154e+01
2.169690139342149138e+01
2.141520549430434173e+01
2.115550798097491736e+01
2.268465632249478858e+01
1.951152367733799409e+01
1.996131653733347733e+01
1.863413974432217302e+01
1.833076646330979287e+01
1.794332660508831268e+01
1.800210202880574784e+01
1.811340805175839108e+01
1.788738241246313621e+01
1.735545877503298939e+01
1.728779699209025722e+01
1.747098645018105145e+01
1.764494416219750406e+01
1.765604511099363449e+01
1.754997754085021455e+01
1.757210886982495524e+01
1.745364726659910914e+01
1.738415897511419672e+01
1.712775953547423669e+01
1.706754711640114763e+01
1.707165039226189762e+01
1.821413690780499195e+01
1.592374036833579432e+01
1.594602923262548622e+01
1.588376289767909633e+01
1.494908206004594398e+01
1.481657542820416573e+01
1.497263091870087948e+01
1.482699562584070385e+01
1.501003938864247189e+01
1.484429379071296751e+01
1.490410187173930545e+01
1.494960642793181194e+01
1.479363258210471166e+01
1.488724918550355447e+01
1.477087349950052086e+01
1.464675998621456010e+01
1.464452731133155083e+01
1.464205537110089672e+01
1.458013342130126233e+01
1.453832912652252496e+01
1.460572915480321043e+01
1.468227249019713199e+01
1.317012480663822949e+01
1.297486675755992458e+01
1.234456363449747762e+01
1.236987152786497290e+01
1.261838041098273067e+01
1.239042933804408086e+01
1.255076086024934590e+01
1.278424742013113935e+01
1.273753855684665837e+01
1.251175835484894172e+01
1.259844111588408211e+01
1.256045681164086503e+01
1.234068744649736971e+01
1.227508859550278686e+01
1.240128199313405943e+01
1.249011791665846616e+01
1.277654205851658809e+01
1.291491908034143599e+01
1.295993436622549666e+01
1.292266238719209603e+01
8.948006764016788850e+00
1.014930285237444885e+01
1.094909944379528710e+01
1.147452784806461601e+01
1.172577306433902322e+01
1.195349240202375007e+01
1.191970147385451639e+01
1.205374197016029392e+01
1.243265784770883364e+01
1.201450664897106790e+01
1.195684213662306838e+01
1.187592408035023617e+01
1.185095039548956031e+01
1.180029465527041133e+01
1.182379529295868359e+01
1.177313346434330121e+01
1.168321647867349355e+01
1.171253619703435689e+01
1.169177920997761788e+01
1.169968229427304962e+01
1.178410752539687856e+01
1.463938588010664077e+01
1.242219043724953309e+01
1.110344901019750452e+01
1.125496122588789838e+01
1.095549994541383754e+01
1.047399261090690636e+01
1.086298737468364806e+01
1.083918031390726355e+01
1.113757696905087613e+01
1.106553662675222682e+01
1.124085682693700861e+01
1.129070095122044037e+01
1.123505552672635766e+01
1.111956093418067759e+01
1.120349694737467594e+01
1.118902362987471477e+01
1.113856054841186172e+01
1.089190023438150767e+01
1.085201990392098459e+01
1.070058528914186091e+01
1.068575717550431392e+01
1.197823488271862757e+01
1.192218275957260332e+01
1.069264329848572004e+01
9.820364759509477182e+00
1.034618279193088597e+01
1.048243716918957880e+01
1.030383345987221766e+01
1.002266984721543253e+01
9.953991083712576682e+00
1.004372670823867253e+01
9.907084671617747418e+00
9.923552388788195344e+00
9.883856325871246185e+00
9.943950743313690666e+00
1.002695852714577995e+01
1.006204996865671042e+01
1.013604763719592938e+01
1.007180215457911565e+01
1.007793768504361687e+01
1.011809641658821945e+01
1.023105465714213835e+01
