7.240056121966003957e+02
7.178128741180963743e+02
7.176962700972600260e+02
7.147432228797637208e+02
7.117051860557450027e+02
7.099369686846656577e+02
7.073746813375564670e+02
7.050448789497493181e+02
7.025391113645989662e+02
6.988842772241620196e+02
6.956821657840257558e+02
6.919311240250638093e+02
6.883052494818456353e+02
6.841880219572889246e+02
6.798099428738535153e+02
6.746242049871490281e+02
6.692322203587018521e+02
6.638878998848275614e+02
6.591117182647631125e+02
6.549371362901989642e+02
6.504145276036248333e+02
5.773962174540404249e+02
5.617785742152398143e+02
5.581591698025758888e+02
5.636756189021016326e+02
5.621203429321939211e+02
5.622057293526917192e+02
5.631026481394794700e+02
5.608703858229479238e+02
5.607701043202682740e+02
5.591411893016230579e+02
5.578449777231878670e+02
5.590006574941382951e+02
5.582747247060381142e+02
5.589594505694076361e+02
5.579695323022564253e+02
5.571626897518657415e+02
5.576558843153072758e+02
5.559150390802776656e+02
5.558960433682962048e+02
5.550964923280052972e+02
5.546328430035216570e+02
6.022700720237346559e+02
5.540832598266802052e+02
5.494804258135534383e+02
5.443241409557396082e+02
5.449319733719038368e+02
5.415658785488224112e+02
5.420463090945455633e+02
5.409882475766720518e+02
5.389280810663650527e+02
5.382518348596788655e+02
5.346646643187737027e+02
5.360918083981824793e+02
5.352549012756981028e+02
5.338052980660535241e+02
5.318351771167194784e+02
5.298808720536505916e+02
5.279657855616463848e+02
5.257526942578216449e+02
5.245277141112068193e+02
5.228659567306208373e+02
5.223565115181481815e+02
4.868400020780729847e+02
4.798162208511079143e+02
4.880467465296896989e+02
4.877793478973678134e+02
4.802568681995153383e+02
4.789660126824110762e+02
4.751149464824028996e+02
4.727991441412088989e+02
4.716485876854143839e+02
4.713114203758817098e+02
4.701834914495418047e+02
4.667497185966809070e+02
4.633240058236994514e+02
4.623400302253839982e+02
4.603579089903744261e+02
4.576268664939433393e+02
4.550274316420315586e+02
4.522589472954909979e+02
4.494263011205576959e+02
4.459932701526644223e+02
4.426854393638644183e+02
3.679221371560710168e+02
3.634102524686377365e+02
3.564574839258095835e+02
3.545134557863874534e+02
3.503456574982915868e+02
3.497480091560985329e+02
3.435837592857386085e+02
3.414514621448674347e+02
3.346132650053446014e+02
3.308151995760622412e+02
3.271454236483166937e+02
3.230971697067918171e+02
3.193817739399998459e+02
3.169394088179330424e+02
3.135122972643115986e+02
3.114757580617728649e+02
3.091161163417207263e+02
3.066587673213220455e+02
3.027498410910984035e+02
2.998713112678391894e+02
2.962333209184526481e+02
2.151241347969863682e+02
2.351153672401274832e+02
2.270794310893691943e+02
2.224970960142593412e+02
2.156670204999010423e+02
2.107227516085645220e+02
2.113564093248260178e+02
2.095634582648733897e+02
2.118830673517227865e+02
2.113515451247948249e+02
2.124268544245556143e+02
2.110576662804554928e+02
2.072671981548288045e+02
2.187607402916693786e+02
2.200516223367708051e+02
2.233189205562833024e+02
2.237752419502918428e+02
2.223422653742767352e+02
2.222300152250884366e+02
2.207912875197016831e+02
2.199336240044039812e+02
1.877350774175773722e+02
2.013068693583346942e+02
2.014134643337587249e+02
2.027805319039116796e+02
1.981670998819742238e+02
1.954725335476603334e+02
1.965786809309356329e+02
1.931353851231527301e+02
1.902231893888876755e+02
1.888490851717914722e+02
1.867347010537229721e+02
1.863902186285162657e+02
1.841135898565086109e+02
1.825147808930884139e+02
1.819733593791195858e+02
1.964488911520135161e+02
1.980386021307618023e+02
2.004262615713891478e+02
2.023356225108365152e+02
2.028785432137849227e+02
2.030401229512257544e+02
1.865883668472415593e+02
1.833586952792823297e+02
2.079993626044079633e+02
2.060176011779492455e+02
1.965445381703339933e+02
1.940847369119432244e+02
1.908048140741814791e+02
1.905057558751677789e+02
1.887121632869126984e+02
1.876843041907025622e+02
1.850644878524196884e+02
1.853394688965067871e+02
1.848446672783221629e+02
1.823947895714973697e+02
1.798681422201261455e+02
1.792754578122846567e+02
1.779808148425804575e+02
1.771792290762863615e+02
1.780730086338319325e+02
1.785916085300169129e+02
1.786736880018794125e+02
1.580692570099212730e+02
1.676991978348381735e+02
1.687294133949730508e+02
1.763315401729348935e+02
1.779854574373912328e+02
1.738231169047032552e+02
1.702440168891134249e+02
1.692124937189750256e+02
1.712272892270423483e+02
1.713724111660763185e+02
1.685145343973989327e+02
1.686138282251705505e+02
1.664191334131469091e+02
1.655544036412933906e+02
1.637537405965906032e+02
1.633312113705175648e+02
1.648341904434124956e+02
1.640483685923868791e+02
1.649194038784138172e+02
1.644655210815194835e+02
1.651628005883321748e+02
1.532933106406599393e+02
1.473708535388389862e+02
1.600719034963728404e+02
1.557678523927465051e+02
1.550705743288037013e+02
1.514334814218146619e+02
1.539561383395264897e+02
1.565434627489918284e+02
1.550941439251659801e+02
1.571502722306983912e+02
1.549141412989104936e+02
1.558153334753200454e+02
1.593508520502258818e+02
1.584256636375195342e+02
1.569995029382023972e+02
1.563588987522648779e+02
1.556002620555613305e+02
1.540246569350948960e+02
1.542995925907964931e+02
1.540323464941049849e+02
1.548140742909562846e+02
1.310172852595107997e+02
1.384901874839649452e+02
1.414225139053320959e+02
1.422754404981464234e+02
1.440421430750102729e+02
1.464515191729507251e+02
1.485448905307568452e+02
1.487272378943015383e+02
1.487998642499751440e+02
1.508681863794837170e+02
1.499716898327998820e+02
1.486668054000745087e+02
1.466590162404366708e+02
1.462779639720708076e+02
1.444952457590590598e+02
1.458798862094417643e+02
1.442788897986680183e+02
1.452137315775425179e+02
1.452260012063795500e+02
1.450237508588359674e+02
1.460962118423526306e+02
1.252589385785099694e+02
1.308854882272614191e+02
1.250834343926675558e+02
1.307029623830319451e+02
1.357953658154354457e+02
1.415212156514359094e+02
1.423847633720556587e+02
1.431589497836835392e+02
1.455705608867782530e+02
1.426476732957392244e+02
1.393745120095656205e+02
1.394240925848878305e+02
1.414827722220897499e+02
1.418344519787193860e+02
1.403882569032639935e+02
1.412766579940876852e+02
1.417889777640921238e+02
1.417268867259487308e+02
1.419222864772243611e+02
1.418799565076222677e+02
1.425839708789715701e+02
1.237464716863366760e+02
1.658281812548382561e+02
1.494530478507349187e+02
1.427775613842992186e+02
1.457775544607923166e+02
1.404449644492981122e+02
1.382096501505629078e+02
1.368040419073225280e+02
1.345210808874547013e+02
1.358159021897364767e+02
1.371126653514559166e+02
1.381799109079924222e+02
1.367215980325041187e+02
1.354139476320357005e+02
1.352048461024004666e+02
1.361133825108933877e+02
1.364875181889757130e+02
1.363255504595985599e+02
1.355845421463286584e+02
1.364041769726187852e+02
1.360172619696240304e+02
1.085532805733574833e+02
1.089268902859736841e+02
1.181010248064420409e+02
1.254113297303187693e+02
1.235487940232747803e+02
1.242428941940106029e+02
1.369915783172142767e+02
1.380707713307143365e+02
1.368486982781273582e+02
1.366711763810555169e+02
1.346604344508905911e+02
1.343300040564060964e+02
1.370827896287346732e+02
1.362898300287480708e+02
1.355331035842763185e+02
1.355994379538173007e+02
1.342441575008608083e+02
1.336385111784804849e+02
1.338265784266359333e+02
1.320302854742676573e+02
1.311362485267114835e+02
