7.261830844822038671e+02
1.948957878276554402e+04
1.193454591216072913e+04
8.722485809810978026e+03
6.939709684417386597e+03
5.805874189974027104e+03
5.020654590128480777e+03
4.443840782802967624e+03
4.002428411116532516e+03
3.652896141855119822e+03
3.367926784641379982e+03
3.128977270216610123e+03
2.926836389831272754e+03
2.750778740161691076e+03
2.599679200833664254e+03
2.469605004827066750e+03
2.354378597494983296e+03
2.252587641081170204e+03
2.161674638063956081e+03
2.079760689943344005e+03
2.005703798087813539e+03
5.636471752064355769e+02
5.437916925713235514e+02
5.459934376204706723e+02
5.464523785463575223e+02
5.371628712027361416e+02
5.336327782586154171e+02
5.297954669656210172e+02
5.225640027338487243e+02
5.182998275776711807e+02
5.138834811420199458e+02
5.081976003391843051e+02
5.029127949067361669e+02
4.952429978418298901e+02
4.872929027026883659e+02
4.834386793840106975e+02
4.839288636673955466e+02
4.787634592225256256e+02
4.840905884491492657e+02
4.797427336276642791e+02
4.847641379023375521e+02
4.918410030041285950e+02
6.221732760426265259e+02
6.126685023857003216e+02
5.945631311597671811e+02
5.642462512309995191e+02
5.307833637797427855e+02
5.223600683932281754e+02
5.100100965438234653e+02
4.944997117776434266e+02
4.833949288400563091e+02
4.738928740415451557e+02
4.648399464508522101e+02
4.559013580301470938e+02
4.484143411227157117e+02
4.421023479649924184e+02
4.316993727668211704e+02
4.239032972455695472e+02
4.168632993255714041e+02
4.113984096022653603e+02
4.053517073854329738e+02
4.059059796471158847e+02
4.054983874093734926e+02
4.097404055227575554e+02
3.805262864759633317e+02
3.506815776864611394e+02
3.589534954466205363e+02
3.426778404844733359e+02
3.386024669484730225e+02
3.350114637173406891e+02
3.282993393216951858e+02
3.256211850574838991e+02
3.171417268529667695e+02
3.123414804561079450e+02
3.073088336168538035e+02
3.020116971721375307e+02
2.951478711403496504e+02
2.903771015085262661e+02
2.880885698254295448e+02
2.830985890756014669e+02
2.805504691193639815e+02
2.766440120108088081e+02
2.720589894581132739e+02
2.694888728074760706e+02
2.390400722547120154e+02
3.465895475016087062e+02
3.393077429970168737e+02
3.353593936372829489e+02
3.287551012273320339e+02
3.274023538558171822e+02
3.274397313541007861e+02
3.240191513338043592e+02
3.162558500884921386e+02
3.094798040841046145e+02
3.011086054012848194e+02
2.921552033844016592e+02
2.929400488689186091e+02
2.886835577883690007e+02
2.834883283069668209e+02
2.785010997323777815e+02
2.762673962929114282e+02
2.707247192537396359e+02
2.663607417835059437e+02
2.631642510390414031e+02
2.579393005476198937e+02
1.859724378891891945e+02
1.717545359466361390e+02
1.651485641305407910e+02
2.025762604097586177e+02
2.044534094716219954e+02
2.110647877911618480e+02
2.064945396247737506e+02
2.091960664957712765e+02
2.067209462128145958e+02
2.050893588872481814e+02
2.041679667258392499e+02
2.018186963567421515e+02
1.999518755200012379e+02
1.973674732190661700e+02
1.956334079552218554e+02
1.920848153728383636e+02
1.891138456323509729e+02
1.994555288477541524e+02
2.063223386068634113e+02
2.209553085746655370e+02
2.314473470704070905e+02
3.901902353361355722e+02
3.604541201059304285e+02
3.381208198323441820e+02
3.300805795313512476e+02
3.214298652089279358e+02
3.070947787530616324e+02
2.957499309118261976e+02
2.864586328067947534e+02
2.796973558070898775e+02
2.704955771199035439e+02
2.644235739967052154e+02
2.578625381250810165e+02
2.515074217171872419e+02
2.450992920879745043e+02
2.381616694910442220e+02
2.331576982995345020e+02
2.288692340453421821e+02
2.254130170965065361e+02
2.216462532267627523e+02
2.168869748719572499e+02
2.112951775723470291e+02
1.539274894602883990e+02
1.432800393324183403e+02
1.557039280397086998e+02
1.578717684409717492e+02
1.569255267449109397e+02
1.552861617960429896e+02
1.498324837505910807e+02
1.445696092561782393e+02
1.409019806636941325e+02
1.357683340705447108e+02
1.346035032379888889e+02
1.322697676936804783e+02
1.293869579240852090e+02
1.261414732430689867e+02
1.233367565219006394e+02
1.229063559519097169e+02
1.195039021692177670e+02
1.279391875639625908e+02
1.335620009830255697e+02
1.350776591782876608e+02
1.371359834246730713e+02
1.313447836744783501e+02
1.291751431949124083e+02
1.313753728184386773e+02
1.316505059105575128e+02
1.306666284564918499e+02
1.266083174493015804e+02
1.231969753046244023e+02
1.183701982719882295e+02
1.172574550915485929e+02
1.144907206463082190e+02
1.150100446121458901e+02
1.119120818443238363e+02
1.083218578326024328e+02
1.082098989269933185e+02
1.072845675497330262e+02
1.066562357143058790e+02
1.048572959740847921e+02
1.047156241573139823e+02
1.044862764368633918e+02
1.045808612460534448e+02
1.037037663274426933e+02
7.240194036916139453e+01
1.030528424442024118e+02
1.052894097777389959e+02
1.106557892153358722e+02
1.062235649509439952e+02
1.031929194665667211e+02
9.903958395249789248e+01
1.008556378094405375e+02
9.853918713740509361e+01
9.622596212772471347e+01
9.199346875292836501e+01
9.018747012363111537e+01
9.152782881248023727e+01
9.215120049817049619e+01
9.242223808919324313e+01
9.102414928717796272e+01
9.076215157139047562e+01
9.156345897601187289e+01
9.075045796378988427e+01
9.109172661284884498e+01
8.982373433545971864e+01
