6.915910701362290638e+02
6.891427718566548037e+02
6.869306784340000149e+02
6.845771828951899352e+02
6.823267354738546828e+02
6.796972162375928974e+02
6.768637337693343170e+02
6.738494275883699629e+02
6.704749843042701514e+02
6.664903921085902994e+02
6.622615857985945240e+02
6.576338274155107229e+02
6.523976903335695852e+02
6.466858994733819372e+02
6.399286660186559175e+02
6.327473293741234102e+02
6.244488428979982473e+02
6.160103414242186091e+02
6.066332690815872866e+02
5.966290700537740577e+02
5.863297749610677556e+02
3.623969395837713137e+02
3.359952124548645429e+02
3.289006342403046119e+02
3.320441757258675466e+02
3.435592385596706890e+02
3.410340065104951464e+02
3.377333270802699303e+02
3.369543675776487248e+02
3.406189310200264231e+02
3.362365036709061314e+02
3.376962034041329730e+02
3.373196321614603335e+02
3.372867781118560515e+02
3.376760076549393261e+02
3.384396099500534092e+02
3.393068527948633459e+02
3.383218326414153125e+02
3.385798147508597253e+02
3.381068632442704711e+02
3.397151982259730403e+02
3.396759275184950866e+02
3.761470218190029300e+02
3.373881062233112971e+02
3.203134003659383779e+02
3.236100062847753520e+02
3.227170867171115560e+02
3.251326293252168966e+02
3.254033273439721370e+02
3.260427779392293814e+02
3.241903834525148795e+02
3.241453019698655567e+02
3.244050323352792589e+02
3.256383655690641490e+02
3.258290517561166553e+02
3.273605890311955591e+02
3.277015662832555449e+02
3.280685646839883134e+02
3.281504908700640613e+02
3.280688732467759223e+02
3.292434086977634138e+02
3.286170953382743392e+02
3.273775650666715933e+02
3.318888899035057989e+02
3.081091052114910553e+02
3.111293674182924178e+02
3.288548314618541895e+02
3.194724555845045870e+02
3.188312102010097533e+02
3.154455145437777333e+02
3.173266986396544667e+02
3.174558281854190795e+02
3.157288995805085960e+02
3.165861460910354594e+02
3.144190750486058050e+02
3.136774446279274571e+02
3.137435771664809181e+02
3.133689994190858101e+02
3.132954791045513616e+02
3.144723980063192244e+02
3.141733204641686257e+02
3.143038302328731675e+02
3.126024998128283414e+02
3.123131532430771244e+02
2.834750066304346774e+02
3.116830893016340269e+02
3.048993897152111003e+02
3.026103359834692696e+02
3.020635177758554164e+02
3.003955583674218701e+02
3.017252593726299210e+02
3.030146823800020002e+02
3.001586203749716333e+02
2.983590053582352652e+02
2.974667509210601111e+02
2.972308734158910966e+02
2.947348954127232332e+02
2.933595778780790511e+02
2.920926818394196971e+02
2.919106139952789363e+02
2.908229211996878689e+02
2.902808864333036922e+02
2.887208426576264060e+02
2.873469674039030792e+02
2.865244950343716823e+02
2.702170396070646916e+02
2.610117228331361048e+02
2.591462296830727610e+02
2.538275478741883830e+02
2.553509244418357014e+02
2.573075551252467790e+02
2.586231690271840762e+02
2.577861213485400640e+02
2.576687826782134039e+02
2.554494006051277495e+02
2.541429196039708245e+02
2.538685457288778764e+02
2.519310096537662957e+02
2.501006783668078981e+02
2.481644830520029643e+02
2.467437067442267846e+02
2.452002355214930276e+02
2.432614041597310006e+02
2.424826917228591867e+02
2.412828624324160955e+02
2.384383461594956373e+02
2.009763784816412340e+02
2.014812461890407462e+02
1.923394284142778190e+02
1.884592559380305374e+02
1.861676153205082755e+02
1.868348959051501481e+02
1.867782073628773389e+02
1.890756435942526537e+02
1.877910019332296656e+02
1.890675509829908947e+02
1.894754315367802349e+02
1.875396844225174675e+02
1.878615957131181915e+02
1.865193353342266676e+02
1.847831442731373102e+02
1.829757921442839574e+02
1.818766141885475065e+02
1.800129291017659625e+02
1.786479934304621509e+02
1.777903179232541788e+02
1.767034405842879892e+02
1.404507053449995055e+02
1.385667713971071748e+02
1.353945450133505801e+02
1.378075754373251982e+02
1.385039528692131228e+02
1.393823143965242934e+02
1.387606044562014915e+02
1.386196565173380577e+02
1.372300063487442685e+02
1.355011192637741146e+02
1.343155139500989605e+02
1.331409919851262771e+02
1.325682400532881786e+02
1.319921827231461293e+02
1.313833809031253850e+02
1.311186627319319484e+02
1.296996366880592575e+02
1.292650782605359723e+02
1.287471125715662481e+02
1.278616478041680580e+02
1.272112864523199534e+02
1.237644848843251282e+02
1.078865967708407680e+02
1.042226189719921621e+02
1.012601326106104693e+02
9.972297070073121006e+01
9.939274792806982362e+01
9.806521639216983033e+01
9.792836517429104504e+01
9.685906640205745077e+01
9.869670963233868122e+01
9.814814823629953366e+01
9.744272612879538542e+01
9.716852207121027618e+01
9.690807895357062307e+01
9.662257912064394816e+01
9.581824298124057293e+01
9.521053532469923653e+01
9.518293058498248627e+01
9.457384609657601970e+01
9.399353746090014283e+01
9.369841872567467078e+01
8.412931584685193798e+01
8.609015066984916587e+01
8.339531703371591220e+01
8.113142597433542846e+01
8.078284179136345244e+01
7.932869093561991747e+01
7.736957603408528428e+01
7.671129473319682290e+01
7.727750820704270041e+01
7.806875101671525385e+01
7.745918592000025171e+01
7.729211672974869884e+01
7.715896513285034075e+01
7.639666584800941962e+01
7.605875090086509260e+01
7.689194210330461488e+01
7.690516796294956237e+01
7.763345630361806116e+01
7.795510254597775202e+01
7.765786172589119474e+01
7.718789092336481872e+01
7.083686029306835508e+01
6.890953941205549427e+01
6.895608935532662542e+01
7.062614400494453548e+01
6.802306086063148882e+01
6.822330758446389609e+01
6.684590812144605820e+01
6.757691033988018603e+01
6.693810522818554887e+01
6.826375087578973933e+01
6.861443492048361747e+01
6.923476763598007722e+01
6.819359518104805318e+01
6.874215566311748660e+01
6.837435324699305284e+01
6.824277416885171021e+01
6.783454792499779273e+01
6.727102158270730570e+01
6.726126559263062177e+01
6.712228016180168311e+01
6.680616328326250652e+01
5.846651724288047092e+01
6.210161147641223778e+01
6.264143757693282311e+01
6.284598220409431235e+01
6.312243547480187544e+01
6.305744968437952735e+01
6.260846656116884645e+01
6.076753028017763825e+01
6.097740860127312601e+01
6.081797291120200555e+01
6.038047478580085681e+01
5.999457862110066486e+01
6.091878162903899607e+01
6.000795832110279804e+01
5.962467600651869049e+01
5.973737476917241906e+01
6.003427206768184732e+01
5.975139439390356699e+01
5.968525492516625519e+01
5.928097235839337742e+01
5.964948322982638729e+01
7.579686599483690657e+01
5.976161416606610999e+01
5.494255494565598497e+01
5.503628058585172056e+01
5.471760053850848493e+01
5.400662081180491469e+01
5.382018190256232515e+01
5.413579337229943889e+01
5.404656503350195607e+01
5.457376354112374628e+01
5.371368346915418357e+01
5.347173487624710475e+01
5.417110414393751228e+01
5.434870226604839161e+01
5.459247492511331501e+01
5.387278638664162855e+01
5.415146182479397652e+01
5.444727634460374333e+01
5.433916329621924746e+01
5.477459919890939233e+01
5.420949872605505959e+01
4.802606257930204947e+01
5.087291739158854398e+01
5.077564335220550618e+01
5.190897931482356853e+01
5.261850698669581305e+01
5.408234094467565711e+01
5.388165562425871968e+01
5.347002071838419823e+01
5.379018641585086868e+01
5.296836307087052376e+01
5.162488839802227147e+01
5.208330284832089774e+01
5.250740538982844186e+01
5.269477631497098002e+01
5.252400382887149988e+01
5.231575222414267756e+01
5.214767628291908608e+01
5.161978260621165049e+01
5.198051407231234577e+01
5.155089915841230663e+01
5.206457909454440625e+01
