7.177397103865896497e+02
7.072060922050420686e+02
6.913141526252547919e+02
6.653825706884439342e+02
5.653393376179868710e+02
5.619031356585848016e+02
5.615615763280350166e+02
5.570874677388383134e+02
5.434875848654149877e+02
5.353269482874219420e+02
5.309434138048837895e+02
5.266230281683319845e+02
4.654020448978996569e+02
4.570414432624476717e+02
4.478215337467042900e+02
4.290493711379851334e+02
2.961759680712004297e+02
2.866972658892860863e+02
2.697969034732097953e+02
2.546506190558966694e+02
2.097627932209052517e+02
1.987947759469129210e+02
2.018859476776560768e+02
1.898552761214490374e+02
1.366917393357685739e+02
1.634553447377295470e+02
1.645162981146949903e+02
1.670310133278544242e+02
1.720449898199292988e+02
1.571144692672064309e+02
1.609943145439038688e+02
1.621267576145208409e+02
1.424833771332547201e+02
1.396553902361541191e+02
1.378419653426421121e+02
1.428436139182385602e+02
1.467503076705110630e+02
1.296078052929756268e+02
1.324633689079882970e+02
1.295088332743695787e+02
1.387273792241058459e+02
1.278922812302414798e+02
1.234890422873334188e+02
1.235886553674643977e+02
1.238046954043340975e+02
1.155268013774133777e+02
1.143554050624030083e+02
1.129130936857570333e+02
1.043458932705425610e+02
1.050815075234664562e+02
1.049501855489616418e+02
1.058831091199625405e+02
1.124375577521530118e+02
1.081173700582211552e+02
1.065836831967496892e+02
1.030100895094202826e+02
9.065961243798243174e+01
9.612630733902277314e+01
9.453937935033134465e+01
9.491458050350594533e+01
9.613299788416573222e+01
9.302540489626996134e+01
9.888520413798008235e+01
9.998073810713603393e+01
1.006847057816306830e+02
8.910230840017678133e+01
8.944047982328550006e+01
8.832812269677927475e+01
8.549833774113606921e+01
9.588870596999529994e+01
8.921372787292517614e+01
8.647278798539075240e+01
9.353401777571515652e+01
7.863832068564988731e+01
8.207600682468140008e+01
8.425803430696539920e+01
7.159025653974855175e+01
7.768047617033562346e+01
7.670528043080625480e+01
7.463568398378870938e+01
