6.915137525144962183e+02
6.892667011257069589e+02
6.870337819643890498e+02
6.845554553773456519e+02
6.820386451377241883e+02
6.794422224978857230e+02
6.765958386753677587e+02
6.737129790343863078e+02
6.703483007360817965e+02
6.667953700614465333e+02
6.624711963563660220e+02
6.577896260533345867e+02
6.528587811546274224e+02
6.470854498830419743e+02
6.400637688544738921e+02
6.331956022515705627e+02
6.257730922373527847e+02
6.165107683444944087e+02
6.067298886622824057e+02
5.960685658439565486e+02
5.850579902649240012e+02
5.743625711029472996e+02
5.635797194374314358e+02
5.537381751836051080e+02
5.452780762633810809e+02
5.366888340492629368e+02
5.301983881666783418e+02
5.251945770025024558e+02
3.206098249685949213e+02
3.208100200488161704e+02
3.258182063240998332e+02
3.287053914014299494e+02
3.299406497903801778e+02
3.359926925500635662e+02
3.346898757476758419e+02
3.367089604115358838e+02
3.381838351238607174e+02
3.380675662030620288e+02
3.385988562270044326e+02
3.381455520833990249e+02
3.349218217270228024e+02
3.362509770290219535e+02
3.354443061099049714e+02
3.347010025177864350e+02
3.337074601997346122e+02
3.352130369958804295e+02
3.354270562519222949e+02
3.341594806591354541e+02
3.350860683972071001e+02
3.352844418725873084e+02
3.355904151981923746e+02
3.352735332936480290e+02
3.352983939076779052e+02
3.345232429851540701e+02
3.338664458421116592e+02
3.337864900008292466e+02
2.991296664552988886e+02
3.095443637266251926e+02
3.133853318600139914e+02
3.125414636895010858e+02
3.159450931422936719e+02
3.171411524775911062e+02
3.192504517110053257e+02
3.187507265584124525e+02
3.199228853855649959e+02
3.220563121090449386e+02
3.235212040892417917e+02
3.229493958693084892e+02
3.222190999646783212e+02
3.225540829689388715e+02
3.227830531046765259e+02
3.218631641663739629e+02
3.218931071750691331e+02
3.225711214686706398e+02
3.213783818325337620e+02
3.205487095072357420e+02
3.192844109422892416e+02
3.190204292158028920e+02
3.191085788885675925e+02
3.195549485758115225e+02
3.213762759779885414e+02
3.217486293188875379e+02
3.219406999198250787e+02
3.213435449515770870e+02
3.084757673770814108e+02
3.000646821549792662e+02
3.104712225828453711e+02
3.107406635253170180e+02
3.118479694356028631e+02
3.099510145807330446e+02
3.129558793589345100e+02
3.106066700467231954e+02
3.094586816687421447e+02
3.077434062002109272e+02
3.058943884912580984e+02
3.070472476786958396e+02
3.067419679305532441e+02
3.059119669464067783e+02
3.050590166191690287e+02
3.061959571175500514e+02
3.056567410595404795e+02
3.055025010763907858e+02
3.064086428701995146e+02
3.058278084683618658e+02
3.058753903270827550e+02
3.053648108356843522e+02
3.048530623671484818e+02
3.039811126133756147e+02
3.037376541690165936e+02
3.038510004140226215e+02
3.043488589870723331e+02
3.037185652267077671e+02
2.895240840167325018e+02
2.968096560298305917e+02
2.936141817289930032e+02
2.903160043308024001e+02
2.920950727904243536e+02
2.925257616430757821e+02
2.914901039725892815e+02
2.927143293366980856e+02
2.915399768619568590e+02
2.908019055608672829e+02
2.900011111831801713e+02
2.895257595586891171e+02
2.878735366405273339e+02
2.868272325643702629e+02
2.862801726969962033e+02
2.868179912045882247e+02
2.864230777714545297e+02
2.869198784664845334e+02
2.865237327196662704e+02
2.863145325893298718e+02
2.854217056201761125e+02
2.845459086214714830e+02
2.843301934245753841e+02
2.829702315391353409e+02
2.826314988862426958e+02
2.815386035957705531e+02
2.813114152786058639e+02
2.806774468327062664e+02
2.580397527659690695e+02
2.469741705740059388e+02
2.462146743129530364e+02
2.446629061355858710e+02
2.530297769353778392e+02
2.515479620277069728e+02
2.550070963152394370e+02
2.568634167393929602e+02
2.579740387184102133e+02
2.576356260498459392e+02
2.562759529517361443e+02
2.577267825054626087e+02
2.575166736184395404e+02
2.570931587357823673e+02
2.567996684579259750e+02
2.562849838019811273e+02
2.547822123902013800e+02
2.545016561341406032e+02
2.556568003445511863e+02
2.547557228150205901e+02
2.542407306158170002e+02
2.545942075249430161e+02
2.542051525838358543e+02
2.544364306608770221e+02
2.539051028342881864e+02
2.529274285845729082e+02
2.523040288248724323e+02
2.516288139833808941e+02
2.392125055386584904e+02
2.302621584842743232e+02
2.259625221613073620e+02
2.350409230467661246e+02
2.337396006849131425e+02
2.343343124654768417e+02
2.344177064000905375e+02
2.331585244392012441e+02
2.332304463506262380e+02
2.332667021506391904e+02
2.328177071967042480e+02
2.321761453420688781e+02
2.312804407549558618e+02
2.307557273565680873e+02
2.318051229584735609e+02
2.311565130256310283e+02
2.317362687669766217e+02
2.296102110618726613e+02
2.287612828739761142e+02
2.273366378971007293e+02
2.268246589771630966e+02
2.259202046748078772e+02
2.254755255883620464e+02
2.249502804406151313e+02
2.244640448819286007e+02
2.235818975124589087e+02
2.230591628921031599e+02
2.221916140449759496e+02
2.248135109067491726e+02
2.105985021842042215e+02
2.049428698183727704e+02
2.076384012782649506e+02
2.063082189061070721e+02
2.065973801431804873e+02
2.070082156050127082e+02
2.054942800723786434e+02
2.053248720330917934e+02
2.051222135658846355e+02
2.049905952629853232e+02
2.058579280045968289e+02
2.052536864143891933e+02
2.044751857412048821e+02
2.040403306969066080e+02
2.042300782389504832e+02
2.032745329954136650e+02
2.019808922296698768e+02
2.006767280819532573e+02
2.004134748152649763e+02
1.989473520447021428e+02
1.977026910380007791e+02
1.971906018932800464e+02
1.966239573855175706e+02
1.959970204397594955e+02
1.961018182918778052e+02
1.958220089214038921e+02
1.953393184867722709e+02
1.832534873188608060e+02
1.865749165463312806e+02
1.852148696599236359e+02
1.828909266642258160e+02
1.803636709440768300e+02
1.792724212194015365e+02
1.794705774474935538e+02
1.784316942335989609e+02
1.776678185404823296e+02
1.771236789870622488e+02
1.771428881840294878e+02
1.767703795599607020e+02
1.761785014933823561e+02
1.768135157827550756e+02
1.764144427434978581e+02
1.759954108649431532e+02
1.769254035930494808e+02
1.760845200507139339e+02
1.763471513029956270e+02
1.770687623817145209e+02
1.761532633573279156e+02
1.765153350537956669e+02
1.764093483417935886e+02
1.754889819247725029e+02
1.756895172205477138e+02
1.754963036267585323e+02
1.748510054735937445e+02
1.746843825476049972e+02
1.778242459899068422e+02
1.715143381512738472e+02
1.713849643362324571e+02
1.678181056906744857e+02
1.679080666639177650e+02
1.679384908912178105e+02
1.681540737955628231e+02
1.670456886849929390e+02
1.665111541468298526e+02
1.658079792835391402e+02
1.664406996979905387e+02
1.645267523813536172e+02
1.624171627662056778e+02
1.618516193242421366e+02
1.619512019728233554e+02
1.616264678115129811e+02
1.621302150280425280e+02
1.619194094257078405e+02
1.610964585953084622e+02
1.606883943685238023e+02
1.608598351766580663e+02
1.604179678967940674e+02
1.600452757601368887e+02
1.599344833426136461e+02
1.603374907023248852e+02
1.602690633727185627e+02
1.599267835219891936e+02
1.594421533194190488e+02
1.470883466714154224e+02
1.518048023559210264e+02
1.517200390444501750e+02
1.537235566763812358e+02
1.532695626563823623e+02
1.531079663029965729e+02
1.532700205346486939e+02
1.521095448041526481e+02
1.513993599856653702e+02
1.522777691898798480e+02
1.532259209730525811e+02
1.529520765369190372e+02
1.530567314428184602e+02
1.523731822940310394e+02
1.516278577755138315e+02
1.521691864385919928e+02
1.513824370468551592e+02
1.511787602355627200e+02
1.509643939371467809e+02
1.502463657821677998e+02
1.495956313443588499e+02
1.492963070088025574e+02
1.498294164210202553e+02
1.497266391482272923e+02
1.489083327123666436e+02
1.488001044649538471e+02
1.490563051052732817e+02
1.487983982957989895e+02
1.226871188698786312e+02
1.383014707086819612e+02
1.333143233662868852e+02
1.318567925331329036e+02
1.365794377807485205e+02
1.363800122954620235e+02
1.351432074444574027e+02
1.375391644154712196e+02
1.378415567818390457e+02
1.371078476176485310e+02
1.380980242036821721e+02
1.382740479223538443e+02
1.390399727848727309e+02
1.386109682336540914e+02
1.398090772453167858e+02
1.397845955398691729e+02
1.406839390403129357e+02
1.410196102366559217e+02
1.404495701534773389e+02
1.405507650812602947e+02
1.410514808774709934e+02
1.413370769623558658e+02
1.411454407213792024e+02
1.405243134138017069e+02
1.400711447108379843e+02
1.402064884530159645e+02
1.405575918597835141e+02
1.405623098017155144e+02
1.382125335989847201e+02
1.322823263624069057e+02
1.365984992833791694e+02
1.358552235076905959e+02
1.347633144679059569e+02
1.360112152960919332e+02
1.369250474574753866e+02
1.370725365051972346e+02
1.372622966740597406e+02
1.360543178700535805e+02
1.371865414680088975e+02
1.376422136468695498e+02
1.369229204634651467e+02
1.365062530768990996e+02
1.359173119940421941e+02
1.357334363566842512e+02
1.359319988543125532e+02
1.367016911437188469e+02
1.355077674904100036e+02
1.355355554374729365e+02
1.360383828462294957e+02
1.359701104826373523e+02
1.355762796716894627e+02
1.353871015742706732e+02
1.348507036216653319e+02
1.349672554679470409e+02
1.349909246042278141e+02
1.350834999042432116e+02
