7.168287347122276287e+02
7.199681803008637644e+02
7.179943163197596050e+02
7.153024647839201862e+02
7.140882784762496840e+02
7.121388318217483402e+02
7.099263832216425953e+02
7.079176050854372306e+02
7.052851657450298717e+02
7.022110592808572846e+02
6.980410338473463980e+02
6.942073026275346592e+02
6.890719784576605207e+02
6.848203135199480585e+02
6.805899051931614849e+02
6.747035351809610120e+02
6.693163027178580933e+02
6.626012950719452874e+02
6.569604940171401495e+02
6.526317204251018893e+02
6.489456443543791693e+02
6.064455480700962653e+02
5.828993599988847336e+02
5.784537253465637150e+02
5.777626964575518969e+02
5.750712055374158354e+02
5.736067527267514379e+02
5.724489611233201458e+02
5.712743296006420906e+02
5.696935240557937732e+02
5.690491962582744918e+02
5.668832608296330591e+02
5.634908486151476836e+02
5.624553714096348358e+02
5.603602998305270830e+02
5.606493114297345528e+02
5.613070681711809584e+02
5.621956113535300119e+02
5.618936655979849775e+02
5.615304102867337406e+02
5.596894780898660429e+02
5.581786699010922348e+02
5.168687663050785659e+02
5.478500688388343178e+02
5.438899527001051410e+02
5.406299931285091134e+02
5.393931040482618755e+02
5.393490128692258168e+02
5.401640751648844798e+02
5.409829081133076443e+02
5.408685638538381681e+02
5.379398488084742667e+02
5.372898715280082342e+02
5.366901431683930923e+02
5.359697784479575375e+02
5.347554577866644649e+02
5.358225298973222834e+02
5.360213420161816202e+02
5.364630839804517564e+02
5.363089340206286124e+02
5.365242073400239633e+02
5.368093852209038914e+02
5.371683861461388005e+02
5.353258051349368998e+02
5.296706528594407928e+02
5.210000119863237842e+02
5.277767486963989541e+02
5.218903435467259442e+02
5.180709492964249421e+02
5.199623924854425923e+02
5.228618064846871221e+02
5.216985790698722667e+02
5.183503513643145197e+02
5.164111290572618600e+02
5.161367603588370230e+02
5.128438988712791797e+02
5.121704147692400966e+02
5.114050301924236805e+02
5.124953382163306514e+02
5.097152123072857535e+02
5.092759861629311331e+02
5.090583775820170445e+02
5.085016897745979918e+02
5.079093435256604039e+02
4.865338169658716652e+02
4.733288794287428232e+02
4.700058905584021431e+02
4.757728142813790555e+02
4.806467343191097825e+02
4.752373876310348351e+02
4.774770365485021557e+02
4.783281822944264263e+02
4.762120611809290267e+02
4.748002716094038647e+02
4.763454016699275826e+02
4.751451439543113224e+02
4.734148063123133738e+02
4.747022393527063855e+02
4.728444687516930003e+02
4.725113505602685109e+02
4.713106454687315932e+02
4.694312732162763950e+02
4.683330469133783254e+02
4.664088540803107890e+02
4.654072239495245071e+02
4.030778069694201804e+02
4.327901300347162419e+02
4.254668381843085285e+02
4.245344986657922846e+02
4.284327171774845056e+02
4.308208492192057975e+02
4.290207035674188205e+02
4.282104485701494809e+02
4.247817923517121699e+02
4.250191872880947699e+02
4.213995835857140264e+02
4.211603473753984872e+02
4.209754633666651671e+02
4.186716922761271462e+02
4.171465643407694301e+02
4.155264141228265089e+02
4.153173410097545570e+02
4.136135087209653420e+02
4.132233564402174011e+02
4.105685477725092483e+02
4.084359483513192686e+02
3.855400707924175094e+02
3.724965760429503234e+02
3.660461134725373995e+02
3.700821532543264993e+02
3.705331331783814903e+02
3.651410809854524473e+02
3.687627642747880827e+02
3.686545281436069104e+02
3.673413163848975387e+02
3.640995832049190994e+02
3.611525971485295372e+02
3.610438960154276629e+02
3.602538676134322486e+02
3.579120741684239420e+02
3.563164860402330305e+02
3.557394840665881475e+02
3.534583951016800256e+02
3.529374853570317327e+02
3.528863245555687627e+02
3.514634006333079128e+02
3.498273748823191909e+02
3.319815500360805913e+02
3.202196502532920022e+02
3.206375329747552314e+02
3.232875181043524435e+02
3.189423508038822206e+02
3.197866746505668516e+02
3.214893698279008731e+02
3.192048160152246510e+02
3.146311819644799925e+02
3.133748663937481069e+02
3.140537154048586785e+02
3.130171851514181185e+02
3.124672315170420234e+02
3.114271076499629203e+02
3.109159180122450721e+02
3.100650446198436612e+02
3.083534051414312103e+02
3.081959820045805714e+02
3.076915448908821986e+02
3.069624863190636006e+02
3.069594035818200837e+02
3.250749830812610526e+02
2.877543633220095671e+02
2.860715555761715336e+02
2.841271424001691912e+02
2.785527810015761361e+02
2.790150781545273162e+02
2.795760081023419161e+02
2.777667873919510271e+02
2.763416687770732665e+02
2.782273418025346245e+02
2.774056552764547519e+02
2.780685004364217434e+02
2.782836479205035971e+02
2.774494581708378860e+02
2.784192092821780875e+02
2.768697273653272646e+02
2.771416954139518793e+02
2.768810448316336874e+02
2.752579544000365104e+02
2.748836392532668356e+02
2.748570637129234342e+02
2.693768513165033482e+02
2.723404564277581130e+02
2.748691499281842994e+02
2.697620648215195160e+02
2.707853438289282622e+02
2.735952347793313493e+02
2.702915135394971458e+02
2.680625473499075611e+02
2.677235627039333963e+02
2.660339143224713894e+02
2.619526275427508040e+02
2.610236948175996190e+02
2.581865598152902521e+02
2.568579044416066495e+02
2.561995273571826033e+02
2.569287702027302771e+02
2.566778260694431992e+02
2.565390354239879684e+02
2.553450609851059596e+02
2.557580909357173198e+02
2.557564544259746242e+02
2.376796107630969175e+02
2.287996697637330215e+02
2.413257721298542435e+02
2.421988630899371913e+02
2.433013873415068247e+02
2.463117442645087749e+02
2.444028036581226218e+02
2.420173508771189006e+02
2.410728742592834521e+02
2.421819667502581410e+02
2.446838531943400881e+02
2.449189184272236730e+02
2.450187416269291987e+02
2.437180745148920664e+02
2.444664429544098425e+02
2.441582905281757689e+02
2.433824018796727842e+02
2.438369186112798843e+02
2.427365697503910837e+02
2.413351886687972296e+02
2.412172002128954489e+02
2.266523066863341000e+02
2.467588757296178130e+02
2.406634471191519822e+02
2.424215097778662482e+02
2.493207119822386630e+02
2.448223346308573412e+02
2.427212225112625674e+02
2.442383586853245276e+02
2.434220683517735893e+02
2.416467985501675173e+02
2.383988765671566625e+02
2.369298547796861385e+02
2.351674523019448770e+02
2.344933177012933641e+02
2.348972221641180624e+02
2.338854269771882457e+02
2.328484268349783974e+02
2.334353047885715000e+02
2.331252644367212099e+02
2.341793973318585245e+02
2.340777576715698274e+02
2.220351161643378930e+02
2.326740495116135605e+02
2.303034283819562802e+02
2.350729421608961616e+02
2.306325151624819796e+02
2.318643089188187503e+02
2.352664355897892676e+02
2.318171923201337847e+02
2.291160452046409546e+02
2.297203331941432509e+02
2.270970355403768792e+02
2.292728215621412176e+02
2.284277107406543621e+02
2.295211550041914279e+02
2.280469730503683081e+02
2.268692526510270682e+02
2.278610926595705735e+02
2.272686668811956281e+02
2.275597923814481192e+02
2.282321434914473173e+02
2.281430054898662831e+02
