7.186643909628073743e+02
7.194465458945858245e+02
7.168377048306944062e+02
7.140079663602747360e+02
7.127622625550927751e+02
7.107785115419171689e+02
7.088481647502900387e+02
7.062404425929535137e+02
7.037619621285909943e+02
7.008478652010819587e+02
6.974741909138471101e+02
6.937597991105296842e+02
6.895696378851134796e+02
6.850255833928848688e+02
6.798674085777181517e+02
6.743260528879740150e+02
6.683178134526688154e+02
6.619441402966616579e+02
6.575499592321930322e+02
6.521255045156621009e+02
6.496515290356715013e+02
5.474501662611976371e+02
5.632658482786788454e+02
5.584187076911709937e+02
5.687749509364190317e+02
5.619946560216202442e+02
5.575868568855992180e+02
5.603592776852494808e+02
5.579822485659423137e+02
5.566011321182340907e+02
5.549839806052111726e+02
5.543397837948592723e+02
5.539759710553232708e+02
5.537754079742154545e+02
5.532533358443608904e+02
5.543471632326039753e+02
5.539217905410930598e+02
5.547416526131376031e+02
5.549090099217582974e+02
5.559858396925749275e+02
5.562551997048476551e+02
5.564897967217229962e+02
5.689786509177049538e+02
5.537414094393136565e+02
5.458208947117626622e+02
5.448180170062404386e+02
5.519710253920877676e+02
5.469904016297507496e+02
5.446567136279091983e+02
5.436459953224490391e+02
5.476288427075742220e+02
5.474174944092284250e+02
5.453492610246446475e+02
5.445171743821512109e+02
5.437810497086531996e+02
5.427039796141780243e+02
5.410583959170697881e+02
5.398662070812796401e+02
5.395694694205717497e+02
5.396261546941746019e+02
5.392920281414267265e+02
5.376944372447376281e+02
5.368377792644919282e+02
4.778192022969766981e+02
5.058264146250811564e+02
5.124255665970312066e+02
5.043078124908251425e+02
4.987780505648250369e+02
5.082933354217399824e+02
5.091849989247255621e+02
5.126037934035473427e+02
5.147845821919951277e+02
5.133367530405436128e+02
5.118756886010536959e+02
5.139648600805306842e+02
5.136434880946584371e+02
5.134635775848537378e+02
5.144056494751920354e+02
5.129272569926093865e+02
5.114650406536147216e+02
5.108664752632340083e+02
5.093853509414442442e+02
5.074233911460269155e+02
5.083711120148691975e+02
4.962542071823179981e+02
5.251059530753697118e+02
5.131782744237434599e+02
5.049151406293941022e+02
4.927807365263008137e+02
4.946630813213483293e+02
4.908783378612204160e+02
4.873893953633062779e+02
4.833742351851328181e+02
4.815158786265242270e+02
4.810924951767536299e+02
4.803253499018440493e+02
4.784719373104124429e+02
4.784416630067252640e+02
4.783394256282412016e+02
4.765651314148389588e+02
4.747816810660210081e+02
4.721098606461941927e+02
4.697431218791964511e+02
4.681605086375721498e+02
4.673062984603471932e+02
4.258568012536165952e+02
4.350690736104951384e+02
4.263466755754787414e+02
4.210684797989345611e+02
4.203816776413232219e+02
4.209282601567892925e+02
4.262023409246858137e+02
4.285413506091591671e+02
4.263373266236848735e+02
4.276775348036145488e+02
4.259098658135717983e+02
4.245665839233381575e+02
4.234741301346195996e+02
4.218564598369594023e+02
4.213234957034331956e+02
4.207883260518920565e+02
4.195470323017642613e+02
4.185050772926432501e+02
4.176920757611520685e+02
4.159842774810666128e+02
4.145324457465471824e+02
3.884920257203396545e+02
3.822242484430826153e+02
3.892432769049993340e+02
3.887506853081690679e+02
3.792771648954877151e+02
3.768347728508713317e+02
3.754535632315275961e+02
3.780418269554517110e+02
3.764735845323406238e+02
3.742827290892183782e+02
3.719455451064408180e+02
3.697125735221978289e+02
3.690769628298536418e+02
3.664330992757953709e+02
3.649974554330210594e+02
3.630143507708440893e+02
3.625027107540414590e+02
3.615875045231152285e+02
3.620028140348761667e+02
3.608111120564189491e+02
3.591166039238856911e+02
3.624745507291520425e+02
3.358368855549770160e+02
3.335372601351013486e+02
3.284686544540021487e+02
3.272461453813958201e+02
3.230066837942797520e+02
3.235309716824403381e+02
3.243203307416865186e+02
3.221130557952615163e+02
3.246181984039036479e+02
3.237546056642286771e+02
3.259005172449885777e+02
3.248321710663058184e+02
3.239388018951975710e+02
3.225835658907625429e+02
3.227552682935516941e+02
3.215244958649815317e+02
3.203839436548668118e+02
3.186624734137384962e+02
3.168614669604321534e+02
3.155194394092518451e+02
2.892061276601511395e+02
2.965909567780927887e+02
2.843683897764199173e+02
2.873366107880628419e+02
2.880897116631606423e+02
2.873851503200938851e+02
2.887850357352757555e+02
2.881432014986061176e+02
2.880862930138100637e+02
2.874719395843953862e+02
2.852450142897754404e+02
2.847711063712923760e+02
2.861748245642462507e+02
2.849862644241866292e+02
2.871652620429596254e+02
2.862880628434164691e+02
2.845132157872150174e+02
2.839038392019864432e+02
2.821820040878084797e+02
2.833323166001950995e+02
2.846266271101413281e+02
2.612199338664763673e+02
2.562965092278693078e+02
2.590674380134751686e+02
2.576147618068910106e+02
2.614466913262203889e+02
2.631436719237329385e+02
2.640822353937369940e+02
2.649107158304309451e+02
2.654623883828500084e+02
2.662588137227292577e+02
2.677060874492125890e+02
2.665020809348433204e+02
2.668931443322617838e+02
2.670926117496136385e+02
2.655547397613618159e+02
2.649975870270148448e+02
2.646474843284073586e+02
2.658885294742900101e+02
2.668987383513390341e+02
2.657616123269754098e+02
2.654260052016044256e+02
2.731127621506099103e+02
2.520857555895306348e+02
2.590967322912010786e+02
2.568249108844873945e+02
2.568166239919295322e+02
2.575237795166544288e+02
2.563754007122929011e+02
2.588947948409808646e+02
2.591777103232574859e+02
2.568436995779537710e+02
2.579686639769968224e+02
2.585268529470984618e+02
2.574540104049335127e+02
2.568519331725173060e+02
2.576239209144655433e+02
2.562117132839444480e+02
2.550042461719477274e+02
2.538435595476420872e+02
2.519929820680529247e+02
2.514520478455370380e+02
2.526276593272567084e+02
2.180813192308330883e+02
2.227143733678296087e+02
2.380122617216419769e+02
2.386354192351280972e+02
2.411031026638221704e+02
2.395887251395034809e+02
2.375990577862311000e+02
2.371796003653555260e+02
2.406631306876718099e+02
2.394066713284174739e+02
2.404304340859805507e+02
2.404695579959320639e+02
2.401996380049757249e+02
2.406748556756712958e+02
2.417160832249465159e+02
2.436403430545818480e+02
2.433241074331002380e+02
2.422632825235540963e+02
2.437760330398573956e+02
2.430266323875456749e+02
2.428958702901174433e+02
2.613018525194702306e+02
2.520075996575783961e+02
2.414788125984649980e+02
2.492148971258713175e+02
2.476573221298073406e+02
2.410104461513469403e+02
2.456578320561795579e+02
2.436446967864601163e+02
2.433358401999476825e+02
2.475811686736687420e+02
2.457665119190571374e+02
2.434681397553338229e+02
2.422420057134758054e+02
2.405200550437364768e+02
2.396521170365338662e+02
2.384958934292118045e+02
2.374321535533015037e+02
2.367911098722331360e+02
2.383168705127322653e+02
2.379970598167471394e+02
2.389269478927241153e+02
2.245795171176071676e+02
2.353674121450781911e+02
2.280555784614009838e+02
2.242051493615832669e+02
2.290185530323958005e+02
2.295265067393250717e+02
2.280476639693877416e+02
2.304141159963499490e+02
2.346598124775456142e+02
2.319031921217701324e+02
2.312059753123064922e+02
2.312139899348429424e+02
2.320530538869806492e+02
2.328262207296483837e+02
2.330169217330675338e+02
2.320708083292401227e+02
2.319246888829817976e+02
2.320494745969181452e+02
2.316108041639303394e+02
2.312267204369128990e+02
2.326325099522047992e+02
2.137033212737719055e+02
2.154980421824603241e+02
2.185872845651915384e+02
2.160016865721058537e+02
2.132446918286052266e+02
2.170177474610919717e+02
2.223384051699231065e+02
2.272318577326266791e+02
2.271096844586852228e+02
2.269563758045775614e+02
2.290174330579453681e+02
2.279473595019710217e+02
2.280372264769744959e+02
2.291323920754714436e+02
2.293704783980043942e+02
2.303107413199841176e+02
2.295015627973460823e+02
2.278850319922218262e+02
2.272287787707549569e+02
2.286370403398236704e+02
2.285173247259109246e+02
2.406963148211067391e+02
2.528713143577340645e+02
2.435912641875256668e+02
2.360854078887263370e+02
2.364906645094119426e+02
2.338664020241542119e+02
2.339968217869990497e+02
2.310734621325037779e+02
2.297088098718598701e+02
2.270802184507658694e+02
2.281630684440426364e+02
2.270506613597931391e+02
2.251219189040400011e+02
2.268602179575866273e+02
2.251698984670612731e+02
2.272051940431457240e+02
2.270488229169386329e+02
2.278212863682597060e+02
2.278231629004893648e+02
2.282553587115485243e+02
2.274115071426224404e+02
2.016932617110441015e+02
2.301382945967949070e+02
2.308746681569830628e+02
2.378672840703699478e+02
2.330458391587353333e+02
2.309953228169152055e+02
2.311559008700671995e+02
2.328281517463028933e+02
2.343754357888276161e+02
2.323001631381564493e+02
2.307731220025004575e+02
2.313163601980786837e+02
2.289011671048758672e+02
2.281540806580145500e+02
2.293063596147012788e+02
2.288354865403763938e+02
2.281778070461097343e+02
2.283799858504543465e+02
2.279655988640722910e+02
2.269215156511110365e+02
2.260500978375911245e+02
2.283234504892229779e+02
2.347643346788632925e+02
2.297892688990834245e+02
2.314503625014234842e+02
2.322943948085624584e+02
2.280062830106480476e+02
2.296879840176871426e+02
2.238998554391525317e+02
2.220531346196032700e+02
2.208518743202675125e+02
2.222005917942695987e+02
2.205146449561040924e+02
2.244867794042043840e+02
2.248491253521298461e+02
2.247841586433749512e+02
2.251492268188208357e+02
2.275276330637298656e+02
2.270672632754437359e+02
2.262317959355964945e+02
2.268685257215242359e+02
2.267125504579123003e+02
2.345217241819045739e+02
2.238916770496884396e+02
2.149997627221820835e+02
2.242330874279214470e+02
2.216860941978591200e+02
2.202592557974100487e+02
2.222880413561589705e+02
2.218999237872359913e+02
2.204892300413023634e+02
2.229393732512677957e+02
2.238369648951884869e+02
2.239859359438491140e+02
2.234853792579686740e+02
2.230801037226342203e+02
2.231907540806756458e+02
2.223194865411233536e+02
2.222058982080426688e+02
2.244925569282742970e+02
2.248648173588841530e+02
2.248099919841110079e+02
2.236997892966803931e+02
2.334249474140488871e+02
2.192462799497192805e+02
2.145292452257205866e+02
2.129567883335637930e+02
2.225793597812608198e+02
2.248866312390252062e+02
2.272377044230216256e+02
2.250931883514570302e+02
2.268732091925724887e+02
2.245638892828567634e+02
2.253563014179402160e+02
2.257453053249690811e+02
2.252645227786482565e+02
2.239386598287380252e+02
2.228965717857475113e+02
2.225061094475444463e+02
2.219774984568689149e+02
2.222200059356391364e+02
2.236999572678405741e+02
2.225724950427780300e+02
2.218523815272669424e+02
2.089434110456064104e+02
2.280044847883888792e+02
2.221617043291584253e+02
2.192778806873700717e+02
2.233875910131166620e+02
2.287087219369537081e+02
2.255023416657714677e+02
2.249634105608001562e+02
2.247610986512739828e+02
2.243255589359334579e+02
2.270561342592695837e+02
2.236954080416849706e+02
2.242005511797277961e+02
2.228390081109244250e+02
2.237165439950977657e+02
2.234093184017184797e+02
2.230730756728698623e+02
2.227490373351668325e+02
2.216328660107612052e+02
2.216364050332974500e+02
2.211563692760922208e+02
2.226535662598340934e+02
2.132363057028309754e+02
2.241910734294649217e+02
2.191819632031729270e+02
2.168800278339379020e+02
2.143396097430052976e+02
2.149652250760494496e+02
2.182673939901401923e+02
2.167158561693154013e+02
2.179486958507297061e+02
2.181147473281437499e+02
2.163715920352998978e+02
2.165657495949387510e+02
2.178350819226224360e+02
2.169512115326262460e+02
2.158696285450100447e+02
2.143596946768916496e+02
2.145626882658777390e+02
2.158076984140849675e+02
2.174703161114721865e+02
2.175605205884434667e+02
2.309896152087508483e+02
2.329295283593504280e+02
2.301384857342569603e+02
2.268708576637563112e+02
2.275059516240105495e+02
2.230736421482254741e+02
2.213702866502613062e+02
2.218538690915767972e+02
2.221387954462376229e+02
2.211382593369305880e+02
2.205908899517667692e+02
2.228012146239459241e+02
2.246575229062688379e+02
2.234744285469340070e+02
2.227951133712826959e+02
2.229892550810872365e+02
2.232574259551517457e+02
2.226002294071202527e+02
2.222362598043279718e+02
2.215257967517532052e+02
2.204148733682721968e+02
2.180392087699385115e+02
2.076373549116673018e+02
2.270828751182213523e+02
2.313285076642150955e+02
2.371267344592760935e+02
2.334470407596313350e+02
2.296684771676548280e+02
2.292644918492121633e+02
2.303897927432816175e+02
2.285818870668209399e+02
2.259699928057482339e+02
2.233743968425760329e+02
2.231649349250808712e+02
2.218288038787089818e+02
2.228600575994024098e+02
2.219976245556269987e+02
2.222391056039751334e+02
2.217080988974641969e+02
2.215113646639020146e+02
2.207438061334055135e+02
2.203971699153765087e+02
2.718304394601454987e+02
2.350722034077077751e+02
2.255794933098184742e+02
2.406158294068993087e+02
2.332977506275068436e+02
2.283935259382398897e+02
2.263495396936561690e+02
2.268891910383526920e+02
2.275180373393462503e+02
2.260389781315886921e+02
2.284051001845556073e+02
2.253761589347247138e+02
2.247879528750355860e+02
2.246126811294806487e+02
2.243064120641881800e+02
2.241071674938915237e+02
2.220748066430057293e+02
2.212414854861978597e+02
2.212517714386932823e+02
2.208256674029878184e+02
2.212484997670374582e+02
1.700763203472936311e+02
2.136412258864264686e+02
2.065452565904291475e+02
2.097704046955201704e+02
2.130525231575156795e+02
2.175590385443418313e+02
2.149619724050994591e+02
2.151110623501284635e+02
2.155882781189652349e+02
2.197934351765105419e+02
2.191768431422533467e+02
2.171187170046543713e+02
2.177560677522964170e+02
2.191894235775898210e+02
2.189335883379791312e+02
2.188326243272537113e+02
2.188538163954777929e+02
2.192564353359197185e+02
2.198790442461692010e+02
2.200828889583854107e+02
2.203734087488014666e+02
2.307252932532857415e+02
2.280055245016097842e+02
2.315554034405955690e+02
2.325435726461946899e+02
2.317588244105277226e+02
2.336950767940842582e+02
2.292900462356667504e+02
2.248188820398348184e+02
2.244098035792711983e+02
2.243586068909928031e+02
2.221461179030592916e+02
2.213667942816385619e+02
2.211218564030423863e+02
2.193585674431811299e+02
2.182129829440412152e+02
2.178156608332276107e+02
2.180990057550995118e+02
2.183443598574971531e+02
2.183349504685569684e+02
2.169039415129013264e+02
2.209556502639841540e+02
2.028135565148118644e+02
2.058087231027075461e+02
2.025112989325043884e+02
2.100277213247011900e+02
2.168457061568916231e+02
2.192902611238752399e+02
2.160080708957103752e+02
2.165152768227837043e+02
2.202432566733961323e+02
2.229158909797620822e+02
2.216213607719118954e+02
2.218014210137899056e+02
2.199524035073067125e+02
2.194511358378040313e+02
2.209374344709244724e+02
2.206379421494848714e+02
2.189132334921376071e+02
2.181934637987520205e+02
2.190823533181722667e+02
2.192361371400464236e+02
2.196130615439898293e+02
