9.968926740673472295e+02
9.920783464116835830e+02
9.877294308543119996e+02
9.828468078507667087e+02
9.783019320028492984e+02
9.730940025065482359e+02
9.675756064772316449e+02
9.619141605028189588e+02
9.556761027272013962e+02
9.484116484852960411e+02
9.409081279618445706e+02
9.322983263265956566e+02
9.229777155536886539e+02
9.130259730960341358e+02
9.013418802055647348e+02
8.895484492511679946e+02
8.767227386496381314e+02
8.640044112887633219e+02
8.511260476610378873e+02
8.402166564416493202e+02
8.315297182637716560e+02
6.402963947106220530e+02
6.360510814059235827e+02
6.324335460452803090e+02
6.251958877925508204e+02
6.179472809026535742e+02
6.206460981484779040e+02
6.214123590341115460e+02
6.162236984189107716e+02
6.146833018454265130e+02
6.161108682007624111e+02
6.175085311661906644e+02
6.160121615282621406e+02
6.155873182685154461e+02
6.170280040270533846e+02
6.179259826533204887e+02
6.176763500658180419e+02
6.173507706420433578e+02
6.161349478324455049e+02
6.154180398842642035e+02
6.146875486209852397e+02
6.142915240140719106e+02
6.100053134139168378e+02
6.146403502332044582e+02
6.050665484942134071e+02
5.933041285113498589e+02
5.923183069362344213e+02
5.905274177548827765e+02
5.920848636845722694e+02
5.933160666029345975e+02
5.926945439240502083e+02
5.942316495754973857e+02
5.918973398336149785e+02
5.941251407325423770e+02
5.966142858773087028e+02
5.954931963723682884e+02
5.938432678501982309e+02
5.944579789764218276e+02
5.939302812937967246e+02
5.947492949213619795e+02
5.959784550993126686e+02
5.941085283762888594e+02
5.928342056310826820e+02
5.677842225654492267e+02
5.605173805821020778e+02
5.866962080424182204e+02
5.869317346234971637e+02
5.822076522255370037e+02
5.821565821086952610e+02
5.783497747102346693e+02
5.759293658737025225e+02
5.749261147827813829e+02
5.778911526995819941e+02
5.801396503769079800e+02
5.791073498348736166e+02
5.762534673341971256e+02
5.741043031123903120e+02
5.733345569756850182e+02
5.732541264866837309e+02
5.732751772627749460e+02
5.719363947511670858e+02
5.694581809936482841e+02
5.677795868174106317e+02
5.674561111724601687e+02
5.506083005120403868e+02
5.704285734427769512e+02
5.532473682211063988e+02
5.483333573602963043e+02
5.447826640370308269e+02
5.413779548616683996e+02
5.465425243190207993e+02
5.424131649233438566e+02
5.414761324846244861e+02
5.406041354577735092e+02
5.392355302110246384e+02
5.406072865812844839e+02
5.386902668658073026e+02
5.383264514890443024e+02
5.369470230286168544e+02
5.349739489060661981e+02
5.344122080266763533e+02
5.337695100345854371e+02
5.345461937131517516e+02
5.339946603702820767e+02
5.318852509070948145e+02
5.030704217473820563e+02
5.126741197514500072e+02
5.181189323044011417e+02
5.093280327534619119e+02
5.087729611365740539e+02
5.120269145268293869e+02
5.134438441370249393e+02
5.139638980170160494e+02
5.126184620744458016e+02
5.109716200192519864e+02
5.090909802711166208e+02
5.063790327348096980e+02
5.026628564794134491e+02
5.019903611510889050e+02
5.004223304015298481e+02
4.980266263184479385e+02
4.949023591902899852e+02
4.943770097825374705e+02
4.926825275767124594e+02
4.925470332058375789e+02
4.905319618751555026e+02
4.609157530990187865e+02
4.392387046660341525e+02
4.427254952207858878e+02
4.482332465347023458e+02
4.488833164761048806e+02
4.531168013999597406e+02
4.571842673274157391e+02
4.599760994639266869e+02
4.592233611317602708e+02
4.609060367964603415e+02
4.609699104113452677e+02
4.619894088866388415e+02
4.590261246039067942e+02
4.570631873728078745e+02
4.578158727495021481e+02
4.579498462652650801e+02
4.564328052388773358e+02
4.541030736468524651e+02
4.525736462509386797e+02
4.513209781441059931e+02
4.488955053474605279e+02
4.464469857064642611e+02
4.244849043313031984e+02
4.216881569479026552e+02
4.156858238711009790e+02
4.191615199205384101e+02
4.159704020116160450e+02
4.150093294406078144e+02
4.157474496235808488e+02
4.139053415014375332e+02
4.133125406450886317e+02
4.115688186281078629e+02
4.114649165857392745e+02
4.103561195292640491e+02
4.122030619786345369e+02
4.124895893688954516e+02
4.113933877444906670e+02
4.092708011805098067e+02
4.088503718846773722e+02
4.088288344524881381e+02
4.079065071044323076e+02
4.077746504573273114e+02
3.870703199969751722e+02
3.927062597598776392e+02
3.950339906326989308e+02
3.884909227116018542e+02
3.916863652656257955e+02
3.860570523468765600e+02
3.845964928992773366e+02
3.852661241374054839e+02
3.862485378649066661e+02
3.851227332368149519e+02
3.827581259440091799e+02
3.804076906517441330e+02
3.784915002608901773e+02
3.755269168454810824e+02
3.759140307977147586e+02
3.768082842250276485e+02
3.753915849104180325e+02
3.739803032715965969e+02
3.737926092042023924e+02
3.741130319409016352e+02
3.738452618417948656e+02
3.754543750175506602e+02
3.662626372635819507e+02
3.635108904343028371e+02
3.562952092700305684e+02
3.556476650857352411e+02
3.553400043841531328e+02
3.512418197481161997e+02
3.501338471500013725e+02
3.510327556850062365e+02
3.496343001374119694e+02
3.486703882088596629e+02
3.479475560345983354e+02
3.476665114499797937e+02
3.471363660417488290e+02
3.492524660637567422e+02
3.492291917354953057e+02
3.479574641462243676e+02
3.481746617566881810e+02
3.490468940472151189e+02
3.479834650008079961e+02
3.482843645950520113e+02
3.269053767880240002e+02
3.376624979610829769e+02
3.331868955314845948e+02
3.375984494709209685e+02
3.413384126578813493e+02
3.363857902466201608e+02
3.370671289244393165e+02
3.361536507401277163e+02
3.370691883484200275e+02
3.360954961052084400e+02
3.358438517796204792e+02
3.347673177161236708e+02
3.313814521679299787e+02
3.314689683011285410e+02
3.315463443703186499e+02
3.312775963489822857e+02
3.300635514687264163e+02
3.284408319801347034e+02
3.278605628643659884e+02
3.279322529514776079e+02
3.272473429468829522e+02
3.412638040254000771e+02
3.158943084733904243e+02
3.158582179953965579e+02
3.166043516477162711e+02
3.147601302553809433e+02
3.127103465207111412e+02
3.085521645452386110e+02
3.104823628551017123e+02
3.116008052866546905e+02
3.114743811350870146e+02
3.108759071839598960e+02
3.132889912923351972e+02
3.138506574738627251e+02
3.145734912090362059e+02
3.148090344735498434e+02
3.154672946675307799e+02
3.152939224000941181e+02
3.137466135766945854e+02
3.139290934817017273e+02
3.132759118984192241e+02
3.131963655785509104e+02
3.194194731819582103e+02
3.122008099434338533e+02
3.027397130647254926e+02
3.104981740085382853e+02
3.081935052929695757e+02
3.097496260184261132e+02
3.093970687744773045e+02
3.098277649742361746e+02
3.097812311131690990e+02
3.084813945934940875e+02
3.064378625985337976e+02
3.068239598094525604e+02
3.075187111143878269e+02
3.068483087882623863e+02
3.072910728912783611e+02
3.070049876657105870e+02
3.052378075785468354e+02
3.040717692535972105e+02
3.038885108789769447e+02
3.023619784799166155e+02
3.028575549242690386e+02
2.981311378337809401e+02
3.055946052631915109e+02
3.006135898316410930e+02
3.007346362180497863e+02
2.988145975115406259e+02
2.988608786823361925e+02
2.967755626198955952e+02
2.940918745784406951e+02
2.953383945113980076e+02
2.946370608939331532e+02
2.928360267570859605e+02
2.935309234739076487e+02
2.970033457489137163e+02
2.983539729950112473e+02
2.984489411661220970e+02
2.977441868886000407e+02
2.979713917861688515e+02
2.970603169755968906e+02
2.964261871308393097e+02
2.957033844783643985e+02
2.954125064035247306e+02
2.976989059514060045e+02
3.037797982317615038e+02
3.077095817533893864e+02
3.073007105404806225e+02
2.965067240171800904e+02
2.981487168784781261e+02
2.957338369034879975e+02
2.944965938147286693e+02
2.939225070571949914e+02
2.906960226257780846e+02
2.902443832947639066e+02
2.933451558251708775e+02
2.907661405423566521e+02
2.900760710459828147e+02
2.882120995559999983e+02
2.899032965962977073e+02
2.897282493307317282e+02
2.895640138903675052e+02
2.900849211490456128e+02
2.896978523749888836e+02
2.903232734258177175e+02
2.891945480112867699e+02
2.894472964130264359e+02
2.924215813712351064e+02
2.903058094839321370e+02
2.898064401160804664e+02
2.872532103459219002e+02
2.853171972100694234e+02
2.867094073764845348e+02
2.872012157277483766e+02
2.852186665624608963e+02
2.857244606317657940e+02
2.854411740350640798e+02
2.857020764230321106e+02
2.857086096444484724e+02
2.849568440714036797e+02
2.864407611742038284e+02
2.866267407796601105e+02
2.865410682419592945e+02
2.863878878476301679e+02
2.857441910184318772e+02
2.855382693073788687e+02
2.831011742363499479e+02
2.672367642097917724e+02
2.784132868001060501e+02
2.892134463034366831e+02
2.863024006492161107e+02
2.879510232455112373e+02
2.841121556436060587e+02
2.831321335745120678e+02
2.803818508287015447e+02
2.814755793996928901e+02
2.827709166677167332e+02
2.812358592378457729e+02
2.796433558175991720e+02
2.811226140252152845e+02
2.815350183385818923e+02
2.809571454643037214e+02
2.799007838279343332e+02
2.801834650140251597e+02
2.797912682697648279e+02
2.799613825575341934e+02
2.805848646306119463e+02
2.758693113550068574e+02
2.850622703264489815e+02
2.907980936931433575e+02
2.895927724285352269e+02
2.908615617118031196e+02
2.879003890194837254e+02
2.897942072180499622e+02
2.892055334686995707e+02
2.857541951779945748e+02
2.831299218063216472e+02
2.819240109924210742e+02
2.823561051273093767e+02
2.824900027719177729e+02
2.814624944145951417e+02
2.799701649925394804e+02
2.788122895853481964e+02
2.785346754009483448e+02
2.777320519540542136e+02
2.776400829499553424e+02
2.770827159568142406e+02
2.777451326446778808e+02
2.740138785718132794e+02
2.772249925061992144e+02
2.749566475251733095e+02
2.796135933210861708e+02
2.798396946809783117e+02
2.863098240286434475e+02
2.821774879875872557e+02
2.830327697071842294e+02
2.807345412117724095e+02
2.815642770110047195e+02
2.800081734771971469e+02
2.819071113271681952e+02
2.832442360447506644e+02
2.811557299194724919e+02
2.798978566077207688e+02
2.797441379606043483e+02
2.789730975241211581e+02
2.782318260243476402e+02
2.776559914615529010e+02
2.768487984738492287e+02
2.769009378503076277e+02
2.513098256133973223e+02
2.892370662877222571e+02
2.767137772801755773e+02
2.679592621854635013e+02
2.690862197936931466e+02
2.735424869907855054e+02
2.738314177153019955e+02
2.732209589528186484e+02
2.753208971359080124e+02
2.732680724629452698e+02
2.729547217566347967e+02
2.726654683425452959e+02
2.716805786084534589e+02
2.710893037900486320e+02
2.712935386831344431e+02
2.723135068572456134e+02
2.725994466894620132e+02
2.734753010810949831e+02
2.735433497851118432e+02
2.736857619949243485e+02
2.735991669386728518e+02
2.941504209061899928e+02
2.860211407706526643e+02
2.764700311380793210e+02
2.748900963133987148e+02
2.730199496561684782e+02
2.714305856149612168e+02
2.747517096388256164e+02
2.774654292222799654e+02
2.756250460106373339e+02
2.777316413661980619e+02
2.763242429231876258e+02
2.758226158120957621e+02
2.772740486090234526e+02
2.767053780914950494e+02
2.773610657620059783e+02
2.765191925661762866e+02
2.768235556299587756e+02
2.759047707757991930e+02
2.752670016942350344e+02
2.749671636515944328e+02
2.745360859003270662e+02
2.598336999253947965e+02
2.741924162097208182e+02
2.717421385636897639e+02
2.737269525538319499e+02
2.725381587908731262e+02
2.749117105173771733e+02
2.736748593298667629e+02
2.731364249600180756e+02
2.712186352501715305e+02
2.709269098588224551e+02
2.723617185843170887e+02
2.702564250993276573e+02
2.726483023151215548e+02
2.752906351771002278e+02
2.763750391232774746e+02
2.755202363841288502e+02
2.749399618307671176e+02
2.732638517321969971e+02
2.735282696125650546e+02
2.731822618894577772e+02
2.727662021383794695e+02
2.702024796393218367e+02
2.627535832015704500e+02
2.683167199760826520e+02
2.726408454346484973e+02
2.747788786170938806e+02
2.773439102337775921e+02
2.732335436264455097e+02
2.735541237395398184e+02
2.755519623108036740e+02
2.749760043974778796e+02
2.726838069294572051e+02
2.718588897746167845e+02
2.719043086730852110e+02
2.702428615731287778e+02
2.711400907021140938e+02
2.700379252421728893e+02
2.699024492084650433e+02
2.702693194358697042e+02
2.718932751919923589e+02
2.710251815949964680e+02
2.717582876599020096e+02
2.739074151034083116e+02
2.745627900373640955e+02
2.798186459082679107e+02
2.795245725557356309e+02
2.833841223922935910e+02
2.758109178228181690e+02
2.750177569326475577e+02
2.749145344319413766e+02
2.752916473934183159e+02
2.757607385723885045e+02
2.737029493922743768e+02
2.733469594925792308e+02
2.731341209455574131e+02
2.728114901659466796e+02
2.736253066641650662e+02
2.737118338552492105e+02
2.725196030793976547e+02
2.719324508289305413e+02
2.715177367106035149e+02
2.710704173476362371e+02
2.717276012846214144e+02
2.455403927181180563e+02
2.618413764047960512e+02
2.600392039005141100e+02
2.595867622362570728e+02
2.603226509477015043e+02
2.623132122416954530e+02
2.620255480014764089e+02
2.645707639278362535e+02
2.657299469058402224e+02
2.651516341194360962e+02
2.664828118243709127e+02
2.688937136138809478e+02
2.690982427680352203e+02
2.681707783659839492e+02
2.692263552298774130e+02
2.708823415138962787e+02
2.713829517206440300e+02
2.708265139500996384e+02
2.697558669521872048e+02
2.702511522844704359e+02
2.706899185323732695e+02
2.628478758707045699e+02
2.722221588371859298e+02
2.814071713073558954e+02
2.824527234403340685e+02
2.806492682878331948e+02
2.766717285535810902e+02
2.757428270062666229e+02
2.750151757171855138e+02
2.744365020745089510e+02
2.718514477492972219e+02
2.724882631817312131e+02
2.702011632540659889e+02
2.710784264052837216e+02
2.750396483560489855e+02
2.739413482590256308e+02
2.741456545171764674e+02
2.744598883266111216e+02
2.737928383449186640e+02
2.730499891700673061e+02
2.726227791963010532e+02
2.716968298058107507e+02
2.659430211264856894e+02
2.486147647451320779e+02
2.529582821613019235e+02
2.531007991122396845e+02
2.614238019369283279e+02
2.632223154380181995e+02
2.601906878961276561e+02
2.577257951249393386e+02
2.602581852241810338e+02
2.608187485928433489e+02
2.648712733744744128e+02
2.685297815667118471e+02
2.684432122815495063e+02
2.682201603813179531e+02
2.681102761118262947e+02
2.687933187257529539e+02
2.690068534629846795e+02
2.685419665825075413e+02
2.705661837712535203e+02
2.696052451571386541e+02
2.693418018195339414e+02
2.646774163548532215e+02
2.806834005685307147e+02
2.694233355620842190e+02
2.728227510404358895e+02
2.697687630597948214e+02
2.695917392546168116e+02
2.697905335642890918e+02
2.715765776277730197e+02
2.733452956118930501e+02
2.737935392954278200e+02
2.729171407040932991e+02
2.725213341317549975e+02
2.738056635267678871e+02
2.734380564037714407e+02
2.736881764819294744e+02
2.738583229585698291e+02
2.728057076313999119e+02
2.710059051106457559e+02
2.715905438005417523e+02
2.711344001753921589e+02
2.701690527101305292e+02
