6.915526874278041305e+02
6.892214369261272395e+02
6.869190789394615422e+02
6.845933286839841685e+02
6.821546348778297215e+02
6.795151215138133693e+02
6.766611805393432633e+02
6.735141387153496453e+02
6.703720717004309790e+02
6.667138493328899358e+02
6.626647237412370259e+02
6.578394715772310519e+02
6.525962563303502293e+02
6.467122796004682641e+02
6.404558627604673120e+02
6.331624807637300592e+02
6.249296535611900936e+02
6.163658920499790383e+02
6.063032496684826356e+02
5.963211284418424611e+02
5.852833029908446179e+02
3.619656498793056585e+02
3.536960081437215990e+02
3.477716937228212828e+02
3.441299743133454854e+02
3.462924617382587371e+02
3.397250402717579050e+02
3.388595941792320900e+02
3.427189273866401322e+02
3.434451605730110373e+02
3.423292262383155844e+02
3.395780776387248920e+02
3.394886765295022428e+02
3.388628053441458974e+02
3.401879590368515665e+02
3.405595788162476083e+02
3.401846440864292163e+02
3.397739013796064569e+02
3.395446214438927655e+02
3.382347372360521831e+02
3.387525841995279734e+02
3.394684691076836316e+02
3.551893921751218386e+02
3.361259598806079794e+02
3.233149256436763608e+02
3.237593585258567259e+02
3.344524633095389845e+02
3.324198015036941456e+02
3.286828865384856613e+02
3.295940480768873044e+02
3.308108103279800503e+02
3.325566500015868314e+02
3.323227391614871067e+02
3.332336475541211485e+02
3.342952176440145990e+02
3.334533366139425539e+02
3.326602748637632772e+02
3.333002690668731702e+02
3.327206590840410172e+02
3.316306877643241933e+02
3.316114231585404468e+02
3.312254843137955618e+02
3.298953652992868228e+02
3.311485344585598796e+02
3.114887376646419170e+02
3.139574374842208613e+02
3.150477328793332390e+02
3.222058407696965787e+02
3.224326096754472815e+02
3.237577850809194615e+02
3.237601632082471497e+02
3.240538174848574045e+02
3.235900046501480460e+02
3.234760835135213597e+02
3.234277695998230229e+02
3.244068288549901808e+02
3.253006710671576798e+02
3.242174756456727209e+02
3.235399868880858207e+02
3.220327472633794059e+02
3.205687520384613549e+02
3.216252107675160801e+02
3.215625681961233227e+02
3.207458573591967479e+02
3.005644062496172637e+02
3.087026789071899202e+02
3.121281580604112946e+02
3.102998089177882548e+02
3.111880764449319940e+02
3.082146396267089585e+02
3.073026656110942554e+02
3.076109393756208306e+02
3.079641916792115808e+02
3.083565242755714166e+02
3.083524426375624898e+02
3.068552882084438238e+02
3.080635338802387651e+02
3.076392493002787774e+02
3.080979092573934963e+02
3.085996040660325548e+02
3.091281118691179586e+02
3.087206466235480775e+02
3.085388569207233331e+02
3.090817612988884093e+02
3.102504000718761858e+02
2.982617836300236149e+02
2.988709754129556586e+02
2.965616875867074214e+02
3.056887025850697910e+02
3.104668478400981257e+02
3.091494547978946343e+02
3.061604826379761448e+02
3.044873045429624199e+02
3.032596522391622216e+02
2.998616306914278198e+02
3.005313344406775400e+02
2.983883019412119779e+02
2.985918648727655409e+02
3.001444532357735966e+02
2.993661970251835100e+02
2.986889060852792568e+02
2.999129976969879294e+02
2.997564314671198531e+02
2.987509260076041642e+02
2.988357319413856885e+02
3.000855046325003173e+02
2.921414328010287136e+02
3.150999781759467737e+02
3.121976628087494419e+02
3.085710175197548892e+02
3.047370021400744236e+02
3.021295805245197243e+02
3.037027953849799360e+02
3.006848092044111809e+02
2.976603704286193306e+02
2.959946523278293284e+02
2.941096418921030136e+02
2.935567797396359992e+02
2.926308887292633472e+02
2.934638295033700501e+02
2.937004393662891744e+02
2.926353459741132497e+02
2.911680495669687616e+02
2.911604652775411637e+02
2.907302733813995701e+02
2.899452792115511670e+02
2.889604446379734100e+02
2.708495287008317973e+02
2.797195304017743638e+02
2.872069894023858865e+02
2.922575984004528777e+02
2.865150638423734222e+02
2.863539579507910275e+02
2.834676505940553852e+02
2.859038218651270427e+02
2.844803744618527048e+02
2.837858395679805881e+02
2.826470337305699445e+02
2.823290242344532999e+02
2.818816747603998465e+02
2.807283641887550516e+02
2.814735970604043018e+02
2.795597283957932291e+02
2.791383941327752609e+02
2.789628072299274208e+02
2.790445755637327920e+02
2.777302741898332670e+02
2.770365625014419493e+02
2.501547820817740728e+02
2.726317804963898652e+02
2.650636229062780558e+02
2.637860660003133262e+02
2.642077318674171806e+02
2.636574542028857877e+02
2.636454640332062809e+02
2.669975847237280391e+02
2.677456263631510183e+02
2.667962314559000561e+02
2.689508522565271846e+02
2.687123395034320197e+02
2.691848964158383524e+02
2.695155666468593267e+02
2.678327808029979451e+02
2.682601562419164338e+02
2.673894525845804537e+02
2.657924212261638104e+02
2.655997797305299173e+02
2.654591053752174616e+02
2.661199149061638991e+02
2.777878290389614335e+02
2.721268403457723934e+02
2.556538742934253889e+02
2.579012322788540814e+02
2.608062727626827382e+02
2.609886483240996427e+02
2.620632814496624974e+02
2.591003594789083309e+02
2.581049253722334242e+02
2.581366928428052461e+02
2.575459501658526165e+02
2.590469217117621383e+02
2.588936757391405763e+02
2.587950728511170269e+02
2.573551418446410821e+02
2.572127515068326034e+02
2.579807150488068146e+02
2.565425971856061551e+02
2.570176996229084239e+02
2.568467069780766110e+02
2.570950626449491665e+02
2.543960974299805571e+02
2.450190170930964655e+02
2.393777665313514831e+02
2.408259320138971873e+02
2.439025041218822594e+02
2.477639947712204957e+02
2.471098850078589635e+02
2.471416440912530561e+02
2.489542979319637936e+02
2.478327036613851817e+02
2.473238335706491284e+02
2.463159935015979727e+02
2.469695847824047803e+02
2.482013826383753212e+02
2.481068202281937829e+02
2.476477338931015026e+02
2.469689144217039996e+02
2.473202793297737969e+02
2.474518007668670521e+02
2.473172946079486962e+02
2.479026954667219229e+02
2.656636154928822862e+02
2.632805152481875552e+02
2.595815833366098104e+02
2.567634989359460178e+02
2.574662336609027875e+02
2.544291477136979722e+02
2.519925843208825427e+02
2.521037588148165014e+02
2.495513840626867079e+02
2.458295638521689739e+02
2.448829189471659618e+02
2.470378918127919974e+02
2.460569396650756460e+02
2.447862069614951679e+02
2.443774095476350112e+02
2.426976632791615600e+02
2.420426361985503547e+02
2.420571419676340668e+02
2.413728503211811756e+02
2.415816669880004781e+02
2.409327754023607895e+02
2.531213659554621245e+02
2.555027284701672556e+02
2.480397297287209994e+02
2.447566773940218638e+02
2.431893389657030582e+02
2.436561384019091747e+02
2.411076298640420532e+02
2.382600117590328921e+02
2.397157382150151363e+02
2.399188455571195959e+02
2.396644603882527917e+02
2.387091502140936257e+02
2.370232498951010314e+02
2.364273518372175431e+02
2.361034587461748515e+02
2.363360138359894904e+02
2.373526751394653616e+02
2.373235464124292378e+02
2.366130680071044026e+02
2.356867364144949590e+02
2.353525667449840171e+02
