9.968928792459894339e+02
9.921037591477911519e+02
9.876831827960176042e+02
9.829593182252195902e+02
9.782170234179724275e+02
9.732570168794236452e+02
9.676472056973433382e+02
9.618479014318347708e+02
9.554743617508955822e+02
9.483180547448257585e+02
9.406879485010022108e+02
9.318213980267961460e+02
9.232414112063595439e+02
9.141158269907298290e+02
9.030109491439753810e+02
8.916493404964546698e+02
8.791581567471445169e+02
8.668108118386165870e+02
8.530142466649583639e+02
8.410379859216411660e+02
8.311330818679454069e+02
6.847445429869181908e+02
6.876711284488941374e+02
6.686370575419894067e+02
6.486890456594264833e+02
6.423471830442717874e+02
6.347773226439195469e+02
6.348385967491569772e+02
6.333478179797350549e+02
6.326241566752194103e+02
6.301364573351852414e+02
6.263941086069077073e+02
6.245224285907856938e+02
6.224472592697636628e+02
6.224615346284545012e+02
6.222197399576701855e+02
6.220600969105495324e+02
6.212026568771844950e+02
6.195239973318167586e+02
6.189197024981489221e+02
6.192297517546908239e+02
6.164098311446105072e+02
5.904567278797139807e+02
5.809786268401918505e+02
5.868829935688331716e+02
5.955178129325714735e+02
5.987942950114737641e+02
6.002190377545584852e+02
6.029370343720989922e+02
6.019744452471146587e+02
5.982869023157411448e+02
5.976040959368410768e+02
5.949686495637433836e+02
5.940643760890176281e+02
5.932086045649244852e+02
5.941014558175565980e+02
5.925178770006796185e+02
5.934699231871080656e+02
5.936022679264337967e+02
5.939447172504511627e+02
5.922698860989918330e+02
5.894979147565940139e+02
5.886724763762123303e+02
6.019906883511107480e+02
5.902986392892953518e+02
5.842206973576205655e+02
5.827833896882700628e+02
5.797588576727092686e+02
5.763007505947293794e+02
5.740137786735343752e+02
5.709944978580288080e+02
5.688717344724383338e+02
5.675974829591277739e+02
5.663720309687089411e+02
5.616381330088659070e+02
5.605949375022082677e+02
5.581403782517797936e+02
5.568982862023577809e+02
5.555225795440380807e+02
5.545841731339882017e+02
5.522405730483287698e+02
5.518618208773540346e+02
5.489806159025607712e+02
5.485329235463929081e+02
5.684734287082401352e+02
5.315273122015611307e+02
5.244171113112187186e+02
5.222365657873793907e+02
5.194216497799955050e+02
5.106672936932835114e+02
5.085583931949045677e+02
5.048098402900860719e+02
5.001863856145094474e+02
4.987788276584772120e+02
4.952443229624392984e+02
4.930320143765993635e+02
4.910735188487390701e+02
4.909973511097329606e+02
4.895480257617422239e+02
4.890845583958698057e+02
4.853158395820547639e+02
4.822297735693085201e+02
4.797714761847778391e+02
4.781596841629847745e+02
4.759245699182943099e+02
3.891915112921653872e+02
4.102880949157175792e+02
4.142516010324015383e+02
4.212790321606592556e+02
4.140102901291817261e+02
4.104469541799034005e+02
4.130465099565527112e+02
4.131401776618832855e+02
4.086296573437630286e+02
4.062339599288385443e+02
4.033123097880806540e+02
4.016733297336963346e+02
3.983663048882118005e+02
3.959347495378267467e+02
3.926354273976981517e+02
3.899193796428125438e+02
3.868547663165594486e+02
3.845352673874935476e+02
3.815229897807232646e+02
3.779767931480953962e+02
3.750095201662259115e+02
3.387916690027170716e+02
3.320493420351174905e+02
3.245856621201594407e+02
3.193710174370907566e+02
3.137070633049590356e+02
3.115849527635539857e+02
3.085521732043256407e+02
3.103724154225483289e+02
3.088657487427009301e+02
3.062854624778845505e+02
3.048077867266028420e+02
3.041389180663960019e+02
3.023081113148302279e+02
2.990517200801755280e+02
2.964594228296121514e+02
2.959525306823109645e+02
2.946030311924941998e+02
2.925403498725665941e+02
2.890660531291291022e+02
2.883275135815093222e+02
2.857339450605631441e+02
2.680606429853435770e+02
2.711857394230111709e+02
2.550102179035402230e+02
2.558009790755269535e+02
2.509462854814528328e+02
2.519017244076748341e+02
2.489975543651199814e+02
2.489181713780153871e+02
2.502521088597702317e+02
2.460878008474803664e+02
2.444161483429030284e+02
2.433459655859340671e+02
2.454710468186908656e+02
2.434823577240564134e+02
2.432188778059455672e+02
2.410353452713853244e+02
2.394793974800932403e+02
2.391381857563121969e+02
2.370751211131800176e+02
2.370851866179197316e+02
2.363020690925100951e+02
1.846974089700082686e+02
1.847893161178820947e+02
1.887393777094026461e+02
1.924959780430155263e+02
1.973889661833086109e+02
1.980309081681745909e+02
2.013356779580721536e+02
2.068795934508925995e+02
2.091570598010550270e+02
2.123744048086743135e+02
2.129176302565709591e+02
2.112585552896127581e+02
2.100789967963810625e+02
2.077431307410912780e+02
2.106169537111324814e+02
2.126794451024275077e+02
2.131429982820300495e+02
2.133894640716438005e+02
2.120394511229116858e+02
2.116146725273883362e+02
2.127164688384466160e+02
1.845934117146132678e+02
1.774206615902632791e+02
1.924134730458511342e+02
1.899988340821783481e+02
1.953224038261615192e+02
1.947787733797977978e+02
1.967109470542817178e+02
1.992203074090469954e+02
1.954721274658685388e+02
1.981492289324542639e+02
1.984574478669240420e+02
1.972235729666935242e+02
1.978655320464125964e+02
1.961111053111919205e+02
1.970421610244057433e+02
1.969711911577539638e+02
1.972921933085750936e+02
1.959485698268075566e+02
1.953379221614175663e+02
1.938959841683732748e+02
1.932056478042383674e+02
2.163116195416033065e+02
1.884065802409792525e+02
1.826616757647812790e+02
1.845871428767007956e+02
1.861065839707495400e+02
1.857696034415833424e+02
1.853287432484009685e+02
1.845697112395486101e+02
1.825150536305654043e+02
1.829620898155426119e+02
1.826266314590469619e+02
1.823133001243954538e+02
1.803887419769792757e+02
1.782358029143162526e+02
1.791013822212788966e+02
1.831832039972110806e+02
1.836711414688652724e+02
1.834125532571787289e+02
1.832204813148922540e+02
1.838499476731190327e+02
1.839873723499789833e+02
1.714023462948711938e+02
1.802668023314749632e+02
1.712815528505067277e+02
1.845165246668500174e+02
1.817888165398620686e+02
1.747033835016615626e+02
1.743789594291908429e+02
1.742190513182075904e+02
1.750121928419721655e+02
1.815346593828875541e+02
1.782491604261110183e+02
1.765659645174915511e+02
1.755159739618275978e+02
1.757035095478706808e+02
1.759624032752998914e+02
1.742738110945113306e+02
1.765167052486433761e+02
1.760722978334207482e+02
1.744330788683345475e+02
1.737919600408487497e+02
1.744267712794122929e+02
1.679528861276371572e+02
1.626512126355540602e+02
1.676092579790384889e+02
1.603870423811519572e+02
1.607350874967578989e+02
1.612880592049219217e+02
1.587862234021211805e+02
1.552339093208867951e+02
1.529184908421718490e+02
1.553724949399501725e+02
1.560266979592115604e+02
1.585795517760161601e+02
1.607271693481143302e+02
1.622587891615812339e+02
1.644987536071460852e+02
1.654129374970682136e+02
1.671836427342354341e+02
1.680539275267317123e+02
1.681028341121482015e+02
1.662418860275412840e+02
1.672466648195209586e+02
1.532868526847080943e+02
1.678388528457871871e+02
1.573349517178732526e+02
1.580834896536518954e+02
1.581892373523012338e+02
1.609824256689378217e+02
1.618914718012661922e+02
1.625740663436261855e+02
1.616760142059483201e+02
1.601056083485927104e+02
1.599870269038103743e+02
1.602549774937409097e+02
1.583857621360077417e+02
1.582690369820655292e+02
1.611498703176690128e+02
1.607436200788322651e+02
1.620007780154281534e+02
1.618468658351040972e+02
1.632663551827816946e+02
1.617318396635221518e+02
1.615618680093078012e+02
