1.722987997104027329e+02
1.709327884047888517e+02
1.696474773918860421e+02
1.682166237807160769e+02
1.668502772551379678e+02
1.653465989997256713e+02
1.639928377482490305e+02
1.622895372892409114e+02
1.605226459434346680e+02
1.586241319578461173e+02
1.566223369558061620e+02
1.543406040421930641e+02
1.516598735085126464e+02
1.490492025238194742e+02
1.461409663978720346e+02
1.433116069149141936e+02
1.402828900951300000e+02
1.375620542955491317e+02
1.347886605090623107e+02
1.327010142922207763e+02
1.307061059612605334e+02
9.720075169454865716e+01
9.202024035958774562e+01
9.214120462424243385e+01
9.156164266751119385e+01
9.141970704870360009e+01
9.156529767547517906e+01
9.062618379257479262e+01
9.056928625629973340e+01
9.055313119669072819e+01
9.121663131113947998e+01
9.068627138583356384e+01
9.070641237005754931e+01
9.089401473570254097e+01
9.078749057945753975e+01
9.044354489098043359e+01
9.038777442832157760e+01
9.012293890211614666e+01
8.972318700569715588e+01
8.957620849770268023e+01
8.965834396879344581e+01
8.975359101151657626e+01
8.631807211149897796e+01
8.542443619072248850e+01
8.492917744204521568e+01
8.626167317830302750e+01
8.615886597116485746e+01
8.552191757672439110e+01
8.517812843355190466e+01
8.582033571267970729e+01
8.611665434108779493e+01
8.540975441298807880e+01
8.512302542552086493e+01
8.500796050374556501e+01
8.480102200247040400e+01
8.543816768512276383e+01
8.606596088610884010e+01
8.547129844183703540e+01
8.558774540243415174e+01
8.554694514001454309e+01
8.521163925405187456e+01
8.475632924963778692e+01
8.462365604399980157e+01
7.839845151461102546e+01
8.085912212420495848e+01
8.181023698372794684e+01
8.049444486422157752e+01
8.073589263231066582e+01
7.995843065217250967e+01
7.985032843522760970e+01
7.979367808356327885e+01
7.987613273427075455e+01
7.945735169396883180e+01
7.884736322594355329e+01
7.830361775281151893e+01
7.813884147222086085e+01
7.817192372389855848e+01
7.820492872913625604e+01
7.784591269760960586e+01
7.748136033009197376e+01
7.703442044822133994e+01
7.650232389682655310e+01
7.629488108876071806e+01
7.624355779754522189e+01
6.861711928098014823e+01
7.053294125710947071e+01
6.993382047980550453e+01
6.963527603724217840e+01
6.739330526081791106e+01
6.765690483570371327e+01
6.741575282201181096e+01
6.650574544825474277e+01
6.649297215593223598e+01
6.652447316425357826e+01
6.588652069487093854e+01
6.500277891877472314e+01
6.440801175319796812e+01
6.402003410077081469e+01
6.362954959977601987e+01
6.335794725177233744e+01
6.304024712130009789e+01
6.269317228508815276e+01
6.231671264991017978e+01
6.191747377564915666e+01
6.141563773881961197e+01
5.152884336831388623e+01
4.964151259034064623e+01
4.918399748264680227e+01
4.891028641209184968e+01
4.784830154031389071e+01
4.712649625480339921e+01
4.646167838571670927e+01
4.612305110261863916e+01
4.616338183536621642e+01
4.635066679140839341e+01
4.624574718493697389e+01
4.596102962597063879e+01
4.552771623524567701e+01
4.505971383868388358e+01
4.453991152178824819e+01
4.414361067667597638e+01
4.373608539896684277e+01
4.346792207590415558e+01
4.298002163970544842e+01
4.228834550469168363e+01
4.194022814545531475e+01
3.686712694168996052e+01
3.407414893372673959e+01
3.383567035834889936e+01
3.436152359621584651e+01
3.367022701091149628e+01
3.318365363052332384e+01
3.295802439310033805e+01
3.190763821853454019e+01
3.179432494889775640e+01
3.173543873408713267e+01
3.125220473289923362e+01
3.068142373839270221e+01
3.038381114838032815e+01
3.026114423997207226e+01
3.020630280540269297e+01
2.983982745748552645e+01
2.990432568996161677e+01
2.980621675022993955e+01
2.958779165265244870e+01
2.925874386284071704e+01
2.915244109551876761e+01
2.655162540362060852e+01
2.843652168250789103e+01
2.652091070990818977e+01
2.581678003251778719e+01
2.505201460026227167e+01
2.472961649025674902e+01
2.460116812063371228e+01
2.427475423122287523e+01
2.416735276666905818e+01
2.420815858239736329e+01
2.424552451345245174e+01
2.396632744941725335e+01
2.357150348155688491e+01
2.354976158980203138e+01
2.382553327662442300e+01
2.367536948820803389e+01
2.354417418235076553e+01
2.321229365401159583e+01
2.327459122646414258e+01
2.323628356027571229e+01
2.328918152463924329e+01
1.936226808079987194e+01
2.262587034622901783e+01
2.363418632051717339e+01
2.285705763277251279e+01
2.203464640363038285e+01
2.250466646240893809e+01
2.223173779478731404e+01
2.181682505421077423e+01
2.160942269127629345e+01
2.167427677446734080e+01
2.142911219291352865e+01
2.124953896470038472e+01
2.142908055084658159e+01
2.125310714102144161e+01
2.112799737409871526e+01
2.103333207184038400e+01
2.105859006542245382e+01
2.088711093266024932e+01
2.070521014705990837e+01
2.065907356254233918e+01
2.039859403317892372e+01
1.655799426276607278e+01
1.777733704788943214e+01
1.879992217788521813e+01
1.888819525621215689e+01
1.951168630564074746e+01
1.888074322055143384e+01
1.881042646831193110e+01
1.877346191115512752e+01
1.854898996120348897e+01
1.840528567699889351e+01
1.798623071208178814e+01
1.791664411539706236e+01
1.799624125625360449e+01
1.796371947108935530e+01
1.778198084870447815e+01
1.794197442852724578e+01
1.793731820357001538e+01
1.805823476084815837e+01
1.796003653804469025e+01
1.803088493543422999e+01
1.800964123027010189e+01
1.538349022839632596e+01
1.572632684367861877e+01
1.765535552640626094e+01
1.688081771914853846e+01
1.643647012758144044e+01
1.732369580518736996e+01
1.737819235957636010e+01
1.696879314887065604e+01
1.694029334373190920e+01
1.686215959686342458e+01
1.690213072526438154e+01
1.675620292799170130e+01
1.691828488963991717e+01
1.660741144198397734e+01
1.642433992621905858e+01
1.643149411434166751e+01
1.644198511692378162e+01
1.628654306647861461e+01
1.624585568672311098e+01
1.606189554713981948e+01
1.595184451564599648e+01
9.671562227695385872e+00
1.479185288627794925e+01
1.350821274128788296e+01
1.507325749012767524e+01
1.489601884322827807e+01
1.494494150421773426e+01
1.505390528920451310e+01
1.505702450197074249e+01
1.509806947027798429e+01
1.535369381080047724e+01
1.519019912912699155e+01
1.496744307010031605e+01
1.514378372740688050e+01
1.510461195992142258e+01
1.531883880833179035e+01
1.508012732410644396e+01
1.491144584017069263e+01
1.493833266659670045e+01
1.496949522118570641e+01
1.493160220455021658e+01
1.476485854434044853e+01
1.330538357021790752e+01
1.530200723332655066e+01
1.367118854959113605e+01
1.366645108065108616e+01
1.311384178642604326e+01
1.359614848317640856e+01
1.360490229716610955e+01
1.363696648020268398e+01
1.329072264433589368e+01
1.329980477306532016e+01
1.327007822502856271e+01
1.329717746626648278e+01
1.364044900030011753e+01
1.361496974614514954e+01
1.352780499081423571e+01
1.364736524041183152e+01
1.368315264430992073e+01
1.376637865877650668e+01
1.384625868124096115e+01
1.395170419451080335e+01
1.383998336457817402e+01
1.195924225833092969e+01
1.125972354440645695e+01
1.216325670566702755e+01
1.218741439081173894e+01
1.283522455696254561e+01
1.262417281287202719e+01
1.240578200635714801e+01
1.222078396724295501e+01
1.274457300619344124e+01
1.279342710212148582e+01
1.309212236561512910e+01
1.328497149917379261e+01
1.316327631581944146e+01
1.308830214301813477e+01
1.345380842407190514e+01
1.343910155094945225e+01
1.318038349147474797e+01
1.313402506158073280e+01
1.310310255044156058e+01
1.307389472065608871e+01
1.308028520605649803e+01
