6.916104809978007779e+02
6.892044576291308431e+02
6.868976019735795262e+02
6.844676659076432088e+02
6.820454006372024196e+02
6.795055862233230073e+02
6.768530872981657467e+02
6.738208235829915793e+02
6.704380543499080432e+02
6.666946987601177170e+02
6.624211852256669317e+02
6.577791797710361834e+02
6.526192768520101026e+02
6.467152389099505854e+02
6.402118930491337778e+02
6.329475389924677984e+02
6.245224572616100431e+02
6.159804673004147162e+02
6.056612461295690082e+02
5.956174332342372963e+02
5.861353239934949215e+02
3.412214677830930896e+02
3.303303600100020958e+02
3.413887442419746208e+02
3.429384221056233173e+02
3.442902913780771996e+02
3.432144056796000768e+02
3.481732586719027154e+02
3.467822829030408229e+02
3.443561595182442829e+02
3.429097310400106835e+02
3.415732354838822289e+02
3.406314283786878150e+02
3.400594659327369982e+02
3.396531251693996865e+02
3.399178487621704221e+02
3.395166068383599054e+02
3.399702303849198302e+02
3.400450565493097770e+02
3.404114850888978481e+02
3.401861699296014194e+02
3.397839071645320814e+02
2.856519179383934670e+02
3.238807992201184902e+02
3.281417488821334132e+02
3.243421044079427134e+02
3.249914588756475951e+02
3.254222173609872470e+02
3.269446765084007325e+02
3.300837819506805886e+02
3.325760256682329441e+02
3.323748131884005375e+02
3.321514395938538087e+02
3.312230739092225917e+02
3.306738364905064600e+02
3.277175278815365118e+02
3.272343046247165148e+02
3.280676687668968725e+02
3.275589909515130103e+02
3.285869741467685117e+02
3.280571552141250322e+02
3.276023717970027178e+02
3.280796105539938594e+02
3.526414734426117548e+02
3.319109049698718081e+02
3.308774744320372179e+02
3.375754710938381891e+02
3.363387529165902379e+02
3.310212592508573834e+02
3.307431342254458855e+02
3.281740206881901258e+02
3.261401083881540330e+02
3.255818110831158947e+02
3.251913580225122473e+02
3.257617367904630328e+02
3.239251819834100274e+02
3.211659165313819244e+02
3.190474239135234029e+02
3.185304410226252685e+02
3.176625430502948575e+02
3.175314273163264716e+02
3.170204791204389494e+02
3.165946806387708534e+02
3.153006667364066402e+02
2.987767709537478140e+02
3.057625912745252208e+02
3.105231802953776992e+02
3.113091538361603057e+02
3.139929068023898822e+02
3.144347738795869986e+02
3.129685046124769201e+02
3.097309085044812491e+02
3.068485537090290904e+02
3.065636733507483882e+02
3.060159047298647579e+02
3.062815678299842830e+02
3.046026492192440287e+02
3.045345520816150611e+02
3.028304675743775078e+02
3.011058338489905282e+02
3.000994091416700371e+02
2.996171862327856843e+02
2.985372112800399691e+02
2.965058680283779609e+02
2.960558120141010932e+02
2.575008636296421400e+02
2.792158558091173290e+02
2.699647490526349998e+02
2.812275693883124745e+02
2.810928035537766050e+02
2.747083157055833453e+02
2.737834923280806834e+02
2.724227823723336428e+02
2.735165532902668133e+02
2.737847720369597369e+02
2.744786953629962909e+02
2.734626801289979312e+02
2.736427762530306609e+02
2.735865141762603230e+02
2.718104349014085415e+02
2.702323838287933881e+02
2.691738593335734322e+02
2.674863273645319737e+02
2.678226301029100682e+02
2.664671924112556098e+02
2.668137831065331511e+02
2.391393822585959867e+02
2.468541632645416541e+02
2.477258191944677037e+02
2.421438643292068775e+02
2.410492894907137327e+02
2.428333625858115852e+02
2.397348198059493427e+02
2.412995030256521147e+02
2.418876180531216278e+02
2.420601494688700086e+02
2.403017804507409210e+02
2.382742749448752306e+02
2.366020247896957756e+02
2.373165971589899641e+02
2.362440122785667995e+02
2.363444958398850417e+02
2.354418073315962658e+02
2.336303170097567090e+02
2.320411792084709646e+02
2.306412064375585942e+02
2.298410475008802507e+02
2.100224736816692257e+02
2.011610434199093618e+02
1.958292429922046551e+02
1.942986987731382271e+02
1.937959594219602195e+02
1.950675937345921227e+02
1.997341586241976472e+02
1.982123561132823113e+02
1.979349387227144064e+02
1.969194264156560905e+02
1.958333221752007489e+02
1.948640758507813473e+02
1.946440572463779120e+02
1.929177774204305251e+02
1.922950170102629386e+02
1.906977958624781024e+02
1.896521325867707901e+02
1.901345810963900078e+02
1.892613818938761767e+02
1.883400427692442634e+02
1.871718914176488795e+02
1.730308162555894569e+02
1.562379021052116173e+02
1.658580416028594300e+02
1.635804593711981454e+02
1.670828078406278792e+02
1.647609946306371000e+02
1.637589655258451273e+02
1.630837770908967173e+02
1.610967473646930159e+02
1.598679848298738193e+02
1.588617251205983223e+02
1.576350423531472131e+02
1.580339286013070819e+02
1.566433601714338693e+02
1.554889736370272431e+02
1.549985385476013278e+02
1.549129458832830153e+02
1.546476255272191906e+02
1.541345732229763428e+02
1.533156436638407740e+02
1.528348685164853578e+02
1.409871435190790976e+02
1.315071846650715770e+02
1.299631400747464056e+02
1.344595732171287068e+02
1.325801222026655921e+02
1.329260040917983758e+02
1.340772474186469765e+02
1.328193148946708391e+02
1.337948833605771028e+02
1.339862570783812430e+02
1.323604312106684802e+02
1.317091302702811504e+02
1.310607046783864860e+02
1.304690785726943432e+02
1.297559193901380468e+02
1.286505597075830565e+02
1.283097129213181518e+02
1.271737478888837387e+02
1.264386872309608947e+02
1.265714879140270028e+02
1.257292297943867965e+02
1.239801113995744117e+02
1.128297440675999184e+02
1.121058527336006705e+02
1.125717311683462754e+02
1.088135411826268353e+02
1.091544545349037634e+02
1.099741835890387023e+02
1.094267166992682689e+02
1.075160910397235767e+02
1.087576734502022617e+02
1.077769758152079618e+02
1.080384214904135263e+02
1.092388758601740761e+02
1.090245615254244740e+02
1.084233639970223351e+02
1.085682155691703201e+02
1.078629338748524731e+02
1.070277852608838316e+02
1.069942526322298590e+02
1.065181494174489956e+02
1.064470027487452484e+02
9.526126233922292386e+01
1.031839059242050496e+02
1.059147811614673600e+02
1.016363447291512472e+02
1.001209654950705925e+02
9.790715137082490571e+01
9.784471997767919049e+01
9.858484486632791288e+01
9.778634285802770876e+01
9.624191622726108619e+01
9.619804956933887752e+01
9.509567099068648588e+01
9.414006866250346661e+01
9.362337969887639133e+01
9.450522826182113079e+01
9.414827076294477592e+01
9.429670299421334789e+01
9.416534673006131584e+01
9.378492880319869585e+01
9.353791243847560111e+01
9.387836562866408485e+01
9.174288266872096642e+01
9.686138982950062370e+01
8.696269992747866695e+01
8.603975072351768461e+01
8.780336690245752607e+01
8.627353936447528326e+01
8.883147940481070748e+01
8.990387567766119048e+01
8.916312828161500192e+01
8.828608724527204288e+01
8.852103286070371269e+01
8.767713252826777648e+01
8.662349419819140905e+01
8.620559083354699226e+01
8.624883379396339933e+01
8.635027213146662461e+01
8.606163753890339763e+01
8.703946723761013970e+01
8.671394579380709899e+01
8.591363594859993214e+01
8.579336118863146510e+01
8.495523495210832721e+01
7.902746852130238153e+01
7.877853850096384747e+01
7.889122963718419612e+01
8.221112251619506139e+01
8.205896890471666438e+01
8.191069760611513573e+01
8.191557960742362354e+01
8.229785269083475896e+01
8.229998043005890906e+01
8.271159924815458453e+01
8.251090668315610799e+01
8.124022652655305876e+01
8.133222718284785913e+01
8.082461756079800352e+01
8.092422070931159794e+01
8.133593997761120420e+01
8.076801117858718726e+01
8.041596578609618007e+01
8.057232691387346790e+01
7.978678941411568815e+01
