7.206045974692405025e+02
7.216496974795966253e+02
7.192280478205431109e+02
7.164462357487767576e+02
7.147659218783675215e+02
7.127124121181802821e+02
7.097198458868513171e+02
7.067521545672994989e+02
7.038069875774378943e+02
7.009039987549241459e+02
6.970778432441512678e+02
6.933661344243635085e+02
6.886617326460846016e+02
6.839161602098101866e+02
6.789360746923207444e+02
6.738411327835524389e+02
6.680372834818614365e+02
6.637867191297602858e+02
6.588451738627535406e+02
6.543822508213746687e+02
6.492571221640389467e+02
5.375080779765823991e+02
5.611024802395617144e+02
5.604598127651298682e+02
5.578862038291063072e+02
5.573850522354373425e+02
5.582720128708361926e+02
5.586401204594728824e+02
5.551008088777383591e+02
5.559847645896777522e+02
5.556645926255503127e+02
5.560126287612355327e+02
5.551590681126482423e+02
5.560988579617420555e+02
5.531351968183316785e+02
5.520261160204445332e+02
5.544658366435251082e+02
5.538686068726592566e+02
5.537686539091688473e+02
5.542589954980253424e+02
5.562056211898553784e+02
5.553475360893318111e+02
5.125706194619035614e+02
5.422393744694967381e+02
5.313450373844592605e+02
5.360741548701773809e+02
5.373850254810901106e+02
5.390059610011104496e+02
5.424145486219632630e+02
5.410625894467914350e+02
5.424830348874745596e+02
5.414313450876098841e+02
5.417498339402184229e+02
5.433421263168397672e+02
5.447680578741550335e+02
5.423579293860185544e+02
5.412047141250316145e+02
5.378184591866676101e+02
5.374767242471790496e+02
5.375641464818439772e+02
5.363080147965366677e+02
5.361111625263708902e+02
5.337625736494602506e+02
5.263228069038195827e+02
5.189900124414867832e+02
5.121623388509309507e+02
5.116495911259905824e+02
5.126943756720161218e+02
5.099773637451158947e+02
5.064085615910957472e+02
5.029382936006098817e+02
5.033079042169056265e+02
5.042597124180450692e+02
5.030473651883986008e+02
5.025457683206420256e+02
5.020023773133636382e+02
5.029926420041507527e+02
5.026021024737192420e+02
5.022930996288815209e+02
5.019128679862059244e+02
5.015349781972442429e+02
5.015834025977163151e+02
5.008330203177667386e+02
4.999594611804448050e+02
4.720064631129710051e+02
4.756844550101560571e+02
4.627355030833648470e+02
4.636108136273272748e+02
4.653388750183729030e+02
4.677547862336160733e+02
4.659420098499608685e+02
4.656512953165376416e+02
4.633611424511138921e+02
4.612353601418237758e+02
4.622972290441990140e+02
4.599288520070087429e+02
4.589257674137572849e+02
4.568167211450511331e+02
4.561702647435753306e+02
4.553295853997419727e+02
4.543181365603321638e+02
4.523047452822984837e+02
4.515468514430649520e+02
4.496786152296540990e+02
4.493809474528664509e+02
4.160572773761554117e+02
3.892699365606234778e+02
3.993486717072589158e+02
4.095094823942454809e+02
4.146278565280551334e+02
4.119970288135614283e+02
4.094128372942355441e+02
4.089438621245686818e+02
4.076177473688034638e+02
4.062126984392359645e+02
4.021354898302404308e+02
3.986803955946630253e+02
3.963357882261943814e+02
3.940318305980117088e+02
3.917599722383584435e+02
3.899071406627543865e+02
3.883592632811746057e+02
3.877115014078617037e+02
3.863510333767688962e+02
3.862082881887515668e+02
3.851774673958300923e+02
3.703454933588658378e+02
3.434314125124515726e+02
3.380993584771205747e+02
3.458288394526505272e+02
3.412433033090989056e+02
3.410519859609538003e+02
3.424788791262396330e+02
3.448494791712657843e+02
3.445442495711957918e+02
3.427661693061137953e+02
3.411563022369063560e+02
3.388182401648680298e+02
3.372404301228050940e+02
3.355070814198550124e+02
3.350265104500323332e+02
3.340370630452924843e+02
3.323199846886915907e+02
3.310520771930747514e+02
3.291055456645638628e+02
3.281767796022950847e+02
3.262635831006821263e+02
2.719500857340083257e+02
2.806868267309927774e+02
2.872195145283466218e+02
2.915958176958200170e+02
2.908966879205325995e+02
2.936086892371174031e+02
2.938682862541013492e+02
2.906792927695414619e+02
2.907741481556063263e+02
2.902734271625082556e+02
2.894809135884024727e+02
2.885902817540119827e+02
2.873427846255955274e+02
2.875278044677937714e+02
2.870829911308246665e+02
2.869649919204948674e+02
2.849493565106361075e+02
2.836940728798524560e+02
2.827801231085839504e+02
2.819363021238730198e+02
2.818067814589782074e+02
2.608740561905319737e+02
2.594834507441115647e+02
2.620653753070169500e+02
2.556932026738817569e+02
2.535704065710584416e+02
2.553993845673202259e+02
2.559437678650797636e+02
2.569237785262988041e+02
2.592970807757040461e+02
2.592909649059285471e+02
2.594556231560858350e+02
2.590607358368895348e+02
2.598393318277757658e+02
2.589791847452068509e+02
2.582501516437541227e+02
2.567825680278322693e+02
2.554168065252999895e+02
2.554718360449712691e+02
2.559504480309265944e+02
2.569839593732600633e+02
2.557162089814365231e+02
2.623280329072226777e+02
2.403866457680196334e+02
2.310607756167449054e+02
2.311346253279159555e+02
2.356275924525284324e+02
2.371814177988961205e+02
2.376094324386200753e+02
2.366457001877402888e+02
2.359034049824219039e+02
2.385849956112249970e+02
2.389599746730551431e+02
2.404595971534652961e+02
2.395258987446232481e+02
2.400017391858328608e+02
2.412525630928544444e+02
2.401232431138926700e+02
2.395264067064621827e+02
2.398921744109865699e+02
2.395255803081873012e+02
2.386060011565822947e+02
2.381572355579201030e+02
3.415656172671151012e+02
2.765118219483244957e+02
2.579390034568240253e+02
2.476125833003060563e+02
2.421935223069917527e+02
2.400706589118753698e+02
2.443111755069524236e+02
2.414679197226866449e+02
2.384854640271065023e+02
2.353976296096763861e+02
2.332908289343422155e+02
2.304613258476894373e+02
2.299788712311603263e+02
2.309907478968857788e+02
2.298988449423664804e+02
2.296937659412666335e+02
2.296186774719404013e+02
2.283486329341020848e+02
2.274401773384195451e+02
2.280205100898694468e+02
2.282728467035187805e+02
2.347052350053417626e+02
2.216918622685948321e+02
2.208236466042959023e+02
2.261377377414377463e+02
2.272704319799213408e+02
2.227923388789762669e+02
2.198584311408343694e+02
2.194750550475981754e+02
2.175194500289797190e+02
2.169377306015028637e+02
2.165472483999722044e+02
2.201680038996261999e+02
2.208214827457064473e+02
2.208608892814344244e+02
2.192573148386370008e+02
2.206293446814040067e+02
2.213709442050534904e+02
2.214383462381595962e+02
2.219124018201479771e+02
2.209960108448897529e+02
2.207295587060026776e+02
1.761269451857293689e+02
1.881489267258421023e+02
2.008431420712217346e+02
2.054872379800203532e+02
2.087848149099746422e+02
2.063844509409007060e+02
2.057726590572804355e+02
2.078791403864495635e+02
2.064091504039538165e+02
2.045179281069519277e+02
2.075176774049583628e+02
2.084241494597133055e+02
2.089018264462339971e+02
2.097659546456148973e+02
2.110867628728624368e+02
2.130982368132852685e+02
2.159385194890099058e+02
2.148788714431596247e+02
2.146804617458702182e+02
2.148595802897519604e+02
2.153243345802083866e+02
2.283324888141045221e+02
2.145619998986113615e+02
2.107283592860039221e+02
2.084286086910590541e+02
2.077949173674245742e+02
2.207802097487447668e+02
2.172638177061643034e+02
2.171997657071157164e+02
2.147067700155949694e+02
2.126995037293604867e+02
2.134800258917496194e+02
2.124010539666611805e+02
2.133953026372566342e+02
2.137469401275505447e+02
2.132061972004265726e+02
2.130927212874124166e+02
2.146676573156447887e+02
2.136357428055023036e+02
2.146340466667949727e+02
2.133226355536255028e+02
2.125377893882369733e+02
2.613135125654839044e+02
2.328980111754296161e+02
2.161229736537423491e+02
2.098151532546604017e+02
2.068525685200796715e+02
2.070643990993189334e+02
2.054804749224132081e+02
2.060641280244686584e+02
2.097854205380647841e+02
2.075853061413945113e+02
2.077795241421610513e+02
2.067616313656186264e+02
2.048219199095868817e+02
2.048545770510370687e+02
2.057301014988730401e+02
2.062979967046345848e+02
2.055261077160947991e+02
2.059473189131014976e+02
2.048100338984631605e+02
2.048156406404644088e+02
2.045344648192192665e+02
2.069837291112724529e+02
2.001148864126011802e+02
1.993110652733777499e+02
2.033942011108787256e+02
1.986594450395716649e+02
2.018707451673751905e+02
2.020442497383977241e+02
2.047386637154727680e+02
2.024681667484195202e+02
2.073053388815323785e+02
2.091925594577777758e+02
2.090034392005208304e+02
2.077149531602030379e+02
2.078684133525957236e+02
2.073875783849064192e+02
2.069638710730368700e+02
2.072324402633819886e+02
2.076497858437924151e+02
2.072860637459948521e+02
2.071943984198425994e+02
2.067552679095583414e+02
2.129424797940899339e+02
1.969479332269658585e+02
1.932158601883546112e+02
1.960154216387973065e+02
1.980596605081952646e+02
2.031182130534275529e+02
2.034507364363633428e+02
2.053473574547083444e+02
2.025215502610523117e+02
2.019063305993067843e+02
2.007827314123708220e+02
2.028350734333942285e+02
2.030268485909801370e+02
2.046042044752018967e+02
2.040992053403004718e+02
2.062565453824545330e+02
2.058084587072018223e+02
2.045898011887193206e+02
2.048466843494219347e+02
2.044442878491298927e+02
2.035474444493875694e+02
1.879432006682458791e+02
2.041685052295396190e+02
1.945011245510977176e+02
2.004695356573106153e+02
1.990051275991685031e+02
2.000050321412825554e+02
2.011284261155997513e+02
2.004917620836706647e+02
1.998636448003775854e+02
1.976679626017156579e+02
1.983627436981910819e+02
2.034293738571394101e+02
2.048802689464040157e+02
2.027495890142927522e+02
2.025732526318639941e+02
2.030352517888007355e+02
2.023262269356009426e+02
2.029366896451859077e+02
2.026948121601672028e+02
2.035612416287971485e+02
2.028309836781011199e+02
1.904024828759687864e+02
2.137882513136788418e+02
1.999755761266767990e+02
2.020316810213501810e+02
2.003294355984080823e+02
2.021673084288420625e+02
1.965647553784711477e+02
1.981775606829174592e+02
1.974168172990166283e+02
1.989643830980373309e+02
1.977521099624896124e+02
1.969430662094128763e+02
1.979064592709377450e+02
1.974861603921688982e+02
1.992507767667971734e+02
1.982729764634162848e+02
1.992903836879004302e+02
1.987537972540408191e+02
1.975654023635120211e+02
1.975077029054160107e+02
1.977896557416599137e+02
3.402019271999420766e+02
2.600732521767509979e+02
2.376743471736251365e+02
2.281093452103580432e+02
2.218628287868642133e+02
2.275667083406500808e+02
2.230199183375217444e+02
2.230306807356443812e+02
2.177188999193581935e+02
2.138611725774744059e+02
2.106727876641133435e+02
2.099578241109212229e+02
2.090964304258509969e+02
2.097983630127962442e+02
2.078214622363774424e+02
2.072756417885367171e+02
2.053453222868418209e+02
2.057212183491605231e+02
2.057598074870476239e+02
2.041132491706157168e+02
2.027516238270311533e+02
1.873252473842778443e+02
2.194507105430419642e+02
2.062309347961738979e+02
2.085463075187712718e+02
2.044649167378628078e+02
1.992668026236735841e+02
2.000689755108045915e+02
1.999924317455246410e+02
2.000286467759837024e+02
2.017362973154029078e+02
2.002246076072205767e+02
1.995491915162761529e+02
1.988319754926585858e+02
2.001972604147035781e+02
2.001771660578167484e+02
1.986153724626427106e+02
1.986316403473077798e+02
1.997826724868602355e+02
2.002058738395067508e+02
2.006299534607392161e+02
2.013058394116444276e+02
1.759857609139845067e+02
2.344168458002576472e+02
2.227673016906625492e+02
2.128835049623479847e+02
2.092843933536695715e+02
2.070595945704407939e+02
2.095310956606134596e+02
2.063128752471110658e+02
2.042308984068986319e+02
2.069947284855260534e+02
2.056921089344994868e+02
2.032315289113570600e+02
2.029501016376953260e+02
2.018350706496962630e+02
2.000876971092994268e+02
1.991365949603406875e+02
2.007124556112899825e+02
2.004356734717806319e+02
2.019442539217234582e+02
2.027993974769384806e+02
2.017278062787811450e+02
1.796049130712593183e+02
1.869398948355373307e+02
2.011832692317345845e+02
2.013091281620381210e+02
1.988490395595140399e+02
1.958380852469508966e+02
2.011348892368639270e+02
2.024112054144038950e+02
2.021603665153672296e+02
2.060197539907832720e+02
2.075015472212213012e+02
2.065254417977820935e+02
2.052346290126061774e+02
2.044355816626139983e+02
2.039319287942721530e+02
2.024618321820213680e+02
2.031904321699068419e+02
2.018342122433356849e+02
2.010396074334564958e+02
1.994243947856794819e+02
2.005037990287281673e+02
1.693893393427032379e+02
1.914475526321893426e+02
1.887165559075510259e+02
1.927109710048767113e+02
1.946906746482207495e+02
1.929215928411491916e+02
2.110279506258632978e+02
2.074697664708635045e+02
2.071219233572745964e+02
2.052392731885332182e+02
2.026217616229745033e+02
2.015937315168445423e+02
2.011705184994633555e+02
2.021548608509984035e+02
2.018219752479479041e+02
2.007477616100397881e+02
2.016274819823459552e+02
2.014381683281269204e+02
2.006843711731579276e+02
2.007679034345521814e+02
2.006163419639845813e+02
1.894254625366831419e+02
1.868468560570405543e+02
1.885408938689637353e+02
1.885739753873449729e+02
1.896024277831194524e+02
1.885459173780387232e+02
1.922686492714231292e+02
1.958602798363291697e+02
1.944200120849377242e+02
1.960032955484602439e+02
1.965373150602458168e+02
1.988462666169198485e+02
1.994470830133907384e+02
2.002518305364726245e+02
1.989407132385644559e+02
1.991955943899164083e+02
1.975614350703530988e+02
1.969446805763434440e+02
1.984337714246343580e+02
2.019200665517217317e+02
2.014895196209108974e+02
2.023416057264657866e+02
1.922236674209711396e+02
1.971075316736932734e+02
2.008061110178485080e+02
1.960141269059190847e+02
1.988741781580216070e+02
2.006093964066716069e+02
2.006748524015002317e+02
2.017467163998393573e+02
2.006000109859266445e+02
1.981111142434472470e+02
1.997308599875135258e+02
1.988735101673747181e+02
2.027128327740311704e+02
2.014750557308477710e+02
2.019061150775476108e+02
2.019696968277603162e+02
2.014422539466038131e+02
2.005827904816212595e+02
2.014075458862281778e+02
2.007168368440860036e+02
2.212235164242295582e+02
2.025315054848436205e+02
2.045571959554896466e+02
2.025544160075696993e+02
2.021022537671156556e+02
1.987368767544050741e+02
1.948560378277260838e+02
1.970797315411931550e+02
1.953569841796586104e+02
1.945452917861076969e+02
1.949754457479093617e+02
1.955478629274155651e+02
1.948998490257396838e+02
1.939362011767254330e+02
1.953023708012889870e+02
1.943133744065225130e+02
1.951437930539364061e+02
1.957317807709270596e+02
2.005406130380477236e+02
2.009364881240435068e+02
2.006031937584423304e+02
2.292314196531400796e+02
2.023770949031063822e+02
1.982024979436527872e+02
1.934398814556761010e+02
1.969784501670361010e+02
1.988497771502454157e+02
1.996916389637145528e+02
1.960220688290467876e+02
1.947788519687461815e+02
1.936433696787686074e+02
1.994485283349551423e+02
1.998028746592188156e+02
1.982414368428189562e+02
1.984998641749538706e+02
1.976335097593702130e+02
1.978464500823693015e+02
1.982996943848407909e+02
1.973518916274155970e+02
1.998892079988445118e+02
2.004837332171972264e+02
1.998058065781421249e+02
