2.494198626736432232e+02
2.404203519729482252e+02
2.370414542916214202e+02
2.362183078346332366e+02
2.350384558250621012e+02
2.334927246127456328e+02
2.289245025323537561e+02
2.265535493810638172e+02
2.232792641284552815e+02
2.206862929710967762e+02
2.172562965826974164e+02
2.144252555807026397e+02
2.132179090934856163e+02
2.090572503327717868e+02
2.059342614184036790e+02
2.022394537666780820e+02
1.987402777621174437e+02
1.942493469107200497e+02
1.907047738664074359e+02
1.868082329847406129e+02
1.823298693707550910e+02
9.258643251043235978e+01
8.567360671037668851e+01
8.062159249827513463e+01
8.009646626966168981e+01
7.742807437013232175e+01
7.519209376010201140e+01
7.291800216026597070e+01
7.074466747842866710e+01
6.980604373410201902e+01
6.912991741303773097e+01
6.709545093423014350e+01
6.562812371690304758e+01
6.435251607112121519e+01
6.289937842558412484e+01
6.094446254843364130e+01
5.967010652771037371e+01
5.813785700083030861e+01
5.658326551888356448e+01
5.505029262576585580e+01
5.407084941005019374e+01
5.250380640007811195e+01
2.951446907857253166e+01
2.434183685842518230e+01
2.777393024330406845e+01
2.616595048907667831e+01
2.622393613025879588e+01
2.630376309223377973e+01
2.559897587643046535e+01
2.459584684475551697e+01
2.352053708430712931e+01
2.328537838034228713e+01
2.293582991050696407e+01
2.244417086797137983e+01
2.241475840082035731e+01
2.244429135153770360e+01
2.203043942224618945e+01
2.230118740987656878e+01
2.270415037724828622e+01
2.273596091562868438e+01
2.241554585465727101e+01
2.216573135549800710e+01
2.206800666869336780e+01
1.352284298220124370e+01
1.313690127311759426e+01
1.342882369629273320e+01
1.418213193548355200e+01
1.538491651035731067e+01
1.556193419932029798e+01
1.503534640098313524e+01
1.467013865936472072e+01
1.471486259335371827e+01
1.441821831431134093e+01
1.433359169932029964e+01
1.444777920184186826e+01
1.461835614499390168e+01
1.496215376712174638e+01
1.475251104146786396e+01
1.486602521149278111e+01
1.492319680388085956e+01
1.474743589867787463e+01
1.446600727506245576e+01
1.448862469413281850e+01
1.425722455052033943e+01
1.608449506298673981e+01
1.413289596874322207e+01
1.191770463634180999e+01
1.196979731309269468e+01
1.122146338311512181e+01
1.046525658673744630e+01
1.075934313534179410e+01
1.065150282367291723e+01
1.077641226677328667e+01
1.111166232718955627e+01
1.117025094099299665e+01
1.113056373389224163e+01
1.110010865224918319e+01
1.090572039748782984e+01
1.085692562891342838e+01
1.082016885357468894e+01
1.059050320025762559e+01
1.099113234668213579e+01
1.084388911848661685e+01
1.083892393020753708e+01
1.077375931853376301e+01
2.397859038440559942e+01
1.461060225289464221e+01
1.407719339664656744e+01
1.337300439179917966e+01
1.248211669589340822e+01
1.278610816886192936e+01
1.209105064999823576e+01
1.198841285420150449e+01
1.145455632859580852e+01
1.121791916962875035e+01
1.099057472819586856e+01
1.157901631333341363e+01
1.104118481854164102e+01
1.096363348520532099e+01
1.069011546149267211e+01
1.052675842409908391e+01
1.051451783596182210e+01
1.022783718013753607e+01
1.011796537795909323e+01
1.004647445293781693e+01
9.898895108504159879e+00
4.932918686265136188e+00
5.566426157405095054e+00
5.493468201825130848e+00
6.247888146805674836e+00
7.149619732374261183e+00
6.584590020924192544e+00
6.178123672692803936e+00
6.214854699108913749e+00
6.344276702301971937e+00
6.395404227808206166e+00
6.357832161695800011e+00
6.357778841808388037e+00
6.030201887739820243e+00
6.387413447123896582e+00
6.189779021463667874e+00
6.141375624354107110e+00
6.380162533706307038e+00
6.292703175779577940e+00
6.179825248971074103e+00
6.297895994814282972e+00
6.192435311261055730e+00
1.318399087625872923e+01
1.016359752170357211e+01
7.920878522061584270e+00
6.737076233046938256e+00
6.064824150461934238e+00
5.519534249120850333e+00
6.004089727407521337e+00
5.783114151945416559e+00
5.741361247399765944e+00
5.808727964599754046e+00
5.669681008469801498e+00
5.384762684422871537e+00
5.396450441102889961e+00
5.229631513375927909e+00
5.557140704662679731e+00
5.612769235114996036e+00
5.959232160739956541e+00
5.905309974782730897e+00
5.750840165501260870e+00
5.983674674983338271e+00
6.004167216486512970e+00
6.663668194102641884e+00
5.104529310672309528e+00
5.132054228794107331e+00
4.715318239777253950e+00
4.900047513553765555e+00
4.478497392982209391e+00
4.553474061355456293e+00
4.723008996536401050e+00
4.617631596164135210e+00
4.481333389489974728e+00
4.244635332513755799e+00
4.214650526226972005e+00
4.254508917589681083e+00
4.178432602114309447e+00
4.360275590170213711e+00
4.265066650055958419e+00
4.274787131123317430e+00
4.207100982728395167e+00
4.298534047022170235e+00
4.185000067853619221e+00
4.164221937351767266e+00
3.778478511999588729e+00
3.920240293152072564e+00
3.879735528452210591e+00
4.375424123007577215e+00
3.951476698388189490e+00
3.678088357304305056e+00
3.885645840058360001e+00
3.650474699229999676e+00
3.487692971858316060e+00
3.525201188219872162e+00
4.139028250022548150e+00
4.415872144531210353e+00
4.360013399262440359e+00
4.399869433133936525e+00
4.431039164065168734e+00
4.415484757384782633e+00
4.443954204108837125e+00
4.507113770420331456e+00
4.441645727469554217e+00
4.471146843077941746e+00
4.628402867916266317e+00
