6.915982083827459519e+02
6.891996605778376761e+02
6.870460924546431443e+02
6.846451087423172339e+02
6.821753228819520700e+02
6.795282143182212167e+02
6.766352712255330744e+02
6.735637770469394354e+02
6.701401494217549271e+02
6.665823065044736495e+02
6.625057625612602124e+02
6.579455516410072278e+02
6.526839172870121502e+02
6.468279133392456970e+02
6.405488024148552313e+02
6.332685643464214991e+02
6.247775295005069438e+02
6.158904791837311450e+02
6.064172033147439151e+02
5.960204708119131283e+02
5.853907007722564231e+02
3.455868967547066291e+02
3.558781587113144838e+02
3.442714509379679271e+02
3.470876720916818954e+02
3.447045360743420019e+02
3.479483139852372346e+02
3.445613592673301468e+02
3.436624267732331077e+02
3.431608490314531537e+02
3.398934692592201827e+02
3.418856167458671962e+02
3.410215439608473389e+02
3.405622511804265287e+02
3.405085954409737496e+02
3.409362286215017548e+02
3.407882370048793632e+02
3.409780980942606448e+02
3.415741573601916343e+02
3.412224135208272742e+02
3.397371779593884185e+02
3.393797548157344295e+02
3.595953490124758787e+02
3.429023738461402218e+02
3.469688061941400292e+02
3.416696520600693816e+02
3.401164975811998943e+02
3.377335292561883193e+02
3.364624369749531638e+02
3.323887015574504744e+02
3.315313042252626019e+02
3.319860891022292435e+02
3.311304442575204803e+02
3.287459828626348894e+02
3.267575667348191928e+02
3.270401138767170437e+02
3.275254228065220445e+02
3.288111652861397829e+02
3.290321885602444922e+02
3.281053102992511867e+02
3.273134468293436612e+02
3.279376522168315660e+02
3.277500103493836150e+02
3.307268270832977919e+02
3.216585032824870041e+02
3.139974028166562334e+02
3.181358606545989005e+02
3.191126144031308627e+02
3.211597637473903433e+02
3.227037072567243854e+02
3.209760058092942927e+02
3.215936939174607119e+02
3.199026348898879064e+02
3.175078774000274962e+02
3.164383792209240482e+02
3.156136659471855523e+02
3.158386540391447852e+02
3.154652475324521106e+02
3.151322156702235020e+02
3.157089656560493154e+02
3.156518143346238503e+02
3.162304216682442757e+02
3.160811659148920398e+02
3.154157220847304188e+02
2.989530190357673405e+02
2.986715330575173084e+02
3.025888905205991932e+02
3.079786773441248329e+02
3.162180020381969712e+02
3.103170898818261207e+02
3.030349627974212581e+02
2.993816153782098013e+02
3.006886714991620693e+02
3.002849749476181955e+02
3.000601410661687964e+02
3.000516845418597995e+02
3.001585221117775291e+02
3.011982674982538697e+02
3.010258174222045113e+02
3.003709975045202327e+02
2.984157510790579408e+02
2.971388707534726450e+02
2.963401798984279480e+02
2.958037372610917259e+02
2.947045172441139016e+02
2.853030359713259827e+02
2.828146609158470142e+02
2.804934083609501840e+02
2.828508591796579026e+02
2.825855918874295867e+02
2.818979311029868882e+02
2.785248554473831177e+02
2.783190464097157815e+02
2.808904112975873772e+02
2.783984955947325943e+02
2.778678325195295429e+02
2.753253515315126947e+02
2.733497719102270480e+02
2.721977194606916441e+02
2.713610321750144294e+02
2.709218574865313371e+02
2.713395862840421842e+02
2.713433183742002370e+02
2.697621119652467883e+02
2.689053862688284084e+02
2.683130172271417564e+02
2.632644759991454748e+02
2.464919213651910752e+02
2.428600055624070251e+02
2.486376614931966742e+02
2.488890163625197260e+02
2.487203670848029731e+02
2.503716635700215534e+02
2.503733733888348354e+02
2.480420117333141832e+02
2.459083641051873599e+02
2.434390428106610500e+02
2.418054374904324959e+02
2.410662953990194808e+02
2.386382105825423139e+02
2.372966958467463598e+02
2.362811625519943561e+02
2.352894256397469803e+02
2.343129721043681570e+02
2.316184492343534771e+02
2.308230179784112295e+02
2.304478123375152734e+02
2.160713631407077742e+02
2.037843857268397585e+02
2.074674655206898990e+02
2.022689738844800331e+02
2.001165954022742994e+02
1.984249269297696117e+02
1.995402453769656859e+02
1.975891372687530634e+02
1.968773268934309044e+02
1.964905219015352884e+02
1.959163943473577092e+02
1.951638990683385657e+02
1.944669070990417197e+02
1.944747717939057168e+02
1.934414183748529297e+02
1.941087587229187363e+02
1.939681163040665695e+02
1.928694081360924031e+02
1.906665652264818505e+02
1.905669824146295355e+02
1.896859848815361715e+02
1.672242455486688755e+02
1.759386905938981727e+02
1.693132437593708914e+02
1.733152985806940194e+02
1.710799763242589506e+02
1.701658572373314939e+02
1.684635109632405374e+02
1.660088413305677761e+02
1.658803246998998304e+02
1.647562837849505115e+02
1.644205642159926981e+02
1.632365485172758213e+02
1.619689216359188322e+02
1.609708643431516464e+02
1.600534860189530662e+02
1.598200425019011561e+02
1.583727450141606710e+02
1.579668130645231372e+02
1.567673662043220588e+02
1.561020313117076626e+02
1.547685559540981615e+02
1.426570199338425198e+02
1.368502069626906632e+02
1.392879218899594491e+02
1.339837969352887228e+02
1.343082965236227722e+02
1.340053100216293842e+02
1.331376983132201985e+02
1.341494333892193538e+02
1.338470559393421127e+02
1.332378685320325360e+02
1.322703299976311371e+02
1.321878830049132034e+02
1.321793714737358414e+02
1.313973706697600790e+02
1.316093286251043537e+02
1.314464119044453696e+02
1.306590164146914503e+02
1.300571626285005209e+02
1.286874038433520298e+02
1.288235055474740989e+02
1.288730375643965544e+02
1.352174219170186120e+02
1.255263937337954587e+02
1.187903840100660489e+02
1.229220995284814535e+02
1.193203219446426573e+02
1.185104772973807314e+02
1.173989771028669367e+02
1.169435602436910671e+02
1.158804602046785561e+02
1.171939666144580769e+02
1.166787615952357982e+02
1.151491622264594099e+02
1.140101010107892563e+02
1.140961997549383966e+02
1.135871108844509365e+02
1.135873263941098088e+02
1.134596053132260209e+02
1.126668181074381749e+02
1.118384938250499516e+02
1.112443942984676966e+02
1.108846436836701628e+02
9.318314856736503771e+01
1.004896632629816935e+02
1.051604459888968108e+02
1.035778270151264593e+02
1.016952359910732184e+02
1.000646036226986553e+02
9.901037041108145331e+01
9.842204153260023247e+01
9.904617240410317436e+01
9.887531838781340809e+01
9.938290835599930517e+01
9.925197434867628488e+01
9.979358177909290362e+01
9.967191636152622891e+01
9.965429926415832540e+01
9.901291433925682384e+01
9.822594631016893629e+01
9.716533916362772061e+01
9.701805199625660237e+01
9.707668188640002427e+01
9.648001858697749356e+01
9.933707549380852697e+01
9.235718182535242704e+01
9.622467528231847211e+01
9.348983292260435007e+01
9.299666810947374529e+01
9.165312683378493830e+01
9.170590441173737872e+01
9.184361061988286679e+01
9.219318385891688195e+01
9.172098570661304962e+01
9.169883559630304148e+01
9.192136660765271472e+01
9.087897243905527489e+01
8.984395401459664754e+01
9.004977292722597326e+01
9.032465922692236404e+01
9.022154417199442378e+01
8.959180858483651377e+01
8.988474583719265354e+01
8.971534839475145873e+01
8.887903280623727653e+01
7.535704882019069828e+01
6.883055675044147392e+01
7.747687763604787392e+01
7.914634059041168257e+01
7.784788977163998425e+01
7.852333907641200028e+01
8.013369518307182204e+01
8.195420607321869966e+01
8.181535104353098120e+01
8.199107492084469584e+01
8.199510287299320055e+01
8.204807796867739000e+01
8.358313265593490371e+01
8.310552115250314387e+01
8.313966860307553475e+01
8.305630489929181692e+01
8.314161680757800355e+01
8.260787184297772967e+01
8.268562969917137195e+01
8.226951359041947853e+01
8.203360769044404321e+01
9.128667775083532376e+01
9.491078608940735251e+01
8.603067586246579879e+01
8.546105883849675422e+01
8.492012172334692366e+01
8.197057009266113425e+01
8.060688741562556459e+01
8.138577926673245599e+01
8.049842218181048281e+01
8.007331523387443895e+01
8.028580155358791615e+01
8.008598100457719227e+01
8.006075669031271502e+01
7.932635362191859940e+01
7.876605151663062543e+01
7.834655065195337897e+01
7.895464159193203102e+01
7.835985950537514100e+01
7.820460849642616097e+01
7.782627318497010549e+01
7.766274168485969653e+01
7.887954215486374210e+01
8.229214982151546565e+01
7.977691018849270677e+01
7.723769293513548462e+01
7.572898211117203005e+01
7.693480204820123447e+01
7.690991268338632381e+01
7.541062314527988519e+01
7.587213385295659407e+01
7.545133286838499487e+01
7.553009679305445445e+01
7.607638487885833456e+01
7.495016479273309074e+01
7.480234265641890090e+01
7.401374302059858223e+01
7.572966956097150160e+01
7.561416286604854520e+01
7.468626872246900916e+01
7.451729519183163575e+01
7.418379504786446432e+01
7.381151436480662653e+01
6.601456756888825339e+01
6.473254383243104826e+01
6.550872469161724609e+01
6.554496121437469469e+01
6.750124074972271160e+01
6.840545250765148921e+01
6.859526136441738231e+01
6.864051371733489759e+01
6.834568323738261597e+01
6.799841877785060262e+01
6.739979094702744078e+01
6.769520798764480674e+01
6.785552169723514737e+01
6.844372386409048659e+01
6.785803322945736227e+01
6.823268009952072077e+01
6.854528636913148887e+01
6.908834405158424374e+01
6.858315626915667451e+01
6.931991413513124201e+01
6.930998189574503954e+01
6.632578881546427851e+01
6.597839616432432308e+01
6.665445316341643434e+01
6.561024180691659069e+01
6.592832980190389947e+01
6.405394751149195542e+01
6.602736692338206126e+01
6.605900850415774528e+01
6.748334395798343621e+01
6.712822901301026945e+01
6.684186692907732663e+01
6.701550853382531159e+01
6.722499809428475714e+01
6.707617631521245016e+01
6.720886056732780389e+01
6.792645263042379611e+01
6.765487012005556267e+01
6.773450970099874269e+01
6.811146201114411269e+01
6.825379092617917820e+01
6.823973505244985915e+01
5.995413259840690046e+01
6.214700920567912590e+01
6.202426732270948406e+01
6.230890991106190313e+01
6.280957376437179107e+01
6.497255222656768581e+01
6.532529151805987055e+01
6.633953524663570533e+01
6.590430952340604165e+01
6.576698575843401784e+01
6.575291308375464894e+01
6.661271880890495822e+01
6.597473725178232939e+01
6.567405395069880569e+01
6.537201874378457944e+01
6.535659964591208393e+01
6.542633489280619585e+01
6.570923778994625764e+01
6.596759631730826356e+01
6.652908114828859709e+01
6.623270044822389480e+01
4.019166500556889332e+01
6.101474420876841975e+01
6.761890419843479094e+01
6.507963828352603741e+01
6.476324597119426585e+01
6.337938824982288111e+01
6.284457832406646816e+01
6.321565859107238339e+01
6.204395273544566436e+01
6.244173495719071099e+01
6.230185775441150042e+01
6.148326153370891234e+01
6.183617370190411577e+01
6.161534333504485517e+01
6.192405678712250960e+01
6.207837269265494484e+01
6.166642517491095532e+01
6.232013861692453105e+01
6.287754734580806826e+01
6.339268727707023743e+01
6.347606182710237022e+01
5.248225430904118127e+01
6.315545685395510844e+01
6.338173941577179704e+01
6.485185805727221009e+01
6.652614784158355121e+01
6.658684228661637405e+01
6.630189132025060417e+01
6.749663381245359517e+01
6.549139008240487669e+01
6.491364678586772641e+01
6.271462893004375161e+01
6.301831357121596966e+01
6.319956401220630937e+01
6.260100428938485351e+01
6.116179649360141468e+01
6.155581048010429157e+01
6.168257970183596228e+01
6.093293567911261732e+01
6.081623726852054546e+01
6.153589333225230007e+01
6.240949803446327593e+01
5.933054652849263988e+01
5.935200794804752178e+01
5.528223610818077560e+01
5.390747256207839655e+01
5.820547013967468075e+01
5.811448170439379624e+01
6.002178997645064129e+01
6.050669201914579531e+01
6.293577481586840605e+01
6.209800714626450002e+01
6.244011653541999607e+01
6.182250167100576732e+01
6.144767917469312124e+01
6.145331654706113511e+01
6.163263150411985691e+01
6.230063600097915355e+01
6.224139131832099281e+01
6.232830392842726752e+01
6.169980710809855395e+01
6.184013906722360332e+01
6.167753755707798291e+01
5.406297250670768051e+01
6.008941867977664231e+01
6.359008909407619825e+01
6.372982984671315876e+01
6.332058737482355326e+01
6.059900364203116396e+01
6.069938312384477541e+01
6.207118423106562943e+01
6.123694630820087070e+01
6.183109490294511801e+01
6.252337781628764191e+01
6.167430812903767645e+01
6.111641257345219458e+01
6.086668801228118042e+01
6.041135959618123508e+01
5.993334515349055636e+01
6.058071135441747401e+01
6.019360521392641061e+01
5.994584713063532888e+01
5.952501814408614678e+01
5.927581945255985829e+01
7.293841970966406052e+01
6.188296316525619289e+01
5.595696865237108142e+01
5.701788223561288049e+01
5.933179518673659203e+01
6.003496862938658296e+01
6.078475607431235517e+01
6.053303647931883802e+01
6.081240678353827178e+01
5.922691946012125896e+01
5.849031913677062988e+01
5.853096789123901544e+01
5.837067699122435727e+01
5.851394906679424679e+01
5.825648885051982973e+01
5.797214216694958111e+01
5.757200840738489234e+01
5.810687246277520757e+01
5.803240570434581969e+01
5.824873072830064302e+01
5.771553784994870995e+01
5.600493720788746543e+01
5.352790994639914146e+01
5.863252319972288973e+01
6.301503819923284766e+01
6.471237790269530876e+01
6.251199343985670254e+01
6.260364209795107371e+01
6.149962029918614093e+01
6.032987552978102030e+01
5.983139216911239089e+01
6.022544053018039989e+01
5.934408963185575914e+01
5.967423263400362998e+01
5.948598522247881704e+01
5.945570534218295222e+01
5.940125094909652859e+01
5.900194493365123805e+01
5.860319227730281710e+01
5.877364504126098410e+01
5.894267610280388681e+01
5.866040922709411376e+01
6.538634170226598030e+01
5.936301084827167784e+01
5.862171844942647425e+01
5.913542172692516630e+01
6.170297011309863677e+01
6.096623916967874379e+01
6.192267233498823487e+01
6.126709277758821770e+01
6.153482876586148365e+01
6.064748427075048198e+01
5.920897856526974579e+01
5.825642266580611306e+01
5.765521410296511817e+01
5.707938989542974895e+01
5.719784784811323419e+01
5.738460015771948264e+01
5.737975103578737901e+01
5.662056047738077780e+01
5.681575623873143144e+01
5.687053409991023045e+01
5.648586387430642475e+01
5.572441833555267010e+01
5.215934276874299513e+01
5.855831000342264048e+01
6.025053416013070517e+01
6.229235872112560912e+01
6.128174220939870764e+01
5.967640227698349520e+01
5.962350029047407673e+01
5.939049523528662888e+01
5.817561373966196925e+01
5.622906937435956820e+01
5.671311324765136419e+01
5.588554431732745087e+01
5.674875483715896962e+01
5.855699803717356389e+01
5.794183011290774488e+01
5.762138928931033632e+01
5.728955336277216048e+01
5.728689096665159752e+01
5.754275188991542933e+01
5.717881922992604160e+01
5.120403965295627557e+01
5.374870852853149472e+01
5.659888376604983051e+01
5.572505831325388925e+01
5.881373945415673177e+01
6.024572145266689915e+01
6.146215610794035911e+01
5.952198449924635071e+01
5.871386784836457906e+01
5.923782380663696756e+01
5.814105416819580796e+01
5.758225732606917546e+01
5.761878296880905737e+01
5.722779084587916287e+01
5.756104289214855640e+01
5.782262453157230908e+01
5.788419441194874082e+01
5.719817017538714055e+01
5.661301789082268243e+01
5.639238375661937397e+01
5.620284507569893151e+01
