1.723818345406432968e+02
1.709653389073113772e+02
1.695583371603511296e+02
1.682214810819676813e+02
1.668479928614920027e+02
1.654623282278461716e+02
1.639226942665046067e+02
1.622590583758408229e+02
1.604785793001764489e+02
1.584143777980672780e+02
1.563784272846896783e+02
1.540623251721426641e+02
1.515618442889091853e+02
1.488472559317742423e+02
1.459360943211189579e+02
1.426865428634624209e+02
1.397613554163335436e+02
1.372140262688912458e+02
1.344621381255744552e+02
1.324949252844506873e+02
1.307267821951604958e+02
1.068902986665149797e+02
9.403580534070144381e+01
9.379307394396811048e+01
9.444853901196793799e+01
9.275786287713359002e+01
9.249503565468600641e+01
9.170272571806894746e+01
9.172804029410532678e+01
9.120906886832833038e+01
9.095189601830249160e+01
9.128729820465787270e+01
9.111908752853794624e+01
9.124104283676670946e+01
9.075891524260516974e+01
9.056291583736815198e+01
9.009288593282362001e+01
9.002386689547887499e+01
9.003948128894937497e+01
8.980630796784758729e+01
8.974590175457296937e+01
8.975589125245132038e+01
8.973367327002338811e+01
9.009733189268666820e+01
8.837941388140535537e+01
8.798034304170089115e+01
8.871535599349472534e+01
8.874053003859634714e+01
8.823919405908223723e+01
8.770753385745953778e+01
8.760068796242352107e+01
8.749036957201278142e+01
8.681977399721374411e+01
8.659216271847513724e+01
8.667972468389973528e+01
8.610780841136337926e+01
8.587022976594695933e+01
8.530332364524801392e+01
8.545405649107266299e+01
8.533535999417962614e+01
8.487813358244831363e+01
8.487373413929206833e+01
8.457705230734168822e+01
8.732374623605211639e+01
7.935601891731711532e+01
8.060246839313222722e+01
8.088647743144625224e+01
7.943072765677278824e+01
7.825097581573629668e+01
7.786610058834017423e+01
7.717306394227789212e+01
7.745665432427851727e+01
7.741961922125688034e+01
7.745670344897584414e+01
7.755886945194878024e+01
7.720983098468325068e+01
7.722968405935667136e+01
7.710933695909051266e+01
7.698696320537023041e+01
7.693264889194722400e+01
7.655933801424771445e+01
7.621393704715451634e+01
7.585302893526953483e+01
7.559332145627649879e+01
7.340513637350976239e+01
6.745183839692953143e+01
6.600683591050292875e+01
6.705007903930545865e+01
6.685580035453737935e+01
6.602513134016217577e+01
6.602606867681632252e+01
6.514612389444127416e+01
6.439751737651296537e+01
6.421497117831589208e+01
6.372777633166332834e+01
6.333973581929517138e+01
6.262697173952950891e+01
6.185443198015908450e+01
6.153760334535717647e+01
6.131592090759570368e+01
6.068236774731748540e+01
5.990907959388020032e+01
5.939248183348732368e+01
5.887011511817866705e+01
5.840123675554721672e+01
5.061796723094985850e+01
4.593205669548904524e+01
4.611743332048855137e+01
4.541337934351555106e+01
4.493272337189661414e+01
4.423859691991424370e+01
4.410215692430815437e+01
4.394364324857144055e+01
4.301649232541011258e+01
4.266003441211464065e+01
4.248318084749270440e+01
4.216982286586101480e+01
4.213247806585001598e+01
4.165341802130292592e+01
4.100572510584296992e+01
4.056746840760160921e+01
4.013907176160708445e+01
4.000110124385035704e+01
3.959152173844480416e+01
3.925263344208935479e+01
3.879953004893251034e+01
3.492582262420845041e+01
3.245893761470605909e+01
3.210475291259925257e+01
3.120176638024759441e+01
3.068797797290773133e+01
2.988929977391228832e+01
2.958936528794212251e+01
2.921582426181678827e+01
2.934865323772798362e+01
2.912262602849572346e+01
2.892019614917225567e+01
2.859792171793833049e+01
2.840938060772839435e+01
2.843189883419656994e+01
2.834613138684326117e+01
2.802941303273627582e+01
2.768792313034708741e+01
2.764209518527442455e+01
2.734532033703898080e+01
2.701014321618355751e+01
2.677851001597919378e+01
2.296299380297480397e+01
2.188933420655321882e+01
2.208089945363843754e+01
2.260001367199161137e+01
2.255695983525550119e+01
2.292178821090868723e+01
2.253839259084020696e+01
2.268725566909287750e+01
2.240610449770995416e+01
2.247447668453706626e+01
2.223035794939713483e+01
2.223654694306021185e+01
2.207536558989933795e+01
2.163837392362529144e+01
2.147103332923463626e+01
2.150112392059158495e+01
2.140944727504333400e+01
2.118216413838891654e+01
2.103541463528956967e+01
2.096079349121369617e+01
2.097643279936831107e+01
2.038654391022928536e+01
1.759654826849511267e+01
1.882871778978710964e+01
1.839499811672075680e+01
1.878523287365290173e+01
1.871673237538938395e+01
1.814560301081623095e+01
1.782380323366042063e+01
1.802082941195629218e+01
1.823290340682133959e+01
1.820804236285771083e+01
1.793883436451060120e+01
1.776396317814624837e+01
1.741694633419140104e+01
1.740822385231371427e+01
1.746759040925857676e+01
1.758344282803929559e+01
1.776095544542686966e+01
1.769230116580571277e+01
1.777089504227422978e+01
1.783099802854973603e+01
1.277309725418545305e+01
1.531196902111583746e+01
1.605964847436010601e+01
1.694692487085672283e+01
1.685700001145955795e+01
1.638250411965515596e+01
1.622057858901202110e+01
1.584382922768621604e+01
1.605066175533477946e+01
1.622103713518690071e+01
1.610893870502368586e+01
1.629435615710166374e+01
1.628522280077368833e+01
1.628455214794938399e+01
1.622977731817469760e+01
1.635640899533901660e+01
1.644195914604570774e+01
1.620913115567135421e+01
1.631176249546718182e+01
1.619560094750021051e+01
1.619790716528781616e+01
1.209172028850191083e+01
1.321732675183322137e+01
1.338178326482269576e+01
1.408470808553369835e+01
1.424878466220842377e+01
1.386753927531374941e+01
1.463983310347729905e+01
1.421758742316251123e+01
1.429511490849450794e+01
1.433252310304169441e+01
1.420361393989475474e+01
1.423759250235383611e+01
1.400300233280094631e+01
1.413057214415942653e+01
1.433477298780031362e+01
1.415857677987936469e+01
1.439831069453263979e+01
1.445131043340252930e+01
1.435754110207817646e+01
1.444909090927694528e+01
1.455061145269546863e+01
1.623515139356933190e+01
1.522082708807352169e+01
1.484830114189151828e+01
1.647867812931235321e+01
1.719046815656306038e+01
1.684145857683592951e+01
1.584801478241824846e+01
1.567407788749267716e+01
1.507237029583693300e+01
1.462035656519883275e+01
1.450992528186492159e+01
1.440926290174505020e+01
1.412304172227247179e+01
1.409740673680855494e+01
1.388982770501202424e+01
1.401406344667102033e+01
1.394422384748330224e+01
1.384284884919538960e+01
1.379379578686409857e+01
1.381339049876695313e+01
1.379531151409740453e+01
1.057690253321560014e+01
1.199671160079665988e+01
1.242491017743779480e+01
1.210476652780309692e+01
1.194022128022352902e+01
1.259658504690928638e+01
1.275243159383933644e+01
1.306813748880110992e+01
1.299650008235282783e+01
1.308029674463173642e+01
1.296038790884648328e+01
1.265285629270260159e+01
1.254934714352777547e+01
1.255955984002797976e+01
1.257088558041085768e+01
1.274822822251791976e+01
1.272693485829328175e+01
1.268350589065978262e+01
1.270883501582946096e+01
1.280590144438427380e+01
1.276112722543405553e+01
1.536401776728876456e+01
1.335234699959946170e+01
1.453310183580267179e+01
1.424905539725819459e+01
1.383612095153225852e+01
1.352061567072444959e+01
1.330587167502394763e+01
1.313588623036326553e+01
1.292332990711491369e+01
1.268056441213930086e+01
1.263316771970813157e+01
1.255733173688823001e+01
1.231287495173947910e+01
1.244699956616932646e+01
1.264594878838026482e+01
1.254753986585978431e+01
1.244409233039186979e+01
1.236360189165694479e+01
1.223473294395093092e+01
1.218588710978290557e+01
1.207758421677105964e+01
