7.220822832772050788e+02
1.304095722480833319e+04
8.060495709550644278e+03
5.954922094062788346e+03
4.787727121117441129e+03
4.045409292637805265e+03
3.531314074699637331e+03
3.153671077041763510e+03
2.863965258738065131e+03
2.634180127625430032e+03
2.446129372126621547e+03
2.287853008760854209e+03
2.150108994385949245e+03
2.036743367173335855e+03
1.937036757942190434e+03
1.849596012557620270e+03
1.773317621597083416e+03
1.705676823502378056e+03
1.644345453041368955e+03
1.589542252010089669e+03
1.539346371998589575e+03
5.808462030307557598e+02
5.663078259634230562e+02
5.575848907817427289e+02
5.539572567482495060e+02
5.491815827625608790e+02
5.455805569797475982e+02
5.452292525162351922e+02
5.429303415044282701e+02
5.427100128301777886e+02
5.452080965616355570e+02
5.435865094455440385e+02
5.387495201622458580e+02
5.370841813382089640e+02
5.328449573809084541e+02
5.273736547226808398e+02
5.235730786504499292e+02
5.209584906434965887e+02
5.172026814192969368e+02
5.118120537498833187e+02
5.069631397472391541e+02
5.013173125838056876e+02
3.840831052707209210e+02
3.953421794220354855e+02
3.935950240073095188e+02
3.844360994087909376e+02
3.856557934772146155e+02
3.836651777918443145e+02
3.813667542319412291e+02
3.740566869142930955e+02
3.679520288662563416e+02
3.622168238182572395e+02
3.604138956684917048e+02
3.603625793427376607e+02
3.560824124599938614e+02
3.530811439078570970e+02
3.505238715564656786e+02
3.481738359011831108e+02
3.429864011894382543e+02
3.480815450433706246e+02
3.577405120889354748e+02
3.665790690433213967e+02
3.676092302163231693e+02
3.284559622878346659e+02
3.429456516134139861e+02
3.467693451869653813e+02
3.401393436248954458e+02
3.305289905922031153e+02
3.281016861231255461e+02
3.295061822712658000e+02
3.306504356625249557e+02
3.289773154336705261e+02
3.235714849766615657e+02
3.217853524916166634e+02
3.193646290798809559e+02
3.202767793925240767e+02
3.176920923242595336e+02
3.155599527600892316e+02
3.131751411086522126e+02
3.112802661011409100e+02
3.092758710167983054e+02
3.065391877779800325e+02
3.144313031556753231e+02
3.141037214210773527e+02
4.343354910547183181e+02
4.291790907001957862e+02
4.116136917894006046e+02
3.832332628602408136e+02
3.575830728686971156e+02
3.531484057547392013e+02
3.411159255919732800e+02
3.301557612329494873e+02
3.283039790366599959e+02
3.197491212660326028e+02
3.150089097097414310e+02
3.123424482107788549e+02
3.069964441019385504e+02
3.061837472270552780e+02
2.992484475783112430e+02
2.954893652075514865e+02
2.923898807397062001e+02
2.893333649420378038e+02
2.869010583681181288e+02
2.863953293133061493e+02
2.857294859345906275e+02
2.429587329180970983e+02
2.319583455103278311e+02
2.299483248549101404e+02
2.311489818326998602e+02
2.225726884708468560e+02
2.248817844617438766e+02
2.720288590288359387e+02
2.821729539470625241e+02
3.009461425203689373e+02
3.126664289813149367e+02
3.195728014549712839e+02
3.201922647085621634e+02
3.192479152229519173e+02
3.177281054704071153e+02
3.164203342721974082e+02
3.160956222087567653e+02
3.175207003080710706e+02
3.160154162676972192e+02
3.128467359765377864e+02
3.104779601979587369e+02
3.072724506198536005e+02
2.720856246179657205e+02
2.558064853353012325e+02
2.441950994889530477e+02
2.422806626962730263e+02
2.410489337896178483e+02
2.379654264272909074e+02
2.307975963218130175e+02
2.373620792995439785e+02
2.324008934705715603e+02
2.305576365300327382e+02
2.275138292495187784e+02
2.256917180882213358e+02
2.238529271415447113e+02
2.217724342431843070e+02
2.190213417631112520e+02
2.157025808341949755e+02
2.171069510781002521e+02
2.162166999973936470e+02
2.140621768651231491e+02
2.144972828589612277e+02
2.146280924252391458e+02
2.071159067876248514e+02
1.971995703269247144e+02
1.906347245023036976e+02
2.046905991655524701e+02
1.951856218226727435e+02
1.956561241306401655e+02
2.020559535196609886e+02
2.015746207882712326e+02
2.024981526945927328e+02
2.047414021056478362e+02
2.023252470747706582e+02
1.997553412755668774e+02
1.966655749124110741e+02
1.948189653187662884e+02
1.923294670130763677e+02
1.896888019469836593e+02
1.881160881509107412e+02
1.863543428126030506e+02
1.858325897999683889e+02
1.885434979700766860e+02
1.876511194214555758e+02
2.374085884587134103e+02
1.913233278285734116e+02
1.935675941339972042e+02
1.839628500905407691e+02
1.831403096978284282e+02
1.814778355535561616e+02
1.831629999779138984e+02
1.798992172132168719e+02
1.778175725541983923e+02
1.741804106542826958e+02
1.716041887174542069e+02
1.700520892393491295e+02
1.750906374719363328e+02
1.774323424627061740e+02
1.775860952588763553e+02
1.768250450240307998e+02
1.752269244137136752e+02
1.732133715067890876e+02
1.727846700851918911e+02
1.733838005901862971e+02
1.716025748596474614e+02
1.425755816428903415e+02
1.580035586520407094e+02
1.770005996152349326e+02
1.744593246422255106e+02
1.687589820331575083e+02
1.655437014450304218e+02
1.649730992242583909e+02
1.671997723758771031e+02
1.657417463206801642e+02
1.646533670685235791e+02
1.630344406164897748e+02
1.610399745166472485e+02
1.594559229891043515e+02
1.588842640960015160e+02
1.593629966775645812e+02
1.577544428852569069e+02
1.570769770673806534e+02
1.572192950326638368e+02
1.576605057848701392e+02
1.564275999304243498e+02
1.554346514859448973e+02
