6.915061797287100944e+02
6.892035543809795399e+02
6.870104488891156507e+02
6.846184748484486136e+02
6.821545445808059185e+02
6.795642535361105274e+02
6.767017333262419925e+02
6.736243954749427303e+02
6.700993523517664698e+02
6.665334153782006297e+02
6.625265658976967416e+02
6.577682329630376898e+02
6.525361471018272823e+02
6.467281176988834659e+02
6.400649721410239863e+02
6.332347271428000113e+02
6.252521242833142878e+02
6.167121967398003335e+02
6.068767532302066456e+02
5.966782415205011603e+02
5.852225263083654454e+02
5.742615055816145286e+02
5.643514378677792820e+02
5.556900458019102871e+02
5.470002182675764288e+02
5.397423075012940217e+02
5.323989603117629485e+02
5.257527643475538071e+02
3.635047343768403039e+02
3.675932300765622927e+02
3.641318646080747499e+02
3.545689881323835380e+02
3.528605775842053163e+02
3.469063686786122389e+02
3.442464053819919059e+02
3.428295960337780457e+02
3.422169579315980741e+02
3.396321020004813249e+02
3.376460727375298347e+02
3.380622772524478705e+02
3.358088748803107251e+02
3.365944522667132333e+02
3.365606404484217933e+02
3.358600937905956698e+02
3.351122792655185663e+02
3.349277822494321413e+02
3.334559812337577114e+02
3.335409171791328617e+02
3.333502191272963842e+02
3.331899555579188359e+02
3.328458928950184941e+02
3.333117145278911835e+02
3.332936047758471432e+02
3.327272926621896545e+02
3.320494838694211808e+02
3.328156891996991362e+02
3.134356107695788296e+02
3.249383537669691009e+02
3.296342773381849725e+02
3.305672770849868698e+02
3.307459743340735372e+02
3.304600994993049312e+02
3.270233164139688711e+02
3.287787780305894216e+02
3.320978882217606838e+02
3.290161156496399713e+02
3.289272198546799473e+02
3.279293904742412451e+02
3.265307834886266960e+02
3.262656934103949311e+02
3.244284061690003114e+02
3.240537417899864181e+02
3.257351316044192231e+02
3.249180953842984536e+02
3.236635682659209010e+02
3.223713555343674102e+02
3.199189713564667841e+02
3.200376030185890386e+02
3.193110367111250412e+02
3.184588167487088981e+02
3.174127292065203960e+02
3.178511862438803064e+02
3.173489609039833681e+02
3.163773801019471534e+02
3.224364045757311601e+02
3.120787043392962801e+02
3.063945394676850924e+02
3.041011785189071475e+02
2.990098950114447689e+02
2.963686211358723313e+02
2.999529993627966178e+02
2.991790928589285272e+02
2.955959584128229949e+02
2.976939176209835409e+02
2.973393089298467657e+02
2.965270991222308794e+02
2.950591454960139117e+02
2.935388545397245821e+02
2.928117276734724328e+02
2.922419289736643009e+02
2.923608624991341003e+02
2.914692754011772422e+02
2.909648401581571875e+02
2.899818663747437881e+02
2.892792800972135296e+02
2.889590396172297346e+02
2.885939285221043633e+02
2.887185341064753743e+02
2.875976765932663284e+02
2.871868925578315270e+02
2.858369502186437785e+02
2.854146050993909967e+02
2.626558428072682432e+02
2.615787692444110917e+02
2.579551899897703606e+02
2.563306904529922576e+02
2.544541715544112321e+02
2.541049987290888623e+02
2.531866302663003410e+02
2.506099338243912200e+02
2.528255067745496945e+02
2.517734060457186445e+02
2.515845712604435391e+02
2.500854441111168285e+02
2.493200365511372922e+02
2.478041987420331225e+02
2.470681886489770420e+02
2.451475380668661899e+02
2.444550245733952636e+02
2.426206432056033577e+02
2.416724818010353886e+02
2.403787484679432680e+02
2.389329397666239458e+02
2.379711537016483760e+02
2.366401495977582101e+02
2.344773620250400938e+02
2.331935739520314144e+02
2.311851751528136845e+02
2.298501191867178477e+02
2.285346708050973348e+02
2.029788067738418249e+02
1.956256012452480206e+02
1.872468703030865527e+02
1.896254885665337895e+02
1.862932679517254542e+02
1.811747154297559348e+02
1.810632848321556594e+02
1.826086219173106713e+02
1.833630124625033204e+02
1.801192444934803518e+02
1.796708818561553755e+02
1.800418957025148927e+02
1.782439790326696141e+02
1.765955002428673595e+02
1.755914641571186223e+02
1.746668580457192945e+02
1.739850506832430881e+02
1.728576728822408199e+02
1.725145275435840233e+02
1.707634387924535417e+02
1.692643439317586456e+02
1.682405755695321261e+02
1.677970673966715651e+02
1.670019558667332547e+02
1.663069030054049335e+02
1.654884376985583856e+02
1.645268204267462124e+02
1.632443966978194396e+02
1.387684888362507820e+02
1.385398739489098432e+02
1.372419472251133641e+02
1.399662981360667686e+02
1.361477585888326018e+02
1.342826813833154915e+02
1.330883825170530770e+02
1.316265284845864016e+02
1.324215133147380072e+02
1.299998599025937551e+02
1.287244301643968072e+02
1.275999641369916304e+02
1.259411297739822402e+02
1.248483671103411297e+02
1.243484701401238937e+02
1.236741917230985166e+02
1.234053846481094325e+02
1.231003503461682129e+02
1.230178565978428509e+02
1.216562436164367540e+02
1.213028170592426846e+02
1.204374675032436670e+02
1.205390192024332379e+02
1.202252318893864214e+02
1.195570618258348645e+02
1.188602613053120649e+02
1.179853445964582193e+02
1.172968875287355957e+02
8.328041116767977314e+01
9.079079509751966270e+01
9.006785256971272702e+01
9.118899699512620316e+01
9.116647739757448221e+01
9.407757149886197112e+01
9.374211728639586738e+01
9.278838247823728125e+01
9.285040143202957097e+01
9.381307202798117828e+01
9.415891874396581329e+01
9.388549454016775542e+01
9.227658917877690214e+01
9.275798472223958413e+01
9.178867943632917559e+01
9.149392029651080804e+01
9.196114631679833451e+01
9.182446590340822468e+01
9.157595033593314326e+01
9.195723529961868792e+01
9.152482336075536296e+01
9.123309722618949991e+01
9.145951098699357829e+01
9.116165974409878459e+01
9.103381975694601635e+01
9.100828379119633382e+01
9.080691992361886378e+01
9.036470077938923851e+01
9.112418632090023607e+01
8.886057419633293364e+01
9.030074569698804510e+01
8.522150543842624870e+01
8.322833435059777685e+01
8.464192679723051072e+01
8.308871445985705861e+01
8.325949987413808628e+01
8.235785458743318088e+01
8.187443200923136999e+01
8.212099347667312088e+01
8.116158566926306150e+01
7.970585844238807738e+01
7.956147579689934446e+01
7.959761049016701406e+01
7.912121734531824302e+01
7.877641653490869089e+01
7.822791188489435399e+01
7.849025238552860628e+01
7.885512077436979439e+01
7.916523259867190632e+01
7.901494349856437793e+01
7.842847001293191056e+01
7.764898790457695554e+01
7.779578930629115519e+01
7.688109973600684555e+01
7.697106814763152727e+01
7.661906531397761455e+01
7.500513531470872408e+01
7.117993554532283440e+01
6.458043995347594546e+01
6.437428759551880830e+01
6.702688514540557208e+01
6.574039391487249873e+01
6.658581708476077665e+01
6.717877830985422349e+01
6.807234825305728521e+01
6.938548467032855172e+01
7.001146442392740710e+01
7.107827164897342698e+01
7.135655145823712076e+01
7.032182089125853963e+01
7.020137575853837575e+01
6.955929668242357877e+01
6.895478869792837884e+01
7.001706858199524675e+01
7.012813957506725160e+01
6.996825337237015674e+01
6.963711302918208901e+01
6.931465874569700247e+01
6.869320924937944994e+01
6.836372301085597769e+01
6.832126208743362383e+01
6.808166215014701095e+01
6.808624755553375962e+01
6.838021256677096460e+01
6.304793558952115262e+01
5.825493666169231943e+01
5.884583064589043744e+01
6.247308028896377152e+01
6.662550270730436353e+01
6.550866378367459220e+01
6.393086811281328607e+01
6.261780220484177306e+01
6.246140155427363538e+01
6.441216155292468670e+01
6.373416223619718579e+01
6.357011823440485188e+01
6.367191225516957331e+01
6.362053710926613093e+01
6.332148911150285642e+01
6.406592698360289262e+01
6.412371841841938647e+01
6.415023590386695673e+01
6.368122212658440873e+01
6.471207453671692633e+01
6.400467094030186388e+01
6.399859374794499445e+01
6.390215079160862643e+01
6.380534781463499883e+01
6.312802304356775807e+01
6.335257106704706587e+01
6.357030398543858496e+01
6.323001658854465745e+01
4.458483421046905448e+01
5.117161697323039249e+01
5.628031368318492156e+01
5.636888519407557396e+01
5.844615931489905591e+01
5.970943237255335845e+01
6.002579693894163171e+01
6.136459654723725521e+01
6.176726286845362779e+01
6.132979300837798320e+01
6.119398397389377919e+01
6.055819544100550900e+01
6.023102462609675456e+01
6.049219295735125712e+01
6.049760634664888670e+01
5.964832302661148589e+01
5.962110816333735386e+01
5.999010516646470137e+01
6.003756912943608626e+01
5.987138883638345987e+01
5.958303617683148445e+01
5.911406773420574012e+01
5.903032763134769567e+01
5.920492564885414311e+01
5.879346771433764474e+01
5.871472371510873955e+01
5.895161006244320845e+01
5.912414336317180386e+01
7.090273694625230405e+01
6.123256077097327221e+01
5.719569494687457478e+01
5.521798311953350691e+01
5.559809557895247423e+01
5.582326210732018268e+01
5.638831510575884209e+01
5.653639210283646577e+01
5.685814143869837523e+01
5.780082877283702913e+01
5.693995867016593593e+01
5.722430652879677382e+01
5.744538064625466234e+01
5.736165728664205687e+01
5.679677439122242077e+01
5.713070869015283648e+01
5.680953968317371761e+01
5.669380082667260723e+01
5.682818056292551034e+01
5.667306468472166614e+01
5.575068733127326936e+01
5.556835605423583502e+01
5.573160377917990616e+01
5.624440574409899796e+01
5.615013299704271788e+01
5.616538666703977611e+01
5.618396373016592094e+01
5.611703314245753660e+01
4.737164983868196089e+01
4.857816800098522947e+01
5.483237066134962845e+01
5.307818548423546900e+01
5.199677157082310686e+01
5.111628268143613951e+01
5.163153667170520578e+01
5.143737994382392742e+01
5.155459650990115961e+01
5.199839961314357595e+01
5.157087149954399763e+01
5.168217206561906352e+01
5.152960667764608615e+01
5.179424030440581106e+01
5.242600434567668799e+01
5.268372972014397959e+01
5.284634860103597020e+01
5.244873638773371738e+01
5.289534286187488732e+01
5.284357026487084141e+01
5.282498657793561847e+01
5.269174331431505465e+01
5.224753898331947966e+01
5.214464708262738668e+01
5.223439699575896356e+01
5.239120911788930357e+01
5.206496436003211414e+01
5.216005299357934177e+01
5.282576369697976304e+01
4.983110480042886792e+01
4.851337809393140788e+01
5.270743571299030350e+01
5.168854975220978787e+01
5.183053508958266065e+01
5.129551714328673029e+01
5.153746889306834333e+01
5.165452388171581077e+01
5.250044488851776947e+01
5.154817945968966342e+01
5.039212643281547344e+01
5.050705288154082950e+01
5.075136993713370970e+01
5.183220909879765514e+01
5.165115884430716164e+01
5.217359261940334392e+01
5.159572741980345256e+01
5.116258425222953576e+01
5.130562061236003046e+01
5.159059918115140420e+01
5.159707171458776997e+01
5.139838272507627437e+01
5.104844606131314322e+01
5.074739775163352107e+01
5.079245439496782666e+01
5.057370070595913347e+01
5.045653923847899591e+01
6.280957955115947300e+01
5.378535963006319776e+01
5.455191839446476365e+01
5.181725742743056173e+01
5.156225447662734496e+01
5.236107590256931132e+01
5.114220801495687141e+01
4.935172462955617334e+01
4.983896049431770336e+01
4.915656411971497874e+01
4.782912346812621962e+01
4.809811728399776598e+01
4.885912567185231836e+01
4.873384215503763528e+01
5.010588236051174960e+01
5.050755888170989749e+01
5.014623753364490000e+01
4.979547708542627049e+01
4.952532019874821145e+01
4.965326525579661876e+01
4.939326741560532241e+01
4.900873428998298209e+01
4.913571294503223186e+01
4.890202383694445842e+01
4.887493302398389972e+01
4.918956186339060110e+01
4.916216102727420179e+01
4.911054686434489014e+01
4.471963525282447449e+01
4.497226585734230042e+01
4.565319528881020972e+01
4.920126714102791965e+01
4.835479516854820048e+01
4.622172255914454553e+01
4.481760339213285249e+01
4.528593627495028073e+01
4.658500227492906021e+01
4.640122956251565967e+01
4.764023041197238939e+01
4.792260203493680137e+01
4.879003038993213437e+01
4.901238926316167976e+01
4.927990163794265044e+01
4.968374196465743609e+01
4.892316540343826858e+01
4.857450746810519604e+01
4.826915662407715502e+01
4.833549069042881996e+01
4.822756961839873924e+01
4.797251260629234082e+01
4.839947482192465600e+01
4.857465579675961465e+01
4.857995291513982750e+01
4.837058643084471043e+01
4.831804715182732934e+01
4.795413330305726163e+01
4.236909026364948261e+01
4.479887418871913951e+01
4.624913198882816801e+01
5.099177700764946053e+01
5.012531083833484047e+01
4.873092110439816338e+01
4.799016027944340834e+01
4.622625750223866703e+01
4.749965619542803097e+01
4.823310132352020929e+01
4.789100981832819315e+01
4.709717915690956858e+01
4.735790124991250849e+01
4.761368659410187121e+01
4.749340507793237265e+01
4.739406207368149637e+01
4.818640440705534189e+01
4.833084914601924709e+01
4.802175975568323452e+01
4.787874700204697120e+01
4.786954788980705189e+01
4.781696451930434932e+01
4.758858362359693217e+01
4.758582118647912296e+01
4.747259499039394370e+01
4.738466118776618430e+01
4.732216101694306332e+01
4.707870531230230426e+01
3.683310915372776151e+01
4.248901722412263382e+01
4.197481330667168464e+01
4.651456367833343108e+01
4.651875843090999751e+01
4.578329284331958604e+01
4.459752090539689107e+01
4.367839382343625942e+01
4.331216515441158066e+01
4.314454894416146402e+01
4.275598957254032229e+01
4.273915077800494799e+01
4.298346049598218599e+01
4.284479864898956691e+01
4.305055018193132099e+01
4.373260591481513160e+01
4.443269250040726348e+01
4.451076508590693237e+01
4.468584771431729052e+01
4.517978854375093789e+01
4.505536794879483864e+01
4.491226873446996137e+01
4.547382166453785857e+01
4.535082825970641807e+01
4.548640556199661233e+01
4.536991402090541925e+01
4.537336470232394703e+01
4.556072229324918510e+01
4.261694927724553139e+01
4.448212775687714071e+01
4.359764467432511736e+01
4.798222266887430720e+01
4.631524546520005003e+01
4.626079907508542988e+01
4.544251781923956912e+01
4.597204541736486050e+01
4.664021690798165309e+01
4.616926207319006892e+01
4.592956370893133311e+01
4.633921020281349001e+01
4.591623183054864654e+01
4.526034599567070416e+01
4.575922104356097009e+01
4.572167113402089456e+01
4.550285011177892613e+01
4.563957926442315483e+01
4.575333860681301701e+01
4.543887839256080241e+01
4.566841896928574585e+01
4.542862230674425916e+01
4.557953188223282126e+01
4.563215300692414900e+01
4.546001315648663876e+01
4.581265894039280795e+01
4.592738868617401948e+01
4.583608705295095831e+01
5.136364364084793976e+01
4.321053114914601423e+01
4.541372570958675681e+01
4.334218930728058439e+01
4.466716329330715496e+01
4.296737134756673981e+01
4.449570649184930460e+01
4.453551376482217705e+01
4.390020957995218964e+01
4.377592118427261880e+01
4.394951210900664762e+01
4.356302899458241029e+01
4.332967330679579732e+01
4.308955968710769469e+01
4.336602016938226001e+01
4.364996558193424647e+01
4.357348350020691896e+01
4.323396593447571234e+01
4.346363867370363465e+01
4.348246401998620314e+01
4.330927732397730523e+01
4.317709501428406327e+01
4.291861746006249234e+01
4.333589814157010522e+01
4.378004009215839432e+01
4.414758482062321576e+01
4.427625502822780845e+01
4.455620891860532140e+01
3.877531128215429845e+01
4.027699828253790315e+01
4.261498184516040766e+01
4.440647816961263317e+01
4.571356327752876325e+01
4.631574469096270974e+01
4.521231972753206207e+01
4.495432587044179940e+01
4.549113652237312522e+01
4.495582714053920625e+01
4.491410124108902835e+01
4.485526592969137027e+01
4.472763883955742870e+01
4.476330328582193374e+01
4.468010066952068371e+01
4.497373117220715955e+01
4.497415692246109131e+01
4.507199759554774943e+01
4.509041909918431656e+01
4.519237046704551375e+01
4.483787189118874039e+01
4.499629121536777632e+01
4.520291979304366947e+01
4.511689789669021167e+01
4.498678126009664169e+01
4.486741838547861505e+01
4.502346023217757676e+01
4.484663094751857670e+01
4.877063773030405969e+01
4.495879767712670372e+01
4.234348383778546321e+01
4.415859605408233790e+01
4.209828351769465371e+01
4.040348546555149056e+01
4.075194908720901310e+01
4.047149813396206497e+01
4.074011867180885815e+01
4.017033697189626196e+01
4.105193373610635632e+01
4.172762416050245093e+01
4.189537052331450440e+01
4.275799110371065126e+01
4.249439873606073803e+01
4.195296178819901911e+01
4.211704111316449683e+01
4.189264679156052296e+01
4.207454836888465621e+01
4.275305034962733686e+01
4.273768905767794735e+01
4.252147955978605154e+01
4.244054694485552659e+01
4.304886105860821033e+01
4.297992658663667243e+01
4.320291935050821763e+01
4.282520531242263218e+01
4.269830685774192602e+01
5.956102621195420710e+01
5.198597818939470017e+01
5.034692215375218183e+01
5.226169299059921514e+01
4.837098426240030591e+01
4.650079100350860983e+01
4.581809566272853118e+01
4.536343071940127913e+01
4.451953544204605606e+01
4.471005166827431054e+01
4.367022752869381463e+01
4.411311130204222053e+01
4.482447758268845206e+01
4.497332200674529190e+01
4.479608682076881365e+01
4.420923161159781500e+01
4.349073521436975653e+01
4.314390181101535404e+01
4.293588146771657676e+01
4.283228109605526868e+01
4.275273059592497304e+01
4.278858104782012362e+01
4.306502441348869326e+01
4.333377173287414053e+01
4.274711704004106139e+01
4.245802399929254989e+01
4.251267239426287858e+01
4.287647356544551513e+01
5.556260251629686309e+01
4.951089612655983530e+01
4.608492688018783667e+01
4.585641627490728922e+01
4.649551707407333367e+01
4.752552091865022277e+01
4.628727093033816686e+01
4.515593992533368350e+01
4.650337870513914851e+01
4.548871280068090073e+01
4.550374890033837261e+01
4.608065356306551763e+01
4.514325784568858069e+01
4.488056711110800023e+01
4.460793345383197561e+01
4.405566721419877751e+01
4.356928022352072816e+01
4.352472005996249038e+01
4.412089849059160684e+01
4.410969941456352927e+01
4.380734833888237745e+01
4.372043983265609768e+01
4.379591694787320932e+01
4.370269810838063762e+01
4.360054204910688469e+01
4.325171968163171954e+01
4.338583001667096539e+01
4.328926310089191531e+01
5.287387739256070063e+01
4.339776842500525333e+01
4.199387086221490506e+01
4.081071836163916089e+01
4.284421415548037970e+01
4.277008397667169959e+01
4.430763986282945410e+01
4.315926694490428162e+01
4.188120482725808102e+01
4.264156039573558843e+01
4.312382831427953533e+01
4.239483648343064459e+01
4.188148796462236589e+01
4.072231953876615052e+01
4.084223884627207468e+01
4.099463383897582958e+01
4.108605763974993863e+01
4.103766696571080530e+01
4.133788231285688397e+01
4.149347965894986601e+01
4.157848504990759864e+01
4.218915298286044901e+01
4.183732186882455295e+01
4.153796386144509967e+01
4.162852969060631381e+01
4.157104991363186031e+01
4.201960863466193530e+01
4.212815629502301817e+01
4.169510268490157046e+01
3.444863754079787554e+01
3.549976439547530305e+01
3.651646175233284453e+01
3.779827083874165083e+01
3.893974712408600425e+01
3.932147485212666282e+01
3.832540421308196699e+01
3.903268723547520125e+01
4.022274195753812620e+01
4.098165028569935942e+01
4.130692184944895473e+01
4.160477357425717315e+01
4.228654667980507043e+01
4.237674746662028724e+01
4.333693947772460575e+01
4.307304179244091102e+01
4.268837248025079134e+01
4.221533816883204793e+01
4.206053444142422393e+01
4.150760217665481377e+01
4.218311963944801590e+01
4.254836114555510562e+01
4.224714564538776074e+01
4.261496398721254764e+01
4.244837169304778968e+01
4.251795424176484062e+01
4.234008740019256578e+01
4.140464113718478245e+01
4.031116267701829514e+01
4.037449747454763127e+01
3.885148425609669687e+01
3.862067953324505964e+01
4.021308622441239322e+01
3.943668115291978182e+01
3.850707999662928671e+01
3.900974983483718006e+01
3.959716946702033624e+01
4.029374389109413812e+01
4.098884923755246490e+01
4.085372161995238116e+01
4.191354853521036716e+01
4.231470499563383925e+01
4.234142096704819380e+01
4.227351808607734540e+01
4.210249342579666632e+01
4.201875331375643441e+01
4.189850551688898861e+01
4.178962103424951380e+01
4.172556148487194605e+01
4.122487569894823167e+01
4.092555243178804147e+01
4.102067237298068392e+01
4.085703770521048028e+01
4.097481487038331949e+01
4.102659988530935919e+01
