1.723635804679343551e+02
1.709859608354406930e+02
1.696250458747609855e+02
1.683080946838539660e+02
1.668703610927165073e+02
1.653887735103547811e+02
1.638127417754853923e+02
1.621014555267388175e+02
1.602904942578679197e+02
1.583202043289516041e+02
1.563535557812479624e+02
1.540100202835893697e+02
1.513534660506004172e+02
1.487584954099875176e+02
1.459574123639150400e+02
1.429728172607514409e+02
1.398952198828928886e+02
1.372039562046924175e+02
1.345933820077690655e+02
1.326161259363730380e+02
1.308809882524503223e+02
9.897685596180555478e+01
9.750518945621548994e+01
9.635175738212221574e+01
9.345872731537851053e+01
9.342702186039626611e+01
9.388194500921824215e+01
9.276925890407670749e+01
9.254815897828179061e+01
9.187858558738182069e+01
9.081139674005029860e+01
9.009387497542586232e+01
8.982911853935675595e+01
9.018771908142146287e+01
9.011298965717259080e+01
8.980196547421114417e+01
8.970210381455991921e+01
8.975971692081355968e+01
8.963228748311314575e+01
8.993767526204591434e+01
8.982797210924843512e+01
9.018269560894582071e+01
9.018389129261692005e+01
9.077637802935743139e+01
8.946247874195098859e+01
8.742890702869763686e+01
8.735666036359764064e+01
8.701453412823040878e+01
8.650461269717804669e+01
8.661531920026996545e+01
8.659154288917450515e+01
8.695014518935914793e+01
8.693799131467133634e+01
8.665273340507960143e+01
8.658017331241900649e+01
8.654569269531280895e+01
8.646564596880352838e+01
8.627919055038260865e+01
8.644906200253353745e+01
8.649048169275049247e+01
8.671129084388158503e+01
8.683087983379360253e+01
8.648991300588414788e+01
7.833191303516184689e+01
8.530212428272402292e+01
8.527307520548443165e+01
8.592654981473334885e+01
8.408724234987340651e+01
8.314536772686959409e+01
8.190855270813575828e+01
8.164975343810772301e+01
8.086062911886057236e+01
8.125411725509465555e+01
8.174952151744533069e+01
8.111643252847041197e+01
8.134069617430280630e+01
8.132873924500030682e+01
8.170866437852517095e+01
8.201280961045603135e+01
8.200479137029316234e+01
8.198435597864562396e+01
8.203435691816979158e+01
8.190515647516025410e+01
8.185894436044317501e+01
7.456568195627913553e+01
8.092734739956252099e+01
7.775245796102751683e+01
7.588849227978407441e+01
7.636094415491065490e+01
7.653999338858253054e+01
7.695621832528877349e+01
7.687566799402296169e+01
7.738136325465359278e+01
7.751428232726971146e+01
7.710859045791310962e+01
7.783572026380666387e+01
7.771314292789041644e+01
7.741539047345858648e+01
7.664862319335281882e+01
7.686848885692829469e+01
7.702735263510874120e+01
7.687403471402589616e+01
7.676953289500154654e+01
7.673371225613220759e+01
7.680741409747751902e+01
7.202356195917681703e+01
7.398426205311120896e+01
7.069045897987980709e+01
7.163922659712274310e+01
7.177822173711879827e+01
7.181470140426756643e+01
7.200221428574813842e+01
7.223969536459006235e+01
7.161398764972985020e+01
7.217864812948690201e+01
7.199050064098334190e+01
7.182674815616212527e+01
7.192375882321310598e+01
7.157019410987059871e+01
7.162395167953670239e+01
7.113273663804838520e+01
7.094126569134967042e+01
7.086663634691348079e+01
7.055616040086937346e+01
7.046038408784731644e+01
7.039832715264414276e+01
7.235496561082763378e+01
6.736823976837315797e+01
6.720926599346647379e+01
6.601933930296215181e+01
6.604001758052179127e+01
6.558900461184590824e+01
6.489450242108479472e+01
6.484481332189051273e+01
6.508967631333194959e+01
6.437474844442500910e+01
6.408612865213522980e+01
6.400973992751774233e+01
6.415946269407088209e+01
6.464532222973379305e+01
6.445610180331063077e+01
6.420418698647573308e+01
6.400647932997266309e+01
6.370684660400490174e+01
6.369520979587007758e+01
6.393419078081578988e+01
6.379046822924276938e+01
6.143761704463171469e+01
5.768316294038054082e+01
5.712331318451423101e+01
5.758544574333146926e+01
5.708535610408669214e+01
5.771777418099365065e+01
5.840965510159626461e+01
5.862579758524606177e+01
5.861367614801125825e+01
5.803930203140931354e+01
5.802730657517632551e+01
5.826309666933997988e+01
5.812157910025891994e+01
5.804185299702967171e+01
5.806253182356481801e+01
5.811474796906715312e+01
5.773862859593232599e+01
5.779843403273932978e+01
5.756286710796904060e+01
5.736293854256501135e+01
5.745828368227930838e+01
5.061935605122240389e+01
5.304446557227831960e+01
5.368055257867169416e+01
5.321697735652066541e+01
5.370254133687136289e+01
5.445918485128233044e+01
5.429828035288769428e+01
5.373534244181107056e+01
5.392702807398227804e+01
5.398230340272583305e+01
5.368598005204223256e+01
5.362808916824674554e+01
5.336953141102161169e+01
5.333466506806997387e+01
5.279384547340477951e+01
5.277490793652012258e+01
5.291347038710099326e+01
5.261840075814517803e+01
5.219753985951604136e+01
5.214781496111783810e+01
5.209605479216365609e+01
4.788012916661243423e+01
4.838302836539394747e+01
4.791706663838743196e+01
4.820771388562368998e+01
4.845937046746229981e+01
4.826739963598956962e+01
4.812221664789950637e+01
4.825285404223634345e+01
4.827894617402178312e+01
4.782234321480466122e+01
4.770877394759110501e+01
4.825976345166187542e+01
4.818612898355478080e+01
4.814278406078811656e+01
4.803185520212921489e+01
4.796362161065587770e+01
4.802083272866703823e+01
4.774591115223915949e+01
4.784553254511097720e+01
4.793517224013166356e+01
4.779949038771340497e+01
4.462625444318949519e+01
4.507954884678838425e+01
4.489444551097794545e+01
4.369820980956981060e+01
4.507004908655103748e+01
4.505826757457292331e+01
4.525805208538525193e+01
4.507157789328635999e+01
4.546302732794958246e+01
4.558495718953996345e+01
4.535505788599505905e+01
4.542228489982334594e+01
4.585068230716494497e+01
4.575545855786089078e+01
4.557550321655740078e+01
4.538754831554617653e+01
4.514610841488609339e+01
4.501236250516916471e+01
4.499579762909562675e+01
4.491020376678135051e+01
4.475855341917964836e+01
4.705167384806279074e+01
4.494767238548337929e+01
4.485896271889058085e+01
4.467654321709368048e+01
4.284011935820149830e+01
4.282909398561483982e+01
4.270617242428031801e+01
4.262851188940411618e+01
4.270232470026999749e+01
4.276216911339651716e+01
4.283581296975786756e+01
4.225337716623678830e+01
4.211431404380152799e+01
4.238072549553887569e+01
4.256891252965912287e+01
4.240892456542073319e+01
4.232295006947770588e+01
4.219851909556787461e+01
4.227559813953676127e+01
4.234836618029346766e+01
4.228622239385308745e+01
4.228170075982393428e+01
4.172629132886019221e+01
4.059386561017467443e+01
4.051548417194575791e+01
4.076923368051092922e+01
4.027458778876018641e+01
4.057536551478198561e+01
4.088118241435255840e+01
4.111097792723030153e+01
4.108267817947832157e+01
4.080662226778514423e+01
4.086864379369679057e+01
4.091574061579930799e+01
4.091254534261217657e+01
4.061096050185729922e+01
4.046868828243569993e+01
4.059256182418208425e+01
4.044441076700258719e+01
4.035478824557948485e+01
4.043293858005083052e+01
4.052240652549182442e+01
