1.723692555269512070e+02
1.709839330914423670e+02
1.696247803251505388e+02
1.683115374883397806e+02
1.668745303060476317e+02
1.653146398575551359e+02
1.637000973853704124e+02
1.619488292512602925e+02
1.601806475397901295e+02
1.581932437771126558e+02
1.561498680011614795e+02
1.538049107067542138e+02
1.512380904921015485e+02
1.485284071184017876e+02
1.457147011661422482e+02
1.430501669474037953e+02
1.404393163367554962e+02
1.378868020166596580e+02
1.350423781094319509e+02
1.327166690215287019e+02
1.307190299404207963e+02
9.757079148815957126e+01
9.875951107161567677e+01
9.819678496595126660e+01
9.591380226726697344e+01
9.387478091289094095e+01
9.484578821831165385e+01
9.448291881246996127e+01
9.313236472094314422e+01
9.266878754643590810e+01
9.222810061178596186e+01
9.179236340066982791e+01
9.167902427580155233e+01
9.090570283420002795e+01
9.086416495660817816e+01
9.092534835326370057e+01
9.057694448199184478e+01
9.053645766945149376e+01
9.065346939309772267e+01
9.030488034893900817e+01
9.028676202615412194e+01
8.977979251790993942e+01
8.407488564510070717e+01
8.435905863831266061e+01
8.699837104400539545e+01
8.773903634739335189e+01
8.738281148827421418e+01
8.697481155581719747e+01
8.675847254085552152e+01
8.569292709703380240e+01
8.508751146679408350e+01
8.486604398446149844e+01
8.540417058583392418e+01
8.534932651788105318e+01
8.538890632612994125e+01
8.532243309545965815e+01
8.516402670369505756e+01
8.538497600522333641e+01
8.522354370713067340e+01
8.497233162250009286e+01
8.492115749883355136e+01
8.489542822898739871e+01
8.462098657471366892e+01
8.015879312022116210e+01
8.027054641754119757e+01
7.740466314539710879e+01
7.861914280044864256e+01
7.922972358663574255e+01
7.910183334368198871e+01
7.840133366424271344e+01
7.823711461899594610e+01
7.840113889157267124e+01
7.851282570022097218e+01
7.843568301840221579e+01
7.863626711360332422e+01
7.840277532460045506e+01
7.817592010001754943e+01
7.792719236157593343e+01
7.765796169351958156e+01
7.730395755849134787e+01
7.700501239452371749e+01
7.639582854086687291e+01
7.600858189652863928e+01
7.547151513524224242e+01
6.555303437130436350e+01
6.418123495745733464e+01
6.253893180641954785e+01
6.407380767444466585e+01
6.340383112264309773e+01
6.349362103649095701e+01
6.476394614741718669e+01
6.416290806634694377e+01
6.363801494130346015e+01
6.374013412610115381e+01
6.325686281626899188e+01
6.272900850708329301e+01
6.267193772192852919e+01
6.200168096094374448e+01
6.157710491135770781e+01
6.072411039217894313e+01
6.035734341687808779e+01
6.020500614168614817e+01
5.949988123263704409e+01
5.894294852306290267e+01
5.844322252237790849e+01
4.874579872001388026e+01
4.950488028801536444e+01
4.793378650850409883e+01
4.555940597989333440e+01
4.435020796429916601e+01
4.379877171052765306e+01
4.377497828186394457e+01
4.388993684614716528e+01
4.392234743519790641e+01
4.348704649085090779e+01
4.286304514003805366e+01
4.268465805414361824e+01
4.232959385641814265e+01
4.189773875454718421e+01
4.131722153494864358e+01
4.107186156114747888e+01
4.068136462824688238e+01
4.038808066513480100e+01
4.005615192621620935e+01
3.982692172317897672e+01
3.937857817161265217e+01
3.728052940028953799e+01
3.289821368669358037e+01
3.243576420275524441e+01
3.250385917917533618e+01
3.215194599118117225e+01
3.151279330651144406e+01
3.149068860018833504e+01
3.101094882302356481e+01
3.089842221338964734e+01
3.066960643547859178e+01
3.002885339602416082e+01
2.978716927803063896e+01
2.966327015577467918e+01
2.944367747154489479e+01
2.903194414362913278e+01
2.864671104969996307e+01
2.840931342216791222e+01
2.799499917314363273e+01
2.775191606118888288e+01
2.767273099871724185e+01
2.754557519760383855e+01
2.394662355376814844e+01
2.278556918366573925e+01
2.260172694921103442e+01
2.310904031576545492e+01
2.284522601121470586e+01
2.281446126031038446e+01
2.291331024514389725e+01
2.324239444367300322e+01
2.316799133163718949e+01
2.338667795204209554e+01
2.348932357562727447e+01
2.351032152515812612e+01
2.321151959547757926e+01
2.295827511837098101e+01
2.293288394877620817e+01
2.281735912758730578e+01
2.284228067681254615e+01
2.272296022527475756e+01
2.247674272353433622e+01
2.239553831504870374e+01
2.217514872356228040e+01
2.204022151053466416e+01
1.971265140498651292e+01
1.890026299708214808e+01
1.972388429839446289e+01
1.931842442730501830e+01
1.913475529943900355e+01
1.871080159440140989e+01
1.851720389799778133e+01
1.877792615623848960e+01
1.853489292242348441e+01
1.854176342673736499e+01
1.866785731094633149e+01
1.871603795573133056e+01
1.882436459349688818e+01
1.879998339461371515e+01
1.887765782092116851e+01
1.899797915846612284e+01
1.903742688587129095e+01
1.886900542481719256e+01
1.883223897549261849e+01
1.879942132773814123e+01
1.938602055716332373e+01
1.885740655263577281e+01
1.754022702596001082e+01
1.729932055418621673e+01
1.652685681064809131e+01
1.622523542393794926e+01
1.645950231086375837e+01
1.671537174505231249e+01
1.708176861237910060e+01
1.706442137748870636e+01
1.722522571592838503e+01
1.699433618501025833e+01
1.661902909463206868e+01
1.658359564963604527e+01
1.641058644499615937e+01
1.641119698128683879e+01
1.643356519115120307e+01
1.641854915855401487e+01
1.664254098902381074e+01
1.662676192189745805e+01
1.653890101231469245e+01
1.176050097376913861e+01
1.621685869371545508e+01
1.666275107485215656e+01
1.590916764513102954e+01
1.643778790581320592e+01
1.622530617979703393e+01
1.593437884252550418e+01
1.576384482093557615e+01
1.556837951113674023e+01
1.582271504805733642e+01
1.543665617420759339e+01
1.542299329142989883e+01
1.521417776257301924e+01
1.504450604835085592e+01
1.492559900076166635e+01
1.517820393615449426e+01
1.543470202267477909e+01
1.524947995092355590e+01
1.515895476251705531e+01
1.533678899231058423e+01
1.517921690440110005e+01
1.629586446728488625e+01
1.762899882548456532e+01
1.724048504592784070e+01
1.625626230387668159e+01
1.559917982843209394e+01
1.517284282103873316e+01
1.526862192112322880e+01
1.491375548347315672e+01
1.472263205032804123e+01
1.458774574436627169e+01
1.475540398821688726e+01
1.464076777320982892e+01
1.472989738007163396e+01
1.458115198579733196e+01
1.447424796155608995e+01
1.440572503805107729e+01
1.425758657327184764e+01
1.416917774698342214e+01
1.409908916744930174e+01
1.396635812698717416e+01
1.382901818902972302e+01
9.484223416911662596e+00
1.271495765280952206e+01
1.288587341614463710e+01
1.221147963617251797e+01
1.254736333955271022e+01
1.272505548179145052e+01
1.321656305939927556e+01
1.301435992697470390e+01
1.292007686261041854e+01
1.319966807227175742e+01
1.334353989657560646e+01
1.359278251163109452e+01
1.355291720746057038e+01
1.348249389611866711e+01
1.345977124860089802e+01
1.353806063699978424e+01
1.344109732382669620e+01
1.339955560904204290e+01
1.329428089677342939e+01
1.342675365139418275e+01
1.345984767411841965e+01
1.557352860062466249e+01
1.252655600526164470e+01
1.369236301738572870e+01
1.346435084290355277e+01
1.310317606207908447e+01
1.318335054518523464e+01
1.264161543649666086e+01
1.250829838585169895e+01
1.258979931016514087e+01
1.271986893592360701e+01
1.291904084733413427e+01
1.280914658001504591e+01
1.297452929853662695e+01
1.282102224014701974e+01
1.264983894381623308e+01
1.272101372836826805e+01
1.264327684092715032e+01
1.245820048756117693e+01
1.232409529294112893e+01
1.213007148653836431e+01
1.212840582299678616e+01
