2.619450185488370835e+02
2.584848633130375219e+02
2.562895010802247384e+02
2.529592456483358660e+02
2.499893511998405984e+02
2.491810879726959058e+02
2.487300019494512640e+02
2.475182569329309956e+02
2.463058624414500741e+02
2.438161041325774931e+02
2.432818820522871874e+02
2.418000154479363175e+02
2.405683689343425726e+02
2.396404324273285340e+02
2.381664554820108890e+02
2.368292921246553817e+02
2.360744361612565854e+02
2.355810989435077829e+02
2.355898611033503016e+02
2.343764388592726107e+02
2.335378609356777417e+02
2.234827211303571914e+02
2.255466337933155501e+02
2.158526630932136925e+02
2.134154451382019886e+02
2.173859615490893589e+02
2.154739996259983741e+02
2.173183193074818575e+02
2.176973903697459036e+02
2.188932792979286717e+02
2.192603872998048189e+02
2.185266226167205730e+02
2.181884758218053548e+02
2.180891338986868107e+02
2.186255946012056199e+02
2.179242095083770607e+02
2.176293613127388369e+02
2.169835175120234680e+02
2.167868213810597808e+02
2.169080412293955646e+02
2.166424597381590615e+02
2.170567144696922242e+02
1.884183632290999242e+02
1.905004082426558512e+02
2.020013307341298514e+02
2.039961573631357226e+02
2.048415753565258228e+02
2.053469708429508103e+02
2.075003863867295877e+02
2.067564994732411492e+02
2.070451137407001454e+02
2.070885168217222656e+02
2.064612449588525180e+02
2.049266497432681433e+02
2.045087231514202699e+02
2.037278307425850983e+02
2.029865221767032040e+02
2.016241443023216107e+02
1.999961156400231062e+02
2.001189696552110036e+02
1.989118921559233684e+02
1.979242462149068729e+02
1.967221302818234960e+02
1.870505083502853552e+02
1.728140103876929174e+02
1.722700777188026393e+02
1.674525435471306878e+02
1.658721026587525387e+02
1.615700017904799779e+02
1.574614099398683607e+02
1.571494411244936487e+02
1.556889835485989977e+02
1.541923878214236368e+02
1.523681145509811472e+02
1.494098595927783322e+02
1.470803383325451250e+02
1.447646162964424263e+02
1.430291154144352390e+02
1.409049418227348554e+02
1.391438539442695799e+02
1.373640448866122483e+02
1.359769612222012825e+02
1.343020597789301291e+02
1.319067898741607223e+02
8.494965651635519066e+01
9.133814258051978641e+01
8.790434035863189877e+01
8.793338447641092159e+01
8.809754267259909000e+01
8.714886680462336699e+01
8.691145486379890883e+01
8.829450529872661946e+01
8.669633157163329429e+01
8.711377363254106854e+01
8.608705594796866478e+01
8.681746924966155632e+01
8.647911844160195471e+01
8.669601323117736058e+01
8.614414652379538495e+01
8.544785112286248818e+01
8.461945398734941648e+01
8.379577828221762559e+01
8.379942792939596075e+01
8.331609485195876630e+01
8.298712827645665868e+01
6.266737002792341116e+01
7.302772347864586777e+01
7.525134554570938406e+01
7.423950744308221772e+01
7.405924595166709423e+01
7.367148504911631335e+01
7.274602040096364419e+01
7.114224561505483280e+01
7.172077505588595159e+01
7.217768974591291453e+01
7.175365001372030349e+01
7.170035449542419315e+01
7.099171752812094383e+01
7.076377077710480989e+01
7.044314323333951222e+01
7.018432138214944871e+01
7.085821396842484887e+01
7.043941742618071089e+01
6.962003488737400403e+01
6.969275722278874241e+01
7.047376168171790312e+01
6.037577853555449536e+01
6.436750544067190560e+01
6.503745081751996793e+01
6.268541793131873874e+01
6.271612276105184236e+01
6.420917691486236833e+01
6.442401891183152429e+01
6.392268623919810011e+01
6.424773484605125873e+01
6.457929278605197965e+01
6.432525844171757967e+01
6.375304538021998013e+01
6.383960309030769054e+01
6.407596187162317847e+01
6.425060556897747688e+01
6.390131620049930206e+01
6.357351001002203361e+01
6.282750005286410300e+01
6.349737479545900953e+01
6.315568562296569155e+01
6.301974984655464596e+01
5.406484648565657380e+01
5.914917920456164779e+01
5.875669000934657049e+01
5.852452604123092783e+01
5.857514241918955378e+01
5.882155580990424681e+01
5.887324133731620890e+01
5.880752603695603398e+01
5.772978853602404570e+01
5.839347735165308251e+01
5.856641394254896937e+01
5.894783450268925407e+01
5.886616047461170353e+01
5.837868825046421506e+01
5.826740536415992722e+01
5.829749414976046040e+01
5.774284691619898524e+01
5.717455817080800529e+01
5.705540217313994589e+01
5.734055306412893316e+01
5.703639261125533721e+01
6.250387131575360655e+01
5.445374479440386040e+01
5.473702248313005470e+01
5.099000783189923425e+01
5.028111703744419003e+01
5.030341594504292146e+01
5.043382492291186736e+01
5.056572944558649851e+01
5.335120177832202160e+01
5.313247966683346846e+01
5.306835661788118585e+01
5.248580215576832586e+01
5.239536347771520042e+01
5.219812411707691524e+01
5.226689035335273559e+01
5.257630961786294677e+01
5.317611725616238516e+01
5.304349172887888386e+01
5.264746216101690379e+01
5.307646236892127689e+01
5.312040824834193842e+01
4.780140971851581355e+01
4.908492259104759370e+01
4.810076072982825224e+01
4.864605568059180740e+01
4.757978364722264075e+01
4.743338529644850610e+01
4.758291207050865523e+01
4.844283905595253970e+01
5.067958431710161449e+01
5.079382660525916293e+01
5.090888109066040101e+01
5.106184389002312685e+01
5.020300081469996911e+01
4.971152952826793125e+01
4.921271952998943533e+01
4.957367360788641264e+01
4.888741100662004868e+01
4.881131001336441955e+01
4.835341973682320571e+01
4.888688118228505175e+01
4.876159192716502844e+01
4.930618696071864804e+01
4.523845794810717535e+01
4.607223036673085659e+01
4.479487122287513046e+01
4.656143774713386563e+01
4.566858245549509121e+01
4.868679359389585670e+01
4.799168332802960890e+01
4.731933385612047971e+01
4.741561591636500594e+01
4.635792392394807848e+01
4.650753819936944211e+01
4.630616689532381258e+01
4.705910648498024784e+01
4.676133681901166739e+01
4.637082904483992252e+01
4.604371590332696229e+01
4.590345312863831140e+01
4.577898513071828290e+01
4.606040517826700409e+01
4.664761656822511071e+01
4.865863999087640224e+01
4.405824851902558947e+01
4.613155831894798098e+01
4.620667270049316500e+01
4.496710060917207130e+01
4.491554933339545386e+01
4.564527428041596124e+01
4.500443427769257454e+01
4.380967636167984836e+01
4.329350747326609650e+01
4.248253576883125504e+01
4.268982584862141039e+01
4.364672056781331833e+01
4.364934647192795580e+01
4.375057532209952171e+01
4.346975216945718046e+01
4.380381736117023195e+01
4.364201689251107297e+01
4.384866991585965934e+01
4.430648272688821265e+01
4.452633309162133912e+01
3.936833823300026580e+01
4.094060285977311509e+01
4.396689181826538828e+01
4.324913036428765878e+01
4.185947676610409474e+01
4.390935705872997374e+01
4.273983368337961508e+01
4.252286077060377067e+01
4.168686070556010037e+01
4.077435562129875990e+01
4.077695097665141333e+01
4.083995364595607214e+01
4.141423363583353279e+01
4.135781135947842557e+01
4.114097838118912875e+01
4.074315457972576837e+01
4.066102355057287099e+01
4.051657588335609006e+01
4.075885203362707188e+01
4.096604030252139239e+01
4.133388392102655473e+01
3.008799034599769939e+01
3.721256408467984755e+01
3.753018701306150007e+01
3.785792572612232476e+01
3.926519718483699961e+01
4.014627095812821977e+01
4.148392168443667316e+01
4.139852776048401495e+01
4.093378780215795842e+01
4.129790461414825842e+01
4.107940351941422819e+01
4.051812213512421579e+01
4.032541642065162080e+01
4.034085517568274781e+01
4.060268416292624494e+01
4.014416957507864225e+01
3.950936496469040549e+01
3.984183660273448879e+01
3.979545720784020091e+01
3.963421432673478506e+01
4.068959931502223526e+01
