2.560414378149624213e+02
2.560250608918053103e+02
2.493286820566027302e+02
2.481203345949103607e+02
2.456292473425318690e+02
2.451125917543312198e+02
2.439699888636361891e+02
2.427529561721190134e+02
2.421523282245536848e+02
2.409230180566597710e+02
2.402899002678204567e+02
2.398957531995569923e+02
2.380678001847670657e+02
2.380535291626890739e+02
2.388183369529953097e+02
2.383703654293731802e+02
2.376058909652807642e+02
2.357494618100266166e+02
2.348469650976928733e+02
2.349870544633815825e+02
2.345632996896698330e+02
2.105312416155758797e+02
2.334746057211439734e+02
2.327598508369478338e+02
2.289670812006492895e+02
2.257137942609225831e+02
2.233874295905600320e+02
2.228642847826571085e+02
2.224907617460464735e+02
2.192851796452990527e+02
2.198037080374218135e+02
2.184687215857785247e+02
2.192289719130601213e+02
2.208520148868804540e+02
2.203768161470343614e+02
2.199153446336516993e+02
2.195086684203454581e+02
2.193361656426724835e+02
2.178082039425927974e+02
2.170123167879563368e+02
2.173936856228978627e+02
2.174496314976185261e+02
2.061687652426655575e+02
2.078929402711604553e+02
2.071226871497094351e+02
2.094827450989484703e+02
2.081962139407560812e+02
2.098625018296903306e+02
2.078219648189100894e+02
2.088317934239216243e+02
2.086202337944015426e+02
2.078629558005849560e+02
2.071207211242122526e+02
2.071319151254487565e+02
2.056920212031611754e+02
2.050779135054883113e+02
2.051121434018145351e+02
2.044793522411031574e+02
2.037585664347305112e+02
2.021536271939650078e+02
2.004560212515474689e+02
1.984434635949012602e+02
1.966542848081987245e+02
1.755878636630587266e+02
1.718960956738615664e+02
1.630019358849308446e+02
1.613932751673892199e+02
1.630297514427241765e+02
1.617496884558863144e+02
1.615527775245623729e+02
1.603061619257291568e+02
1.578318277157780187e+02
1.544230474231085282e+02
1.519263294673758651e+02
1.492234428624223028e+02
1.467865440872028273e+02
1.455787532863217848e+02
1.439101679615291687e+02
1.423043025080260122e+02
1.405448777970565288e+02
1.387414198064776372e+02
1.375651311180433254e+02
1.353256773956096026e+02
1.337080587789787103e+02
8.289533102783468621e+01
9.096438068087633155e+01
8.892358503422379101e+01
9.435602838770236644e+01
9.320724711297214071e+01
9.425019712876290612e+01
9.311742176975918994e+01
9.212815718447092195e+01
9.330553140493930186e+01
9.331446201656849837e+01
9.306637476595658143e+01
9.229058694824985309e+01
9.190858546955088570e+01
9.073793648822618252e+01
9.011493958042296981e+01
8.976874375684889173e+01
8.911223586823783194e+01
8.834238783490617664e+01
8.791422081787406739e+01
8.702380006142389846e+01
8.706260136306524089e+01
7.056370345760717555e+01
7.574713506308133049e+01
7.545477284571906296e+01
7.578487724328549291e+01
7.656124161819602136e+01
7.499767477723374043e+01
7.468656413654393589e+01
7.459551214680885778e+01
7.334500767343688210e+01
7.417762374226235522e+01
7.353416026985462395e+01
7.301161745868058972e+01
7.296095573186656225e+01
7.255556525253435041e+01
7.236951668875983046e+01
7.207046757638590861e+01
7.207087938884326661e+01
7.178370408618665977e+01
7.173269146599724877e+01
7.150521197443471522e+01
7.187929236848155767e+01
6.477793771630123842e+01
6.749360263440624408e+01
6.896395447895940833e+01
6.624455212648312852e+01
6.797034141285250541e+01
6.603669215288911687e+01
6.609085114730197574e+01
6.559700224662395840e+01
6.589038152934058701e+01
6.526506049950447164e+01
6.571887061772805794e+01
6.616478038882812029e+01
6.552696205957538211e+01
6.635712752095679434e+01
6.571082209776430716e+01
6.478251542248260364e+01
6.502286339130556314e+01
6.540658134405013868e+01
6.493686904170272101e+01
6.476843680076304111e+01
6.450700445698977603e+01
5.623819405576841035e+01
5.400175817354296726e+01
5.534954483023143723e+01
5.650422002369631258e+01
5.577702635672049070e+01
5.846289260616774897e+01
5.918123205690346822e+01
5.852689542278152857e+01
5.843300473368366710e+01
5.819241186640987706e+01
5.729799160323528184e+01
5.689997960864088355e+01
5.640136561504527890e+01
5.681953449885125451e+01
5.704209979957924759e+01
5.676156590270870339e+01
5.644463103364597600e+01
5.616432731527157785e+01
5.602770871334035263e+01
5.719765741054023778e+01
5.723842365793208842e+01
5.685208594625746059e+01
5.634752299656228303e+01
5.881063518999892636e+01
5.675925834159219363e+01
5.670476013649157920e+01
5.588908196192640077e+01
5.493472005684236592e+01
5.400136612843311212e+01
5.498291496714004722e+01
5.500130928895885773e+01
5.747458337015947194e+01
5.721833169468977331e+01
5.707124762346281699e+01
5.612987027543210417e+01
5.543248265971616462e+01
5.512163908666835965e+01
5.448346405647858148e+01
5.441439787339811573e+01
5.420444440307763756e+01
5.370176665498686219e+01
5.336506928539479588e+01
5.318070995707483917e+01
5.299039796700854055e+01
5.097759402104863824e+01
5.184882375378914787e+01
5.137757045487202134e+01
5.050756399978345712e+01
4.969694291125698982e+01
4.976282781519009291e+01
4.988556174028743584e+01
5.050796110720084187e+01
5.116746685393766825e+01
5.071844202042664307e+01
5.066095802462701414e+01
5.067924899390526861e+01
5.014534883033297774e+01
5.018439683115083483e+01
5.007841963227743776e+01
4.983131411654025555e+01
4.944752157429955730e+01
4.926240462411778509e+01
4.958628118343445834e+01
4.370899686239874882e+01
5.391464532745455784e+01
4.985951328563942297e+01
5.051206768834716598e+01
4.865884858821070225e+01
4.664335367159485202e+01
4.733355732694246853e+01
4.718650683838816207e+01
4.701659633670516314e+01
4.778262783308571215e+01
4.765163397644325016e+01
4.737477801932524812e+01
4.640727602177420863e+01
4.615537358704902005e+01
4.573939997343637032e+01
4.622626594434507297e+01
4.627679668135131408e+01
4.654021921685899343e+01
4.643977696538827615e+01
4.599832175753275720e+01
4.618638390115897607e+01
3.833745117907104571e+01
3.743507539948418383e+01
3.827586473925450150e+01
4.099947832838741135e+01
4.067790903592230478e+01
4.070856401262184932e+01
4.022088550276062335e+01
4.124148154550402268e+01
4.294158962555898285e+01
4.346400741775609333e+01
4.349400141072845116e+01
4.393499715002035089e+01
4.424171589941263250e+01
4.428599517191764789e+01
4.392133776125484701e+01
4.422858111905257061e+01
4.396974962391066555e+01
4.418330104775328948e+01
4.387592314195691046e+01
4.384559883978548100e+01
4.381437374657348016e+01
4.438386599085207251e+01
4.509316778165098327e+01
4.189607882954516072e+01
4.065559120338933496e+01
4.129047938714175103e+01
4.355237525674657917e+01
4.314200339513400451e+01
4.268655031603314853e+01
4.324066197180301430e+01
4.302085266082790582e+01
4.324954023073321707e+01
4.249048784653001576e+01
4.248981412624102205e+01
4.212216146348082901e+01
4.219262165627811356e+01
4.213345592161469710e+01
4.181336691567160813e+01
4.212827197398475221e+01
4.187830293028012107e+01
4.201222853612472363e+01
4.156539699009610445e+01
3.879604332876198214e+01
3.615127010975170663e+01
3.816209662404992997e+01
3.826135187953331496e+01
3.743490448856181274e+01
3.902480332618476666e+01
3.789597948898281032e+01
3.855467977804243418e+01
3.857663025276994517e+01
3.896438473260040070e+01
3.995061288842683211e+01
3.969474854016203125e+01
3.960293004164625330e+01
3.964500812900484306e+01
3.925223637646666930e+01
3.911929498886406975e+01
3.971218295787384278e+01
3.964070633414353040e+01
3.975663110346224727e+01
3.959589110923026567e+01
4.025438085129345467e+01
