9.967705074791654170e+02
9.920325423042072543e+02
9.878369665056035274e+02
9.832601382485883050e+02
9.783178581005028036e+02
9.729320745842488805e+02
9.675335553835490146e+02
9.616131144347713189e+02
9.552380859824060053e+02
9.484653895671683586e+02
9.416006835534498123e+02
9.331108120820666727e+02
9.240715717064811088e+02
9.141407656223647109e+02
9.030684505046715458e+02
8.908140270601918473e+02
8.784452645610627997e+02
8.655067411809894793e+02
8.519269725960721189e+02
8.406310585735860741e+02
8.304937067317875972e+02
6.376254573069495564e+02
6.452732350252312017e+02
6.303124570525343415e+02
6.264817075143946568e+02
6.276518789354844330e+02
6.325240427893079413e+02
6.306422782419359692e+02
6.297266844413836679e+02
6.263450393458483632e+02
6.217480274852802040e+02
6.201592372174312686e+02
6.196721002259000670e+02
6.186313627453923800e+02
6.192542183250569678e+02
6.178033018371730805e+02
6.180552960648171847e+02
6.186680264091941126e+02
6.177689875375848487e+02
6.165915946649968191e+02
6.163002786417246170e+02
6.158912344514823189e+02
5.835290028309029822e+02
6.092975160945887865e+02
6.133783052545197734e+02
6.047877802739125173e+02
6.096536041948545517e+02
6.061286626041874115e+02
6.104407139491047474e+02
6.072476314808756115e+02
6.029080399295195321e+02
5.999919485636791023e+02
5.983044874450602038e+02
5.959568042166979467e+02
5.946837549520968196e+02
5.940016365532126201e+02
5.932414355073490242e+02
5.932237400346066352e+02
5.948420768277381967e+02
5.946501624532232881e+02
5.943451766943279608e+02
5.928978202091564071e+02
5.933998894263146440e+02
5.918571746201291717e+02
5.920870128481268466e+02
5.836794365322574549e+02
5.741413776436023682e+02
5.698434255653768332e+02
5.720452316207670265e+02
5.717114732348089774e+02
5.731825596081241656e+02
5.689885728920166912e+02
5.696159071243108656e+02
5.690555136722809948e+02
5.698087568595865378e+02
5.707854135415259407e+02
5.697906277444194529e+02
5.714899274632010702e+02
5.703502887030159627e+02
5.717615446021294474e+02
5.712464580862508683e+02
5.701702137364665077e+02
5.694402586394692207e+02
5.683555477445188444e+02
5.481851355291025811e+02
5.611764302870282108e+02
5.566299161291893824e+02
5.588480228436940251e+02
5.513694217467215140e+02
5.483466116036996709e+02
5.423237921710509681e+02
5.461985746545082065e+02
5.471247176351810140e+02
5.480603154474116536e+02
5.473895242812192237e+02
5.453189155320393411e+02
5.451020139106993838e+02
5.433723855060674168e+02
5.414891755669162876e+02
5.412170311407043073e+02
5.397393505552528268e+02
5.400070988019017477e+02
5.370896835887137968e+02
5.343709485505235079e+02
5.342165332041084866e+02
5.270058926528781740e+02
5.019990607959781528e+02
4.995794619576579976e+02
5.168588550519260707e+02
5.223548547446722523e+02
5.192513367518195082e+02
5.143393100206475310e+02
5.103730147051688846e+02
5.100813310155836575e+02
5.081190301325405585e+02
5.048595575120685908e+02
5.038368566290728268e+02
5.047332980907798401e+02
5.032024831453553588e+02
5.018804920446281699e+02
5.003745474348601761e+02
5.000313406170133703e+02
4.975288389986872630e+02
4.976000688858359240e+02
4.967248924785388340e+02
4.949664765387212242e+02
4.224783482891972994e+02
4.355849426255448975e+02
4.555391089084818077e+02
4.647034162206431347e+02
4.611056497427453564e+02
4.643070294252148074e+02
4.669903860483120752e+02
4.661732839054312194e+02
4.673008093103533724e+02
4.661081345855733957e+02
4.663291877025211534e+02
4.644066355103980754e+02
4.632240089518575132e+02
4.599447755824526212e+02
4.576204367370084469e+02
4.558812548042655521e+02
4.562140521290518222e+02
4.550825855446245214e+02
4.542507436723810770e+02
4.537844051665206848e+02
4.527916089195374525e+02
4.610451478318459522e+02
4.324674717109910489e+02
4.298382693509298633e+02
4.245823974600807560e+02
4.298137817844838651e+02
4.260787320466679375e+02
4.281090284811569404e+02
4.264517193954627601e+02
4.232555979405848916e+02
4.223050185935317131e+02
4.200931949977689328e+02
4.199135021788557083e+02
4.187938792084083843e+02
4.181133766019552240e+02
4.177259798305729532e+02
4.164307676351698433e+02
4.159298754547672274e+02
4.143937334199072779e+02
4.138831516780436459e+02
4.137860409895434373e+02
4.139730247320885610e+02
3.815380596269565103e+02
4.133793662269319498e+02
3.958337552306727503e+02
3.895482528028535398e+02
3.871229480084015222e+02
3.870333241283719303e+02
3.862146596267288601e+02
3.880034426911482797e+02
3.847934140940347447e+02
3.871908653371816058e+02
3.858472163881976371e+02
3.857718435392947640e+02
3.861474779149278902e+02
3.839371023229122102e+02
3.827744667345764356e+02
3.825005321081310967e+02
3.808664952192503392e+02
3.806903049931273131e+02
3.807683005421833968e+02
3.815184487264517657e+02
3.812553113947230941e+02
3.365677463823797666e+02
3.656764587901199093e+02
3.694542933768993294e+02
3.646218713852188671e+02
3.623377386954640542e+02
3.658993300167979896e+02
3.647216806724320008e+02
3.658699198368619250e+02
3.640945652532700478e+02
3.642464244294019409e+02
3.613468277243965190e+02
3.596559259001787723e+02
3.583106703287192545e+02
3.575845065869337418e+02
3.557088401718023647e+02
3.553141666650249135e+02
3.550840245606608505e+02
3.551137865808709080e+02
3.547737741184113816e+02
3.543556456671977344e+02
3.538347289652569998e+02
3.629183397374766855e+02
3.510923478629533747e+02
3.419405050613841013e+02
3.447083488227311250e+02
3.457542471256741123e+02
3.443205947961539550e+02
3.424871231618814704e+02
3.416657372422369008e+02
3.429900344837100761e+02
3.417439726168178709e+02
3.429292238500547683e+02
3.413470419234724318e+02
3.407857507352554762e+02
3.396262807722370098e+02
3.386189591894310524e+02
3.395633841962034580e+02
3.400474910960218722e+02
3.383798065500466805e+02
3.359328040513832434e+02
3.352981331038495796e+02
3.353776984282509375e+02
3.275685348918609066e+02
3.245611861323517360e+02
3.214034779257960395e+02
3.279486037244365093e+02
3.289707070316503632e+02
3.313743847556114019e+02
3.319734534927457617e+02
3.305645717533533912e+02
3.283919241459341265e+02
3.260910613927659369e+02
3.240905482688075949e+02
3.243131541356447656e+02
3.243944252939924695e+02
3.243570135929073217e+02
3.243352372962770573e+02
3.241165412163559836e+02
3.216577626800445842e+02
3.211372611059265409e+02
3.205203040134205139e+02
3.204539376367213777e+02
3.195756096980420011e+02
3.385761722595495939e+02
3.286244646197375232e+02
3.349034896243903745e+02
3.290182931158038286e+02
3.287504775374927135e+02
3.263738720073092736e+02
3.221186055025337964e+02
3.187241641996255908e+02
3.193205805904900672e+02
3.143551522493011703e+02
3.146822392685024283e+02
3.129677502207602515e+02
3.110899035645758204e+02
3.112178331192831706e+02
3.125057900912611899e+02
3.117648164116687326e+02
3.115550374965957303e+02
3.103927913234058451e+02
3.104181735769141710e+02
3.098286320477319578e+02
3.095436550651239713e+02
3.089402598845192074e+02
3.127204002298593650e+02
3.156612763034067370e+02
3.094145230195480281e+02
3.045796577470670741e+02
3.014284521713783533e+02
2.992491801452296158e+02
3.020861510351219295e+02
3.029000247782598194e+02
3.026875711674522336e+02
3.048148298324562688e+02
3.030050151375125438e+02
3.024635907219814612e+02
3.035253248789262557e+02
3.026548833230884838e+02
3.026852947264512750e+02
3.024913933572349833e+02
3.015171961076847538e+02
3.017369197813536061e+02
3.010862413244963136e+02
3.016080359932649912e+02
3.021836279028338481e+02
2.919776151059011227e+02
2.931784328906683754e+02
2.944989380773640164e+02
2.886894605903738693e+02
2.909521803926747907e+02
2.883822416652994889e+02
2.880671531007140516e+02
2.889738803855107676e+02
2.881695710577116643e+02
2.889153856823542696e+02
2.883930138343690146e+02
2.894806088470135137e+02
2.911706171994813417e+02
2.917503510852255317e+02
2.922240560218436940e+02
2.936317254564439168e+02
2.931908399747936187e+02
2.934596552033985404e+02
2.937831151881160849e+02
2.944305539502540796e+02
3.140688428021442746e+02
2.889250461276030251e+02
2.864087061465457396e+02
2.893870175934277995e+02
2.914154093727117356e+02
2.932983831831858765e+02
2.936446964151028851e+02
2.917728730749318515e+02
2.921382175109439459e+02
2.907399502072429414e+02
2.904862518069711541e+02
2.895267093129973546e+02
2.876767704364453380e+02
2.895615828668852600e+02
2.890856261722437353e+02
2.888299545458858120e+02
2.884554912570378065e+02
2.889397547534937871e+02
2.873996784586623221e+02
2.875187222940762695e+02
2.892821135205904852e+02
2.762791196920096013e+02
2.931176702681615325e+02
2.878207596684201803e+02
2.850464783912530038e+02
2.861535397628486521e+02
2.880615424770581967e+02
2.825080948209456437e+02
2.838164706073592924e+02
2.822177767746671861e+02
2.812200467921322797e+02
2.814590514978258966e+02
2.819935692740641002e+02
2.826755193723478783e+02
2.814886509275034427e+02
2.819428778263639970e+02
2.834420048557031464e+02
2.831859825836622235e+02
2.835760767389778607e+02
2.823362594204750735e+02
2.839630119141390310e+02
2.850693006583900342e+02
2.843652899187544563e+02
2.929369433709383657e+02
2.931358328228376990e+02
2.875007114804199091e+02
2.845200649280575931e+02
2.851262353202828308e+02
2.856132453963544435e+02
2.853672259687031669e+02
2.837837605686988240e+02
2.834783835525717564e+02
2.846164469058524560e+02
2.871736864784217005e+02
2.881573742438729369e+02
2.873638576440312136e+02
2.858335281212686141e+02
2.845608018286330321e+02
2.847002371294008753e+02
2.838021165622664626e+02
2.823662609500471490e+02
2.832200526063552388e+02
2.830194949557166524e+02
2.872371339148767220e+02
2.956195173526245412e+02
2.920579206564437413e+02
2.824130309383022563e+02
2.772599179308078874e+02
2.797145007690581338e+02
2.794086016169792970e+02
2.784362420260654858e+02
2.775198265708310146e+02
2.799207903873052601e+02
2.817066583439167857e+02
2.819519228712157997e+02
2.812035421078331296e+02
2.804398515629170561e+02
2.800172461312376413e+02
2.805849163372415660e+02
2.816888735838182356e+02
2.811942550354486343e+02
2.810062938268423522e+02
2.805196391212693356e+02
2.803644825659621347e+02
2.832767561768437190e+02
2.978519057533821410e+02
2.852170818531474765e+02
2.839122633078746958e+02
2.796663234403363276e+02
2.806509713400535588e+02
2.780693446081626234e+02
2.805329868489323530e+02
2.806386214573569760e+02
2.806677210936186952e+02
2.820432551829778731e+02
2.799052817174075471e+02
2.824881467269385098e+02
2.819475347612247447e+02
2.824850940234462087e+02
2.813018734175662985e+02
2.814425402978253032e+02
2.814907824512025627e+02
2.816273899845843403e+02
2.798765597285907916e+02
2.794968703643536969e+02
2.628711482149626022e+02
2.653669331833889942e+02
2.705183131070607487e+02
2.791650520345777409e+02
2.767293023704276038e+02
2.790320671405644930e+02
2.789947609548410128e+02
2.763144402629700949e+02
2.774031649637607870e+02
2.748988224982430779e+02
2.754119067595588035e+02
2.755806295779889865e+02
2.764776742663386244e+02
2.763370883688768913e+02
2.768253257046403064e+02
2.759498143108801855e+02
2.769191280014835570e+02
2.789038529350149815e+02
2.775261168662077012e+02
2.767697862656812617e+02
2.778104836041999874e+02
3.197552984402300353e+02
2.820723664181650179e+02
2.897997600270870180e+02
2.808875993828249307e+02
2.742037145165202787e+02
2.779374512965596296e+02
2.776221792510433488e+02
2.784768526841499465e+02
2.775087801863312507e+02
2.770311291150123907e+02
2.774542364036686308e+02
2.772398458733202915e+02
2.783335189299356784e+02
2.771182863100928557e+02
2.790903315253608525e+02
2.797625968605892126e+02
2.795286235758555904e+02
2.799805304159228854e+02
2.790196328443453808e+02
2.783532730812323166e+02
2.775590634179650351e+02
3.001455441641184620e+02
2.979484408760724818e+02
2.980294899590828663e+02
2.887809204073540172e+02
2.872758711369873481e+02
2.813256226257973367e+02
2.805276528673616099e+02
2.796062880957559287e+02
2.768143737108560458e+02
2.772021506745812758e+02
2.784061959144353864e+02
2.770986790896480443e+02
2.773108094752723218e+02
2.768621112258683183e+02
2.764897265237501074e+02
2.775880169385979457e+02
2.783195347083085949e+02
2.785314675581195161e+02
2.782937715279804820e+02
2.769994198861329551e+02
2.768741559396437992e+02
3.183946524375156741e+02
2.905213339262031695e+02
2.928191174647355979e+02
2.860609322270266262e+02
2.782583960770989506e+02
2.808449251696682154e+02
2.810116949314924000e+02
2.794693087192924281e+02
2.795715265098310738e+02
2.787060856489820821e+02
2.774200663238706284e+02
2.763272128814695066e+02
2.781825445425247949e+02
2.777678574711604824e+02
2.783158803011875762e+02
2.780480227501705599e+02
2.774936932204643654e+02
2.762141727947682739e+02
2.768490588583605927e+02
2.762670464363476412e+02
2.766039748710325625e+02
2.753636508598254977e+02
2.637998432949013932e+02
2.674571624121880973e+02
2.641520304602283318e+02
2.664290362212021250e+02
2.644041104451270598e+02
2.642626178004804842e+02
2.669590354402880052e+02
2.720054670913507948e+02
2.712709411206637355e+02
2.722238229837845438e+02
2.728308488950232800e+02
2.728710358954538151e+02
2.734633722769617634e+02
2.727809343020502411e+02
2.731900005792046500e+02
2.741115580820885498e+02
2.771851739607344030e+02
2.775925770801194403e+02
2.768471982555801105e+02
2.767137915906463377e+02
2.722668401269533547e+02
2.679537712546420494e+02
2.743898974323819857e+02
2.782586983558443308e+02
2.742376761696073117e+02
2.744606783523895501e+02
2.757842977608457886e+02
2.750151386971103875e+02
2.746276818040568628e+02
2.747977702575013836e+02
2.732882131765020404e+02
2.741806004218343560e+02
2.761887624969224362e+02
2.759881671679050896e+02
2.747447119724447475e+02
2.751573530211655907e+02
2.752447638678053750e+02
2.762970423371760376e+02
2.748349161513320382e+02
2.744948201152404863e+02
2.751478293503408850e+02
2.591662601624226454e+02
2.690752042049135184e+02
2.652193991424464343e+02
2.694396235702699869e+02
2.744441214667903068e+02
2.743308034583715198e+02
2.702096644652166901e+02
2.693389457117787629e+02
2.696523188177897055e+02
2.705645377945565997e+02
2.692316839325250726e+02
2.690567390531858791e+02
2.730369819524977970e+02
2.745652129955446981e+02
2.774634771714352155e+02
2.768011062228339938e+02
2.763297747885719673e+02
2.754760632746751412e+02
2.757193079615676652e+02
2.752160467388391680e+02
2.752042637149168627e+02
3.144960805909141754e+02
2.865076950760407613e+02
2.694943365667227226e+02
2.691888056251695502e+02
2.680140417390245489e+02
2.688529626797995320e+02
2.700561606656185063e+02
2.703279727854666135e+02
2.704685387184750880e+02
2.713078409101126454e+02
2.718089397851335889e+02
2.733007278780867182e+02
2.734567976162435343e+02
2.735847701444696440e+02
2.722133054162513872e+02
2.747063182566834598e+02
2.738388022284787553e+02
2.734901895543523551e+02
2.738405280457012054e+02
2.743277012727850206e+02
2.740268509071402718e+02
